#nmax= 3 NR= 11 Ntheta= 11 Nphi= 11
#jmax= 3 Nalpha= 11 Nphi= 11 Nchi= 11
#Ntrans= 20
#Nrot= 44

-1181.88075 23.5934 -1183.13928
-1181.88058 23.59357 -1183.1391
-1181.87973 23.59442 -1183.13826
-1165.37534 40.09881 -1166.63387
-1165.37459 40.09956 -1166.63312
-1165.3741 40.10006 -1166.63262
-1133.55134 71.92281 -1134.80987
-1133.54972 71.92443 -1134.80825
-1133.5477 71.92645 -1134.80623
-1130.47349 75.00066 -1131.73201
-1130.47064 75.00351 -1131.72917
-1102.70982 102.76433 -1103.96835
-1100.60153 104.87262 -1101.86006
-1100.60103 104.87312 -1101.85956
-1100.6009 104.87325 -1101.85943
-1098.17889 107.29526 -1099.43742
-1098.17709 107.29706 -1099.43562
-1097.70361 107.77054 -1098.96214
-1097.70269 107.77146 -1098.96122
-1097.66678 107.80737 -1098.9253
-1097.66673 107.80742 -1098.92526
-1097.6667 107.80745 -1098.92523
-1095.31719 110.15696 -1096.57572
-1095.31623 110.15792 -1096.57476
-1095.31581 110.15834 -1096.57434
-1089.00338 116.47077 -1090.26191
-1082.72201 122.75214 -1083.98054
-1082.72179 122.75236 -1083.98032
-1082.72129 122.75286 -1083.97982
-1074.55282 130.92133 -1075.81135
-1072.76324 132.71091 -1074.02177
-1072.76046 132.71369 -1074.01898
-1072.75986 132.71429 -1074.01839
-1072.61511 132.85904 -1073.87364
-1072.61263 132.86152 -1073.87116
-1072.61018 132.86397 -1073.86871
-1064.27904 141.19511 -1065.53757
-1064.27815 141.196 -1065.53668
-1064.27742 141.19673 -1065.53595
-1062.95267 142.52148 -1064.2112
-1062.95195 142.5222 -1064.21048
-1046.79979 158.67436 -1048.05832
-1046.03553 159.43862 -1047.29406
-1046.03508 159.43907 -1047.29361
-1046.03394 159.44021 -1047.29247
-1044.34389 161.13026 -1045.60242
-1044.34236 161.13179 -1045.60089
-1044.33802 161.13613 -1045.59655
-1044.28028 161.19387 -1045.53881
-1044.2793 161.19485 -1045.53783
-1044.13635 161.3378 -1045.39488
-1044.13588 161.33827 -1045.39441
-1044.13333 161.34082 -1045.39186
-1043.65124 161.82291 -1044.90977
-1043.64977 161.82438 -1044.9083
-1043.64929 161.82486 -1044.90782
-1035.99577 169.47838 -1037.2543
-1035.99163 169.48252 -1037.25016
-1035.98925 169.4849 -1037.24778
-1033.82094 171.65321 -1035.07947
-1033.81904 171.65511 -1035.07757
-1033.81838 171.65577 -1035.07691
-1032.10155 173.3726 -1033.36008
-1003.11917 202.35498 -1004.3777
-1003.11819 202.35596 -1004.37672
-1003.117 202.35715 -1004.37553
-1003.09597 202.37819 -1004.35449
-1003.09482 202.37933 -1004.35335
-1003.09429 202.37986 -1004.35282
-1002.30834 203.16581 -1003.56687
-994.54038 210.93377 -995.79891
-994.53888 210.93527 -995.79741
-994.53845 210.9357 -995.79698
-994.51028 210.96387 -995.76881
-994.50991 210.96424 -995.76844
-993.88554 211.58861 -995.14407
-993.88537 211.58878 -995.1439
-993.88483 211.58932 -995.14336
-993.49478 211.97937 -994.75331
-993.49227 211.98188 -994.7508
-993.49099 211.98316 -994.74952
-992.69397 212.78018 -993.9525
-992.66704 212.80711 -993.92557
-992.64522 212.82893 -993.90375
-992.62045 212.8537 -993.87898
-992.57405 212.9001 -993.83258
-992.56422 212.90993 -993.82275
-992.56331 212.91084 -993.82184
-992.54454 212.92961 -993.80307
-991.60857 213.86558 -992.86709
-991.59214 213.88201 -992.85067
-991.59146 213.88269 -992.84999
-991.55123 213.92292 -992.80976
-989.52437 215.94978 -990.7829
-987.9944 217.47975 -989.25293
-987.27015 218.204 -988.52867
-987.26899 218.20516 -988.52752
-987.26848 218.20567 -988.52701
-986.40293 219.07122 -987.66146
-986.40133 219.07282 -987.65986
-986.39989 219.07426 -987.65842
-986.1525 219.32165 -987.41103
-986.15229 219.32186 -987.41082
-986.15113 219.32302 -987.40966
-985.62411 219.85004 -986.88264
-985.62153 219.85262 -986.88006
-966.5797 238.89445 -967.83823
-966.57935 238.8948 -967.83788
-966.57916 238.89499 -967.83768
-960.52793 244.94622 -961.78646
-960.52737 244.94678 -961.7859
-960.52732 244.94683 -961.78585
-957.08858 248.38557 -958.34711
-957.08774 248.38641 -958.34627
-956.02443 249.44972 -957.28296
-956.02252 249.45163 -957.28105
-955.94265 249.5315 -957.20118
-955.94087 249.53328 -957.1994
-955.9407 249.53345 -957.19923
-955.77334 249.70081 -957.03187
-955.56708 249.90707 -956.82561
-955.56581 249.90834 -956.82433
-955.56565 249.9085 -956.82417
-953.77772 251.69643 -955.03625
-953.77663 251.69752 -955.03516
-953.14867 252.32548 -954.4072
-953.14776 252.32639 -954.40629
-953.14725 252.3269 -954.40578
-950.56356 254.91059 -951.82209
-950.56283 254.91132 -951.82136
-950.5627 254.91145 -951.82123
-950.45178 255.02237 -951.71031
-947.70998 257.76417 -948.96851
-947.70486 257.76929 -948.96339
-947.70453 257.76962 -948.96306
-946.72918 258.74497 -947.98771
-946.7275 258.74665 -947.98603
-946.72479 258.74936 -947.98332
-946.64873 258.82542 -947.90726
-946.64861 258.82554 -947.90714
-946.64599 258.82816 -947.90452
-946.27843 259.19572 -947.53696
-946.27774 259.19641 -947.53627
-946.27668 259.19747 -947.53521
-945.7122 259.76195 -946.97073
-945.71145 259.7627 -946.96998
-945.70908 259.76507 -946.96761
-945.23546 260.23869 -946.49399
-935.72048 269.75367 -936.97901
-935.72047 269.75368 -936.979
-935.72024 269.75391 -936.97877
-935.71913 269.75502 -936.97766
-935.71769 269.75646 -936.97622
-935.01349 270.46066 -936.27202
-934.07492 271.39923 -935.33345
-934.07438 271.39977 -935.3329
-934.0738 271.40035 -935.33232
-927.33864 278.13551 -928.59717
-927.33774 278.13641 -928.59627
-926.9385 278.53565 -928.19703
-926.93792 278.53623 -928.19644
-926.93422 278.53993 -928.19275
-925.91307 279.56108 -927.1716
-925.91077 279.56338 -927.1693
-925.91074 279.56341 -927.16927
-924.00761 281.46654 -925.26614
-923.59386 281.88029 -924.85239
-921.61861 283.85554 -922.87714
-921.61646 283.85769 -922.87499
-921.61525 283.8589 -922.87378
-920.8422 284.63195 -922.10073
-920.84099 284.63316 -922.09952
-920.84022 284.63393 -922.09875
-916.39317 289.08098 -917.6517
-916.39066 289.08349 -917.64919
-916.26115 289.213 -917.51968
-916.26046 289.21369 -917.51899
-916.25977 289.21438 -917.5183
-911.1158 294.35835 -912.37433
-911.11325 294.3609 -912.37177
-911.11242 294.36173 -912.37095
-910.70818 294.76597 -911.96671
-910.70605 294.7681 -911.96458
-910.70538 294.76877 -911.96391
-907.75618 297.71797 -909.01471
-907.75567 297.71848 -909.0142
-907.75562 297.71853 -909.01415
-906.19034 299.28381 -907.44887
-906.11297 299.36118 -907.3715
-902.57645 302.8977 -903.83498
-902.5721 302.90205 -903.83062
-902.28437 303.18978 -903.5429
-902.28266 303.19149 -903.54119
-902.28198 303.19218 -903.5405
-899.71415 305.76 -900.97268
-898.01513 307.45902 -899.27366
-898.0142 307.45995 -899.27273
-898.0133 307.46085 -899.27183
-897.50815 307.966 -898.76668
-897.50667 307.96748 -898.7652
