#nmax= 3 NR= 11 Ntheta= 11 Nphi= 11
#jmax= 3 Nalpha= 11 Nphi= 11 Nchi= 11
#Ntrans= 20
#Nrot= 84
#Npara= 40
#Nportho= 44

0.1  0.0  2.8811572603482044e-5  0.0
0.2  0.0  7.214633808003144e-6  0.0
0.3  0.0  3.211721984504789e-6  0.0
0.4  0.0  1.8021908698592068e-6  0.0
0.5  0.0  1.1580984195629456e-6  0.0
0.6  0.0  8.016259786670162e-7  0.0
0.7  0.0  5.879912776220824e-7  0.0
0.8  0.0  4.5274909067717045e-7  0.0
0.9  0.0  3.583074621218449e-7  0.0
1.0  0.0  3.085444694456023e-7  0.0
1.1  0.0  3.7531290734731797e-7  0.0
1.2  0.0  8.92942200809719e-7  0.0
1.3  0.0  2.8740295004558467e-6  0.0
1.4  2.3960524760476055e-10  8.740440024750258e-6  2.3960524760476055e-10
1.5  -5.218069836725896e-10  2.3319658461724763e-5  -5.218069836725896e-10
1.6  9.172388384869741e-11  5.494141401487971e-5  9.172388384869741e-11
1.7  6.500017789693158e-10  0.00011638606853335085  6.500017789693158e-10
1.8  2.8264544948931938e-9  0.00022547402968919295  2.8264544948931938e-9
1.9  1.047227589115765e-8  0.00040514906805019985  1.047227589115765e-8
2.0  3.322605968535215e-8  0.0006830153703387953  3.322605968535215e-8
2.1  9.61083270947984e-8  0.0010904096708865476  9.61083270947984e-8
2.2  2.5121125054865725e-7  0.001661130658589363  2.5121125054865725e-7
2.3  6.012814424145565e-7  0.0024299844028277213  6.012814424145565e-7
2.4  1.3341136990366538e-6  0.0034313014614631805  1.3341136990366538e-6
2.5  2.766962932813359e-6  0.004697552972814194  2.766962932813359e-6
2.6  5.409559877368763e-6  0.00625815213567139  5.409559877368763e-6
2.7  1.0034895871253679e-5  0.00813850115738268  1.0034895871253679e-5
2.8  1.77644229093848e-5  0.010359301851312258  1.77644229093848e-5
2.9  3.015852333212055e-5  0.012936127529686483  3.015852333212055e-5
3.0  4.931175139032869e-5  0.01587923535405075  4.931175139032869e-5
3.1  7.794293629692513e-5  0.01919358721006309  7.794293629692513e-5
3.2  0.00011948177833646755  0.022879039444476997  0.00011948177833646755
3.3  0.00017813947053326487  0.02693066725794718  0.00017813947053326487
3.4  0.0002589651165659391  0.0313391843493477  0.0002589651165659391
3.5  0.0003678809646887186  0.03609142488969385  0.0003678809646887186
3.6  0.0005116977162141531  0.04117086523480926  0.0005116977162141531
3.7  0.0006981056478858742  0.046558152618166856  0.0006981056478858742
3.8  0.000935643684491406  0.052231636088145794  0.000935643684491406
3.9  0.0012336471939047831  0.058167868286047295  0.0012336471939047831
4.0  0.001602176668052131  0.06434208819198685  0.001602176668052131
4.1  0.002051929719252406  0.07072865917904264  0.002051929719252406
4.2  0.0025941382474658783  0.077301472922882  0.0025941382474658783
4.3  0.0032404571049065895  0.0840343064378075  0.0032404571049065895
4.4  0.004002842650381968  0.09090113670546306  0.004002842650381968
4.5  0.004893430741080187  0.09787641432856724  0.004893430741080187
4.6  0.005924411481710992  0.10493529652931777  0.005924411481710992
4.7  0.0071079047079463855  0.11205383993533709  0.0071079047079463855
4.8  0.008455843595425389  0.11920915811724078  0.008455843595425389
4.9  0.009979860572928125  0.12637954858617656  0.009979860572928125
5.0  0.011691182219504442  0.13354458614750017  0.011691182219504442
5.1  0.013600534324261237  0.1406851935236633  0.013600534324261237
5.2  0.015718056526515124  0.14778368480863466  0.015718056526515124
5.3  0.01805322663608513  0.15482379028949395  0.01805322663608513
5.4  0.020614798280779185  0.16179066235029238  0.020614798280779185
5.5  0.023410746457567688  0.16867086598475733  0.023410746457567688
5.6  0.02644822747170938  0.17545235495664394  0.02644822747170938
5.7  0.029733547024640553  0.1821244393710872  0.029733547024640553
5.8  0.033272139405298023  0.1886777400227712  0.033272139405298023
5.9  0.0370685563265209  0.19510414050413066  0.0370685563265209
6.0  0.041126463769754734  0.20139672859499286  0.041126463769754734
6.1  0.045448647955635225  0.2075497372531552  0.045448647955635225
6.2  0.05003702795439479  0.21355847926511692  0.05003702795439479
6.3  0.054892675189875485  0.2194192828267284  0.054892675189875485
6.4  0.06001583794794034  0.2251294232650846  0.06001583794794034
6.5  0.06540597160436248  0.2306870573186898  0.06540597160436248
6.6  0.0710617725550623  0.23609115515790563  0.0710617725550623
6.7  0.07698121633066386  0.24134143581145898  0.07698121633066386
6.8  0.08316159689375124  0.24643830280240178  0.08316159689375124
6.9  0.08959957016445898  0.251382781956195  0.08959957016445898
7.0  0.09629119714762104  0.25617646217697465  0.09629119714762104
7.1  0.10323198970736723  0.260821437470736  0.10323198970736723
7.2  0.11041695552857524  0.26532025336247334  0.11041695552857524
7.3  0.11784064409501037  0.26967585438388375  0.11784064409501037
7.4  0.1254971926980147  0.27389153650342063  0.1254971926980147
7.5  0.13338037024827343  0.2779709004135591  0.13338037024827343
7.6  0.1414836216981694  0.2819178095474906  0.1414836216981694
7.7  0.1498001107689177  0.2857363496166769  0.1498001107689177
7.8  0.1583227610784839  0.2894307930919586  0.1583227610784839
7.9  0.1670442963227828  0.29300556371448694  0.1670442963227828
8.0  0.17595727805105119  0.29646520643760965  0.17595727805105119
8.1  0.18505414202889894  0.29981435832539965  0.18505414202889894
8.2  0.1943272327736816  0.3030577222037711  0.1943272327736816
8.3  0.20376883569248963  0.30620004382311855  0.20376883569248963
8.4  0.21337120756014027  0.30924608973146256  0.21337120756014027
8.5  0.22312660515565044  0.3122006289002795  0.22312660515565044
8.6  0.23302731135668886  0.315068414443278  0.23302731135668886
8.7  0.24306565937723895  0.3178541693961853  0.24306565937723895
8.8  0.25323405556750056  0.32056257209973243  0.25323405556750056
8.9  0.26352499928050543  0.3231982454468379  0.26352499928050543
9.0  0.2739311020600668  0.32576574548889714  0.2739311020600668
9.1  0.2844451032551944  0.3282695531039019  0.2844451032551944
9.2  0.29505988622965523  0.330714065697852  0.29505988622965523
9.3  0.3057684902777909  0.3331035914427966  0.3057684902777909
9.4  0.31656412321436167  0.33544234288496927  0.31656412321436167
9.5  0.3274401705085923  0.33773443278187215  0.3274401705085923
9.6  0.33839020442563805  0.3399838706893145  0.33839020442563805
9.7  0.34940799042088644  0.3421945599821986  0.34940799042088644
9.8  0.3604874939028115  0.3443702955117204  0.3604874939028115
9.9  0.3716228837417199  0.3465147619443891  0.3716228837417199
10.0  0.3828085359642871  0.34863153362524635  0.3828085359642871
10.1  0.3940390366661563  0.3507240730433866  0.3940390366661563
10.2  0.4053091822619129  0.35279573170235773  0.4053091822619129
10.3  0.41661398082295714  0.35484974995320206  0.41661398082295714
10.4  0.42794865070280225  0.35688925784053555  0.42794865070280225
10.5  0.43930861968843954  0.3589172765382177  0.43930861968843954
10.6  0.4506895235270424  0.36093671890629864  0.4506895235270424
10.7  0.46208720222249344  0.3629503914134517  0.46208720222249344
10.8  0.47349769777889167  0.36496099550734057  0.47349769777889167
10.9  0.48491724992846846  0.36697113001851633  0.48491724992846846
11.0  0.4963422923523894  0.36898329231389726  0.4963422923523894
11.1  0.5077694477691195  0.3709998807156343  0.5077694477691195
11.2  0.5191955231352534  0.3730231966799986  0.5191955231352534
11.3  0.5306175045657271  0.37505544662185336  0.5306175045657271
11.4  0.5420325518298974  0.37709874452496345  0.5420325518298974
11.5  0.553437992308158  0.37915511394984347  0.553437992308158
11.6  0.5648313157143698  0.38122649014905835  0.5648313157143698
11.7  0.57621016757993  0.38331472282850193  0.57621016757993
11.8  0.5875723435335962  0.3854215775039354  0.5875723435335962
11.9  0.5989157830529037  0.3875487384247349  0.5989157830529037
12.0  0.6102385633685958  0.38969781072962034  0.6102385633685958
12.1  0.6215388927589456  0.3918703222865554  0.6215388927557379
12.2  0.6328151054049325  0.39406772597411177  0.6328151054017772
12.3  0.6440656542101163  0.39629140186955863  0.6440656542132205
12.4  0.6552891056077944  0.3985426591539831  0.6552891056077944
12.5  0.6664841326906003  0.40082273823952475  0.6664841326875947
12.6  0.6776495103155054  0.4031328125788289  0.6776495103125472
12.7  0.6887841086149306  0.40547399074220725  0.6887841086163863
12.8  0.6998868875838785  0.4078473183016114  0.6998868875824453
12.9  0.7109568916850331  0.4102537793846664  0.7109568916836221
13.0  0.7219932443068945  0.4126942986964431  0.7219932443068945
13.1  0.732995142757846  0.41516974329037803  0.7329951427564778
13.2  0.7439618529469917  0.417680923984639  0.7439618529550777
13.3  0.7548927047987297  0.42022859717374084  0.7548927048013846
13.4  0.7657870874609571  0.4228134663044046  0.7657870874648802
13.5  0.776644444631269  0.4254361837457853  0.7766444446389995
13.6  0.7874642705255158  0.4280973516709102  0.7874642705305939
13.7  0.7982461054291673  0.43079752398872656  0.7982461054354226
13.8  0.8089895317949685  0.43353720763667714  0.8089895317999005
13.9  0.8196941705938028  0.43631686386254753  0.8196941706035255
14.0  0.8303596774490459  0.4391369097502666  0.8303596774586302
14.1  0.8409857393795949  0.44199771917974895  0.840985739393768
14.2  0.8515720714698196  0.44489962439230185  0.8515720714884518
14.3  0.8621184137960404  0.4478429171578082  0.8621184138155612
14.4  0.8726245285189413  0.45082784979084806  0.8726245285415892
14.5  0.8830901971868272  0.45385463641550733  0.8830901972180984
14.6  0.8935152178882974  0.4569234541887224  0.8935152179224463
14.7  0.9038994032399046  0.4600344442087194  0.9038994032822838
14.8  0.9142425779381019  0.4631877127565835  0.9142425779917024
14.9  0.9245445764468034  0.4663833321653645  0.9245445765102636
15.0  0.9348052414209465  0.46962134202635697  0.9348052415013047
15.1  0.9450244215510438  0.47290174997787815  0.9450244216447591
15.2  0.9552019701317906  0.4762245328871241  0.9552019702425707
15.3  0.9653377432784259  0.47958963750913103  0.9653377434068213
15.4  0.9754315988243251  0.4829969817503164  0.9754315989807616
15.5  0.9854833946540983  0.4864464552465961  0.9854833948417534
15.6  0.9954929878300829  0.48993792052613855  0.9954929880500754
15.7  1.005460233447139  0.4934712136625798  1.0054602337072063
15.8  1.0153849834782582  0.49704614521235574  1.015384983783015
15.9  1.0252670862768565  0.5006625009791575  1.0252670866325917
16.0  1.0351063855585885  0.504320042954762  1.0351063859768495
16.1  1.0449027198362302  0.5080185099486519  1.0449027203254053
16.2  1.0546559218335905  0.5117576184435184  1.0546559224017444
16.3  1.0643658180243216  0.5155370634344758  1.0643658186853937
16.4  1.0740322281715395  0.5193565189054454  1.074032228939816
16.5  1.0836549650336407  0.5232156389406818  1.083654965927181
16.6  1.0932338341488963  0.5271140581731985  1.0932338351791222
16.7  1.1027686335158828  0.5310513925356819  1.1027686347064087
16.8  1.1122591535397894  0.535027240007723  1.1122591549125278
16.9  1.1217051769682467  0.5390411812738832  1.1217051785500556
17.0  1.1311064788826186  0.543092780401208  1.1311064806993736
17.1  1.1404628265765047  0.5471815853875027  1.140462828658754
17.2  1.1497739797774724  0.5513071289986615  1.1497739821633848
17.3  1.1590396908291025  0.5554689292221217  1.1590396935546894
17.4  1.1682597045740624  0.5596664900400496  1.1682597076825678
17.5  1.1774337588190282  0.56389930184901  1.177433762359052
17.6  1.1865615844106436  0.5681668422042712  1.1865615884373981
17.7  1.1956429055574145  0.5724685764053798  1.19564291012791
17.8  1.2046774400357694  0.5768039579826442  1.204677445216125
17.9  1.2136648996296633  0.5811724293311206  1.213664905493213
18.0  1.2226049902758651  0.5855734222691467  1.222604996902089
18.1  1.2314974125627816  0.590006358514233  1.2314974200405924
18.2  1.2403418620160456  0.5944706502988703  1.2403418704405096
18.3  1.2491380295644503  0.5989657008541507  1.249138039044201
18.4  1.2578856018018076  0.6034909049285926  1.2578856124521816
18.5  1.2665842614794693  0.6080456493073702  1.2665842734269817
18.6  1.275233687934935  0.6126293132953046  1.2752337013235466
18.7  1.2838335574117223  0.6172412692006227  1.2838335723906373
18.8  1.2923835436022735  0.621880882824167  1.2923835603409481
18.9  1.300883317978303  0.6265475139386171  1.3008833366602812
19.0  1.3093325503223177  0.6312405166961065  1.309332571143934
19.1  1.3177309090326204  0.6359592401446228  1.3177309322107713
19.2  1.3260780616431727  0.6407030286085098  1.3260780874118512
19.3  1.3343736752896391  0.6454712221238684  1.3343737039060923
19.4  1.3426174169839065  0.6502631569101316  1.3426174487207405
19.5  1.3508089541974935  0.6550781657919917  1.3508089893586388
19.6  1.3589479552321824  0.6599155784573494  1.3589479941362508
19.7  1.3670340895786555  0.6647747220204648  1.3670341325770086
19.8  1.3750670283414685  0.6696549213929509  1.3750670758096124
19.9  1.3830464447792725  0.674555499498613  1.3830464971276433
20.0  1.390972014419939  0.6794757778099283  1.3909720720853505
20.1  1.398843415732752  0.6844150766610974  1.3988434791847837
20.2  1.4066603303280643  0.68937271554821  1.4066604000745422
20.3  1.4144224433629915  0.6943480135595537  1.4144225199483502
20.4  1.4221294439407863  0.6993402895781501  1.4221295279495667
20.5  1.4297810253765126  0.7043488627856511  1.4297811174344395
20.6  1.4373768856459184  0.7093730527669228  1.4373769864225665
20.7  1.4449167275774175  0.7144121800363534  1.4449168377909218
20.8  1.4524002592680716  0.719465566137396  1.4524003796836205
20.9  1.45982719434607  0.72453253409163  1.4598273257819754
21.0  1.4671972522817593  0.7296124085925714  1.4671973956120212
21.1  1.474510158619285  0.7347045162623844  1.4745103147754839
21.2  1.481765645291034  0.7398081860141884  1.481765815264109
21.3  1.4889634509083236  0.7449227492296959  1.4889636357538671
21.4  1.496103320842956  0.750047540034624  1.496103521685206
21.5  1.50318500768189  0.7551818955368466  1.5031852257104013
21.6  1.5102082712784337  0.7603251560611624  1.5102085077609764
21.7  1.517172879034364  0.7654766653707009  1.517173135313743
21.8  1.52407860613134  0.7706357709433164  1.524078883630235
21.9  1.530925235561831  0.7758018240593593  1.5309255357868916
22.0  1.5377125584868399  0.7809741801564816  1.5377128830354747
22.1  1.5444403743006985  0.786152198899422  1.5444407248603118
22.2  1.5511084907702946  0.7913352444278812  1.5511088691218087
22.3  1.5577167242435521  0.7965226855635149  1.5577171322713461
22.4  1.5642648997041693  0.8017138959269046  1.5642653393957098
22.5  1.5707528509190103  0.806908254142933  1.5707533243653866
22.6  1.5771804205785982  0.8121051440149935  1.5771809299906228
22.7  1.5835474602897348  0.8173039545809153  1.5835480079923356
22.8  1.5898538307987033  0.822504080421344  1.5898544192350004
22.9  1.5960994019876913  0.8277049216951128  1.5961000337318074
23.0  1.602284052901287  0.8329058842863751  1.6022847306554664
23.1  1.6084076718945182  0.8381063798965269  1.608408398494681
23.2  1.6144701566093431  0.8433058263218934  1.6144709350351536
23.3  1.6204714140389032  0.8485036473583975  1.6204722474160016
23.4  1.6264113605610968  0.8536992730658419  1.626412252160614
23.5  1.6322899219594118  0.858892139794368  1.632290875213181
23.6  1.6381070333891599  0.8640816903246636  1.6381080518877935
23.7  1.6438626394315323  0.8692673739003259  1.643863726930462
23.8  1.6495566940769548  0.8744486464272214  1.649557854502994
23.9  1.6551891606813156  0.8796249704062409  1.6551903981384792
24.0  1.6607600119834682  0.884795815139477  1.6607613307580804
24.1  1.6662692300757993  0.8899606567109084  1.6662706346380973
24.2  1.6717168063125007  0.8951189780788242  1.6717183013321435
24.3  1.6771027413428754  0.9002702691956407  1.6771043316838674
24.4  1.6824270449770307  0.9054140269393156  1.6824287357077778
24.5  1.687689736257295  0.9105497552844146  1.6876915326590085
24.6  1.6928908432857137  0.9156769652577147  1.692892750851484
24.7  1.6980304031608133  0.9207951750244767  1.6980324276058119
24.8  1.7031084619809687  0.9259039099239789  1.7031106092483521
24.9  1.7081250747084242  0.9310027024779157  1.708127350974554
25.0  1.7130803051189132  0.9360910924377804  1.7130827167990414
25.1  1.717974225674923  0.9411686267885553  1.7179767794289547
25.2  1.7228069174451857  0.9462348597850407  1.7228096201812855
25.3  1.727578470060961  0.9512893529350233  1.7275813289473823
25.4  1.7322889815386313  0.9563316750948665  1.7322920040022598
25.5  1.736938558199468  0.9613614023005125  1.736941751935903
25.6  1.7415273146545431  0.9663781179878439  1.7415306876351966
25.7  1.7460553734982343  0.971381412839015  1.7460589339735175
25.8  1.7505228653748726  0.9763708848269622  1.7505266218810567
25.9  1.7549299287796987  0.9813461392084044  1.7549338901415783
26.0  1.7592767099647604  0.9863067885045534  1.7592808853064668
26.1  1.7635633627626046  0.9912524525019085  1.7635677615130938
26.2  1.7677900485216969  0.9961827582057091  1.7677946804148115
26.3  1.771956935965803  1.001097339850071  1.771961811052805
26.4  1.7760642010386494  1.0059958388573862  1.7760693296873857
26.5  1.780112026774526  1.0108779038115139  1.780117419682248
26.6  1.7841006031992015  1.015743190446394  1.7841062713895461
26.7  1.7880301271647696  1.0205913615876852  1.788036082000573
26.8  1.7919008021906002  1.0254220871368556  1.791907055377314
26.9  1.7957128383867373  1.0302350440212382  1.795719401973679
27.0  1.7994664522793957  1.0350299161810794  1.7994733386721309
27.1  1.8031618666306028  1.0398063944861846  1.8031690885903118
27.2  1.8067993103666526  1.0445641767508285  1.8068068810164009
27.3  1.810379018406677  1.0493029676185666  1.8103869512383108
27.4  1.813901231502512  1.0540224785734769  1.8139095403810153
27.5  1.817366196128174  1.0587224278522565  1.8173748952935957
27.6  1.820774164290774  1.063402540436971  1.8207832683658458
27.7  1.8241253934425423  1.068062547934387  1.8241349174390036
27.8  1.8274201462896733  1.0727021885976484  1.8274301056072848
27.9  1.8306586906754572  1.0773212071984672  1.830669101110601
28.0  1.8338412994352462  1.0819193550498936  1.8338521771855274
28.1  1.8369682502327618  1.0864963898507833  1.8369796118980743
28.2  1.8400398254241987  1.0910520757419775  1.8400516880111948
28.3  1.8430563119385945  1.095586183111143  1.8430686928684155
28.4  1.8460180011181155  1.1000984886380965  1.8460309182238541
28.5  1.8489251885529643  1.1045887752026449  1.848938660090694
28.6  1.8517781739959311  1.1090568317598197  1.8517922186411926
28.7  1.8545772611466926  1.1135024533882472  1.8545918980015386
28.8  1.8573227575936173  1.1179254411214212  1.8573380061910538
28.9  1.8600149746263999  1.1223256019097227  1.860030854928945
29.0  1.8626542270946884  1.1267027485952832  1.8626707595015364
29.1  1.8652408333000683  1.1310566997673857  1.8652580386469715
29.2  1.8677751148532107  1.135387279769612  1.8677930144152948
29.3  1.8702573964970954  1.1396943185701178  1.870276011994212
29.4  1.8726880060680435  1.1439776517256597  1.8727073596630457
29.5  1.875067274251374  1.1482371202927966  1.8750873885550956
29.6  1.8773955345455569  1.152472570767309  1.8774164326169664
29.7  1.8796731230735084  1.156683855008745  1.8796948284224166
29.8  1.8819003784716528  1.1608708301516253  1.8819229150585872
29.9  1.8840776417998815  1.1650333585790729  1.8841010340398021
30.0  1.8862052563459943  1.1691713077900767  1.8862295291086537
