1.0 2.560141300791571e-6
1.134 4.355154078994326e-6
1.268 7.1968225423604855e-6
1.4020000000000001 1.3557248849624149e-5
1.536 7.520474213631007e-5
1.67 3.0095787784317688e-5
1.804 2.802029726977145e-5
1.9380000000000002 3.4084107645072605e-5
2.072 4.391650828931298e-5
2.206 6.432666633968455e-5
2.34 8.398405623275957e-5
2.474 8.946778219047506e-5
2.608 0.00011684518050254391
2.742 0.00018977594322096942
2.8760000000000003 0.0004033893447255666
3.0100000000000002 0.0002924917777102294
3.144 0.00027781581350905693
3.278 0.00041050012516305446
3.412 0.00044827069506018694
3.5460000000000003 0.00041336272631692866
3.68 0.0004989497652006016
3.814 0.0007691517382289354
3.9480000000000004 0.0012389047558670802
4.082000000000001 0.0013049030907272257
4.216 0.0015335338781965499
4.35 0.0011652702120494903
4.484 0.0010291787732204947
4.618 0.0011427715212509973
4.752000000000001 0.0013473127430596408
4.886 0.0012885131042517102
5.0200000000000005 0.0012812088915115708
5.154 0.0013775116114600812
5.288 0.001549478381749709
5.422000000000001 0.0018165327485414491
5.556 0.0022615367713956286
5.69 0.003088496380023881
5.824 0.004334991548933682
5.958 0.0045981915145365945
6.0920000000000005 0.004321922521233722
6.226 0.004837345469033255
6.36 0.0063061725965803785
6.494000000000001 0.007429813085257995
6.628 0.00648469385090187
6.7620000000000005 0.005457287777798847
6.896000000000001 0.005048933143841043
7.03 0.005037806364001736
7.164000000000001 0.0052832954389674435
7.298 0.005763402943484613
7.432 0.006527627565834683
7.566000000000001 0.007579698407167096
7.7 0.00847652354643205
7.8340000000000005 0.008545969156851454
7.968 0.008363302577424184
8.102 0.008432630615854898
8.236 0.008741354437196865
8.370000000000001 0.009211478430957907
8.504000000000001 0.009797105714410002
8.638000000000002 0.010476184414729313
8.772 0.011239346715124844
8.906 0.012083937870320612
9.040000000000001 0.013011084534097656
9.174000000000001 0.01402431068118699
9.308 0.015129005819006515
9.442 0.01633206609646025
9.576 0.017641626543126947
9.71 0.019066983450646537
9.844000000000001 0.02061861244679056
9.978 0.022308582385880654
10.112 0.02415086570258656
10.246 0.026161176320743794
10.38 0.02835714955297536
10.514000000000001 0.030758733013105426
10.648 0.03338856831671449
10.782 0.03627239450848011
10.916 0.039439556166794565
11.05 0.042923696349446594
11.184000000000001 0.04676349164187432
11.318000000000001 0.051003456008056315
11.452 0.05569501326162825
11.586 0.06089783832377037
11.72 0.0666814912727588
11.854000000000001 0.07312743456111644
11.988000000000001 0.0803315527415897
12.122 0.0884073306694949
12.256 0.09748990298703404
12.39 0.10774127190021723
12.524000000000001 0.11935711437372856
12.658000000000001 0.13257578274248874
12.792000000000002 0.14769036692456214
12.926 0.1650650402436569
13.06 0.18515727078740862
13.194 0.2085473848065261
13.328000000000001 0.2359746351822949
13.462000000000002 0.26836865887581524
13.596 0.3068336348507559
13.73 0.35248499392321375
13.864 0.40609507164880243
13.998000000000001 0.4681191871803263
14.132000000000001 0.5401652848563491
14.266 0.626567859368002
14.4 0.7337351435900555
14.534 0.8692124295712417
14.668000000000001 1.04219255251155
14.802000000000001 1.2646532133765593
14.936 1.5526971114608037
15.07 1.928847279391136
15.204 2.4255496536134005
15.338000000000001 3.0865793081833592
15.472000000000001 3.9605547570733903
15.606000000000002 5.0776037666721034
15.74 6.391358190668377
15.874 7.684781502870237
16.008000000000003 8.545402829136856
16.142000000000003 8.603224455768814
16.276000000000003 7.880269264543156
16.41 6.748051771202553
16.544 5.5770576062521275
16.678 4.556972792928764
16.812 3.733918922511228
16.946 3.0897565764620896
17.080000000000002 2.5893129548059193
17.214000000000002 2.199006073931532
17.348000000000003 1.8918120692903364
17.482 1.6473091532598425
17.616 1.4504133820758032
17.75 1.2900381351630958
17.884 1.1580041874495512
18.018 1.0482288884114954
18.152 0.9561436131491438
18.286 0.8782802183167701
18.42 0.8119777854783368
18.554000000000002 0.7551737326296678
18.688000000000002 0.7062539263917448
18.822000000000003 0.6639442207386214
18.956 0.6272313500219426
19.09 0.5953048117940725
19.224 0.5675137780795411
19.358 0.54333485174009
19.492 0.5223479563556662
19.626 0.5042185537343354
19.76 0.48868483397823315
19.894000000000002 0.47554889765665215
20.028000000000002 0.46467130953563324
20.162000000000003 0.45596867887524967
20.296 0.44941409180010894
20.43 0.4450402575009684
20.564 0.4429450121385901
20.698 0.44329804487353963
20.832 0.44634574451134124
20.966 0.45240683748780225
21.1 0.46184339403911945
21.234 0.47497864229815057
21.368000000000002 0.4919195225893743
21.502000000000002 0.5122523817132177
21.636000000000003 0.5346705080803189
21.77 0.5567970554599277
21.904 0.5756089734918275
22.038 0.5885304440858794
22.172 0.5945555050086431
22.306 0.5946582430373561
22.44 0.591363422149333
22.574 0.5877783660475869
22.708000000000002 0.5865817096230734
22.842000000000002 0.5894229667673978
22.976000000000003 0.596774999161586
23.110000000000003 0.608014972400088
23.244 0.6216595607661805
23.378 0.6359129790835205
23.512 0.6495600780170475
23.646 0.6627336219233582
23.78 0.6769265472154326
23.914 0.6942693221177535
24.048000000000002 0.7166975257840636
24.182000000000002 0.7454381412115533
24.316000000000003 0.7807604304782493
24.450000000000003 0.8218069943634317
24.584000000000003 0.8665259266606398
24.718 0.911944424969199
24.852 0.9549132162168547
24.986 0.9929371533535892
25.12 1.024432286589552
25.254 1.0483863056244052
25.388 1.0641737527840731
25.522000000000002 1.0719169856391484
25.656000000000002 1.0728402945804296
25.790000000000003 1.0690448333889928
25.924000000000003 1.0629375603776299
26.058 1.0568410683348375
26.192 1.0528460399964927
26.326 1.0526624206798716
26.46 1.0574129837923503
26.594 1.067515080025943
26.728 1.0827621233246905
26.862000000000002 1.1026026364749555
26.996000000000002 1.1265226945576516
27.130000000000003 1.1543627629263087
27.264000000000003 1.1864132544113666
27.398000000000003 1.2232853603256542
27.532 1.2657062315622007
27.666 1.314384283819512
27.8 1.369979226514145
27.934 1.4331313171235958
28.068 1.5045009979929265
28.202 1.5848006973268194
28.336000000000002 1.6748208733546572
28.470000000000002 1.775454328637253
28.604000000000003 1.8877185791057622
28.738000000000003 2.012776015451729
28.872 2.1519578980086465
29.006 2.3068052912868913
29.14 2.4791394072001802
29.274 2.671163359484308
29.408 2.8855838122400845
29.542 3.1257321519738426
29.676000000000002 3.3956654827544757
29.810000000000002 3.700242777322506
29.944000000000003 4.045196245068706
30.078000000000003 4.437231616530834
30.212000000000003 4.884179538706011
30.346 5.395193496106416
30.48 5.980965115482813
30.614 6.653911919184008
30.748 7.428278593537409
30.882 8.320064140871382
31.016000000000002 9.346627123562577
31.150000000000002 10.525723980432275
31.284000000000002 11.87361047329235
31.418000000000003 13.40171142899178
31.552000000000003 15.111310580700357
31.686000000000003 16.985900094950104
31.82 18.981567426975186
31.954 21.01744238184214
32.088 22.970759853809156
32.222 24.68328897794693
32.356 25.98479265704134
32.49 26.731873840017506
32.624 26.84890128949757
32.758 26.351024867139735
32.892 25.336717855753953
33.026 23.955006654311322
33.160000000000004 22.365415682520588
33.294000000000004 20.70737225708368
33.428000000000004 19.0855355282495
33.562000000000005 17.56840418924652
33.696000000000005 16.1941778193269
33.830000000000005 14.97873499256974
33.964 13.92281808347293
34.098 13.017370627636566
34.232 12.247058788110861
34.366 11.592500797537914
34.5 11.031858508928424
34.634 10.542329393656138
34.768 10.101775765039713
34.902 9.690380361320027
35.036 9.292046918690206
35.17 8.895357018672192
35.304 8.494045751486167
35.438 8.086938493655678
35.572 7.677207705921915
35.706 7.270943261352545
35.84 6.875361700134342
35.974000000000004 6.497180542199853
36.108000000000004 6.1415609091328145
36.242000000000004 5.811715180261069
36.376000000000005 5.509028378451739
36.510000000000005 5.233456244886706
36.644000000000005 4.983997887927306
36.778 4.759117477645181
36.912 4.557059594511891
37.046 4.376052102138389
37.18 4.214417999472125
37.314 4.070626077622581
37.448 3.943305522601301
37.582 3.8312406854344268
37.716 3.733355333625024
37.85 3.64869195583804
37.984 3.576389728087255
38.118 3.515663713625295
38.252 3.465787851512716
38.386 3.4260852293130766
38.52 3.395930089430864
38.654 3.374765282940193
38.788000000000004 3.362134987225736
38.922000000000004 3.357725908304466
39.056000000000004 3.361404383422549
39.190000000000005 3.3732365547639316
39.324000000000005 3.3934857176534012
39.458000000000006 3.4225909388039804
39.592 3.4611375494573395
39.726 3.509830171810404
39.86 3.569474819112273
39.994 3.6409722308579573
40.128 3.725321908666159
40.262 3.823635120170225
40.396 3.9371547145251835
40.53 4.067279558714439
40.664 4.215591609537298
40.798 4.383883922776918
40.932 4.574188071859423
41.066 4.7887993247923974
41.2 5.030297360839839
41.334 5.301559157151398
41.468 5.605758796506705
41.602000000000004 5.946346186868137
41.736000000000004 6.3269928852324995
41.870000000000005 6.7514882800509834
42.004000000000005 7.223563410050779
42.138000000000005 7.746613261629426
42.272000000000006 8.323282978173406
42.406000000000006 8.954882058776805
42.54 9.640598686246621
42.674 10.376512095985406
42.808 11.154454900495953
42.942 11.960868358897795
43.076 12.775919494024556
43.21 13.57328130919371
43.344 14.321047547932684
43.478 14.98415835803272
43.612 15.528365290588821
43.746 15.925187162592868
43.88 16.15671710414985
44.014 16.218888851359477
44.148 16.122158439509274
44.282000000000004 15.889421726971566
44.416000000000004 15.551930561796782
44.550000000000004 15.144503503763364
44.684000000000005 14.701260026892019
44.818000000000005 14.252618044985963
44.952000000000005 13.823720824954085
45.086000000000006 13.434051787111388
45.220000000000006 13.097825591240886
45.354 12.824754484226277
45.488 12.620886626477771
45.622 12.489325858985037
45.756 12.430734180735268
45.89 12.443581070502523
46.024 12.524144740239313
46.158 12.66630181174598
46.292 12.861175466348383
46.426 13.096754775771272
46.56 13.35764796975612
46.694 13.625175414610087
46.828 13.878015199532241
46.962 14.093548567379582
47.096000000000004 14.249889537379298
47.230000000000004 14.328342037048895
47.364000000000004 14.315791695057634
47.498000000000005 14.20643323465882
47.632000000000005 14.002352301366516
47.766000000000005 13.712805750239122
47.900000000000006 13.352436601940262
48.034000000000006 12.93893807344924
48.168000000000006 12.490739039312484
48.302 12.025142210582224
48.436 11.557114309004856
48.57 11.098717401368631
48.704 10.659043968781715
48.838 10.244479266379006
48.972 9.85913388648955
49.106 9.50533223013396
49.24 9.184084309975832
49.374 8.89549874731873
49.508 8.639114391601264
49.642 8.41414149990274
49.776 8.219614946727114
49.910000000000004 8.054472541949048
50.044000000000004 7.917579796497505
50.178000000000004 7.807726432376544
50.312000000000005 7.723618613048191
50.446000000000005 7.663884605053734
50.580000000000005 7.627101606795043
50.714000000000006 7.6118396722828185
50.848000000000006 7.616707657364711
50.982000000000006 7.640379239950473
51.116 7.681577311154127
51.25 7.739003376451745
51.384 7.811212879051554
51.518 7.896452975200867
51.652 7.9924915557753655
51.786 8.096472523053881
51.92 8.204832126835457
52.054 8.313305251553205
52.188 8.417039519481486
52.322 8.510819516422846
52.456 8.589385037291947
52.59 8.647809462818664
52.724000000000004 8.681891609621422
52.858000000000004 8.688509841406777
52.992000000000004 8.665891242572574
53.126000000000005 8.613759198291817
53.260000000000005 8.533337570267198
53.394000000000005 8.42720794315762
53.528000000000006 8.299037607781733
53.662000000000006 8.153217285719677
53.79600000000001 7.994463306747334
53.93 7.827442874311027
54.064 7.656470780050235
54.198 7.485304779187808
54.332 7.317042252529354
54.466 7.154100598530366
54.6 6.99825304769236
54.734 6.85069122763419
54.868 6.712093335269995
55.002 6.582687897045727
55.136 6.462313507317782
55.27 6.350481562131299
55.404 6.246450505974406
55.538000000000004 6.149316726929696
55.672000000000004 6.058120456317622
55.806000000000004 5.9719572391847935
55.940000000000005 5.890079580780735
56.074000000000005 5.811971746855613
56.208000000000006 5.737384540053241
56.342000000000006 5.666325233358453
56.476000000000006 5.599007878775988
56.61000000000001 5.535777465047214
56.744 5.477025388110677
56.878 5.423112879935787
57.012 5.374314652156271
57.146 5.330789084848748
57.28 5.292575605453686
57.414 5.259615434161137
57.548 5.2317888641032235
57.682 5.208960615005456
57.816 5.191024495784238
57.95 5.1779396816550385
58.084 5.169753298341652
58.218 5.1666073104795345
58.352000000000004 5.1687311638467115
58.486000000000004 5.17642434807808
58.620000000000005 5.19003440247258
58.754000000000005 5.2099357497815895
58.888000000000005 5.236513438736613
59.022000000000006 5.270153965187823
59.156000000000006 5.311243373439216
59.290000000000006 5.360171220997203
59.42400000000001 5.417337966197107
59.55800000000001 5.483163007058724
59.692 5.558090911872763
59.826 5.642594138056915
59.96 5.7371714300917835
60.094 5.842341813533197
60.228 5.958634474636853
60.362 6.086574833918705
60.496 6.226666943066596
60.63 6.379372173458645
60.764 6.545084196103113
60.898 6.724100559807617
61.032000000000004 6.9165917515661715
61.166000000000004 7.122569410853747
61.300000000000004 7.341856283453446
61.434000000000005 7.574061439405999
61.568000000000005 7.818565109407219
61.702000000000005 8.07451801647521
61.836000000000006 8.340860007197488
61.970000000000006 8.616361753110425
62.104000000000006 8.89969093865777
62.23800000000001 9.189500500996534
62.37200000000001 9.484531370464575
62.506 9.78371659353103
62.64 10.086269086466963
62.774 10.3917332204026
62.908 10.699982335797426
63.042 11.011150566777637
63.176 11.325497177968552
63.31 11.643213005708104
63.444 11.964189135864698
63.578 12.287775661840541
63.712 12.612562299565864
63.846000000000004 12.936212873640917
63.980000000000004 13.25538281514576
64.114 13.565743236331416
64.248 13.862126721502577
64.382 14.138798166600068
64.516 14.389838603044357
64.65 14.609611971790745
64.784 14.793267111869103
64.918 14.937214233083642
65.052 15.039511620534961
65.186 15.100107369708748
65.32000000000001 15.120902200474028
65.45400000000001 15.105628435099973
65.58800000000001 15.059569837603378
65.72200000000001 14.989169779055324
65.85600000000001 14.901586175324683
65.99000000000001 14.804249861259674
66.12400000000001 14.704471224266484
66.25800000000001 14.609122800659517
66.39200000000001 14.524408031950284
66.52600000000001 14.45571205558699
66.66000000000001 14.407520980452162
66.794 14.383391663213594
66.928 14.385953642015565
67.062 14.416927315680919
67.196 14.477146482102185
67.33 14.566578074640713
67.464 14.684336794209475
67.598 14.82869699728039
67.732 14.997108430987026
67.866 15.186225925596654
68.0 15.391965537794682
68.134 15.609600293056367
68.268 15.83390692387534
68.402 16.05937028670274
68.536 16.280444342023706
68.67 16.491858341915737
68.804 16.688945790944082
68.938 16.867964272719682
69.072 17.026369106808612
69.206 17.163005172734564
69.34 17.27818976028094
69.474 17.373673617332255
69.608 17.45248432731333
69.742 17.518671804373746
69.876 17.57698659190675
70.01 17.6325259139509
70.144 17.69038016929956
70.278 17.755305523127166
70.412 17.83143900380277
70.546 17.922063547537647
70.68 18.02942356007043
70.81400000000001 18.154587675504207
70.94800000000001 18.297354543929607
71.08200000000001 18.456199125735758
71.21600000000001 18.628260208973558
71.35000000000001 18.80937361804098
71.48400000000001 18.994158704643255
71.61800000000001 19.17616708723479
71.75200000000001 19.348101262663874
71.88600000000001 19.50210602822186
72.02000000000001 19.63012760390556
72.15400000000001 19.72432476572269
72.28800000000001 19.777504974411563
72.42200000000001 19.783548950667537
72.556 19.737782152414198
72.69 19.63725327496873
72.824 19.480888897183643
72.958 19.26950850181011
73.092 19.005702339235963
73.226 18.69359210778844
73.36 18.33850759170327
73.494 17.94661895657018
73.628 17.524563924393988
73.762 17.079102803297733
73.896 16.61682463260053
74.03 16.143917032469208
74.164 15.66600276175044
74.298 15.188038717617266
74.432 14.71426855560176
74.566 14.248218039470144
74.7 13.792722070568125
74.834 13.349973421570455
74.968 12.921584904761946
75.102 12.508658581265006
75.236 12.111857364548106
75.37 11.731475823712195
75.504 11.36750808542776
75.638 11.019711474930995
75.772 10.687664980773883
75.906 10.370821859147172
76.04 10.068555808378362
76.174 9.780200234927815
76.308 9.505080269513408
76.44200000000001 9.242537411777766
76.57600000000001 8.991946980191129
76.71000000000001 8.752728882489622
76.84400000000001 8.52435254347862
76.97800000000001 8.306337074335755
77.11200000000001 8.098247900760168
77.24600000000001 7.899691073173513
77.38000000000001 7.710306373719525
77.51400000000001 7.5297601435726715
77.64800000000001 7.357738519212538
77.78200000000001 7.193941524934633
77.91600000000001 7.038078249921659
78.05000000000001 6.88986316043246
78.184 6.749013470195907
78.318 6.615247416192386
78.452 6.488283258015983
78.586 6.367838828005264
78.72 6.253631494629507
78.854 6.145378450323628
78.988 6.0427972846302485
79.122 5.945606843680136
79.256 5.853528400494497
79.39 5.766287163967133
79.524 5.68361413818538
79.658 5.6052483117968785
79.792 5.530939115582355
79.926 5.4604490426227805
80.06 5.3935562869081295
80.194 5.330057229479259
80.328 5.269768591162621
80.462 5.212529080459102
80.596 5.158200394565976
80.73 5.106667478652246
80.864 5.05783800865765
80.998 5.011641129180175
81.132 4.968025542243627
81.266 4.926957096607127
81.4 4.888416063889828
81.534 4.852394302956856
81.668 4.818892507033914
81.802 4.787917701600444
81.936 4.759481120607255
82.07000000000001 4.733596540695209
82.20400000000001 4.710279104635063
82.33800000000001 4.689544621890289
82.47200000000001 4.671409300024139
82.60600000000001 4.655889837638809
82.74000000000001 4.643003797736118
82.87400000000001 4.632770178356982
83.00800000000001 4.6252101025411685
83.14200000000001 4.620347559083357
83.27600000000001 4.6182101364790435
83.41000000000001 4.6188297028618885
83.54400000000001 4.622242993721909
83.67800000000001 4.628492076928417
83.81200000000001 4.637624671960825
83.946 4.649694308339087
84.08 4.664760317716482
84.214 4.682887664842428
84.348 4.704146633723282
84.482 4.728612395377195
84.616 4.756364491143343
84.75 4.787486269546666
84.884 4.8220643149796345
85.018 4.860187903477674
85.152 4.901948515827023
85.286 4.947439432643977
85.42 4.996755431367197
85.554 5.0499926023914705
85.688 5.10724830129639
85.822 5.168621255955789
85.956 5.234211850085473
86.09 5.304122606602834
86.224 5.378458892679339
86.358 5.457329861210481
86.492 5.540849628841554
86.626 5.629138668108547
86.76 5.722325361807096
86.894 5.820547634362767
87.028 5.92395454229661
87.162 6.032707679213538
87.296 6.146982235127486
87.43 6.266967548830262
87.56400000000001 6.392867006258143
87.69800000000001 6.5248971651333685
87.83200000000001 6.663286021380491
87.96600000000001 6.808270368829905
88.10000000000001 6.960092232969264
88.23400000000001 7.118994375710899
88.36800000000001 7.285214867816043
88.50200000000001 7.45898070906563
88.63600000000001 7.64050044787403
88.77000000000001 7.829955719794551
88.90400000000001 8.027491598724259
89.03800000000001 8.233205646992415
89.17200000000001 8.447135571622182
89.30600000000001 8.66924545238625
89.44000000000001 8.899410607924027
89.57400000000001 9.137401310025721
89.708 9.382865739370484
89.842 9.635312789750255
89.976 9.894095558170372
90.11 10.158396586042956
90.244 10.427216117591893
90.378 10.699364786494352
90.512 10.973462198249397
90.646 11.247942810829606
90.78 11.521070300948889
90.914 11.790961219422572
91.048 12.055618186329651
91.182 12.31297217997526
91.316 12.560932687585641
91.45 12.79744369356391
91.584 13.020542786772747
91.718 13.228420179921258
91.852 13.419474242813932
91.986 13.592360308505075
92.12 13.74603001252984
92.254 13.879759204400449
92.388 13.993163410684328
92.522 14.086200786967364
92.656 14.159163334297766
92.79 14.212657773210067
92.924 14.247577820520068
93.058 14.265069716324751
93.19200000000001 14.266492763921518
93.32600000000001 14.25337645985516
93.46000000000001 14.227375587789876
93.59400000000001 14.190224486775762
93.72800000000001 14.143691605950586
93.86200000000001 14.089535416002466
93.99600000000001 14.029462734106572
94.13000000000001 13.96509049840743
94.26400000000001 13.897911971568075
94.39800000000001 13.829268245216328
94.53200000000001 13.760325757967
94.66600000000001 13.692060340232496
94.80000000000001 13.625248076082084
94.93400000000001 13.560463042966147
95.06800000000001 13.498081767583546
95.20200000000001 13.43829402899053
95.33600000000001 13.381119452288578
95.47 13.326429169254288
95.604 13.273971676539647
95.738 13.223401898466609
95.872 13.174312361863395
96.006 13.126265317782902
96.14 13.078824603091954
96.274 13.03158602827423
96.408 12.984205111433617
96.542 12.936421057908404
96.676 12.888076015249144
96.81 12.839128817791027
96.944 12.789662672635112
97.078 12.739886521950163
97.212 12.690130129455348
97.346 12.640833258436007
97.48 12.592529606329414
97.614 12.545826407975566
97.748 12.501380792114094
97.882 12.459874059255508
98.016 12.421985041635327
98.15 12.388363617957497
98.284 12.359605307448096
98.418 12.336227685571977
98.552 12.318649174879619
98.686 12.307170592835947
98.82000000000001 12.301959701832093
98.95400000000001 12.303038914648738
99.08800000000001 12.310276263137286
99.22200000000001 12.32337973325796
99.35600000000001 12.341895094528985
99.49000000000001 12.365207390991806
99.62400000000001 12.39254629627215
99.75800000000001 12.422995549011876
99.89200000000001 12.455506660007066
100.02600000000001 12.48891700526157
100.16000000000001 12.521972281679803
100.29400000000001 12.553353103403637
100.42800000000001 12.581705264919613
100.56200000000001 12.60567290976745
100.69600000000001 12.623933547890806
100.83000000000001 12.635233594396896
100.96400000000001 12.638422895009077
101.098 12.63248659426545
101.232 12.616572719365235
101.366 12.5900140103743
101.5 12.552342824285668
101.634 12.50329835599935
101.768 12.442825916783374
101.902 12.371068541189587
102.036 12.288351702221625
102.17 12.195162349475488
102.304 12.09212380317424
102.438 11.979968210731139
102.572 11.859508292025163
102.706 11.731609973418177
102.84 11.597167262762218
102.974 11.457080383428442
103.108 11.3122378056389
103.242 11.163502429291047
103.376 11.011701820823204
103.51 10.857622116407189
103.644 10.702004993813796
103.778 10.545546993932062
103.912 10.388900438159084
104.046 10.232675229011981
104.18 10.077440921238047
104.31400000000001 9.923728588619758
104.44800000000001 9.772032166050101
104.58200000000001 9.622809097686211
104.71600000000001 9.476480254486718
104.85000000000001 9.333429187932563
104.98400000000001 9.194000856596823
105.11800000000001 9.058499999002182
105.25200000000001 8.927189334415209
105.38600000000001 8.800287759939394
105.52000000000001 8.677968685539232
105.65400000000001 8.560358616222972
105.78800000000001 8.447536059047637
105.92200000000001 8.339530806620141
106.05600000000001 8.236323631144957
106.19000000000001 8.13784641474344
106.32400000000001 8.043982742116569
106.45800000000001 7.954568988789784
106.59200000000001 7.869395949446761
106.72600000000001 7.7882110629941135
106.86 7.710721300523574
106.994 7.636596785849381
107.128 7.56547521274055
107.262 7.496967105948415
107.396 7.430661943267623
107.53 7.36613511310647
107.664 7.302955627947699
107.798 7.240694451986261
107.932 7.178933236208654
108.066 7.1172731927122665
108.2 7.05534378944887
108.334 6.99281091403425
108.468 6.929384146889695
108.602 6.864822803685332
108.736 6.798940455716964
108.87 6.731607711865854
109.004 6.6627531411615495
109.138 6.592362321973343
109.272 6.520475112205401
109.406 6.4471813341468005
109.54 6.3726151487321685
109.674 6.296948450316419
109.808 6.22038364130154
109.94200000000001 6.143146146112543
110.07600000000001 6.065476999159935
110.21000000000001 5.987625796835677
110.34400000000001 5.909844245823909
110.47800000000001 5.832380475859149
110.61200000000001 5.755474220749321
110.74600000000001 5.6793529120241875
110.88000000000001 5.604228678515472
111.01400000000001 5.530296204532076
111.14800000000001 5.457731369710687
111.28200000000001 5.386690574646865
111.41600000000001 5.317310646840862
111.55000000000001 5.2497092196866335
111.68400000000001 5.183985481384687
111.81800000000001 5.120221199015822
111.95200000000001 5.058481934000273
112.08600000000001 4.998818377470011
112.22000000000001 4.941267746675206
112.35400000000001 4.8858551956735425
112.488 4.832595204700914
112.622 4.7814929224838005
112.756 4.73254544416647
112.89 4.685743014447074
113.024 4.64107015097749
113.158 4.598506687164304
113.292 4.558028736329061
113.426 4.519609580878097
113.56 4.4832204908477635
113.694 4.448831476093095
113.828 4.4164119756519815
113.962 4.385931486635047
114.096 4.3573601335621
114.23 4.330669177592367
114.364 4.305831463772447
114.498 4.282821803426799
114.632 4.261617288270021
114.766 4.242197532812139
114.9 4.22454484216482
115.034 4.2086443033880085
115.168 4.194483799918272
115.302 4.182053950231538
115.436 4.1713479735152665
115.57000000000001 4.16236148657083
115.70400000000001 4.1550922372747285
115.83800000000001 4.149539780579017
115.97200000000001 4.145705103190026
116.10600000000001 4.143590202741965
116.24000000000001 4.143197626575707
116.37400000000001 4.144529974275143
116.50800000000001 4.147589367078144
116.64200000000001 4.152376886348685
116.77600000000001 4.158891982645857
116.91000000000001 4.167131856703933
117.04400000000001 4.177090813959272
117.17800000000001 4.1887595951959735
117.31200000000001 4.202124687450174
117.44600000000001 4.217167621499097
117.58000000000001 4.2338642649896325
117.71400000000001 4.252184123431588
117.84800000000001 4.272089664741455
117.98200000000001 4.293535686589688
118.11600000000001 4.316468749248204
118.25 4.340826699690582
118.384 4.366538315052653
118.518 4.393523094875043
118.652 4.421691231456759
118.786 4.4509437857790015
118.92 4.481173092489175
119.054 4.512263411104597
119.188 4.544091831788196
119.322 4.576529432834829
119.456 4.6094426736917375
119.59 4.642694992513728
119.724 4.67614856179972
119.858 4.709666140708995
119.992 4.74311294954976
120.126 4.776358482078133
120.26 4.8092781659736925
120.394 4.841754782262319
120.528 4.873679561203376
120.662 4.904952885369748
120.796 4.935484549806776
120.93 4.965193553119681
121.06400000000001 4.994007420415077
121.19800000000001 5.021861087151882
121.33200000000001 5.048695399919995
121.46600000000001 5.0744553138441475
121.60000000000001 5.0990878849195385
121.73400000000001 5.122540167846309
121.86800000000001 5.144757135202717
122.00200000000001 5.165679732075094
122.13600000000001 5.185243172148044
122.27000000000001 5.203375567799496
122.40400000000001 5.219996969300495
122.53800000000001 5.235018868250495
122.67200000000001 5.248344199290779
122.80600000000001 5.259867853137813
122.94000000000001 5.269477693984765
123.07400000000001 5.277056055926329
123.20800000000001 5.282481676567446
123.34200000000001 5.2856320114370225
123.47600000000001 5.286385860173457
123.61000000000001 5.284626224586197
123.74400000000001 5.2802433096216985
123.87800000000001 5.273137571127647
124.012 5.2632227094682715
124.146 5.250428506006527
124.28 5.234703400841362
124.414 5.21601671553572
124.548 5.194360434302271
124.682 5.169750471315741
124.816 5.1422273702172445
124.95 5.111856403726294
125.084 5.078727065464362
125.218 5.042951971170927
125.352 5.004665210855433
125.486 4.964020215470226
125.62 4.921187219978696
125.754 4.876350418126833
125.888 4.829704912123799
126.022 4.781453562594722
126.156 4.731803840848259
126.29 4.6809647773591525
126.424 4.629144088370281
126.558 4.576545547808765
126.69200000000001 4.523366655490269
126.82600000000001 4.4697966359996135
126.96000000000001 4.416014786688936
127.09400000000001 4.362189178724863
127.22800000000001 4.308475702612253
127.36200000000001 4.25501743945297
127.49600000000001 4.201944331481886
127.63000000000001 4.149373120091408
127.76400000000001 4.097407516407107
127.89800000000001 4.046138568219002
128.032 3.9956451873557044
128.166 3.945994803063761
128.3 3.8972441092772514
128.43400000000003 3.84943987653981
128.568 3.802619802518402
128.702 3.7568133783370885
128.836 3.7120427512172465
128.97000000000003 3.668323567048023
129.104 3.62566577947648
129.238 3.584074414873991
129.372 3.5435502850991663
129.506 3.5040906423376863
129.64000000000001 3.4656897724578335
129.774 3.4283395252746414
129.90800000000002 3.3920297818576644
130.042 3.356748860534729
130.17600000000002 3.32248386451989
130.31 3.289220975117144
130.44400000000002 3.256945695210902
130.578 3.2256430482507286
130.71200000000002 3.1952977381811656
130.846 3.165894275777212
130.98000000000002 3.137417076652621
131.114 3.1098505358485555
131.24800000000002 3.0831790834254913
131.382 3.057387224915002
131.51600000000002 3.032459569878771
131.65 3.0083808512097954
131.78400000000002 2.985135937219368
131.918 2.9627098380132844
132.05200000000002 2.941087707179915
132.186 2.9202548394062755
132.32000000000002 2.900196664305486
132.454 2.880898736480525
132.588 2.8623467216587897
132.722 2.844526378605014
132.856 2.8274235364466094
132.99 2.8110240670196682
133.124 2.79531385185738
133.258 2.7802787434898066
133.392 2.765904520799635
133.526 2.7521768382789333
133.66 2.739081169154158
133.794 2.7266027424891726
133.928 2.714726474538243
134.062 2.703436894799991
134.196 2.692718067421447
134.33 2.682553508814648
134.464 2.6729261025752105
134.598 2.663818013031377
134.732 2.655210598995595
134.866 2.6470843295349202
