1     1       0          92.09      0.61      
1     10      0          214.89     0.09      
2     4       37.16      153.49     0.07      
2     20      37.16      276.28     0.02      
3     2       37.16      153.49     0.07      
3     17      37.16      276.28     0.02      
4     3       37.16      153.49     0.07      
4     18      37.16      276.28     0.02      

1     2       0          153.49     0.03      
1     3       0          153.49     0.03      
1     4       0          153.49     0.01      
2     1       37.16      92.09      0.12      
2     10      37.16      214.89     0.02      
3     1       37.16      92.09      0.21      
3     10      37.16      214.89     0.03      
4     1       37.16      92.09      0.28      
4     10      37.16      214.89     0.04      
9     3       70.13      153.49     0.02      
12    2       95.24      153.49     0.02      
13    4       95.24      153.49     0.01      
18    4       136.59     153.49     0.01      
19    3       136.59     153.49     0.01      

1     3       0          153.49     0.03      
1     4       0          153.49     0.04      
1     20      0          276.28     0.01      
2     1       37.16      92.09      0.3       
2     10      37.16      214.89     0.05      
3     1       37.16      92.09      0.24      
3     10      37.16      214.89     0.04      
4     1       37.16      92.09      0.07      
4     10      37.16      214.89     0.01      
5     2       70.13      153.49     0.01      
12    2       95.24      153.49     0.02      
13    2       95.24      153.49     0.02      
13    4       95.24      153.49     0.02      
18    3       136.59     153.49     0.01      

1     2       0          153.49     0.03      
1     3       0          153.49     0.03      
1     4       0          153.49     0.01      
2     1       37.16      92.09      0.09      
2     10      37.16      214.89     0.01      
3     1       37.16      92.09      0.25      
3     10      37.16      214.89     0.04      
4     1       37.16      92.09      0.27      
4     10      37.16      214.89     0.04      
5     2       70.13      153.49     0.01      
12    2       95.24      153.49     0.02      
13    4       95.24      153.49     0.02      
18    4       136.59     153.49     0.01      
19    3       136.59     153.49     0.03      

6     1       70.13      92.09      0.12      
6     10      70.13      214.89     0.02      
7     1       70.13      92.09      0.08      
7     10      70.13      214.89     0.01      
8     1       70.13      92.09      0.09      
8     4       70.13      153.49     0.01      
8     10      70.13      214.89     0.01      
14    1       95.24      92.09      0.07      
14    4       95.24      153.49     0.01      
14    10      95.24      214.89     0.01      
15    1       136.59     92.09      0.01      
16    2       136.59     153.49     0.02      
17    1       136.59     92.09      0.14      
17    4       136.59     153.49     0.03      
17    10      136.59     214.89     0.02      
18    1       136.59     92.09      0.05      
19    1       136.59     92.09      0.02      

6     1       70.13      92.09      0.02      
7     1       70.13      92.09      0.06      
7     4       70.13      153.49     0.01      
8     1       70.13      92.09      0.07      
8     10      70.13      214.89     0.01      
9     1       70.13      92.09      0.02      
10    1       95.24      92.09      0.02      
11    1       95.24      92.09      0.02      
12    1       95.24      92.09      0.03      
14    1       95.24      92.09      0.22      
14    4       95.24      153.49     0.02      
14    10      95.24      214.89     0.03      
15    1       136.59     92.09      0.04      
16    1       136.59     92.09      0.02      
17    1       136.59     92.09      0.04      
17    4       136.59     153.49     0.01      
18    1       136.59     92.09      0.04      

6     1       70.13      92.09      0.05      
6     4       70.13      153.49     0.02      
7     1       70.13      92.09      0.02      
8     1       70.13      92.09      0.14      
8     3       70.13      153.49     0.01      
8     10      70.13      214.89     0.02      
10    1       95.24      92.09      0.08      
10    4       95.24      153.49     0.02      
10    10      95.24      214.89     0.01      
11    1       95.24      92.09      0.1       
11    10      95.24      214.89     0.02      
14    1       95.24      92.09      0.03      
15    1       136.59     92.09      0.08      
15    4       136.59     153.49     0.01      
15    10      136.59     214.89     0.01      
16    1       136.59     92.09      0.01      
17    1       136.59     92.09      0.05      
17    3       136.59     153.49     0.01      
18    1       136.59     92.09      0.01      
19    1       136.59     92.09      0.04      

7     1       70.13      92.09      0.02      
7     2       70.13      153.49     0.02      
8     1       70.13      92.09      0.07      
8     10      70.13      214.89     0.01      
9     1       70.13      92.09      0.04      
11    1       95.24      92.09      0.12      
11    10      95.24      214.89     0.02      
12    1       95.24      92.09      0.05      
13    1       95.24      92.09      0.02      
14    1       95.24      92.09      0.03      
15    1       136.59     92.09      0.09      
15    3       136.59     153.49     0.02      
15    10      136.59     214.89     0.01      
16    1       136.59     92.09      0.13      
16    10      136.59     214.89     0.02      
18    1       136.59     92.09      0.01      

5     1       70.13      92.09      0.12      
5     10      70.13      214.89     0.02      
6     1       70.13      92.09      0.03      
6     3       70.13      153.49     0.02      
7     1       70.13      92.09      0.04      
7     2       70.13      153.49     0.02      
9     1       70.13      92.09      0.05      
10    1       95.24      92.09      0.1       
10    10      95.24      214.89     0.02      
12    1       95.24      92.09      0.02      
13    1       95.24      92.09      0.03      
14    1       95.24      92.09      0.03      
15    1       136.59     92.09      0.05      
15    4       136.59     153.49     0.01      
16    1       136.59     92.09      0.09      
16    10      136.59     214.89     0.01      
17    1       136.59     92.09      0.01      
18    1       136.59     92.09      0.02      
18    2       136.59     153.49     0.01      
19    1       136.59     92.09      0.02      

5     1       70.13      92.09      0.02      
6     1       70.13      92.09      0.06      
7     1       70.13      92.09      0.12      
7     10      70.13      214.89     0.02      
8     4       70.13      153.49     0.01      
9     1       70.13      92.09      0.01      
10    1       95.24      92.09      0.03      
11    1       95.24      92.09      0.01      
12    1       95.24      92.09      0.05      
14    1       95.24      92.09      0.06      
14    4       95.24      153.49     0.01      
15    1       136.59     92.09      0.01      
16    1       136.59     92.09      0.04      
17    1       136.59     92.09      0.09      
17    10      136.59     214.89     0.01      
18    1       136.59     92.09      0.07      
18    10      136.59     214.89     0.01      
19    1       136.59     92.09      0.03      

5     1       70.13      92.09      0.22      
5     10      70.13      214.89     0.04      
6     1       70.13      92.09      0.01      
6     3       70.13      153.49     0.01      
8     1       70.13      92.09      0.05      
9     1       70.13      92.09      0.02      
10    1       95.24      92.09      0.04      
11    1       95.24      92.09      0.02      
12    1       95.24      92.09      0.05      
13    1       95.24      92.09      0.01      
14    2       95.24      153.49     0.02      
15    1       136.59     92.09      0.12      
15    10      136.59     214.89     0.02      
16    1       136.59     92.09      0.01      
16    4       136.59     153.49     0.01      
17    1       136.59     92.09      0.02      
19    1       136.59     92.09      0.02      

5     1       70.13      92.09      0.01      
6     1       70.13      92.09      0.02      
6     2       70.13      153.49     0.01      
7     1       70.13      92.09      0.06      
8     1       70.13      92.09      0.18      
8     4       70.13      153.49     0.01      
8     10      70.13      214.89     0.03      
9     1       70.13      92.09      0.01      
10    1       95.24      92.09      0.03      
11    1       95.24      92.09      0.02      
14    1       95.24      92.09      0.12      
14    10      95.24      214.89     0.02      
15    1       136.59     92.09      0.02      
15    4       136.59     153.49     0.01      
16    1       136.59     92.09      0.02      
16    3       136.59     153.49     0.02      
17    1       136.59     92.09      0.07      
17    10      136.59     214.89     0.01      
18    1       136.59     92.09      0.03      
19    1       136.59     92.09      0.02      

5     1       70.13      92.09      0.03      
6     1       70.13      92.09      0.01      
8     1       70.13      92.09      0.04      
9     1       70.13      92.09      0.02      
10    1       95.24      92.09      0.1       
10    10      95.24      214.89     0.02      
12    3       95.24      153.49     0.01      
14    2       95.24      153.49     0.01      
15    1       136.59     92.09      0.15      
15    4       136.59     153.49     0.02      
15    10      136.59     214.89     0.02      
16    1       136.59     92.09      0.17      
16    10      136.59     214.89     0.03      
17    1       136.59     92.09      0.02      
19    1       136.59     92.09      0.04      

5     1       70.13      92.09      0.02      
6     1       70.13      92.09      0.22      
6     4       70.13      153.49     0.01      
6     10      70.13      214.89     0.04      
9     1       70.13      92.09      0.03      
10    1       95.24      92.09      0.02      
10    2       95.24      153.49     0.03      
11    1       95.24      92.09      0.08      
11    10      95.24      214.89     0.01      
12    1       95.24      92.09      0.06      
14    3       95.24      153.49     0.01      
15    1       136.59     92.09      0.02      
16    1       136.59     92.09      0.02      
17    1       136.59     92.09      0.11      
17    10      136.59     214.89     0.02      

2     4       37.16      153.49     0.03      
3     3       37.16      153.49     0.02      
4     2       37.16      153.49     0.01      
5     1       70.13      92.09      0.05      
7     1       70.13      92.09      0.03      
9     1       70.13      92.09      0.02      
10    1       95.24      92.09      0.03      
11    1       95.24      92.09      0.07      
11    10      95.24      214.89     0.01      
12    1       95.24      92.09      0.06      
12    10      95.24      214.89     0.01      
13    1       95.24      92.09      0.09      
13    10      95.24      214.89     0.02      
16    1       136.59     92.09      0.07      
16    10      136.59     214.89     0.01      
17    1       136.59     92.09      0.02      
18    1       136.59     92.09      0.04      
19    1       136.59     92.09      0.12      
19    10      136.59     214.89     0.02      
29    2       206.72     153.49     0.01      

2     3       37.16      153.49     0.03      
3     3       37.16      153.49     0.01      
3     4       37.16      153.49     0.03      
4     2       37.16      153.49     0.01      
5     1       70.13      92.09      0.03      
7     1       70.13      92.09      0.02      
9     1       70.13      92.09      0.07      
9     10      70.13      214.89     0.01      
10    1       95.24      92.09      0.02      
11    1       95.24      92.09      0.02      
12    1       95.24      92.09      0.03      
13    1       95.24      92.09      0.35      
13    10      95.24      214.89     0.06      
16    1       136.59     92.09      0.02      
18    1       136.59     92.09      0.03      
19    1       136.59     92.09      0.01      
24    4       142.33     153.49     0.01      
33    2       206.72     153.49     0.01      

2     4       37.16      153.49     0.01      
4     2       37.16      153.49     0.06      
4     17      37.16      276.28     0.02      
8     1       70.13      92.09      0.02      
9     1       70.13      92.09      0.31      
9     10      70.13      214.89     0.05      
10    1       95.24      92.09      0.05      
11    1       95.24      92.09      0.08      
11    10      95.24      214.89     0.01      
12    1       95.24      92.09      0.02      
13    1       95.24      92.09      0.01      
17    1       136.59     92.09      0.02      
19    1       136.59     92.09      0.09      
19    10      136.59     214.89     0.01      
23    3       142.33     153.49     0.02      
25    4       142.33     153.49     0.02      
38    3       287.34     153.49     0.02      

2     2       37.16      153.49     0.03      
2     3       37.16      153.49     0.01      
3     3       37.16      153.49     0.02      
3     4       37.16      153.49     0.01      
4     4       37.16      153.49     0.03      
5     1       70.13      92.09      0.03      
7     1       70.13      92.09      0.14      
7     10      70.13      214.89     0.02      
10    1       95.24      92.09      0.02      
11    1       95.24      92.09      0.02      
12    1       95.24      92.09      0.06      
12    10      95.24      214.89     0.01      
13    1       95.24      92.09      0.1       
13    10      95.24      214.89     0.02      
16    1       136.59     92.09      0.01      
18    1       136.59     92.09      0.22      
18    10      136.59     214.89     0.04      
37    3       287.34     153.49     0.01      

2     2       37.16      153.49     0.01      
2     4       37.16      153.49     0.02      
3     3       37.16      153.49     0.03      
4     4       37.16      153.49     0.01      
5     1       70.13      92.09      0.07      
5     10      70.13      214.89     0.01      
7     1       70.13      92.09      0.05      
9     1       70.13      92.09      0.01      
10    1       95.24      92.09      0.03      
11    1       95.24      92.09      0.05      
12    1       95.24      92.09      0.13      
12    10      95.24      214.89     0.02      
13    1       95.24      92.09      0.01      
17    1       136.59     92.09      0.03      
18    1       136.59     92.09      0.08      
18    10      136.59     214.89     0.01      
19    1       136.59     92.09      0.14      
19    10      136.59     214.89     0.02      

17    2       136.59     153.49     0.02      
20    1       142.33     92.09      0.05      
21    1       142.33     92.09      0.03      
23    1       142.33     92.09      0.03      
24    1       142.33     92.09      0.06      
24    10      142.33     214.89     0.01      
25    1       142.33     92.09      0.02      
26    1       142.33     92.09      0.03      
27    1       206.72     92.09      0.03      
28    1       206.72     92.09      0.02      
30    1       206.72     92.09      0.07      
30    10      206.72     214.89     0.01      
31    1       206.72     92.09      0.07      
31    10      206.72     214.89     0.01      
32    1       206.72     92.09      0.01      
33    1       206.72     92.09      0.04      
34    1       287.34     92.09      0.03      
36    1       287.34     92.09      0.02      
37    1       287.34     92.09      0.04      
39    1       287.34     92.09      0.08      
39    10      287.34     214.89     0.02      

7     3       70.13      153.49     0.01      
14    3       95.24      153.49     0.02      
20    1       142.33     92.09      0.06      
20    10      142.33     214.89     0.01      
21    1       142.33     92.09      0.05      
23    1       142.33     92.09      0.03      
24    1       142.33     92.09      0.02      
25    1       142.33     92.09      0.01      
26    1       142.33     92.09      0.02      
27    1       206.72     92.09      0.18      
27    4       206.72     153.49     0.01      
27    10      206.72     214.89     0.03      
28    1       206.72     92.09      0.03      
30    1       206.72     92.09      0.04      
32    1       206.72     92.09      0.01      
34    1       287.34     92.09      0.01      
35    1       287.34     92.09      0.08      
35    10      287.34     214.89     0.01      
36    1       287.34     92.09      0.02      
38    1       287.34     92.09      0.02      
39    1       287.34     92.09      0.05      

6     2       70.13      153.49     0.01      
20    1       142.33     92.09      0.02      
22    1       142.33     92.09      0.03      
23    1       142.33     92.09      0.03      
24    1       142.33     92.09      0.03      
25    1       142.33     92.09      0.02      
26    1       142.33     92.09      0.07      
26    10      142.33     214.89     0.01      
28    1       206.72     92.09      0.02      
29    1       206.72     92.09      0.03      
30    1       206.72     92.09      0.02      
31    1       206.72     92.09      0.18      
31    10      206.72     214.89     0.03      
32    1       206.72     92.09      0.02      
34    1       287.34     92.09      0.02      
35    1       287.34     92.09      0.02      
36    1       287.34     92.09      0.01      
37    1       287.34     92.09      0.03      
38    1       287.34     92.09      0.03      
39    1       287.34     92.09      0.05      

20    1       142.33     92.09      0.07      
20    10      142.33     214.89     0.01      
21    1       142.33     92.09      0.02      
22    1       142.33     92.09      0.06      
22    10      142.33     214.89     0.01      
23    1       142.33     92.09      0.07      
23    10      142.33     214.89     0.01      
24    1       142.33     92.09      0.05      
27    1       206.72     92.09      0.04      
29    1       206.72     92.09      0.02      
30    1       206.72     92.09      0.01      
31    1       206.72     92.09      0.02      
32    1       206.72     92.09      0.03      
33    1       206.72     92.09      0.03      
34    1       287.34     92.09      0.06      
34    10      287.34     214.89     0.01      
35    1       287.34     92.09      0.02      
36    1       287.34     92.09      0.03      
38    1       287.34     92.09      0.03      
39    1       287.34     92.09      0.07      
39    10      287.34     214.89     0.01      
40    1       287.34     92.09      0.02      

20    1       142.33     92.09      0.05      
21    1       142.33     92.09      0.15      
21    10      142.33     214.89     0.03      
23    1       142.33     92.09      0.01      
24    1       142.33     92.09      0.03      
25    1       142.33     92.09      0.01      
26    1       142.33     92.09      0.03      
27    1       206.72     92.09      0.05      
27    4       206.72     153.49     0.01      
28    1       206.72     92.09      0.01      
30    1       206.72     92.09      0.01      
31    1       206.72     92.09      0.02      
32    1       206.72     92.09      0.03      
34    1       287.34     92.09      0.1       
34    10      287.34     214.89     0.02      
35    1       287.34     92.09      0.04      
36    1       287.34     92.09      0.03      
37    1       287.34     92.09      0.03      
38    1       287.34     92.09      0.02      
40    1       287.34     92.09      0.01      

8     3       70.13      153.49     0.02      
21    1       142.33     92.09      0.05      
22    1       142.33     92.09      0.02      
23    1       142.33     92.09      0.03      
24    1       142.33     92.09      0.04      
25    1       142.33     92.09      0.01      
26    1       142.33     92.09      0.03      
27    1       206.72     92.09      0.04      
28    1       206.72     92.09      0.01      
29    1       206.72     92.09      0.02      
30    1       206.72     92.09      0.13      
30    10      206.72     214.89     0.02      
31    2       206.72     153.49     0.02      
32    1       206.72     92.09      0.04      
33    1       206.72     92.09      0.01      
34    1       287.34     92.09      0.04      
35    1       287.34     92.09      0.03      
36    1       287.34     92.09      0.02      
37    1       287.34     92.09      0.02      
38    1       287.34     92.09      0.08      
38    10      287.34     214.89     0.01      
40    1       287.34     92.09      0.02      

10    3       95.24      153.49     0.01      
20    1       142.33     92.09      0.03      
21    1       142.33     92.09      0.03      
22    1       142.33     92.09      0.02      
24    1       142.33     92.09      0.01      
25    1       142.33     92.09      0.04      
26    1       142.33     92.09      0.01      
27    1       206.72     92.09      0.02      
28    1       206.72     92.09      0.16      
28    10      206.72     214.89     0.03      
30    1       206.72     92.09      0.01      
32    1       206.72     92.09      0.05      
34    1       287.34     92.09      0.03      
35    1       287.34     92.09      0.05      
36    1       287.34     92.09      0.09      
36    10      287.34     214.89     0.02      
37    1       287.34     92.09      0.02      
38    1       287.34     92.09      0.03      
39    1       287.34     92.09      0.01      
40    1       287.34     92.09      0.02      

21    1       142.33     92.09      0.12      
21    10      142.33     214.89     0.02      
22    1       142.33     92.09      0.02      
23    1       142.33     92.09      0.03      
26    1       142.33     92.09      0.03      
27    1       206.72     92.09      0.03      
28    1       206.72     92.09      0.03      
30    1       206.72     92.09      0.08      
30    10      206.72     214.89     0.01      
31    1       206.72     92.09      0.06      
31    10      206.72     214.89     0.01      
32    1       206.72     92.09      0.07      
32    10      206.72     214.89     0.01      
34    1       287.34     92.09      0.1       
34    10      287.34     214.89     0.02      
36    1       287.34     92.09      0.04      
38    1       287.34     92.09      0.01      

20    1       142.33     92.09      0.04      
21    1       142.33     92.09      0.1       
21    10      142.33     214.89     0.02      
22    1       142.33     92.09      0.05      
23    1       142.33     92.09      0.06      
23    10      142.33     214.89     0.01      
27    1       206.72     92.09      0.06      
27    10      206.72     214.89     0.01      
28    1       206.72     92.09      0.08      
28    10      206.72     214.89     0.01      
29    1       206.72     92.09      0.04      
30    1       206.72     92.09      0.02      
31    1       206.72     92.09      0.03      
32    1       206.72     92.09      0.07      
32    10      206.72     214.89     0.01      
33    1       206.72     92.09      0.02      
34    1       287.34     92.09      0.01      
36    1       287.34     92.09      0.02      
40    1       287.34     92.09      0.02      

21    1       142.33     92.09      0.05      
22    1       142.33     92.09      0.03      
23    1       142.33     92.09      0.04      
24    1       142.33     92.09      0.01      
26    1       142.33     92.09      0.03      
27    1       206.72     92.09      0.06      
27    10      206.72     214.89     0.01      
28    1       206.72     92.09      0.08      
28    10      206.72     214.89     0.01      
30    1       206.72     92.09      0.04      
31    1       206.72     92.09      0.03      
32    1       206.72     92.09      0.01      
33    1       206.72     92.09      0.03      
34    1       287.34     92.09      0.03      
35    1       287.34     92.09      0.06      
35    10      287.34     214.89     0.01      
36    1       287.34     92.09      0.1       
36    10      287.34     214.89     0.02      
37    1       287.34     92.09      0.01      
38    1       287.34     92.09      0.02      

20    1       142.33     92.09      0.06      
20    10      142.33     214.89     0.01      
23    1       142.33     92.09      0.02      
24    1       142.33     92.09      0.01      
25    1       142.33     92.09      0.01      
26    1       142.33     92.09      0.02      
27    1       206.72     92.09      0.01      
28    1       206.72     92.09      0.14      
28    10      206.72     214.89     0.03      
29    1       206.72     92.09      0.02      
30    1       206.72     92.09      0.01      
31    1       206.72     92.09      0.05      
32    1       206.72     92.09      0.04      
34    1       287.34     92.09      0.01      
35    1       287.34     92.09      0.1       
35    10      287.34     214.89     0.02      
37    1       287.34     92.09      0.01      
38    1       287.34     92.09      0.03      
40    1       287.34     92.09      0.07      
40    10      287.34     214.89     0.01      

20    1       142.33     92.09      0.09      
20    10      142.33     214.89     0.02      
21    2       142.33     153.49     0.01      
22    1       142.33     92.09      0.02      
23    1       142.33     92.09      0.03      
27    1       206.72     92.09      0.02      
28    1       206.72     92.09      0.01      
30    1       206.72     92.09      0.02      
31    1       206.72     92.09      0.06      
32    1       206.72     92.09      0.03      
34    1       287.34     92.09      0.04      
35    1       287.34     92.09      0.15      
35    10      287.34     214.89     0.03      
36    1       287.34     92.09      0.08      
36    10      287.34     214.89     0.01      
37    1       287.34     92.09      0.04      
40    1       287.34     92.09      0.03      

20    1       142.33     92.09      0.06      
22    1       142.33     92.09      0.03      
25    1       142.33     92.09      0.05      
26    1       142.33     92.09      0.01      
28    1       206.72     92.09      0.01      
29    1       206.72     92.09      0.03      
30    1       206.72     92.09      0.07      
30    10      206.72     214.89     0.01      
31    1       206.72     92.09      0.01      
32    1       206.72     92.09      0.06      
32    10      206.72     214.89     0.01      
33    1       206.72     92.09      0.03      
34    1       287.34     92.09      0.03      
35    1       287.34     92.09      0.06      
35    10      287.34     214.89     0.01      
36    1       287.34     92.09      0.02      
37    1       287.34     92.09      0.02      
40    1       287.34     92.09      0.12      
40    10      287.34     214.89     0.02      

20    1       142.33     92.09      0.03      
21    1       142.33     92.09      0.02      
22    1       142.33     92.09      0.01      
24    1       142.33     92.09      0.01      
25    1       142.33     92.09      0.04      
26    1       142.33     92.09      0.08      
26    10      142.33     214.89     0.01      
27    1       206.72     92.09      0.06      
27    10      206.72     214.89     0.01      
28    1       206.72     92.09      0.02      
29    1       206.72     92.09      0.02      
32    1       206.72     92.09      0.01      
33    1       206.72     92.09      0.15      
33    10      206.72     214.89     0.03      
34    1       287.34     92.09      0.04      
36    1       287.34     92.09      0.03      
37    1       287.34     92.09      0.02      
40    1       287.34     92.09      0.07      
40    10      287.34     214.89     0.01      

7     4       70.13      153.49     0.02      
9     2       70.13      153.49     0.01      
11    2       95.24      153.49     0.01      
18    4       136.59     153.49     0.03      
19    2       136.59     153.49     0.01      
22    1       142.33     92.09      0.12      
22    10      142.33     214.89     0.02      
24    1       142.33     92.09      0.04      
25    1       142.33     92.09      0.05      
28    1       206.72     92.09      0.02      
29    1       206.72     92.09      0.14      
29    10      206.72     214.89     0.03      
30    1       206.72     92.09      0.01      
31    1       206.72     92.09      0.01      
32    1       206.72     92.09      0.05      
33    1       206.72     92.09      0.02      
34    1       287.34     92.09      0.05      
36    1       287.34     92.09      0.06      
36    10      287.34     214.89     0.01      
37    1       287.34     92.09      0.05      
38    1       287.34     92.09      0.01      
39    1       287.34     92.09      0.02      

5     3       70.13      153.49     0.02      
12    3       95.24      153.49     0.03      
13    3       95.24      153.49     0.01      
13    4       95.24      153.49     0.02      
16    3       136.59     153.49     0.01      
22    1       142.33     92.09      0.07      
22    10      142.33     214.89     0.01      
23    1       142.33     92.09      0.07      
23    10      142.33     214.89     0.01      
24    1       142.33     92.09      0.07      
24    10      142.33     214.89     0.01      
25    1       142.33     92.09      0.02      
26    1       142.33     92.09      0.03      
29    1       206.72     92.09      0.12      
29    10      206.72     214.89     0.02      
32    1       206.72     92.09      0.05      
33    1       206.72     92.09      0.03      
34    1       287.34     92.09      0.03      
36    1       287.34     92.09      0.03      
37    1       287.34     92.09      0.02      
38    1       287.34     92.09      0.02      
39    1       287.34     92.09      0.07      
39    10      287.34     214.89     0.01      
40    1       287.34     92.09      0.03      

7     2       70.13      153.49     0.01      
9     4       70.13      153.49     0.01      
13    3       95.24      153.49     0.02      
18    2       136.59     153.49     0.02      
24    1       142.33     92.09      0.07      
24    10      142.33     214.89     0.01      
25    1       142.33     92.09      0.12      
25    10      142.33     214.89     0.02      
26    1       142.33     92.09      0.08      
26    10      142.33     214.89     0.01      
29    1       206.72     92.09      0.09      
29    10      206.72     214.89     0.02      
30    1       206.72     92.09      0.01      
31    1       206.72     92.09      0.02      
32    1       206.72     92.09      0.03      
33    1       206.72     92.09      0.07      
33    10      206.72     214.89     0.01      
37    1       287.34     92.09      0.02      
38    1       287.34     92.09      0.11      
38    10      287.34     214.89     0.02      
39    1       287.34     92.09      0.02      
40    1       287.34     92.09      0.01      

10    4       95.24      153.49     0.01      
11    3       95.24      153.49     0.01      
11    4       95.24      153.49     0.02      
13    3       95.24      153.49     0.02      
13    4       95.24      153.49     0.01      
20    1       142.33     92.09      0.01      
23    1       142.33     92.09      0.01      
24    1       142.33     92.09      0.07      
24    10      142.33     214.89     0.01      
25    1       142.33     92.09      0.1       
25    10      142.33     214.89     0.02      
26    1       142.33     92.09      0.05      
28    1       206.72     92.09      0.03      
29    1       206.72     92.09      0.01      
30    1       206.72     92.09      0.04      
31    1       206.72     92.09      0.02      
33    1       206.72     92.09      0.08      
33    10      206.72     214.89     0.01      
37    1       287.34     92.09      0.02      
39    1       287.34     92.09      0.16      
39    10      287.34     214.89     0.03      
40    1       287.34     92.09      0.05      

13    4       95.24      153.49     0.03      
19    2       136.59     153.49     0.02      
20    1       142.33     92.09      0.01      
22    1       142.33     92.09      0.01      
23    1       142.33     92.09      0.11      
23    10      142.33     214.89     0.02      
24    1       142.33     92.09      0.03      
26    1       142.33     92.09      0.02      
28    1       206.72     92.09      0.03      
29    1       206.72     92.09      0.05      
30    1       206.72     92.09      0.04      
31    1       206.72     92.09      0.05      
32    1       206.72     92.09      0.02      
33    1       206.72     92.09      0.01      
37    1       287.34     92.09      0.05      
38    1       287.34     92.09      0.16      
38    10      287.34     214.89     0.03      
40    1       287.34     92.09      0.04      

5     3       70.13      153.49     0.01      
12    3       95.24      153.49     0.03      
13    3       95.24      153.49     0.01      
13    4       95.24      153.49     0.01      
22    1       142.33     92.09      0.08      
22    10      142.33     214.89     0.02      
24    1       142.33     92.09      0.07      
24    10      142.33     214.89     0.01      
25    1       142.33     92.09      0.06      
25    10      142.33     214.89     0.01      
26    1       142.33     92.09      0.03      
28    1       206.72     92.09      0.03      
29    1       206.72     92.09      0.06      
29    10      206.72     214.89     0.01      
30    1       206.72     92.09      0.01      
31    1       206.72     92.09      0.01      
32    1       206.72     92.09      0.01      
33    1       206.72     92.09      0.07      
33    10      206.72     214.89     0.01      
34    1       287.34     92.09      0.03      
36    1       287.34     92.09      0.04      
39    1       287.34     92.09      0.1       
39    10      287.34     214.89     0.02      
40    1       287.34     92.09      0.03      

7     2       70.13      153.49     0.01      
9     2       70.13      153.49     0.03      
18    2       136.59     153.49     0.02      
19    2       136.59     153.49     0.02      
19    4       136.59     153.49     0.01      
22    1       142.33     92.09      0.03      
23    1       142.33     92.09      0.06      
23    10      142.33     214.89     0.01      
24    1       142.33     92.09      0.04      
25    1       142.33     92.09      0.08      
25    10      142.33     214.89     0.02      
26    1       142.33     92.09      0.02      
29    1       206.72     92.09      0.02      
31    1       206.72     92.09      0.02      
33    1       206.72     92.09      0.01      
34    1       287.34     92.09      0.01      
36    1       287.34     92.09      0.02      
37    1       287.34     92.09      0.28      
37    10      287.34     214.89     0.05      
38    1       287.34     92.09      0.04      

2     2       37.16      153.49     0.07      
2     3       37.16      153.49     0.12      
2     17      37.16      276.28     0.01      
2     18      37.16      276.28     0.03      
3     2       37.16      153.49     0.19      
3     4       37.16      153.49     0.12      
3     17      37.16      276.28     0.04      
3     20      37.16      276.28     0.03      
4     3       37.16      153.49     0.19      
4     4       37.16      153.49     0.07      
4     18      37.16      276.28     0.04      
4     20      37.16      276.28     0.01      

2     2       37.16      153.49     0.29      
2     3       37.16      153.49     0.04      
2     17      37.16      276.28     0.06      
3     2       37.16      153.49     0.05      
3     4       37.16      153.49     0.04      
4     3       37.16      153.49     0.05      
4     4       37.16      153.49     0.29      
4     20      37.16      276.28     0.06      
13    5       95.24      214.89     0.01      
18    9       136.59     214.89     0.01      

2     2       37.16      153.49     0.09      
2     3       37.16      153.49     0.16      
2     17      37.16      276.28     0.02      
2     18      37.16      276.28     0.03      
3     2       37.16      153.49     0.12      
3     4       37.16      153.49     0.16      
3     17      37.16      276.28     0.03      
3     20      37.16      276.28     0.03      
4     3       37.16      153.49     0.12      
4     4       37.16      153.49     0.09      
4     18      37.16      276.28     0.03      
4     20      37.16      276.28     0.02      

1     2       0          153.49     0.07      
1     4       0          153.49     0.46      
1     17      0          276.28     0.02      
1     20      0          276.28     0.1       
2     9       37.16      214.89     0.02      
3     6       37.16      214.89     0.02      
4     7       37.16      214.89     0.02      
7     3       70.13      153.49     0.02      
9     4       70.13      153.49     0.02      
11    4       95.24      153.49     0.02      
13    2       95.24      153.49     0.04      
13    4       95.24      153.49     0.01      
13    17      95.24      276.28     0.01      
18    3       136.59     153.49     0.03      
19    4       136.59     153.49     0.01      

1     2       0          153.49     0.33      
1     3       0          153.49     0.17      
1     4       0          153.49     0.04      
1     17      0          276.28     0.07      
1     18      0          276.28     0.04      
2     6       37.16      214.89     0.01      
3     5       37.16      214.89     0.02      
4     8       37.16      214.89     0.01      
5     2       70.13      153.49     0.01      
7     4       70.13      153.49     0.01      
9     3       70.13      153.49     0.03      
12    2       95.24      153.49     0.02      
13    4       95.24      153.49     0.02      
18    4       136.59     153.49     0.02      
19    3       136.59     153.49     0.04      

1     2       0          153.49     0.14      
1     3       0          153.49     0.36      
1     4       0          153.49     0.05      
1     17      0          276.28     0.03      
1     18      0          276.28     0.07      
1     20      0          276.28     0.01      
2     7       37.16      214.89     0.01      
4     8       37.16      214.89     0.02      
5     2       70.13      153.49     0.03      
9     3       70.13      153.49     0.01      
12    2       95.24      153.49     0.04      
12    17      95.24      276.28     0.01      
13    4       95.24      153.49     0.03      
16    2       136.59     153.49     0.01      
19    3       136.59     153.49     0.02      

5     3       70.13      153.49     0.01      
5     4       70.13      153.49     0.02      
6     3       70.13      153.49     0.08      
6     4       70.13      153.49     0.02      
6     18      70.13      276.28     0.02      
8     2       70.13      153.49     0.05      
8     3       70.13      153.49     0.03      
8     4       70.13      153.49     0.01      
8     17      70.13      276.28     0.01      
10    2       95.24      153.49     0.01      
11    2       95.24      153.49     0.01      
12    4       95.24      153.49     0.01      
14    2       95.24      153.49     0.04      
14    4       95.24      153.49     0.01      
15    2       136.59     153.49     0.03      
15    3       136.59     153.49     0.03      
16    3       136.59     153.49     0.03      
16    4       136.59     153.49     0.1       
16    20      136.59     276.28     0.02      
17    3       136.59     153.49     0.11      
17    4       136.59     153.49     0.02      
17    18      136.59     276.28     0.02      
19    3       136.59     153.49     0.04      

5     4       70.13      153.49     0.06      
5     20      70.13      276.28     0.01      
6     2       70.13      153.49     0.03      
6     4       70.13      153.49     0.02      
7     3       70.13      153.49     0.01      
8     2       70.13      153.49     0.07      
8     3       70.13      153.49     0.06      
8     4       70.13      153.49     0.05      
8     17      70.13      276.28     0.02      
8     18      70.13      276.28     0.01      
8     20      70.13      276.28     0.01      
9     2       70.13      153.49     0.02      
10    2       95.24      153.49     0.05      
10    17      95.24      276.28     0.01      
11    2       95.24      153.49     0.01      
12    4       95.24      153.49     0.03      
14    3       95.24      153.49     0.02      
15    2       136.59     153.49     0.06      
15    3       136.59     153.49     0.04      
15    17      136.59     276.28     0.01      
16    3       136.59     153.49     0.04      
17    3       136.59     153.49     0.05      
17    4       136.59     153.49     0.03      
17    18      136.59     276.28     0.01      

5     3       70.13      153.49     0.05      
5     18      70.13      276.28     0.01      
6     2       70.13      153.49     0.02      
6     4       70.13      153.49     0.04      
6     20      70.13      276.28     0.01      
7     4       70.13      153.49     0.02      
8     2       70.13      153.49     0.02      
8     4       70.13      153.49     0.02      
9     2       70.13      153.49     0.04      
10    2       95.24      153.49     0.02      
10    4       95.24      153.49     0.06      
10    20      95.24      276.28     0.01      
11    2       95.24      153.49     0.04      
11    4       95.24      153.49     0.05      
11    17      95.24      276.28     0.01      
11    20      95.24      276.28     0.01      
12    3       95.24      153.49     0.08      
12    18      95.24      276.28     0.02      
13    2       95.24      153.49     0.02      
14    4       95.24      153.49     0.03      
15    3       136.59     153.49     0.02      
15    4       136.59     153.49     0.04      
16    3       136.59     153.49     0.05      
16    18      136.59     276.28     0.01      
17    2       136.59     153.49     0.02      
18    4       136.59     153.49     0.01      
19    2       136.59     153.49     0.03      

6     3       70.13      153.49     0.06      
6     4       70.13      153.49     0.01      
6     18      70.13      276.28     0.01      
7     2       70.13      153.49     0.12      
7     17      70.13      276.28     0.03      
8     3       70.13      153.49     0.02      
9     4       70.13      153.49     0.05      
9     20      70.13      276.28     0.01      
10    3       95.24      153.49     0.02      
10    4       95.24      153.49     0.04      
11    2       95.24      153.49     0.02      
11    4       95.24      153.49     0.02      
12    4       95.24      153.49     0.02      
13    4       95.24      153.49     0.02      
14    2       95.24      153.49     0.16      
14    17      95.24      276.28     0.04      
18    2       136.59     153.49     0.07      
18    17      136.59     276.28     0.02      
19    4       136.59     153.49     0.04      

5     3       70.13      153.49     0.07      
5     4       70.13      153.49     0.01      
5     18      70.13      276.28     0.01      
6     2       70.13      153.49     0.1       
6     4       70.13      153.49     0.02      
6     17      70.13      276.28     0.02      
7     4       70.13      153.49     0.05      
7     20      70.13      276.28     0.01      
8     4       70.13      153.49     0.03      
10    2       95.24      153.49     0.07      
10    17      95.24      276.28     0.02      
11    2       95.24      153.49     0.03      
12    3       95.24      153.49     0.01      
14    3       95.24      153.49     0.01      
14    4       95.24      153.49     0.08      
14    20      95.24      276.28     0.02      
15    2       136.59     153.49     0.02      
16    3       136.59     153.49     0.07      
16    18      136.59     276.28     0.02      
17    2       136.59     153.49     0.04      
17    3       136.59     153.49     0.01      
17    4       136.59     153.49     0.02      
18    4       136.59     153.49     0.03      

5     3       70.13      153.49     0.02      
5     4       70.13      153.49     0.03      
6     3       70.13      153.49     0.03      
6     4       70.13      153.49     0.01      
7     2       70.13      153.49     0.02      
7     4       70.13      153.49     0.02      
8     2       70.13      153.49     0.02      
8     3       70.13      153.49     0.02      
8     4       70.13      153.49     0.01      
10    2       95.24      153.49     0.06      
10    17      95.24      276.28     0.01      
11    2       95.24      153.49     0.04      
11    4       95.24      153.49     0.02      
12    4       95.24      153.49     0.05      
12    20      95.24      276.28     0.01      
14    2       95.24      153.49     0.04      
14    4       95.24      153.49     0.02      
15    3       136.59     153.49     0.2       
15    18      136.59     276.28     0.04      
16    4       136.59     153.49     0.03      
17    2       136.59     153.49     0.01      
17    4       136.59     153.49     0.01      
18    2       136.59     153.49     0.01      

5     4       70.13      153.49     0.03      
7     3       70.13      153.49     0.08      
7     18      70.13      276.28     0.02      
9     3       70.13      153.49     0.02      
9     4       70.13      153.49     0.02      
10    2       95.24      153.49     0.02      
11    2       95.24      153.49     0.02      
11    3       95.24      153.49     0.01      
12    4       95.24      153.49     0.05      
12    20      95.24      276.28     0.01      
13    2       95.24      153.49     0.21      
13    3       95.24      153.49     0.03      
13    17      95.24      276.28     0.05      
18    2       136.59     153.49     0.01      
18    3       136.59     153.49     0.14      
18    18      136.59     276.28     0.03      
19    4       136.59     153.49     0.03      

5     4       70.13      153.49     0.08      
5     20      70.13      276.28     0.02      
7     4       70.13      153.49     0.02      
9     2       70.13      153.49     0.04      
9     3       70.13      153.49     0.02      
10    3       95.24      153.49     0.02      
11    2       95.24      153.49     0.02      
11    3       95.24      153.49     0.03      
12    4       95.24      153.49     0.13      
12    20      95.24      276.28     0.03      
13    2       95.24      153.49     0.07      
13    3       95.24      153.49     0.1       
13    17      95.24      276.28     0.02      
13    18      95.24      276.28     0.02      
16    4       136.59     153.49     0.05      
16    20      136.59     276.28     0.01      
17    3       136.59     153.49     0.01      
18    3       136.59     153.49     0.02      
18    4       136.59     153.49     0.03      
19    2       136.59     153.49     0.02      
19    3       136.59     153.49     0.06      
19    18      136.59     276.28     0.01      

7     2       70.13      153.49     0.05      
7     3       70.13      153.49     0.04      
7     17      70.13      276.28     0.01      
9     2       70.13      153.49     0.01      
9     3       70.13      153.49     0.04      
9     4       70.13      153.49     0.09      
9     20      70.13      276.28     0.02      
10    2       95.24      153.49     0.03      
11    2       95.24      153.49     0.04      
11    3       95.24      153.49     0.01      
12    2       95.24      153.49     0.02      
13    2       95.24      153.49     0.05      
13    17      95.24      276.28     0.01      
17    4       136.59     153.49     0.03      
18    2       136.59     153.49     0.08      
18    3       136.59     153.49     0.07      
18    17      136.59     276.28     0.02      
18    18      136.59     276.28     0.01      
19    4       136.59     153.49     0.13      
19    20      136.59     276.28     0.03      

5     2       70.13      153.49     0.04      
7     2       70.13      153.49     0.03      
9     2       70.13      153.49     0.02      
9     3       70.13      153.49     0.13      
9     4       70.13      153.49     0.05      
9     18      70.13      276.28     0.03      
9     20      70.13      276.28     0.01      
10    3       95.24      153.49     0.03      
11    2       95.24      153.49     0.02      
11    3       95.24      153.49     0.05      
11    18      95.24      276.28     0.01      
12    2       95.24      153.49     0.07      
12    17      95.24      276.28     0.02      
13    3       95.24      153.49     0.02      
13    4       95.24      153.49     0.05      
13    20      95.24      276.28     0.01      
16    2       136.59     153.49     0.01      
17    4       136.59     153.49     0.02      
18    2       136.59     153.49     0.05      
18    4       136.59     153.49     0.01      
18    17      136.59     276.28     0.01      
19    2       136.59     153.49     0.02      
19    4       136.59     153.49     0.07      
19    20      136.59     276.28     0.02      

5     2       70.13      153.49     0.02      
5     4       70.13      153.49     0.04      
7     4       70.13      153.49     0.01      
9     2       70.13      153.49     0.03      
9     4       70.13      153.49     0.01      
10    2       95.24      153.49     0.03      
10    3       95.24      153.49     0.01      
11    2       95.24      153.49     0.05      
11    3       95.24      153.49     0.03      
11    17      95.24      276.28     0.01      
12    2       95.24      153.49     0.03      
12    4       95.24      153.49     0.06      
12    20      95.24      276.28     0.01      
13    3       95.24      153.49     0.08      
13    4       95.24      153.49     0.03      
13    18      95.24      276.28     0.02      
16    2       136.59     153.49     0.02      
16    4       136.59     153.49     0.03      
17    3       136.59     153.49     0.02      
18    2       136.59     153.49     0.01      
18    3       136.59     153.49     0.01      
18    4       136.59     153.49     0.02      
19    2       136.59     153.49     0.01      
19    3       136.59     153.49     0.11      
19    4       136.59     153.49     0.01      
19    18      136.59     276.28     0.02      

20    2       142.33     153.49     0.03      
21    2       142.33     153.49     0.01      
21    4       142.33     153.49     0.04      
22    2       142.33     153.49     0.04      
22    3       142.33     153.49     0.01      
23    3       142.33     153.49     0.02      
24    2       142.33     153.49     0.03      
25    3       142.33     153.49     0.02      
26    4       142.33     153.49     0.02      
27    4       206.72     153.49     0.03      
30    3       206.72     153.49     0.02      
31    3       206.72     153.49     0.06      
31    4       206.72     153.49     0.02      
31    18      206.72     276.28     0.01      
33    4       206.72     153.49     0.02      
34    2       287.34     153.49     0.04      
34    3       287.34     153.49     0.01      
35    3       287.34     153.49     0.02      
35    4       287.34     153.49     0.02      
36    2       287.34     153.49     0.03      
36    4       287.34     153.49     0.01      
37    2       287.34     153.49     0.02      
37    3       287.34     153.49     0.03      
39    2       287.34     153.49     0.02      
40    4       287.34     153.49     0.02      

20    2       142.33     153.49     0.01      
20    3       142.33     153.49     0.03      
20    4       142.33     153.49     0.02      
21    3       142.33     153.49     0.04      
21    4       142.33     153.49     0.02      
24    2       142.33     153.49     0.01      
26    4       142.33     153.49     0.03      
27    3       206.72     153.49     0.01      
28    3       206.72     153.49     0.02      
28    4       206.72     153.49     0.06      
28    20      206.72     276.28     0.01      
30    2       206.72     153.49     0.02      
30    3       206.72     153.49     0.01      
30    4       206.72     153.49     0.01      
31    3       206.72     153.49     0.05      
31    4       206.72     153.49     0.03      
31    18      206.72     276.28     0.01      
32    4       206.72     153.49     0.01      
33    3       206.72     153.49     0.02      
33    4       206.72     153.49     0.01      
34    4       287.34     153.49     0.04      
35    2       287.34     153.49     0.05      
35    4       287.34     153.49     0.02      
35    17      287.34     276.28     0.01      
36    4       287.34     153.49     0.04      
40    2       287.34     153.49     0.01      
40    4       287.34     153.49     0.02      

20    2       142.33     153.49     0.02      
21    3       142.33     153.49     0.01      
21    4       142.33     153.49     0.04      
21    20      142.33     276.28     0.01      
22    2       142.33     153.49     0.09      
22    17      142.33     276.28     0.02      
23    3       142.33     153.49     0.01      
25    3       142.33     153.49     0.01      
26    4       142.33     153.49     0.02      
27    2       206.72     153.49     0.01      
27    4       206.72     153.49     0.04      
28    3       206.72     153.49     0.01      
29    3       206.72     153.49     0.02      
30    3       206.72     153.49     0.02      
30    4       206.72     153.49     0.02      
31    3       206.72     153.49     0.01      
31    4       206.72     153.49     0.03      
32    3       206.72     153.49     0.04      
33    3       206.72     153.49     0.01      
33    4       206.72     153.49     0.01      
34    2       287.34     153.49     0.04      
36    2       287.34     153.49     0.06      
36    4       287.34     153.49     0.01      
36    17      287.34     276.28     0.01      
37    3       287.34     153.49     0.02      
38    4       287.34     153.49     0.02      
40    4       287.34     153.49     0.03      

20    4       142.33     153.49     0.05      
20    20      142.33     276.28     0.01      
21    2       142.33     153.49     0.01      
21    4       142.33     153.49     0.02      
23    2       142.33     153.49     0.03      
24    2       142.33     153.49     0.04      
24    3       142.33     153.49     0.01      
24    4       142.33     153.49     0.01      
25    2       142.33     153.49     0.02      
25    3       142.33     153.49     0.02      
26    2       142.33     153.49     0.06      
26    17      142.33     276.28     0.01      
27    3       206.72     153.49     0.02      
27    4       206.72     153.49     0.02      
28    3       206.72     153.49     0.02      
30    3       206.72     153.49     0.04      
32    3       206.72     153.49     0.02      
33    4       206.72     153.49     0.01      
35    2       287.34     153.49     0.01      
36    2       287.34     153.49     0.02      
36    3       287.34     153.49     0.02      
38    2       287.34     153.49     0.03      
38    3       287.34     153.49     0.02      
39    2       287.34     153.49     0.07      
39    17      287.34     276.28     0.01      
40    2       287.34     153.49     0.02      

20    4       142.33     153.49     0.03      
21    2       142.33     153.49     0.08      
21    17      142.33     276.28     0.02      
22    4       142.33     153.49     0.07      
22    20      142.33     276.28     0.01      
24    2       142.33     153.49     0.01      
26    2       142.33     153.49     0.04      
27    2       206.72     153.49     0.09      
27    4       206.72     153.49     0.01      
27    17      206.72     276.28     0.02      
31    3       206.72     153.49     0.01      
33    4       206.72     153.49     0.01      
34    2       287.34     153.49     0.04      
34    3       287.34     153.49     0.01      
34    4       287.34     153.49     0.07      
34    20      287.34     276.28     0.02      
35    4       287.34     153.49     0.01      
36    2       287.34     153.49     0.03      
36    4       287.34     153.49     0.02      
38    2       287.34     153.49     0.03      
39    2       287.34     153.49     0.03      
40    2       287.34     153.49     0.03      
40    4       287.34     153.49     0.01      

20    4       142.33     153.49     0.02      
21    2       142.33     153.49     0.01      
24    2       142.33     153.49     0.02      
24    3       142.33     153.49     0.03      
25    3       142.33     153.49     0.05      
25    18      142.33     276.28     0.01      
26    2       142.33     153.49     0.03      
27    2       206.72     153.49     0.01      
27    3       206.72     153.49     0.02      
28    3       206.72     153.49     0.06      
28    18      206.72     276.28     0.01      
30    3       206.72     153.49     0.05      
30    18      206.72     276.28     0.01      
31    3       206.72     153.49     0.01      
31    4       206.72     153.49     0.01      
32    3       206.72     153.49     0.02      
32    4       206.72     153.49     0.01      
38    2       287.34     153.49     0.02      
38    3       287.34     153.49     0.05      
38    18      287.34     276.28     0.01      
39    2       287.34     153.49     0.04      
39    3       287.34     153.49     0.01      
40    2       287.34     153.49     0.09      
40    17      287.34     276.28     0.02      

20    2       142.33     153.49     0.02      
20    3       142.33     153.49     0.01      
26    2       142.33     153.49     0.03      
27    3       206.72     153.49     0.03      
28    3       206.72     153.49     0.02      
28    4       206.72     153.49     0.03      
29    3       206.72     153.49     0.02      
30    3       206.72     153.49     0.01      
30    4       206.72     153.49     0.04      
31    2       206.72     153.49     0.01      
31    3       206.72     153.49     0.01      
32    2       206.72     153.49     0.01      
32    3       206.72     153.49     0.08      
32    18      206.72     276.28     0.02      
33    4       206.72     153.49     0.02      
34    2       287.34     153.49     0.02      
35    3       287.34     153.49     0.03      
35    4       287.34     153.49     0.05      
35    20      287.34     276.28     0.01      
36    4       287.34     153.49     0.03      
38    4       287.34     153.49     0.01      
40    2       287.34     153.49     0.04      
40    4       287.34     153.49     0.01      

20    2       142.33     153.49     0.01      
20    3       142.33     153.49     0.01      
21    2       142.33     153.49     0.03      
21    4       142.33     153.49     0.01      
23    3       142.33     153.49     0.01      
25    3       142.33     153.49     0.03      
26    2       142.33     153.49     0.08      
26    17      142.33     276.28     0.02      
27    2       206.72     153.49     0.02      
27    3       206.72     153.49     0.01      
28    3       206.72     153.49     0.03      
28    4       206.72     153.49     0.02      
30    3       206.72     153.49     0.03      
31    4       206.72     153.49     0.01      
32    2       206.72     153.49     0.02      
32    3       206.72     153.49     0.01      
33    4       206.72     153.49     0.01      
34    2       287.34     153.49     0.02      
34    4       287.34     153.49     0.03      
35    3       287.34     153.49     0.02      
35    4       287.34     153.49     0.03      
38    2       287.34     153.49     0.02      
38    3       287.34     153.49     0.02      
40    2       287.34     153.49     0.11      
40    17      287.34     276.28     0.03      

20    2       142.33     153.49     0.01      
20    3       142.33     153.49     0.01      
21    2       142.33     153.49     0.02      
21    3       142.33     153.49     0.05      
21    4       142.33     153.49     0.01      
21    18      142.33     276.28     0.01      
23    4       142.33     153.49     0.02      
26    3       142.33     153.49     0.02      
27    3       206.72     153.49     0.01      
27    4       206.72     153.49     0.04      
28    3       206.72     153.49     0.06      
28    18      206.72     276.28     0.01      
30    4       206.72     153.49     0.02      
31    3       206.72     153.49     0.03      
31    4       206.72     153.49     0.05      
31    20      206.72     276.28     0.01      
32    2       206.72     153.49     0.01      
32    3       206.72     153.49     0.03      
33    3       206.72     153.49     0.06      
33    18      206.72     276.28     0.01      
34    2       287.34     153.49     0.03      
34    3       287.34     153.49     0.01      
34    4       287.34     153.49     0.03      
35    4       287.34     153.49     0.05      
35    20      287.34     276.28     0.01      
37    4       287.34     153.49     0.01      
40    3       287.34     153.49     0.01      

20    2       142.33     153.49     0.07      
20    3       142.33     153.49     0.02      
20    17      142.33     276.28     0.02      
21    2       142.33     153.49     0.01      
21    3       142.33     153.49     0.04      
23    2       142.33     153.49     0.02      
23    4       142.33     153.49     0.01      
24    3       142.33     153.49     0.01      
24    4       142.33     153.49     0.02      
26    3       142.33     153.49     0.02      
27    3       206.72     153.49     0.01      
27    4       206.72     153.49     0.04      
28    3       206.72     153.49     0.02      
28    4       206.72     153.49     0.01      
29    4       206.72     153.49     0.01      
31    3       206.72     153.49     0.01      
31    4       206.72     153.49     0.04      
32    3       206.72     153.49     0.01      
32    4       206.72     153.49     0.02      
33    3       206.72     153.49     0.06      
33    18      206.72     276.28     0.01      
34    3       287.34     153.49     0.01      
34    4       287.34     153.49     0.02      
35    2       287.34     153.49     0.06      
35    4       287.34     153.49     0.03      
35    17      287.34     276.28     0.01      
36    4       287.34     153.49     0.01      
37    4       287.34     153.49     0.02      
39    4       287.34     153.49     0.02      
40    3       287.34     153.49     0.02      

20    2       142.33     153.49     0.01      
20    3       142.33     153.49     0.02      
21    4       142.33     153.49     0.01      
23    2       142.33     153.49     0.01      
23    3       142.33     153.49     0.02      
23    4       142.33     153.49     0.06      
23    20      142.33     276.28     0.01      
24    4       142.33     153.49     0.02      
26    2       142.33     153.49     0.01      
26    3       142.33     153.49     0.01      
26    4       142.33     153.49     0.02      
27    3       206.72     153.49     0.03      
28    2       206.72     153.49     0.03      
29    4       206.72     153.49     0.02      
30    2       206.72     153.49     0.02      
31    2       206.72     153.49     0.01      
32    4       206.72     153.49     0.05      
32    20      206.72     276.28     0.01      
33    3       206.72     153.49     0.02      
33    4       206.72     153.49     0.02      
34    3       287.34     153.49     0.02      
35    4       287.34     153.49     0.02      
36    2       287.34     153.49     0.01      
36    3       287.34     153.49     0.02      
36    4       287.34     153.49     0.01      
37    4       287.34     153.49     0.02      
38    4       287.34     153.49     0.03      
39    2       287.34     153.49     0.02      
40    4       287.34     153.49     0.03      

20    3       142.33     153.49     0.01      
21    3       142.33     153.49     0.06      
21    18      142.33     276.28     0.01      
23    3       142.33     153.49     0.01      
24    2       142.33     153.49     0.01      
27    3       206.72     153.49     0.16      
27    4       206.72     153.49     0.02      
27    18      206.72     276.28     0.04      
28    4       206.72     153.49     0.02      
29    4       206.72     153.49     0.02      
30    2       206.72     153.49     0.01      
30    3       206.72     153.49     0.01      
30    4       206.72     153.49     0.02      
31    2       206.72     153.49     0.01      
31    3       206.72     153.49     0.04      
31    4       206.72     153.49     0.02      
32    4       206.72     153.49     0.02      
33    3       206.72     153.49     0.01      
34    3       287.34     153.49     0.05      
34    4       287.34     153.49     0.01      
34    18      287.34     276.28     0.01      
36    2       287.34     153.49     0.01      
36    3       287.34     153.49     0.04      
36    4       287.34     153.49     0.02      
39    2       287.34     153.49     0.01      
40    3       287.34     153.49     0.02      

20    3       142.33     153.49     0.02      
20    4       142.33     153.49     0.02      
21    3       142.33     153.49     0.03      
21    4       142.33     153.49     0.01      
22    2       142.33     153.49     0.03      
23    3       142.33     153.49     0.05      
23    18      142.33     276.28     0.01      
24    2       142.33     153.49     0.02      
25    3       142.33     153.49     0.02      
27    3       206.72     153.49     0.04      
28    4       206.72     153.49     0.07      
28    20      206.72     276.28     0.02      
30    3       206.72     153.49     0.05      
30    4       206.72     153.49     0.01      
30    18      206.72     276.28     0.01      
31    3       206.72     153.49     0.02      
35    2       287.34     153.49     0.02      
35    3       287.34     153.49     0.02      
36    2       287.34     153.49     0.04      
37    3       287.34     153.49     0.05      
37    18      287.34     276.28     0.01      
38    3       287.34     153.49     0.02      
39    2       287.34     153.49     0.01      
40    2       287.34     153.49     0.03      

20    2       142.33     153.49     0.03      
26    2       142.33     153.49     0.01      
26    3       142.33     153.49     0.03      
27    3       206.72     153.49     0.03      
28    3       206.72     153.49     0.03      
29    4       206.72     153.49     0.04      
30    2       206.72     153.49     0.02      
30    3       206.72     153.49     0.03      
30    4       206.72     153.49     0.01      
31    4       206.72     153.49     0.01      
32    4       206.72     153.49     0.13      
32    20      206.72     276.28     0.03      
33    2       206.72     153.49     0.02      
33    3       206.72     153.49     0.04      
34    3       287.34     153.49     0.02      
34    4       287.34     153.49     0.01      
35    2       287.34     153.49     0.03      
35    3       287.34     153.49     0.02      
36    2       287.34     153.49     0.02      
36    4       287.34     153.49     0.03      
38    4       287.34     153.49     0.01      
39    2       287.34     153.49     0.01      
40    3       287.34     153.49     0.01      

20    2       142.33     153.49     0.01      
20    3       142.33     153.49     0.01      
20    4       142.33     153.49     0.05      
20    20      142.33     276.28     0.01      
21    2       142.33     153.49     0.02      
21    4       142.33     153.49     0.08      
21    20      142.33     276.28     0.02      
22    2       142.33     153.49     0.02      
23    2       142.33     153.49     0.02      
23    3       142.33     153.49     0.02      
24    2       142.33     153.49     0.02      
25    2       142.33     153.49     0.01      
27    2       206.72     153.49     0.02      
27    3       206.72     153.49     0.01      
27    4       206.72     153.49     0.02      
28    2       206.72     153.49     0.02      
28    4       206.72     153.49     0.02      
31    2       206.72     153.49     0.03      
32    2       206.72     153.49     0.01      
32    3       206.72     153.49     0.01      
33    4       206.72     153.49     0.01      
34    2       287.34     153.49     0.07      
34    17      287.34     276.28     0.02      
36    3       287.34     153.49     0.01      
36    4       287.34     153.49     0.02      
37    3       287.34     153.49     0.01      
38    3       287.34     153.49     0.01      
39    2       287.34     153.49     0.02      
40    2       287.34     153.49     0.05      
40    17      287.34     276.28     0.01      

20    2       142.33     153.49     0.02      
20    3       142.33     153.49     0.04      
20    4       142.33     153.49     0.03      
21    2       142.33     153.49     0.04      
21    3       142.33     153.49     0.04      
21    4       142.33     153.49     0.05      
21    20      142.33     276.28     0.01      
23    3       142.33     153.49     0.01      
23    4       142.33     153.49     0.05      
23    20      142.33     276.28     0.01      
27    3       206.72     153.49     0.03      
28    2       206.72     153.49     0.02      
28    3       206.72     153.49     0.05      
28    4       206.72     153.49     0.01      
28    18      206.72     276.28     0.01      
30    3       206.72     153.49     0.01      
30    4       206.72     153.49     0.02      
31    2       206.72     153.49     0.01      
31    4       206.72     153.49     0.03      
33    4       206.72     153.49     0.03      
34    2       287.34     153.49     0.02      
35    3       287.34     153.49     0.03      
36    2       287.34     153.49     0.02      
38    4       287.34     153.49     0.02      

20    3       142.33     153.49     0.04      
20    4       142.33     153.49     0.03      
21    2       142.33     153.49     0.02      
26    4       142.33     153.49     0.01      
27    3       206.72     153.49     0.02      
27    4       206.72     153.49     0.07      
27    20      206.72     276.28     0.02      
29    3       206.72     153.49     0.01      
30    3       206.72     153.49     0.08      
30    4       206.72     153.49     0.03      
30    18      206.72     276.28     0.02      
31    3       206.72     153.49     0.1       
31    4       206.72     153.49     0.02      
31    18      206.72     276.28     0.02      
32    2       206.72     153.49     0.01      
32    4       206.72     153.49     0.01      
33    3       206.72     153.49     0.03      
33    4       206.72     153.49     0.01      
34    3       287.34     153.49     0.01      
35    2       287.34     153.49     0.01      
35    3       287.34     153.49     0.01      
36    4       287.34     153.49     0.01      
40    3       287.34     153.49     0.03      

21    2       142.33     153.49     0.01      
21    3       142.33     153.49     0.03      
22    2       142.33     153.49     0.03      
23    3       142.33     153.49     0.02      
25    4       142.33     153.49     0.01      
26    2       142.33     153.49     0.02      
26    4       142.33     153.49     0.01      
27    3       206.72     153.49     0.03      
28    3       206.72     153.49     0.03      
29    3       206.72     153.49     0.03      
30    4       206.72     153.49     0.05      
30    20      206.72     276.28     0.01      
31    3       206.72     153.49     0.03      
32    2       206.72     153.49     0.01      
32    3       206.72     153.49     0.06      
32    18      206.72     276.28     0.01      
33    4       206.72     153.49     0.01      
34    2       287.34     153.49     0.01      
34    4       287.34     153.49     0.02      
35    2       287.34     153.49     0.01      
35    3       287.34     153.49     0.03      
35    4       287.34     153.49     0.08      
35    20      287.34     276.28     0.02      
36    2       287.34     153.49     0.02      
37    3       287.34     153.49     0.01      
39    2       287.34     153.49     0.02      

22    2       142.33     153.49     0.01      
22    3       142.33     153.49     0.04      
23    4       142.33     153.49     0.03      
25    2       142.33     153.49     0.09      
25    4       142.33     153.49     0.02      
25    17      142.33     276.28     0.02      
26    4       142.33     153.49     0.01      
28    4       206.72     153.49     0.02      
29    2       206.72     153.49     0.02      
29    3       206.72     153.49     0.01      
30    4       206.72     153.49     0.04      
31    4       206.72     153.49     0.03      
34    3       287.34     153.49     0.01      
36    3       287.34     153.49     0.02      
37    2       287.34     153.49     0.08      
37    4       287.34     153.49     0.02      
37    17      287.34     276.28     0.02      
38    2       287.34     153.49     0.04      
38    4       287.34     153.49     0.09      
38    20      287.34     276.28     0.02      
39    4       287.34     153.49     0.03      

13    8       95.24      214.89     0.01      
22    3       142.33     153.49     0.04      
22    4       142.33     153.49     0.06      
22    20      142.33     276.28     0.01      
24    3       142.33     153.49     0.02      
25    3       142.33     153.49     0.03      
25    4       142.33     153.49     0.02      
26    3       142.33     153.49     0.05      
26    18      142.33     276.28     0.01      
28    3       206.72     153.49     0.01      
29    3       206.72     153.49     0.03      
32    3       206.72     153.49     0.01      
33    3       206.72     153.49     0.12      
33    4       206.72     153.49     0.03      
33    18      206.72     276.28     0.03      
34    3       287.34     153.49     0.01      
34    4       287.34     153.49     0.02      
36    3       287.34     153.49     0.02      
36    4       287.34     153.49     0.03      
37    3       287.34     153.49     0.01      
38    3       287.34     153.49     0.02      
39    3       287.34     153.49     0.01      
40    3       287.34     153.49     0.05      
40    4       287.34     153.49     0.01      
40    18      287.34     276.28     0.01      

22    3       142.33     153.49     0.01      
22    4       142.33     153.49     0.06      
22    20      142.33     276.28     0.01      
23    2       142.33     153.49     0.01      
23    4       142.33     153.49     0.01      
24    2       142.33     153.49     0.01      
24    3       142.33     153.49     0.04      
24    4       142.33     153.49     0.04      
25    3       142.33     153.49     0.04      
26    3       142.33     153.49     0.02      
26    4       142.33     153.49     0.01      
28    2       206.72     153.49     0.01      
28    4       206.72     153.49     0.01      
29    3       206.72     153.49     0.01      
29    4       206.72     153.49     0.05      
29    20      206.72     276.28     0.01      
30    2       206.72     153.49     0.03      
31    2       206.72     153.49     0.03      
31    4       206.72     153.49     0.02      
32    4       206.72     153.49     0.01      
33    4       206.72     153.49     0.04      
34    4       287.34     153.49     0.02      
36    4       287.34     153.49     0.03      
37    2       287.34     153.49     0.02      
37    3       287.34     153.49     0.01      
38    2       287.34     153.49     0.02      
38    3       287.34     153.49     0.01      
39    3       287.34     153.49     0.03      
39    4       287.34     153.49     0.02      
40    4       287.34     153.49     0.01      

22    2       142.33     153.49     0.02      
22    3       142.33     153.49     0.01      
23    4       142.33     153.49     0.02      
24    2       142.33     153.49     0.02      
24    3       142.33     153.49     0.02      
24    4       142.33     153.49     0.03      
25    4       142.33     153.49     0.02      
26    3       142.33     153.49     0.02      
29    2       206.72     153.49     0.04      
29    3       206.72     153.49     0.07      
29    4       206.72     153.49     0.05      
29    18      206.72     276.28     0.02      
29    20      206.72     276.28     0.01      
30    4       206.72     153.49     0.01      
32    2       206.72     153.49     0.02      
32    3       206.72     153.49     0.02      
32    4       206.72     153.49     0.02      
33    3       206.72     153.49     0.03      
33    4       206.72     153.49     0.02      
37    2       287.34     153.49     0.01      
37    3       287.34     153.49     0.02      
37    4       287.34     153.49     0.03      
38    2       287.34     153.49     0.02      
39    2       287.34     153.49     0.04      
39    4       287.34     153.49     0.05      
39    17      287.34     276.28     0.01      
39    20      287.34     276.28     0.01      

22    2       142.33     153.49     0.03      
22    3       142.33     153.49     0.04      
23    3       142.33     153.49     0.01      
24    3       142.33     153.49     0.02      
24    4       142.33     153.49     0.03      
25    4       142.33     153.49     0.01      
26    2       142.33     153.49     0.01      
26    3       142.33     153.49     0.02      
29    2       206.72     153.49     0.05      
29    3       206.72     153.49     0.03      
29    4       206.72     153.49     0.07      
29    17      206.72     276.28     0.01      
29    20      206.72     276.28     0.02      
31    3       206.72     153.49     0.02      
32    2       206.72     153.49     0.02      
32    3       206.72     153.49     0.02      
32    4       206.72     153.49     0.03      
33    3       206.72     153.49     0.06      
33    18      206.72     276.28     0.01      
34    2       287.34     153.49     0.01      
34    3       287.34     153.49     0.01      
36    2       287.34     153.49     0.01      
36    3       287.34     153.49     0.02      
37    3       287.34     153.49     0.01      
37    4       287.34     153.49     0.02      
38    2       287.34     153.49     0.01      
38    4       287.34     153.49     0.01      
39    4       287.34     153.49     0.06      
39    20      287.34     276.28     0.01      
40    3       287.34     153.49     0.03      

13    7       95.24      214.89     0.01      
22    2       142.33     153.49     0.04      
22    3       142.33     153.49     0.02      
23    2       142.33     153.49     0.01      
23    3       142.33     153.49     0.02      
24    2       142.33     153.49     0.02      
24    3       142.33     153.49     0.05      
24    4       142.33     153.49     0.03      
24    18      142.33     276.28     0.01      
25    4       142.33     153.49     0.13      
25    20      142.33     276.28     0.03      
26    3       142.33     153.49     0.01      
28    4       206.72     153.49     0.02      
29    2       206.72     153.49     0.02      
30    4       206.72     153.49     0.02      
31    4       206.72     153.49     0.02      
33    3       206.72     153.49     0.02      
33    4       206.72     153.49     0.04      
34    2       287.34     153.49     0.01      
36    2       287.34     153.49     0.02      
36    3       287.34     153.49     0.01      
37    3       287.34     153.49     0.01      
37    4       287.34     153.49     0.01      
38    3       287.34     153.49     0.02      
39    2       287.34     153.49     0.03      
39    3       287.34     153.49     0.02      
40    3       287.34     153.49     0.01      
40    4       287.34     153.49     0.02      

22    2       142.33     153.49     0.02      
23    2       142.33     153.49     0.06      
23    4       142.33     153.49     0.02      
23    17      142.33     276.28     0.01      
24    2       142.33     153.49     0.02      
24    4       142.33     153.49     0.03      
25    2       142.33     153.49     0.06      
25    3       142.33     153.49     0.01      
25    4       142.33     153.49     0.03      
25    17      142.33     276.28     0.01      
26    2       142.33     153.49     0.01      
26    4       142.33     153.49     0.02      
29    2       206.72     153.49     0.03      
30    3       206.72     153.49     0.01      
31    3       206.72     153.49     0.01      
33    2       206.72     153.49     0.01      
37    2       287.34     153.49     0.1       
37    4       287.34     153.49     0.09      
37    17      287.34     276.28     0.02      
37    20      287.34     276.28     0.02      
38    2       287.34     153.49     0.03      
38    4       287.34     153.49     0.01      
39    2       287.34     153.49     0.03      
39    3       287.34     153.49     0.02      
39    4       287.34     153.49     0.01      

19    5       136.59     214.89     0.01      
22    3       142.33     153.49     0.02      
22    4       142.33     153.49     0.01      
23    2       142.33     153.49     0.04      
23    4       142.33     153.49     0.01      
24    2       142.33     153.49     0.05      
24    4       142.33     153.49     0.02      
24    17      142.33     276.28     0.01      
25    2       142.33     153.49     0.06      
25    17      142.33     276.28     0.01      
26    4       142.33     153.49     0.03      
28    3       206.72     153.49     0.02      
29    3       206.72     153.49     0.03      
29    4       206.72     153.49     0.04      
31    3       206.72     153.49     0.01      
32    4       206.72     153.49     0.02      
37    2       287.34     153.49     0.02      
37    3       287.34     153.49     0.01      
37    4       287.34     153.49     0.02      
38    2       287.34     153.49     0.08      
38    4       287.34     153.49     0.01      
38    17      287.34     276.28     0.02      
39    2       287.34     153.49     0.03      
39    3       287.34     153.49     0.02      
39    4       287.34     153.49     0.03      
40    2       287.34     153.49     0.01      

9     5       70.13      214.89     0.02      
19    5       136.59     214.89     0.02      
20    2       142.33     153.49     0.02      
22    3       142.33     153.49     0.02      
23    2       142.33     153.49     0.11      
23    17      142.33     276.28     0.03      
24    2       142.33     153.49     0.03      
24    4       142.33     153.49     0.02      
25    3       142.33     153.49     0.02      
26    2       142.33     153.49     0.02      
26    4       142.33     153.49     0.02      
29    3       206.72     153.49     0.04      
29    4       206.72     153.49     0.01      
30    3       206.72     153.49     0.01      
32    3       206.72     153.49     0.02      
36    3       287.34     153.49     0.01      
37    2       287.34     153.49     0.1       
37    4       287.34     153.49     0.01      
37    17      287.34     276.28     0.02      
38    2       287.34     153.49     0.11      
38    17      287.34     276.28     0.02      
39    3       287.34     153.49     0.03      
39    4       287.34     153.49     0.03      
40    2       287.34     153.49     0.03      

5     2       70.13      153.49     0.03      
6     3       70.13      153.49     0.04      
7     2       70.13      153.49     0.01      
7     4       70.13      153.49     0.01      
8     4       70.13      153.49     0.05      
9     3       70.13      153.49     0.02      
10    3       95.24      153.49     0.04      
10    4       95.24      153.49     0.01      
11    4       95.24      153.49     0.02      
13    3       95.24      153.49     0.01      
14    3       95.24      153.49     0.06      
14    4       95.24      153.49     0.02      
14    18      95.24      276.28     0.01      
15    3       136.59     153.49     0.01      
16    2       136.59     153.49     0.03      
16    4       136.59     153.49     0.02      
17    2       136.59     153.49     0.01      
17    4       136.59     153.49     0.03      
19    3       136.59     153.49     0.02      
19    4       136.59     153.49     0.02      
20    2       142.33     153.49     0.01      
30    3       206.72     153.49     0.01      

5     2       70.13      153.49     0.02      
6     3       70.13      153.49     0.05      
6     4       70.13      153.49     0.02      
6     18      70.13      276.28     0.01      
7     3       70.13      153.49     0.01      
8     3       70.13      153.49     0.03      
8     4       70.13      153.49     0.05      
10    4       95.24      153.49     0.01      
11    3       95.24      153.49     0.02      
11    4       95.24      153.49     0.03      
12    2       95.24      153.49     0.02      
14    4       95.24      153.49     0.05      
16    2       136.59     153.49     0.03      
16    3       136.59     153.49     0.02      
17    2       136.59     153.49     0.02      
17    3       136.59     153.49     0.06      
17    18      136.59     276.28     0.01      
33    3       206.72     153.49     0.01      
40    3       287.34     153.49     0.01      

5     2       70.13      153.49     0.02      
6     2       70.13      153.49     0.01      
6     4       70.13      153.49     0.04      
7     3       70.13      153.49     0.01      
8     2       70.13      153.49     0.04      
8     3       70.13      153.49     0.03      
10    4       95.24      153.49     0.03      
11    3       95.24      153.49     0.03      
12    2       95.24      153.49     0.04      
14    4       95.24      153.49     0.01      
15    2       136.59     153.49     0.02      
16    2       136.59     153.49     0.05      
16    17      136.59     276.28     0.01      
17    2       136.59     153.49     0.06      
17    4       136.59     153.49     0.02      
17    17      136.59     276.28     0.01      
19    2       136.59     153.49     0.03      
27    2       206.72     153.49     0.02      
39    4       287.34     153.49     0.01      

5     2       70.13      153.49     0.03      
6     3       70.13      153.49     0.02      
6     4       70.13      153.49     0.04      
7     3       70.13      153.49     0.01      
7     4       70.13      153.49     0.04      
8     2       70.13      153.49     0.02      
8     3       70.13      153.49     0.04      
9     3       70.13      153.49     0.02      
9     4       70.13      153.49     0.03      
10    4       95.24      153.49     0.04      
11    3       95.24      153.49     0.04      
13    4       95.24      153.49     0.01      
15    3       136.59     153.49     0.01      
17    3       136.59     153.49     0.01      
17    4       136.59     153.49     0.03      
18    4       136.59     153.49     0.02      
19    3       136.59     153.49     0.02      
31    2       206.72     153.49     0.02      

5     2       70.13      153.49     0.03      
5     4       70.13      153.49     0.02      
6     3       70.13      153.49     0.01      
6     4       70.13      153.49     0.02      
7     3       70.13      153.49     0.02      
8     2       70.13      153.49     0.02      
9     4       70.13      153.49     0.02      
10    2       95.24      153.49     0.04      
10    3       95.24      153.49     0.03      
11    2       95.24      153.49     0.01      
11    4       95.24      153.49     0.02      
12    2       95.24      153.49     0.05      
12    4       95.24      153.49     0.04      
12    17      95.24      276.28     0.01      
15    2       136.59     153.49     0.03      
15    4       136.59     153.49     0.05      
15    20      136.59     276.28     0.01      
16    2       136.59     153.49     0.01      
16    4       136.59     153.49     0.01      
17    2       136.59     153.49     0.03      
17    4       136.59     153.49     0.01      
18    3       136.59     153.49     0.01      
19    4       136.59     153.49     0.02      
32    2       206.72     153.49     0.01      

5     4       70.13      153.49     0.1       
5     20      70.13      276.28     0.02      
6     3       70.13      153.49     0.02      
7     2       70.13      153.49     0.04      
7     3       70.13      153.49     0.01      
8     2       70.13      153.49     0.02      
8     3       70.13      153.49     0.02      
8     4       70.13      153.49     0.02      
11    4       95.24      153.49     0.02      
14    2       95.24      153.49     0.05      
14    17      95.24      276.28     0.01      
15    4       136.59     153.49     0.02      
16    4       136.59     153.49     0.05      
16    20      136.59     276.28     0.01      
17    3       136.59     153.49     0.03      
17    4       136.59     153.49     0.01      
18    2       136.59     153.49     0.03      
19    4       136.59     153.49     0.02      
20    3       142.33     153.49     0.03      
23    2       142.33     153.49     0.02      
31    2       206.72     153.49     0.01      

5     2       70.13      153.49     0.01      
5     4       70.13      153.49     0.02      
6     4       70.13      153.49     0.01      
8     3       70.13      153.49     0.02      
8     4       70.13      153.49     0.03      
9     2       70.13      153.49     0.02      
9     4       70.13      153.49     0.02      
10    2       95.24      153.49     0.02      
10    4       95.24      153.49     0.04      
11    2       95.24      153.49     0.01      
11    4       95.24      153.49     0.05      
11    20      95.24      276.28     0.01      
12    3       95.24      153.49     0.03      
14    2       95.24      153.49     0.03      
15    4       136.59     153.49     0.03      
16    3       136.59     153.49     0.03      
16    4       136.59     153.49     0.06      
16    20      136.59     276.28     0.01      
17    4       136.59     153.49     0.02      
19    2       136.59     153.49     0.02      
21    3       142.33     153.49     0.02      
27    3       206.72     153.49     0.02      
28    2       206.72     153.49     0.02      
30    2       206.72     153.49     0.03      
31    2       206.72     153.49     0.01      
35    3       287.34     153.49     0.01      

5     2       70.13      153.49     0.04      
6     2       70.13      153.49     0.07      
6     4       70.13      153.49     0.02      
6     17      70.13      276.28     0.01      
7     3       70.13      153.49     0.02      
8     3       70.13      153.49     0.01      
8     4       70.13      153.49     0.03      
10    2       95.24      153.49     0.01      
10    3       95.24      153.49     0.02      
10    4       95.24      153.49     0.03      
12    2       95.24      153.49     0.02      
12    4       95.24      153.49     0.01      
14    3       95.24      153.49     0.06      
14    18      95.24      276.28     0.01      
15    3       136.59     153.49     0.02      
16    4       136.59     153.49     0.02      
17    2       136.59     153.49     0.06      
17    4       136.59     153.49     0.01      
17    17      136.59     276.28     0.01      
18    3       136.59     153.49     0.01      

5     2       70.13      153.49     0.01      
6     2       70.13      153.49     0.03      
6     3       70.13      153.49     0.03      
7     3       70.13      153.49     0.03      
8     2       70.13      153.49     0.03      
8     3       70.13      153.49     0.03      
10    3       95.24      153.49     0.07      
10    18      95.24      276.28     0.01      
11    3       95.24      153.49     0.05      
14    3       95.24      153.49     0.04      
15    2       136.59     153.49     0.06      
15    3       136.59     153.49     0.04      
15    17      136.59     276.28     0.01      
16    2       136.59     153.49     0.03      
18    3       136.59     153.49     0.02      
25    4       142.33     153.49     0.01      
27    4       206.72     153.49     0.01      
30    4       206.72     153.49     0.01      
40    4       287.34     153.49     0.01      

5     2       70.13      153.49     0.01      
5     3       70.13      153.49     0.02      
5     4       70.13      153.49     0.01      
6     2       70.13      153.49     0.08      
6     3       70.13      153.49     0.02      
6     17      70.13      276.28     0.02      
7     3       70.13      153.49     0.01      
7     4       70.13      153.49     0.02      
8     2       70.13      153.49     0.01      
9     3       70.13      153.49     0.02      
10    3       95.24      153.49     0.02      
10    4       95.24      153.49     0.01      
14    2       95.24      153.49     0.01      
14    3       95.24      153.49     0.02      
14    4       95.24      153.49     0.07      
14    20      95.24      276.28     0.01      
15    2       136.59     153.49     0.02      
15    4       136.59     153.49     0.02      
16    2       136.59     153.49     0.01      
17    2       136.59     153.49     0.02      
18    4       136.59     153.49     0.01      
33    2       206.72     153.49     0.01      
36    3       287.34     153.49     0.01      

6     2       70.13      153.49     0.02      
6     4       70.13      153.49     0.06      
6     20      70.13      276.28     0.01      
7     3       70.13      153.49     0.03      
7     4       70.13      153.49     0.02      
8     3       70.13      153.49     0.01      
8     4       70.13      153.49     0.02      
10    2       95.24      153.49     0.02      
11    2       95.24      153.49     0.01      
12    4       95.24      153.49     0.04      
14    3       95.24      153.49     0.03      
14    4       95.24      153.49     0.02      
15    2       136.59     153.49     0.03      
15    4       136.59     153.49     0.04      
16    4       136.59     153.49     0.04      
17    3       136.59     153.49     0.02      
17    4       136.59     153.49     0.03      
18    3       136.59     153.49     0.02      
18    4       136.59     153.49     0.01      
21    3       142.33     153.49     0.01      
35    3       287.34     153.49     0.02      

5     2       70.13      153.49     0.01      
6     3       70.13      153.49     0.03      
7     3       70.13      153.49     0.02      
7     4       70.13      153.49     0.01      
8     2       70.13      153.49     0.06      
8     3       70.13      153.49     0.02      
8     17      70.13      276.28     0.01      
11    3       95.24      153.49     0.03      
14    3       95.24      153.49     0.05      
14    4       95.24      153.49     0.01      
15    2       136.59     153.49     0.04      
15    3       136.59     153.49     0.02      
15    4       136.59     153.49     0.01      
16    2       136.59     153.49     0.02      
17    2       136.59     153.49     0.09      
17    17      136.59     276.28     0.02      
18    3       136.59     153.49     0.01      
19    2       136.59     153.49     0.02      
26    4       142.33     153.49     0.01      
39    4       287.34     153.49     0.01      

5     2       70.13      153.49     0.03      
6     3       70.13      153.49     0.01      
6     4       70.13      153.49     0.01      
7     3       70.13      153.49     0.06      
7     18      70.13      276.28     0.01      
8     2       70.13      153.49     0.01      
8     3       70.13      153.49     0.01      
8     4       70.13      153.49     0.02      
9     3       70.13      153.49     0.02      
10    3       95.24      153.49     0.04      
11    3       95.24      153.49     0.02      
12    2       95.24      153.49     0.01      
14    3       95.24      153.49     0.08      
14    18      95.24      276.28     0.02      
15    2       136.59     153.49     0.05      
15    17      136.59     276.28     0.01      
16    2       136.59     153.49     0.05      
16    17      136.59     276.28     0.01      
18    3       136.59     153.49     0.04      
27    4       206.72     153.49     0.02      
35    4       287.34     153.49     0.01      

5     3       70.13      153.49     0.01      
6     2       70.13      153.49     0.05      
8     2       70.13      153.49     0.06      
8     3       70.13      153.49     0.01      
8     17      70.13      276.28     0.01      
10    3       95.24      153.49     0.05      
10    4       95.24      153.49     0.01      
10    18      95.24      276.28     0.01      
11    3       95.24      153.49     0.02      
14    3       95.24      153.49     0.01      
14    4       95.24      153.49     0.03      
15    2       136.59     153.49     0.14      
15    4       136.59     153.49     0.02      
15    17      136.59     276.28     0.03      
16    2       136.59     153.49     0.04      
17    2       136.59     153.49     0.01      
26    4       142.33     153.49     0.02      
40    4       287.34     153.49     0.03      

1     6       0          214.89     0.02      
1     7       0          214.89     0.01      
2     2       37.16      153.49     0.13      
2     3       37.16      153.49     0.08      
2     17      37.16      276.28     0.02      
2     18      37.16      276.28     0.01      
3     3       37.16      153.49     0.1       
3     4       37.16      153.49     0.08      
3     18      37.16      276.28     0.02      
3     20      37.16      276.28     0.01      
4     2       37.16      153.49     0.04      
4     4       37.16      153.49     0.13      
4     20      37.16      276.28     0.02      
25    3       142.33     153.49     0.01      

1     5       0          214.89     0.02      
1     9       0          214.89     0.01      
2     2       37.16      153.49     0.02      
2     3       37.16      153.49     0.06      
2     4       37.16      153.49     0.1       
2     20      37.16      276.28     0.02      
3     2       37.16      153.49     0.03      
3     3       37.16      153.49     0.07      
3     4       37.16      153.49     0.06      
3     18      37.16      276.28     0.01      
4     2       37.16      153.49     0.22      
4     3       37.16      153.49     0.03      
4     4       37.16      153.49     0.02      
4     17      37.16      276.28     0.04      
37    4       287.34     153.49     0.01      
38    3       287.34     153.49     0.01      

