rotational analysis ortho
#nmax= 3 NR= 11 Ntheta= 11 Nphi= 11
#jmax= 3 Nalpha= 11 Nphi= 11 Nchi= 11
23.556544708167966
1 23.799399999999995 0.3190086963448847
2 23.799400000000002 0.16160498040444674
3 23.799400000000002 0.16024707932803095
4 42.4022 0.015004259943465258
5 42.4022 0.16160498040444676
6 42.4022 0.16024707932803095

23.56106227483522
1 23.799399999999995 0.6061225172871607
2 23.799400000000002 0.12054450871232862
3 23.799400000000002 0.061271084018582805
5 42.4022 0.12054450871232862
6 42.4022 0.06127108401858281

23.561122698625287
2 23.799400000000002 0.20670804221854172
3 23.799400000000002 0.2673395149083555
4 42.4022 0.0226479793093306
5 42.4022 0.20670804221854178
6 42.4022 0.2673395149083555

39.61253375557316
1 23.799399999999995 0.023316933843120505
2 23.799400000000002 0.11806650105671652
3 23.799400000000002 0.08202143462676861
4 42.4022 0.5622323373074066
5 42.4022 0.11806650105671651
6 42.4022 0.08202143462676863

39.612619073837216
1 23.799399999999995 0.06942047682069498
2 23.799400000000002 0.2103448297911724
3 23.799400000000002 0.24626783103260003
5 42.4022 0.21034482979117242
6 42.4022 0.24626783103260008

39.66674769441153
1 23.799399999999995 0.046562131383202546
2 23.799400000000002 0.16445502865582645
3 23.799400000000002 0.16457647029293246
4 42.4022 0.2811229323095917
5 42.4022 0.16445502865582645
6 42.4022 0.16457647029293246

67.41795982732562
1 23.799399999999995 0.165663247104285
2 23.799400000000002 0.08731480848233987
3 23.799400000000002 0.08708782485913454
5 42.4022 0.08731480848233987
6 42.4022 0.08708782485913454
8 79.5134 0.0776479949189717
10 79.5134 0.07724771580405113
11 79.5134 0.07812420718920036
13 135.32179999999997 0.07764799491897169
14 135.32179999999997 0.07724771580405113
16 135.32179999999997 0.07812420718920035

67.44146854242621
1 23.799399999999995 0.0834676631536085
2 23.799400000000002 0.10515011508729562
3 23.799400000000002 0.1085219794771632
4 42.4022 0.012585197264286365
5 42.4022 0.1051501150872956
6 42.4022 0.10852197947716319
8 79.5134 0.03650270621859707
10 79.5134 0.04242196629578505
11 79.5134 0.15419282293053937
13 135.32179999999997 0.03650270621859707
14 135.32179999999997 0.04242196629578504
16 135.32179999999997 0.15419282293053935

67.44156942383094
1 23.799399999999995 0.24921072113988885
2 23.799400000000002 0.06912887232852599
3 23.799400000000002 0.06598369298292485
5 42.4022 0.06912887232852598
6 42.4022 0.06598369298292485
8 79.5134 0.11842156306288881
10 79.5134 0.11290067729903477
13 135.32179999999997 0.1184215630628888
14 135.32179999999997 0.11290067729903476

70.95016396807573
1 23.799399999999995 0.013898420548997282
2 23.799400000000002 0.08668217596716353
3 23.799400000000002 0.14512993894870135
4 42.4022 0.014785704528795603
5 42.4022 0.08668217596716352
6 42.4022 0.14512993894870133
7 79.51339999999998 0.02248350683459492
9 79.5134 0.2356611402742018
15 135.32179999999997 0.23566114027420174

70.9504105501468
1 23.799399999999995 0.29882503050858855
2 23.799400000000002 0.07742050809530908
3 23.799400000000002 0.018971729258446094
5 42.4022 0.07742050809530908
6 42.4022 0.018971729258446094
7 79.51339999999998 0.46924160896602474
9 79.5134 0.011328314748033134
15 135.32179999999997 0.011328314748033133

85.3651040010517
1 23.799399999999995 0.3195457693359533
2 23.799400000000002 0.15977377400462023
3 23.799400000000002 0.15977681300352334
5 42.4022 0.15977377400462023
6 42.4022 0.15977681300352334

86.40682683463422
1 23.799399999999995 0.38634645430243814
2 23.799400000000002 0.1508990848678952
3 23.799400000000002 0.13597320530621265
5 42.4022 0.15089908486789522
6 42.4022 0.13597320530621265

86.40697330301721
1 23.799399999999995 0.13310361941393553
2 23.799400000000002 0.17211386206649665
3 23.799400000000002 0.1864376770622258
4 42.4022 0.11955784716585338
5 42.4022 0.17211386206649665
6 42.4022 0.18643767706222578

86.41488100480647
1 23.799399999999995 0.25389805058675086
2 23.799400000000002 0.16186734242600187
3 23.799400000000002 0.16247260365131086
4 42.4022 0.0671648727985211
5 42.4022 0.16186734242600184
6 42.4022 0.16247260365131083

92.2849429635158
1 23.799399999999995 0.0818296299736037
2 23.799400000000002 0.18596584615354667
3 23.799400000000002 0.2167698437137329
5 42.4022 0.18596584615354667
6 42.4022 0.2167698437137329
11 79.5134 0.04835055459487492
16 135.32179999999997 0.0483505545948749

92.28549819619819
2 23.799400000000002 0.11066840663134327
3 23.799400000000002 0.0798650855319732
4 42.4022 0.508508405910052
5 42.4022 0.11066840663134322
6 42.4022 0.0798650855319732
12 135.32179999999997 0.08583692650604835

92.71501598125924
1 23.799399999999995 0.26232176835086474
2 23.799400000000002 0.0998275412892373
3 23.799400000000002 0.012816364333149586
4 42.4022 0.01047197750411128
5 42.4022 0.0998275412892373
6 42.4022 0.012816364333149585
7 79.51339999999998 0.4263427244059555
9 79.5134 0.02836438583495831
15 135.32179999999997 0.028364385834958303

92.716546885373
1 23.799399999999995 0.03550327596153679
2 23.799400000000002 0.0654086971177442
3 23.799400000000002 0.15339141921309374
4 42.4022 0.022118449922241008
5 42.4022 0.06540869711774422
6 42.4022 0.15339141921309374
7 79.51339999999998 0.05683925089680721
9 79.5134 0.21597106292917326
15 135.32179999999997 0.2159710629291732

92.88252777410526
1 23.799399999999995 0.05700669052831392
2 23.799400000000002 0.21243109251723863
3 23.799400000000002 0.11523775229409414
4 42.4022 0.17705625750735912
5 42.4022 0.21243109251723866
6 42.4022 0.11523775229409415
8 79.5134 0.020412177301759434
9 79.5134 0.02464366121044371
13 135.32179999999997 0.020412177301759434
15 135.32179999999997 0.024643661210443712

92.88368126492425
1 23.799399999999995 0.028742342705053978
2 23.799400000000002 0.07953863636233209
3 23.799400000000002 0.17940156880683517
4 42.4022 0.33984797076826184
5 42.4022 0.07953863636233212
6 42.4022 0.17940156880683514
7 79.51339999999998 0.012422832362303281
10 79.5134 0.02777686355218922
14 135.32179999999997 0.027776863552189217

92.90012733039727
1 23.799399999999995 0.044059199516809686
2 23.799400000000002 0.15346809534175784
3 23.799400000000002 0.1498334581210713
4 42.4022 0.24425622015957948
5 42.4022 0.15346809534175787
6 42.4022 0.14983345812107132
8 79.5134 0.014967573517600669
9 79.5134 0.015838953067124854
10 79.5134 0.01433565667011564
13 135.32179999999997 0.014967573517600663
14 135.32179999999997 0.014335656670115637
15 135.32179999999997 0.015838953067124854

96.21591365658519
1 23.799399999999995 0.13842382739829975
2 23.799400000000002 0.0755797437475415
3 23.799400000000002 0.07528546633482859
4 42.4022 0.011274359696299089
5 42.4022 0.07557974374754152
6 42.4022 0.07528546633482858
8 79.5134 0.08877792869326707
10 79.5134 0.08808002121693996
11 79.5134 0.09030722372462895
13 135.32179999999997 0.08877792869326706
14 135.32179999999997 0.08808002121693996
16 135.32179999999997 0.09030722372462893

96.23603741284768
1 23.799399999999995 0.07496797447414039
2 23.799400000000002 0.10156886068847062
3 23.799400000000002 0.07834009928096106
4 42.4022 0.016018295077251048
5 42.4022 0.10156886068847062
6 42.4022 0.07834009928096103
8 79.5134 0.07597347947542112
10 79.5134 0.021190868559347185
11 79.5134 0.17068525105745813
13 135.32179999999997 0.0759734794754211
14 135.32179999999997 0.021190868559347178
16 135.32179999999997 0.17068525105745808

96.23619135095583
1 23.799399999999995 0.2040224744262449
2 23.799400000000002 0.04835128333961441
3 23.799400000000002 0.071880638098814
5 42.4022 0.04835128333961442
6 42.4022 0.07188063809881398
8 79.5134 0.10232076326418019
10 79.5134 0.15780344739854063
13 135.32179999999997 0.10232076326418019
14 135.32179999999997 0.15780344739854063

100.40795616502768
1 23.799399999999995 0.06469988800985485
2 23.799400000000002 0.1624298736901364
3 23.799400000000002 0.16183652504504742
4 42.4022 0.2596810048639185
5 42.4022 0.16242987369013637
6 42.4022 0.16183652504504742

100.43223334129497
1 23.799399999999995 0.02407479067432431
2 23.799400000000002 0.16896169796375413
3 23.799400000000002 0.11560733000271672
4 42.4022 0.37971096830783047
5 42.4022 0.16896169796375418
6 42.4022 0.11560733000271671

100.43238703651954
1 23.799399999999995 0.10556582306912846
2 23.799400000000002 0.1550799748180238
3 23.799400000000002 0.2090082657385443
4 42.4022 0.13918133102246208
5 42.4022 0.15507997481802382
6 42.4022 0.2090082657385443

102.02304028581912
2 23.799400000000002 0.16271864062206096
3 23.799400000000002 0.1627174094641209
4 42.4022 0.32543463349403806
5 42.4022 0.16271864062206098
6 42.4022 0.1627174094641209

119.82441085653642
1 23.799399999999995 0.0767044545031322
2 23.799400000000002 0.04084160880415399
3 23.799400000000002 0.040841716346561405
5 42.4022 0.04084160880415398
6 42.4022 0.04084171634656141
8 79.5134 0.09092147047734483
10 79.5134 0.09092093641408956
11 79.5134 0.09194395785247056
13 135.32179999999997 0.09092147047734482
14 135.32179999999997 0.09092093641408953
16 135.32179999999997 0.09194395785247055
18 136.8897667628035 0.029420991564204604
19 136.8897667628035 0.015029290954329528
28 173.59640124170173 0.015424933752933509
36 212.62663323719642 0.02321854047278279
39 287.5367987582979 0.01111129190475943
40 287.536798758298 0.030319287265059225
41 287.53679875829806 0.012879608879792727
42 287.5367987582982 0.01313466636962503

120.34603916701502
1 23.799399999999995 0.09089283816607362
2 23.799400000000002 0.04967803605117891
3 23.799400000000002 0.049022047794940904
5 42.4022 0.049678036051178924
6 42.4022 0.04902204779494091
7 79.51339999999998 0.03474207835772066
8 79.5134 0.08615118720497042
9 79.5134 0.05265742511644523
10 79.5134 0.0740459596264623
11 79.5134 0.03356515910324247
13 135.32179999999997 0.0861511872049704
14 135.32179999999997 0.07404595962646231
15 135.32179999999997 0.05265742511644522
16 135.32179999999997 0.03356515910324247
21 136.88976676280353 0.02390291448020971
29 173.59640124170187 0.011930198186268393
33 212.62663323719627 0.013304140327473063
44 287.5367987582986 0.03074462756312748

120.3462669379621
1 23.799399999999995 0.08721741317161297
2 23.799400000000002 0.0491537789209765
3 23.799400000000002 0.04980276396146357
4 42.4022 0.01134801261163656
5 42.4022 0.0491537789209765
6 42.4022 0.04980276396146357
7 79.51339999999998 0.10362738329837039
8 79.5134 0.043398709814660597
9 79.5134 0.01757404022623185
10 79.5134 0.05534317074301407
11 79.5134 0.09646003941435982
13 135.32179999999997 0.04339870981466059
14 135.32179999999997 0.05534317074301406
15 135.32179999999997 0.017574040226231845
16 135.32179999999997 0.09646003941435982
20 136.8897667628035 0.010523082179233723
22 136.88976676280356 0.012349382210164874
23 136.8897667628036 0.015277432047641905
35 212.6266332371964 0.010616536596769578
38 287.5367987582978 0.012884216899149944
41 287.53679875829806 0.011469358039461466
43 287.53679875829846 0.01656877275624361

120.38580378410735
1 23.799399999999995 0.08912229197718685
2 23.799400000000002 0.04947210466752785
3 23.799400000000002 0.04948321151841351
5 42.4022 0.04947210466752785
6 42.4022 0.049483211518413506
7 79.51339999999998 0.06946484527320106
8 79.5134 0.06447357261100595
9 79.5134 0.034873442907657
10 79.5134 0.06463323358135478
11 79.5134 0.06540813092713178
13 135.32179999999997 0.06447357261100595
14 135.32179999999997 0.06463323358135478
15 135.32179999999997 0.034873442907656996
16 135.32179999999997 0.06540813092713178
21 136.88976676280353 0.013258505307896462
43 287.53679875829846 0.013286471292853055
44 287.5367987582986 0.01682007708970974

121.91292229154057
1 23.799399999999995 0.07976211920072242
2 23.799400000000002 0.029295984901249336
3 23.799400000000002 0.04916468285534965
5 42.4022 0.029295984901249343
6 42.4022 0.04916468285534966
7 79.51339999999998 0.15311212278785732
8 79.5134 0.032318732986529576
9 79.5134 0.05905394225694889
10 79.5134 0.06807835231906854
11 79.5134 0.04011611483691504
13 135.32179999999997 0.03231873298652957
14 135.32179999999997 0.06807835231906853
15 135.32179999999997 0.05905394225694888
16 135.32179999999997 0.04011611483691504
17 136.88976676280342 0.03843023644499332
20 136.8897667628035 0.020426734915641655
23 136.8897667628036 0.010541359345934406
27 173.5964012417017 0.010413148244652247
34 212.6266332371963 0.014725898192590165
37 212.6266332371965 0.0223273007116284
38 287.5367987582978 0.024739484863579558

121.9131356393349
1 23.799399999999995 0.07082574545657427
2 23.799400000000002 0.050492060368756676
3 23.799400000000002 0.03171435148632763
5 42.4022 0.05049206036875668
6 42.4022 0.031714351486327626
7 79.51339999999998 0.12510155510376655
8 79.5134 0.06232286768384812
9 79.5134 0.07316202859507198
10 79.5134 0.028514974632082187
11 79.5134 0.04955934051932364
13 135.32179999999997 0.06232286768384811
14 135.32179999999997 0.02851497463208218
15 135.32179999999997 0.07316202859507197
16 135.32179999999997 0.04955934051932363
17 136.88976676280342 0.027341591743005246
18 136.8897667628035 0.011068180577446027
19 136.8897667628035 0.013326302951325392
22 136.88976676280356 0.014628568526122208
37 212.6266332371965 0.019891817686651193
40 287.536798758298 0.010517704041537375
41 287.53679875829806 0.016017530394331413

121.92149506691455
1 23.799399999999995 0.07121810695154679
2 23.799400000000002 0.04161563575938088
3 23.799400000000002 0.04052317749316748
5 42.4022 0.04161563575938088
6 42.4022 0.04052317749316748
7 79.51339999999998 0.12609701832525017
8 79.5134 0.04667952744973818
9 79.5134 0.07235970295972093
10 79.5134 0.044719226282155064
11 79.5134 0.04927203162287335
13 135.32179999999997 0.04667952744973817
14 135.32179999999997 0.04471922628215505
15 135.32179999999997 0.07235970295972091
16 135.32179999999997 0.049272031622873344
17 136.88976676280342 0.027341248699582613
19 136.8897667628035 0.010778512686045877
20 136.8897667628035 0.012436848329379016
37 212.6266332371965 0.01825900476023272
38 287.5367987582978 0.015062127234750665
41 287.53679875829806 0.010094006245811225

131.67808752496876
2 23.799400000000002 0.018908191543777323
4 42.4022 0.038326480241474455
5 42.4022 0.018908191543777323
7 79.51339999999998 0.33482536566997684
8 79.5134 0.14972346313645193
9 79.5134 0.06298242984969346
10 79.5134 0.024720868792129688
11 79.5134 0.03894321970054284
13 135.32179999999997 0.1497234631364519
14 135.32179999999997 0.024720868792129685
15 135.32179999999997 0.06298242984969345
16 135.32179999999997 0.03894321970054283

131.6782266726031
3 23.799400000000002 0.01881271674667182
4 42.4022 0.03869812533341787
6 42.4022 0.018812716746671815
7 79.51339999999998 0.34003981752706186
8 79.5134 0.025559121174119976
9 79.5134 0.05852007373248528
10 79.5134 0.15051573125059464
11 79.5134 0.03919893754459988
13 135.32179999999997 0.02555912117411997
14 135.32179999999997 0.15051573125059461
15 135.32179999999997 0.058520073732485266
16 135.32179999999997 0.03919893754459986

131.6786986607936
2 23.799400000000002 0.01928031574634766
3 23.799400000000002 0.019288681302555687
5 42.4022 0.01928031574634766
6 42.4022 0.019288681302555684
8 79.5134 0.04061424030975484
9 79.5134 0.35780765147747234
10 79.5134 0.040675343157634124
13 135.32179999999997 0.04061424030975483
14 135.32179999999997 0.0406753431576341
15 135.32179999999997 0.3578076514774723

132.89443647014772
1 23.799399999999995 0.010138493291014752
2 23.799400000000002 0.02921833403735963
3 23.799400000000002 0.022333304348886626
5 42.4022 0.02921833403735963
6 42.4022 0.022333304348886626
8 79.5134 0.03723146342544858
10 79.5134 0.07780374064403107
11 79.5134 0.3170881734897857
13 135.32179999999997 0.03723146342544858
14 135.32179999999997 0.07780374064403106
16 135.32179999999997 0.3170881734897857

132.8946612390472
3 23.799400000000002 0.01586084397672519
4 42.4022 0.06478753973437885
6 42.4022 0.01586084397672519
8 79.5134 0.1843826419209434
10 79.5134 0.1438085225604912
12 135.32179999999997 0.1994485628245154
13 135.32179999999997 0.18438264192094334
14 135.32179999999997 0.1438085225604912

133.840860709148
1 23.799399999999995 0.07932627350754351
2 23.799400000000002 0.04573315090210555
3 23.799400000000002 0.04667168359897924
4 42.4022 0.011497804568108479
5 42.4022 0.04573315090210554
6 42.4022 0.04667168359897924
7 79.51339999999998 0.16918266712862276
8 79.5134 0.05418127382659151
9 79.5134 0.08612338066702477
10 79.5134 0.054841415476895264
11 79.5134 0.055057940313659556
13 135.32179999999997 0.054181273826591506
14 135.32179999999997 0.054841415476895264
15 135.32179999999997 0.08612338066702474
16 135.32179999999997 0.055057940313659556

133.87243468907474
1 23.799399999999995 0.03178297755668665
2 23.799400000000002 0.03346963170589056
3 23.799400000000002 0.0809062550038709
4 42.4022 0.01533695104212605
5 42.4022 0.03346963170589056
6 42.4022 0.0809062550038709
7 79.51339999999998 0.11287948855615192
8 79.5134 0.028988019007871093
9 79.5134 0.11386141092438258
10 79.5134 0.06233351265001759
11 79.5134 0.0730555993294163
13 135.32179999999997 0.02898801900787109
14 135.32179999999997 0.062333512650017575
15 135.32179999999997 0.11386141092438255
16 135.32179999999997 0.07305559932941627

133.87273262475387
1 23.799399999999995 0.13031320243798455
2 23.799400000000002 0.05869748841979288
3 23.799400000000002 0.010320458559456855
5 42.4022 0.05869748841979287
6 42.4022 0.010320458559456855
7 79.51339999999998 0.22896626055256789
8 79.5134 0.0811749481906154
9 79.5134 0.056012866374214064
10 79.5134 0.04716174195217466
11 79.5134 0.03593163236232516
13 135.32179999999997 0.08117494819061538
14 135.32179999999997 0.04716174195217464
15 135.32179999999997 0.05601286637421405
16 135.32179999999997 0.035931632362325154

140.8414351231968
1 23.799399999999995 0.1616290708944964
3 23.799400000000002 0.09423569037689981
6 42.4022 0.09423569037689983
9 79.5134 0.07156155535010877
10 79.5134 0.0769901090160304
14 135.32179999999997 0.07699010901603037
15 135.32179999999997 0.07156155535010876
20 136.8897667628035 0.015902109262237108
21 136.88976676280353 0.030050466796980962
23 136.8897667628036 0.022449727713750638
26 173.59640124170164 0.019469382322029907
27 173.5964012417017 0.012522488104017529
29 173.59640124170187 0.02516610176845933
31 212.62663323719616 0.015137594120312299
33 212.62663323719627 0.02066305588084972
34 212.6266332371963 0.013978056568450784
35 212.6266332371964 0.013631520423430687
38 287.5367987582978 0.017357677726670358
43 287.53679875829846 0.024869853614375676
44 287.5367987582986 0.033200551685747905

140.84159133850127
1 23.799399999999995 0.05401059628049374
2 23.799400000000002 0.11802480400199894
3 23.799400000000002 0.031964452194315644
4 42.4022 0.015938821858176407
5 42.4022 0.11802480400199895
6 42.4022 0.031964452194315644
7 79.51339999999998 0.011428055057487074
8 79.5134 0.09643750597037394
9 79.5134 0.025882679886890345
10 79.5134 0.02595429944187058
13 135.32179999999997 0.09643750597037393
14 135.32179999999997 0.02595429944187058
15 135.32179999999997 0.02588267988689033
18 136.8897667628035 0.011136928923358165
19 136.8897667628035 0.010363366872051919
21 136.88976676280353 0.011719429236541068
22 136.88976676280356 0.030444381466483705
24 173.59640124170153 0.015718655570067464
25 173.59640124170164 0.01402432485248063
29 173.59640124170187 0.011488289262526406
32 212.6266332371962 0.016961489268258162
33 212.62663323719627 0.01339213119282781
35 212.6266332371964 0.015154438247611899
40 287.536798758298 0.017508868060879458
41 287.53679875829806 0.023365207871062856
43 287.53679875829846 0.013546951257244373
44 287.5367987582986 0.014072974025539198

140.85091126384359
1 23.799399999999995 0.11635233223687075
2 23.799400000000002 0.062036215684108
3 23.799400000000002 0.05885669100093274
4 42.4022 0.012429197762638318
5 42.4022 0.062036215684108005
6 42.4022 0.05885669100093274
8 79.5134 0.05091544780675211
9 79.5134 0.052787760901191534
10 79.5134 0.048278540335694085
13 135.32179999999997 0.0509154478067521
14 135.32179999999997 0.04827854033569408
15 135.32179999999997 0.05278776090119153
21 136.88976676280353 0.02193652179314605
22 136.88976676280356 0.015766984990255018
23 136.8897667628036 0.01465023884392062
26 173.59640124170164 0.01281289563865556
29 173.59640124170187 0.01909720062091898
31 212.62663323719616 0.012074769081082534
32 212.6266332371962 0.01226360378812937
33 212.62663323719627 0.017589980247779986
35 212.6266332371964 0.013616867814286922
38 287.5367987582978 0.010687531321615039
41 287.53679875829806 0.01235187831859399
43 287.53679875829846 0.018365593082989504
44 287.5367987582986 0.024905725410348297

141.33627395148454
1 23.799399999999995 0.2238895724753752
2 23.799400000000002 0.027031573767052113
3 23.799400000000002 0.04759952023978554
5 42.4022 0.027031573767052116
6 42.4022 0.04759952023978556
8 79.5134 0.01023845786613062
11 79.5134 0.2852133807478489
13 135.32179999999997 0.010238457866130618
16 135.32179999999997 0.28521338074784885

141.33653170884557
2 23.799400000000002 0.09911378183138461
3 23.799400000000002 0.07853124052314647
4 42.4022 0.02089985911762544
5 42.4022 0.09911378183138463
6 42.4022 0.07853124052314647
8 79.5134 0.017154459069260036
10 79.5134 0.020899301700225043
12 135.32179999999997 0.5217090010671813
13 135.32179999999997 0.017154459069260036
14 135.32179999999997 0.02089930170022504

142.2067695174495
1 23.799399999999995 0.061639693663126896
2 23.799400000000002 0.03396333609330618
3 23.799400000000002 0.033976038695574265
5 42.4022 0.03396333609330618
6 42.4022 0.03397603869557427
17 136.88976676280342 0.01234536203780572
18 136.8897667628035 0.09683420845358424
19 136.8897667628035 0.049009149284798714
21 136.88976676280353 0.023348867900986513
23 136.8897667628036 0.014730061822382892
24 173.59640124170153 0.014055497920350756
25 173.59640124170164 0.039162223151811275
28 173.59640124170173 0.09138871772279407
30 173.5964012417019 0.010234989330404749
31 212.62663323719616 0.03615453087928462
32 212.6266332371962 0.02126637068182861
36 212.62663323719642 0.09932697448948467
37 212.6266332371965 0.01001310855871009
39 287.5367987582979 0.03181188564132619
40 287.536798758298 0.0871684392122837
41 287.53679875829806 0.03669294289018199
42 287.5367987582982 0.037659951705358324
44 287.5367987582986 0.010759943556203763

143.51845034191442
1 23.799399999999995 0.04998636350725401
2 23.799400000000002 0.06137562354840151
3 23.799400000000002 0.048258590220914534
4 42.4022 0.011847280433459267
5 42.4022 0.0613756235484015
6 42.4022 0.048258590220914534
7 79.51339999999998 0.029873329436240964
9 79.5134 0.09030201529388293
10 79.5134 0.02814483542918162
14 135.32179999999997 0.028144835429181617
15 135.32179999999997 0.0903020152938829
19 136.8897667628035 0.014658854689755963
20 136.8897667628035 0.014019587374774689
21 136.88976676280353 0.052869506194013836
23 136.8897667628036 0.02014034972357148
26 173.59640124170164 0.021646999278498127
27 173.5964012417017 0.01126532693111083
29 173.59640124170187 0.04405126246674133
31 212.62663323719616 0.025794400978836073
32 212.6266332371962 0.012394220649336615
33 212.62663323719627 0.035925943124412926
34 212.6266332371963 0.012451558895271286
35 212.6266332371964 0.013615440259436493
38 287.5367987582978 0.015205819338935155
39 287.5367987582979 0.013110128195765918
43 287.53679875829846 0.02766787337521813
44 287.5367987582986 0.05936508285116912

143.5189173442555
1 23.799399999999995 0.11297467665582292
2 23.799400000000002 0.03268303135675517
3 23.799400000000002 0.04491028144339616
4 42.4022 0.012920237433639414
5 42.4022 0.03268303135675518
6 42.4022 0.04491028144339616
7 79.51339999999998 0.07678273497683216
8 79.5134 0.05118439586285305
9 79.5134 0.017825475903539573
10 79.5134 0.0311978493804497
13 135.32179999999997 0.05118439586285304
14 135.32179999999997 0.03119784938044969
15 135.32179999999997 0.01782547590353957
18 136.8897667628035 0.014048843649661032
19 136.8897667628035 0.012337671020859217
20 136.8897667628035 0.01536970823669625
22 136.88976676280356 0.03841487736500542
23 136.8897667628036 0.024108178022798844
24 173.59640124170153 0.020342269740341302
25 173.59640124170164 0.017078691905018064
26 173.59640124170164 0.016997934458068232
27 173.5964012417017 0.012378710132673595
29 173.59640124170187 0.010065033886568975
32 212.6266332371962 0.022910538212799696
33 212.62663323719627 0.013680034109205829
34 212.6266332371963 0.013666902599692157
35 212.6266332371964 0.026998577311708773
38 287.5367987582978 0.016657900703714826
39 287.5367987582979 0.011747069700583214
40 287.536798758298 0.02286067758640222
41 287.53679875829806 0.030216573502357125
43 287.53679875829846 0.026032305410221956

143.53113408069197
1 23.799399999999995 0.08071234458505336
2 23.799400000000002 0.046284347247254415
3 23.799400000000002 0.04712619431862011
4 42.4022 0.012301166442535058
5 42.4022 0.046284347247254415
6 42.4022 0.04712619431862011
7 79.51339999999998 0.0526782810489711
8 79.5134 0.029566316370163045
9 79.5134 0.05409152527882526
10 79.5134 0.02815777454789225
13 135.32179999999997 0.029566316370163038
14 135.32179999999997 0.02815777454789225
15 135.32179999999997 0.054091525278825256
19 136.8897667628035 0.013779085686377887
20 136.8897667628035 0.01419062516443969
21 136.88976676280353 0.030895257081406564
22 136.88976676280356 0.023024769808261066
23 136.8897667628036 0.02151953558565681
24 173.59640124170153 0.012302762045728879
25 173.59640124170164 0.013542330253410352
26 173.59640124170164 0.018999634503099192
27 173.5964012417017 0.011434470695850102
29 173.59640124170187 0.02750893016122726
31 212.62663323719616 0.01732612840987827
32 212.6266332371962 0.018009563514224013
33 212.62663323719627 0.02523992893356574
34 212.6266332371963 0.012621518397285151
35 212.6266332371964 0.020206519351769966
38 287.5367987582978 0.015377672865874738
39 287.5367987582979 0.012540916228215274
40 287.536798758298 0.013558055892979752
41 287.53679875829806 0.017876997583359946
43 287.53679875829846 0.026518152637649776
44 287.5367987582986 0.03476633453657628

144.53203539076833
1 23.799399999999995 0.029515052110808064
2 23.799400000000002 0.039321493326127846
3 23.799400000000002 0.0754818895648221
4 42.4022 0.011405725890297168
5 42.4022 0.039321493326127846
6 42.4022 0.07548188956482212
7 79.51339999999998 0.014897725688808072
9 79.5134 0.019299558853558923
15 135.32179999999997 0.019299558853558923
17 136.88976676280342 0.01073675941147997
18 136.8897667628035 0.015472348616704316
19 136.8897667628035 0.01625945320838143
20 136.8897667628035 0.07490611980636376
22 136.88976676280356 0.019846557335336672
23 136.8897667628036 0.039249495888287064
24 173.59640124170153 0.01244367387952353
25 173.59640124170164 0.01374243281107423
26 173.59640124170164 0.02710305564897675
27 173.5964012417017 0.05919669058287535
28 173.59640124170173 0.011830409644071897
31 212.62663323719616 0.010751868239741521
32 212.6266332371962 0.01749732110637752
33 212.62663323719627 0.010428647316888109
34 212.6266332371963 0.06596258199539155
35 212.6266332371964 0.02914418970025757
36 212.62663323719642 0.012227622541451717
37 212.6266332371965 0.014686740290250494
38 287.5367987582978 0.08167201121888
39 287.5367987582979 0.015115906053598235
40 287.536798758298 0.015321362583213087
41 287.53679875829806 0.02286023581463543
42 287.5367987582982 0.011579951647909563
43 287.53679875829846 0.03613250117941856

144.5334039934064
1 23.799399999999995 0.13385868723549002
2 23.799400000000002 0.046264878637805935
3 23.799400000000002 0.019863821441182622
5 42.4022 0.04626487863780593
6 42.4022 0.01986382144118262
7 79.51339999999998 0.0380550728963295
17 136.88976676280342 0.17362399346610258
18 136.8897667628035 0.018815571336376156
19 136.8897667628035 0.04786450161100436
22 136.88976676280356 0.029361963104032468
24 173.59640124170153 0.013535551652420362
25 173.59640124170164 0.01557197566171109
28 173.59640124170173 0.012690934416695082
31 212.62663323719616 0.03437956237330533
32 212.6266332371962 0.02662067943042017
33 212.62663323719627 0.02103276438111752
35 212.6266332371964 0.01465275031337867
36 212.62663323719642 0.021410339392096245
37 212.6266332371965 0.12976536472137712
40 287.536798758298 0.01480994360106112
41 287.53679875829806 0.023159026390924
42 287.5367987582982 0.01004550943901944

144.53881849305606
1 23.799399999999995 0.0834305078612117
2 23.799400000000002 0.04967256190293301
3 23.799400000000002 0.03996833045746522
5 42.4022 0.04967256190293301
6 42.4022 0.03996833045746522
7 79.51339999999998 0.026837774188826397
9 79.5134 0.013275999499292358
15 135.32179999999997 0.013275999499292356
17 136.88976676280342 0.09552000372329457
18 136.8897667628035 0.020878238307919107
19 136.8897667628035 0.034952735347291125
20 136.8897667628035 0.03086892320279937
22 136.88976676280356 0.02948629864429191
23 136.8897667628036 0.018794154746863967
24 173.59640124170153 0.015587379326461556
25 173.59640124170164 0.017892466714648215
26 173.59640124170164 0.013167982635494508
27 173.5964012417017 0.024403279477068298
28 173.59640124170173 0.014925563190554837
31 212.62663323719616 0.02367472917913004
32 212.6266332371962 0.023945680787098262
33 212.62663323719627 0.016432093100015022
34 212.6266332371963 0.02718796647861162
35 212.6266332371964 0.02077410525425824
36 212.62663323719642 0.0196786122043976
37 212.6266332371965 0.07636415035756391
38 287.5367987582978 0.03365361020434269
39 287.5367987582979 0.013148558588498706
40 287.536798758298 0.017971371087302297
41 287.53679875829806 0.027710700900320753
42 287.5367987582982 0.012596893158748386
43 287.53679875829846 0.018616942741533592

150.92245818370887
1 23.799399999999995 0.04573405027007764
2 23.799400000000002 0.11850336619466019
3 23.799400000000002 0.1316478813673318
4 42.4022 0.18963014047208512
5 42.4022 0.11850336619466019
6 42.4022 0.1316478813673318
8 79.5134 0.016289862730559754
9 79.5134 0.01062920415476558
10 79.5134 0.017000284363100034
11 79.5134 0.03815926611479765
12 135.32179999999997 0.05457372798485274
13 135.32179999999997 0.01628986273055975
14 135.32179999999997 0.01700028436310003
15 135.32179999999997 0.010629204154765579
16 135.32179999999997 0.03815926611479764

150.92847830423784
1 23.799399999999995 0.027549593122365233
2 23.799400000000002 0.06918118709399702
3 23.799400000000002 0.14729876941385842
4 42.4022 0.27503404252684294
5 42.4022 0.06918118709399701
6 42.4022 0.1472987694138584
8 79.5134 0.017113866443228796
10 79.5134 0.021260650549251615
11 79.5134 0.024942606233471
12 135.32179999999997 0.07878876413282591
13 135.32179999999997 0.017113866443228792
14 135.32179999999997 0.02126065054925161
16 135.32179999999997 0.02494260623347099

150.9288914287355
1 23.799399999999995 0.055887276817679035
2 23.799400000000002 0.18014027422278056
3 23.799400000000002 0.08881766734767184
4 42.4022 0.14173772005204008
5 42.4022 0.18014027422278053
6 42.4022 0.08881766734767184
8 79.5134 0.01767029641198845
9 79.5134 0.012758341593925271
10 79.5134 0.012796724497371684
11 79.5134 0.04561639121670045
12 135.32179999999997 0.0410413064833727
13 135.32179999999997 0.017670296411988452
14 135.32179999999997 0.012796724497371683
15 135.32179999999997 0.012758341593925268
16 135.32179999999997 0.04561639121670045

153.26647613756379
1 23.799399999999995 0.04549524829919951
2 23.799400000000002 0.12690667184029694
3 23.799400000000002 0.12858968359285
4 42.4022 0.21153052791171328
5 42.4022 0.12690667184029694
6 42.4022 0.12858968359285
8 79.5134 0.023399752576019898
9 79.5134 0.02239126124574257
10 79.5134 0.024539332407927918
11 79.5134 0.01752376222427039
12 135.32179999999997 0.02453756800499831
13 135.32179999999997 0.023399752576019894
14 135.32179999999997 0.02453933240792791
15 135.32179999999997 0.02239126124574256
16 135.32179999999997 0.017523762224270385

153.2768362530339
1 23.799399999999995 0.05045921616718684
2 23.799400000000002 0.12557156683144285
3 23.799400000000002 0.1426631523038582
4 42.4022 0.18069546450948448
5 42.4022 0.12557156683144283
6 42.4022 0.1426631523038582
8 79.5134 0.01585950593099932
9 79.5134 0.032429081863304905
10 79.5134 0.02774845699017684
12 135.32179999999997 0.035573985853407514
13 135.32179999999997 0.01585950593099932
14 135.32179999999997 0.02774845699017684
15 135.32179999999997 0.0324290818633049

153.27729873317725
1 23.799399999999995 0.04108012763960323
2 23.799400000000002 0.13135887124795348
3 23.799400000000002 0.11266419739372982
4 42.4022 0.23849685525707787
5 42.4022 0.1313588712479535
6 42.4022 0.1126641973937298
7 79.51339999999998 0.010096257502683519
8 79.5134 0.0324543783352548
9 79.5134 0.013619238275216041
10 79.5134 0.019434790065910108
11 79.5134 0.025950672921601765
12 135.32179999999997 0.014813547873695843
13 135.32179999999997 0.032454378335254795
14 135.32179999999997 0.019434790065910108
15 135.32179999999997 0.013619238275216036
16 135.32179999999997 0.025950672921601758

154.51545942807581
1 23.799399999999995 0.04346704820466209
2 23.799400000000002 0.13126202996969924
3 23.799400000000002 0.13127413753570166
4 42.4022 0.2191168221752663
5 42.4022 0.1312620299696992
6 42.4022 0.1312741375357017
7 79.51339999999998 0.014596413504508448
8 79.5134 0.029146950592441045
9 79.5134 0.036433715244477215
10 79.5134 0.02914663227813922
13 135.32179999999997 0.029146950592441045
14 135.32179999999997 0.029146632278139212
15 135.32179999999997 0.036433715244477215

156.73168948221493
1 23.799399999999995 0.2539464961045728
2 23.799400000000002 0.15982259673293014
3 23.799400000000002 0.1425585471598336
4 42.4022 0.052981582484643075
5 42.4022 0.15982259673293023
6 42.4022 0.14255854715983363

156.73559144634936
1 23.799399999999995 0.20371392354228632
2 23.799400000000002 0.17165324117914516
3 23.799400000000002 0.14360766602978495
4 42.4022 0.07731199488507086
5 42.4022 0.1716532411791452
6 42.4022 0.14360766602978497
11 79.5134 0.010526310816712361
16 135.32179999999997 0.010526310816712363

156.73654221246287
1 23.799399999999995 0.2862823464446856
2 23.799400000000002 0.12434436469347146
3 23.799400000000002 0.1696344896999443
4 42.4022 0.0373233847417157
5 42.4022 0.12434436469347149
6 42.4022 0.16963448969994432
7 79.51339999999998 0.010230005816159238
10 79.5134 0.010768107170006256
14 135.32179999999997 0.010768107170006255

160.42888803831286
1 23.799399999999995 0.11692287704082603
2 23.799400000000002 0.0902396502988501
3 23.799400000000002 0.09068942223144798
4 42.4022 0.06215352817900034
5 42.4022 0.0902396502988501
6 42.4022 0.09068942223144798
7 79.51339999999998 0.0917275760809203
8 79.5134 0.04854606827646674
9 79.5134 0.07047016124203925
10 79.5134 0.04925562850498455
11 79.5134 0.011788131229053669
13 135.32179999999997 0.04854606827646673
14 135.32179999999997 0.04925562850498454
15 135.32179999999997 0.07047016124203925
16 135.32179999999997 0.011788131229053665

160.4353115048193
1 23.799399999999995 0.1438370073229955
2 23.799400000000002 0.10637834045895016
3 23.799400000000002 0.07059948485510059
4 42.4022 0.042579767155959604
5 42.4022 0.10637834045895016
6 42.4022 0.07059948485510059
7 79.51339999999998 0.05779909715300639
8 79.5134 0.06300669829898753
9 79.5134 0.11782711170407413
13 135.32179999999997 0.06300669829898753
15 135.32179999999997 0.11782711170407412

160.43565176727947
1 23.799399999999995 0.10393829531214074
2 23.799400000000002 0.07365248459821074
3 23.799400000000002 0.10896606342708531
4 42.4022 0.0711755952281496
5 42.4022 0.07365248459821074
6 42.4022 0.10896606342708533
7 79.51339999999998 0.1084512768369903
8 79.5134 0.02854135161500699
9 79.5134 0.04801447522689923
10 79.5134 0.08148722325748513
11 79.5134 0.013988874012926106
13 135.32179999999997 0.02854135161500699
14 135.32179999999997 0.08148722325748513
15 135.32179999999997 0.04801447522689923
16 135.32179999999997 0.013988874012926105

161.29002534466943
1 23.799399999999995 0.07829834035424157
2 23.799400000000002 0.14209829406334135
3 23.799400000000002 0.14284070333828353
4 42.4022 0.20877779499354557
5 42.4022 0.14209829406334132
6 42.4022 0.1428407033382835
11 79.5134 0.025378287137283972
12 135.32179999999997 0.037890414397222724
16 135.32179999999997 0.02537828713728398

161.304456224523
1 23.799399999999995 0.058269344548377046
2 23.799400000000002 0.1342187176381299
3 23.799400000000002 0.12999615479332505
4 42.4022 0.26972769331949137
5 42.4022 0.13421871763812987
6 42.4022 0.12999615479332505
11 79.5134 0.037499893361699684
12 135.32179999999997 0.022883459542100748
16 135.32179999999997 0.037499893361699684

161.30472512113715
1 23.799399999999995 0.10046470070832259
2 23.799400000000002 0.1519659454518844
3 23.799400000000002 0.15547231837639058
4 42.4022 0.1410981572375238
5 42.4022 0.15196594545188435
6 42.4022 0.15547231837639064
8 79.5134 0.010038249542254612
10 79.5134 0.010538602120746445
11 79.5134 0.012255181283032
12 135.32179999999997 0.05477167671665633
13 135.32179999999997 0.010038249542254612
14 135.32179999999997 0.010538602120746445
16 135.32179999999997 0.012255181283031998

162.54464281299354
1 23.799399999999995 0.07078499868203755
2 23.799400000000002 0.07613878930000696
3 23.799400000000002 0.13332172097796854
4 42.4022 0.08951261347381662
5 42.4022 0.07613878930000693
6 42.4022 0.13332172097796852
7 79.51339999999998 0.06976178981501524
9 79.5134 0.0945697094009354
10 79.5134 0.012712077027033341
11 79.5134 0.014414869553544986
14 135.32179999999997 0.01271207702703334
15 135.32179999999997 0.09456970940093543
16 135.32179999999997 0.01441486955354498
27 173.5964012417017 0.010687503530413549

162.54905447938347
1 23.799399999999995 0.21747709407334093
2 23.799400000000002 0.10719837993937877
3 23.799400000000002 0.06356125879701019
4 42.4022 0.013338598364386958
5 42.4022 0.10719837993937874
6 42.4022 0.06356125879701018
7 79.51339999999998 0.19014062439117208
8 79.5134 0.014606919176673167
9 79.5134 0.040324055795423676
10 79.5134 0.011100414965227123
13 135.32179999999997 0.01460691917667316
14 135.32179999999997 0.011100414965227122
15 135.32179999999997 0.040324055795423676
17 136.88976676280342 0.016629049439553813
37 212.6266332371965 0.01771197104182172

162.56750505044585
1 23.799399999999995 0.16127265264140764
2 23.799400000000002 0.10009302770939402
3 23.799400000000002 0.08016456938079652
4 42.4022 0.023675385697323005
5 42.4022 0.100093027709394
6 42.4022 0.08016456938079652
7 79.51339999999998 0.15357061791580687
8 79.5134 0.010733070229880815
9 79.5134 0.07415392749814076
13 135.32179999999997 0.010733070229880813
15 135.32179999999997 0.07415392749814076
17 136.88976676280342 0.010518592262848164
37 212.6266332371965 0.012135168127179708

162.64418381480567
1 23.799399999999995 0.12772861536430008
2 23.799400000000002 0.17690150566641807
3 23.799400000000002 0.11884457894673565
4 42.4022 0.01501386650190643
5 42.4022 0.17690150566641805
6 42.4022 0.11884457894673567
7 79.51339999999998 0.03030961151190817
8 79.5134 0.02316546701463917
9 79.5134 0.021703950367053724
10 79.5134 0.018566066788163
11 79.5134 0.03351854399670288
12 135.32179999999997 0.014418470121013887
13 135.32179999999997 0.02316546701463917
14 135.32179999999997 0.018566066788163
15 135.32179999999997 0.021703950367053713
16 135.32179999999997 0.03351854399670287

162.64851725750526
1 23.799399999999995 0.0475726698070416
2 23.799400000000002 0.06671848548670253
3 23.799400000000002 0.13865804541388604
4 42.4022 0.26942935022554143
5 42.4022 0.06671848548670255
6 42.4022 0.13865804541388607
7 79.51339999999998 0.012108590958517308
8 79.5134 0.020269015255494592
9 79.5134 0.025188575353781856
10 79.5134 0.026383256437576948
11 79.5134 0.020096901622689567
12 135.32179999999997 0.047061619177599594
13 135.32179999999997 0.02026901525549458
14 135.32179999999997 0.02638325643757694
15 135.32179999999997 0.025188575353781842
16 135.32179999999997 0.02009690162268957

162.68580592736566
1 23.799399999999995 0.06480534082361918
2 23.799400000000002 0.12925799344136307
3 23.799400000000002 0.12164915522109905
4 42.4022 0.21167283026467545
5 42.4022 0.12925799344136304
6 42.4022 0.12164915522109904
8 79.5134 0.022900251276231826
9 79.5134 0.015241314465471828
10 79.5134 0.022010027833781642
11 79.5134 0.023419993240417356
12 135.32179999999997 0.03353313350483635
13 135.32179999999997 0.022900251276231815
14 135.32179999999997 0.022010027833781632
15 135.32179999999997 0.015241314465471828
16 135.32179999999997 0.02341999324041735

162.9375864601074
1 23.799399999999995 0.07122683023918423
2 23.799400000000002 0.17383157589195541
3 23.799400000000002 0.030016121154696304
4 42.4022 0.09876623659831427
5 42.4022 0.17383157589195544
6 42.4022 0.030016121154696308
8 79.5134 0.020324913461717307
10 79.5134 0.0709063545182635
11 79.5134 0.04984492241199457
12 135.32179999999997 0.12459886440995327
13 135.32179999999997 0.020324913461717303
14 135.32179999999997 0.07090635451826349
16 135.32179999999997 0.04984492241199455

162.93779017150325
1 23.799399999999995 0.1700208897336579
2 23.799400000000002 0.018675791346509662
3 23.799400000000002 0.16258918848485196
4 42.4022 0.04527076923066938
5 42.4022 0.018675791346509655
6 42.4022 0.162589188484852
8 79.5134 0.05696287750131029
11 79.5134 0.11337644702614857
12 135.32179999999997 0.051947729503296756
13 135.32179999999997 0.05696287750131029
16 135.32179999999997 0.11337644702614856

164.00955314855267
1 23.799399999999995 0.10703611083824315
2 23.799400000000002 0.2646762294439401
3 23.799400000000002 0.0745484587676471
4 42.4022 0.09013394659306545
5 42.4022 0.2646762294439401
6 42.4022 0.07454845876764711
7 79.51339999999998 0.015122750891260658
9 79.5134 0.010736657024959835
10 79.5134 0.027266790041500618
14 135.32179999999997 0.02726679004150061
15 135.32179999999997 0.010736657024959833

164.00977565608363
1 23.799399999999995 0.04402492440321254
2 23.799400000000002 0.027193595502405684
3 23.799400000000002 0.21735359666515644
4 42.4022 0.34252474283367623
5 42.4022 0.027193595502405687
6 42.4022 0.2173535966651564
8 79.5134 0.020261410320765682
9 79.5134 0.02946404201800414
13 135.32179999999997 0.02026141032076568
15 135.32179999999997 0.029464042018004132

165.48495819602365
1 23.799399999999995 0.1503752282321786
2 23.799400000000002 0.08426577015505453
3 23.799400000000002 0.08426626857557665
4 42.4022 0.018196628350872997
5 42.4022 0.08426577015505454
6 42.4022 0.08426626857557665
8 79.5134 0.06848051745901249
10 79.5134 0.06848138438231344
11 79.5134 0.06883887693080262
13 135.32179999999997 0.06848051745901247
14 135.32179999999997 0.06848138438231342
16 135.32179999999997 0.06883887693080261
28 173.59640124170173 0.016969778081307937
36 212.62663323719642 0.013414488004062534

167.4968252535214
1 23.799399999999995 0.11999240580319011
2 23.799400000000002 0.0728916439792418
3 23.799400000000002 0.07265296529839006
4 42.4022 0.01589357815539971
5 42.4022 0.07289164397924182
6 42.4022 0.07265296529839006
7 79.51339999999998 0.06624475931440937
8 79.5134 0.04731572582291889
9 79.5134 0.011204982534828215
10 79.5134 0.04503403862318557
11 79.5134 0.09057042546914282
13 135.32179999999997 0.04731572582291889
14 135.32179999999997 0.045034038623185564
15 135.32179999999997 0.011204982534828213
16 135.32179999999997 0.09057042546914279

167.4971213831514
1 23.799399999999995 0.13178420896353604
2 23.799400000000002 0.06957313049064762
3 23.799400000000002 0.06973828601806124
4 42.4022 0.01657394753647393
5 42.4022 0.06957313049064762
6 42.4022 0.06973828601806126
7 79.51339999999998 0.023800782747691727
8 79.5134 0.07370729543877029
9 79.5134 0.03386243633248137
10 79.5134 0.07548838815374076
11 79.5134 0.03207050770121972
13 135.32179999999997 0.07370729543877025
14 135.32179999999997 0.07548838815374076
15 135.32179999999997 0.03386243633248136
16 135.32179999999997 0.03207050770121971
21 136.88976676280353 0.010319857962010947
29 173.59640124170187 0.0204807967117231
33 212.62663323719627 0.012285342660967404

167.50651980726448
1 23.799399999999995 0.1264040496819184
2 23.799400000000002 0.07099889854700987
3 23.799400000000002 0.07104932199066939
4 42.4022 0.01624688680450158
5 42.4022 0.07099889854700987
6 42.4022 0.07104932199066939
7 79.51339999999998 0.04293798722550167
8 79.5134 0.06154775225384709
9 79.5134 0.023723011223752134
10 79.5134 0.06203944848447803
11 79.5134 0.05835643848598658
13 135.32179999999997 0.06154775225384708
14 135.32179999999997 0.06203944848447802
15 135.32179999999997 0.02372301122375213
16 135.32179999999997 0.05835643848598656
29 173.59640124170187 0.013211091542319784

169.06366420759366
2 23.799400000000002 0.033551907055135145
3 23.799400000000002 0.03523716806886526
4 42.4022 0.06695188246350282
5 42.4022 0.033551907055135145
6 42.4022 0.03523716806886526
17 136.88976676280342 0.015514691927033494
18 136.8897667628035 0.013814061922383864
19 136.8897667628035 0.015210013811857184
20 136.8897667628035 0.0308153425782658
22 136.88976676280356 0.020659180853141747
23 136.8897667628036 0.019755520688167452
24 173.59640124170153 0.06708321973534549
25 173.59640124170164 0.030908931754370254
26 173.59640124170164 0.03653799686400749
27 173.5964012417017 0.057307596677862505
28 173.59640124170173 0.023631897515850986
29 173.59640124170187 0.017413206516468677
30 173.5964012417019 0.12012598182379704
31 212.62663323719616 0.016127999324519894
32 212.6266332371962 0.024309023034529434
33 212.62663323719627 0.016997144326493196
34 212.6266332371963 0.04589765224508472
35 212.6266332371964 0.029446756610577045
36 212.62663323719642 0.01752384583377154
37 212.6266332371965 0.024340433240123954
38 287.5367987582978 0.019405398145487977
39 287.5367987582979 0.021366123194970794
41 287.53679875829806 0.013493779400356593
42 287.5367987582982 0.02625842031319422
43 287.53679875829846 0.012451260337675837

169.07265688161675
2 23.799400000000002 0.029637705117455185
3 23.799400000000002 0.01997241832344215
4 42.4022 0.1083017585743975
5 42.4022 0.029637705117455188
6 42.4022 0.019972418323442147
18 136.8897667628035 0.01143466859407496
19 136.8897667628035 0.011391673233062389
20 136.8897667628035 0.011022068296086214
22 136.88976676280356 0.02231484194728101
23 136.8897667628036 0.01684022155482942
24 173.59640124170153 0.10085935502495126
25 173.59640124170164 0.027017073060362776
26 173.59640124170164 0.030079016422654883
27 173.5964012417017 0.019817536389377884
28 173.59640124170173 0.019439594850546627
29 173.59640124170187 0.013424302403784553
30 173.5964012417019 0.21307640214645412
31 212.62663323719616 0.01127400584830136
32 212.6266332371962 0.02201664209342586
33 212.62663323719627 0.013540085194279444
34 212.6266332371963 0.016029417725430137
35 212.6266332371964 0.025239567681151088
36 212.62663323719642 0.013606900429409452
37 212.6266332371965 0.016454012023159607
39 287.5367987582979 0.033118587157238984
40 287.536798758298 0.011243286546205693
41 287.53679875829806 0.015049929369935154
42 287.5367987582982 0.04338912858511163
43 287.53679875829846 0.012916219927575415

169.07288495652418
2 23.799400000000002 0.04181373114438468
3 23.799400000000002 0.04964773271902363
4 42.4022 0.01971579412722969
5 42.4022 0.04181373114438468
6 42.4022 0.04964773271902364
17 136.88976676280342 0.023071243195417035
18 136.8897667628035 0.01832534369425774
19 136.8897667628035 0.020754049687510306
20 136.8897667628035 0.049301226792695864
21 136.88976676280353 0.011364106625523373
22 136.88976676280356 0.020611351713706483
23 136.8897667628036 0.021701489988126568
24 173.59640124170153 0.031075542842575434
25 173.59640124170164 0.038952805066592704
26 173.59640124170164 0.041278339651086904
27 173.5964012417017 0.09239139003900541
28 173.59640124170173 0.03154897275734576
29 173.59640124170187 0.02172604687492523
30 173.5964012417019 0.013933105852781362
31 212.62663323719616 0.022282244183210904
32 212.6266332371962 0.028162575762494944
33 212.62663323719627 0.021274530380195698
34 212.6266332371963 0.0738328949260055
35 212.6266332371964 0.03348657183301029
36 212.62663323719642 0.024290394190223913
37 212.6266332371965 0.03516796752249841
38 287.5367987582978 0.030742731679695975
41 287.53679875829806 0.012842530701951956
43 287.53679875829846 0.011456460988255649

169.23317715645288
1 23.799399999999995 0.190094702989394
2 23.799400000000002 0.10323506774655687
3 23.799400000000002 0.10367730638252587
4 42.4022 0.014194752908014158
5 42.4022 0.10323506774655684
6 42.4022 0.10367730638252588
7 79.51339999999998 0.0119051110845303
8 79.5134 0.05576045693637316
10 79.5134 0.0559503225835517
11 79.5134 0.056475155566826724
13 135.32179999999997 0.055760456936373146
14 135.32179999999997 0.05595032258355168
16 135.32179999999997 0.05647515556682672

169.24609443741488
1 23.799399999999995 0.0888283936873412
2 23.799400000000002 0.1534958320216325
3 23.799400000000002 0.10064008065283066
4 42.4022 0.020294653338080938
5 42.4022 0.1534958320216325
6 42.4022 0.10064008065283064
8 79.5134 0.05569281395534853
10 79.5134 0.03265969330863209
11 79.5134 0.07964875938579831
13 135.32179999999997 0.05569281395534851
14 135.32179999999997 0.03265969330863209
16 135.32179999999997 0.0796487593857983

169.24642958347522
1 23.799399999999995 0.29649512649461235
2 23.799400000000002 0.05199571963802442
3 23.799400000000002 0.10452853550228905
5 42.4022 0.05199571963802441
6 42.4022 0.10452853550228904
7 79.51339999999998 0.01544007983839687
8 79.5134 0.05662276967670778
10 79.5134 0.07947418860025673
11 79.5134 0.031813369883180655
13 135.32179999999997 0.05662276967670778
14 135.32179999999997 0.07947418860025672
16 135.32179999999997 0.03181336988318065

170.6646237731254
17 136.88976676280342 0.021954832303529414
18 136.8897667628035 0.04267535084433982
19 136.8897667628035 0.030108318458337495
20 136.8897667628035 0.024848068323701924
21 136.88976676280353 0.014181524884495955
22 136.88976676280356 0.032635166906141475
23 136.8897667628036 0.035233218913457015
24 173.59640124170153 0.05110277909402241
25 173.59640124170164 0.06355608492389875
26 173.59640124170164 0.057088196710271995
27 173.5964012417017 0.045929993111560485
28 173.59640124170173 0.08608277347272542
29 173.59640124170187 0.02061182962190023
30 173.5964012417019 0.02317793303655606
31 212.62663323719616 0.035553266340340256
32 212.6266332371962 0.04880770217407836
33 212.62663323719627 0.025867796121763223
34 212.6266332371963 0.036850222494037646
35 212.6266332371964 0.052849027962023044
36 212.62663323719642 0.06753375213069487
37 212.6266332371965 0.0316032355190484
38 287.5367987582978 0.015768297706179064
39 287.5367987582979 0.012336375706075698
40 287.536798758298 0.025312147728795364
41 287.53679875829806 0.020885510866458894
42 287.5367987582982 0.011417245323373206
43 287.53679875829846 0.017989724030451917

170.69385017515614
17 136.88976676280342 0.019123155754405968
18 136.8897667628035 0.06246818739473225
19 136.8897667628035 0.037739229890642226
21 136.88976676280353 0.015554359941387368
22 136.88976676280356 0.042937424343369376
23 136.8897667628036 0.017299765547382325
24 173.59640124170153 0.06814387779154676
25 173.59640124170164 0.0899043984116276
26 173.59640124170164 0.018560976755949556
28 173.59640124170173 0.13007770179352535
29 173.59640124170187 0.014207428552305916
30 173.5964012417019 0.026416933827219782
31 212.62663323719616 0.041840319349880986
32 212.6266332371962 0.055341180720821
33 212.62663323719627 0.02489496889222144
35 212.6266332371964 0.03493686443918755
36 212.62663323719642 0.10081076468510154
37 212.6266332371965 0.032921393758189484
39 287.5367987582979 0.014268401490587898
40 287.536798758298 0.035289095741825156
41 287.53679875829806 0.028017440689639028
42 287.5367987582982 0.01512212876692257
43 287.53679875829846 0.011844518343891188

170.69399552520264
17 136.88976676280342 0.024963050982804352
18 136.8897667628035 0.02242765186735398
19 136.8897667628035 0.0223308755522612
20 136.8897667628035 0.04720972408667257
21 136.88976676280353 0.012761850346365722
22 136.88976676280356 0.022272119999868053
23 136.8897667628036 0.05344825692352184
24 173.59640124170153 0.03381351569980191
25 173.59640124170164 0.036633452789293176
26 173.59640124170164 0.09621035491188672
27 173.5964012417017 0.08792781990673858
28 173.59640124170173 0.04083341522847014
29 173.59640124170187 0.027143458232853437
30 173.5964012417019 0.019848360650512722
31 212.62663323719616 0.029061071190573023
32 212.6266332371962 0.04217317154831785
33 212.62663323719627 0.026883271665390653
34 212.6266332371963 0.07039095011193522
35 212.6266332371964 0.07110135692494844
36 212.62663323719642 0.033341029826997264
37 212.6266332371965 0.030375378532877154
38 287.5367987582978 0.0296728542918691
39 287.5367987582979 0.01038484284860221
40 287.536798758298 0.015172228082346789
41 287.53679875829806 0.013684929428774882
43 287.53679875829846 0.024258230917337347

171.69401201440786
17 136.88976676280342 0.012999229200259732
19 136.8897667628035 0.029847692348047152
21 136.88976676280353 0.11621230201684266
22 136.88976676280356 0.013293525057047333
23 136.8897667628036 0.012532672777162364
24 173.59640124170153 0.011333894444870783
25 173.59640124170164 0.047145481971821536
26 173.59640124170164 0.05833472778460749
29 173.59640124170187 0.24071246578054523
31 212.62663323719616 0.09671210244605262
32 212.6266332371962 0.035981884690499455
33 212.62663323719627 0.13610535128724854
35 212.6266332371964 0.013842128539924416
39 287.5367987582979 0.012866707227580123
43 287.53679875829846 0.02030122312846868
44 287.5367987582986 0.06801343008013468

171.81853229594543
1 23.799399999999995 0.010245207751200563
2 23.799400000000002 0.13023020229333673
3 23.799400000000002 0.13470340425868707
4 42.4022 0.22412689122764762
5 42.4022 0.13023020229333676
6 42.4022 0.13470340425868707
12 135.32179999999997 0.012042190215179169
24 173.59640124170153 0.026510493939284344
30 173.5964012417019 0.05245772373680543
42 287.5367987582982 0.010282418340112513

171.81872307875736
1 23.799399999999995 0.02344438693802016
2 23.799400000000002 0.1247784843634579
3 23.799400000000002 0.12070991811071852
4 42.4022 0.2498162014427112
5 42.4022 0.1247784843634579
6 42.4022 0.12070991811071854
20 136.8897667628035 0.012628894675662913
26 173.59640124170164 0.012113116236718369
27 173.5964012417017 0.02581496659996328
34 212.6266332371963 0.020135859515407237

171.82155562453534
1 23.799399999999995 0.01771819455500228
2 23.799400000000002 0.12660928605039265
3 23.799400000000002 0.12619605607690806
4 42.4022 0.23787026630082686
5 42.4022 0.12660928605039262
6 42.4022 0.12619605607690806
12 135.32179999999997 0.01003095257589771
24 173.59640124170153 0.01598871184136558
27 173.5964012417017 0.015041703820616873
30 173.5964012417019 0.02805646259358982
34 212.6266332371963 0.011740088830696011

179.4346606533668
1 23.799399999999995 0.053819193527659646
2 23.799400000000002 0.028943345146365557
3 23.799400000000002 0.028887592180659716
5 42.4022 0.028943345146365557
6 42.4022 0.028887592180659713
7 79.51339999999998 0.03524389138866072
8 79.5134 0.06651676748305349
9 79.5134 0.018808282388353054
10 79.5134 0.06648474690730916
11 79.5134 0.06766303939247528
13 135.32179999999997 0.06651676748305348
14 135.32179999999997 0.06648474690730916
15 135.32179999999997 0.018808282388353047
16 135.32179999999997 0.06766303939247528
18 136.8897667628035 0.03215118231527406
19 136.8897667628035 0.0202370064613446
21 136.88976676280353 0.017171537734713048
23 136.8897667628036 0.011989695424890548
28 173.59640124170173 0.017392421912176895
31 212.62663323719616 0.013557255503037768
32 212.6266332371962 0.01005610066808002
36 212.62663323719642 0.025177372944490895
39 287.5367987582979 0.015777523028597317
40 287.536798758298 0.034752338710879155
41 287.53679875829806 0.019568596291524354
42 287.5367987582982 0.01521834595734851
43 287.53679875829846 0.013007205039001532
44 287.5367987582986 0.016534705249203696

