translational analysis para
#nmax= 3 NR= 11 Ntheta= 11 Nphi= 11
#jmax= 3 Nalpha= 11 Nphi= 11 Nchi= 11
0.0
1 32.5602306496225 0.8376083517562383
2 54.26705108270416 0.017812312203233416
3 54.26705108270416 0.017812584740583715
4 54.267051082704164 0.017810491313889405
10 75.97387151578583 0.09683770878608629

33.8310270509054
1 32.5602306496225 0.750122181674624
3 54.26705108270416 0.12953969680517585
10 75.97387151578583 0.08142940969715723
18 97.68069194886746 0.02379915364202397

33.83150816591915
1 32.5602306496225 0.7501212890075865
2 54.26705108270416 0.12954051023278834
10 75.97387151578583 0.08142921579057354
17 97.68069194886746 0.023799255968803414

33.831890876093375
1 32.5602306496225 0.7501304036014903
4 54.267051082704164 0.1295325688673179
10 75.97387151578583 0.08143174945159408
20 97.68069194886749 0.023797954447629527

68.62908376496043
1 32.5602306496225 0.8097209075587982
2 54.26705108270416 0.02892147044902849
3 54.26705108270416 0.028925355031431267
4 54.267051082704164 0.022740449547679096
10 75.97387151578583 0.092316982676642

68.63095135037577
1 32.5602306496225 0.8097371612000785
2 54.26705108270416 0.028910225297567614
3 54.26705108270416 0.02274575431298892
4 54.267051082704164 0.028914114052158824
10 75.97387151578583 0.09232139331988468

68.6312249252541
1 32.5602306496225 0.8097380322602222
2 54.26705108270416 0.02274576739735881
3 54.26705108270416 0.02890700628213936
4 54.267051082704164 0.028916313625842474
10 75.97387151578583 0.09232177391360463

68.71175952034194
1 32.5602306496225 0.7764006519644064
2 54.26705108270416 0.021018061996145528
3 54.26705108270416 0.0394445998761447
4 54.267051082704164 0.05353332804419279
10 75.97387151578583 0.08540285717245506

68.71494328225712
1 32.5602306496225 0.776404399381578
2 54.26705108270416 0.054979607813610984
3 54.26705108270416 0.03655596657935137
4 54.267051082704164 0.022455497240189016
10 75.97387151578583 0.08540522833309326

82.21380971576532
1 32.5602306496225 0.11035620732772293
4 54.267051082704164 0.7265535828468108
10 75.97387151578583 0.0303037463581234
20 97.68069194886749 0.10635689628460315

82.21413315817136
1 32.5602306496225 0.1103620300696381
3 54.26705108270416 0.7265464334245946
10 75.97387151578583 0.03030496239190782
18 97.68069194886746 0.10635563105925705

82.21415371205532
1 32.5602306496225 0.11036387265894027
2 54.26705108270416 0.7265446154154397
10 75.97387151578583 0.030305258466698112
17 97.68069194886746 0.10635550089329304

90.5613864091465
1 32.5602306496225 0.7737057151868447
2 54.26705108270416 0.045759971041443456
3 54.26705108270416 0.06728058589942541
10 75.97387151578583 0.08494886509916091
18 97.68069194886746 0.012893468628268576

90.56276926783819
1 32.5602306496225 0.7737164736880479
2 54.26705108270416 0.032387883985044066
3 54.26705108270416 0.01086959709938053
4 54.267051082704164 0.07395921719042217
10 75.97387151578583 0.08495116169743434
20 97.68069194886749 0.014163168540649026

94.07228028539615
1 32.5602306496225 0.778816073223404
2 54.26705108270416 0.016828356936523254
3 54.26705108270416 0.07835493780409146
4 54.267051082704164 0.016822505122749517
10 75.97387151578583 0.08608758574147499
18 97.68069194886746 0.014854842414505272

94.07231518770227
1 32.5602306496225 0.7788223256405116
2 54.26705108270416 0.016827413899109456
3 54.26705108270416 0.01682555283712987
4 54.267051082704164 0.07834580455700776
10 75.97387151578583 0.08608977135530174
20 97.68069194886749 0.014853260703314643

94.0725279548003
1 32.5602306496225 0.7788132946587849
2 54.26705108270416 0.0783560402788362
3 54.26705108270416 0.016827143773552912
4 54.267051082704164 0.016825555231210095
10 75.97387151578583 0.08608684938432355
17 97.68069194886746 0.014855097456350832

106.25431455689005
1 32.5602306496225 0.197030412636464
2 54.26705108270416 0.31974134126160186
3 54.26705108270416 0.3196685694207461
4 54.267051082704164 0.016682665520925254
5 75.97387151578582 0.02513241258903724
10 75.97387151578583 0.017620070716034626
17 97.68069194886746 0.04768093348339841
18 97.68069194886746 0.047669191650147144

106.25580052208403
1 32.5602306496225 0.1969926304108813
2 54.26705108270416 0.31973531121572
3 54.26705108270416 0.016681229955601944
4 54.267051082704164 0.3197132582377634
6 75.97387151578582 0.025130790942444203
10 75.97387151578583 0.01761494465409456
17 97.68069194886746 0.04768099289502722
20 97.68069194886749 0.04767709376500255

106.25589416959555
1 32.5602306496225 0.19699134188998269
2 54.26705108270416 0.016681341435742972
3 54.26705108270416 0.31974049165859475
4 54.267051082704164 0.3197084996364557
7 75.97387151578582 0.025131690814590612
10 75.97387151578583 0.017615091443000115
18 97.68069194886746 0.047681738755608015
20 97.68069194886749 0.047675888389291814

107.56146497808844
1 32.5602306496225 0.21529810659621465
2 54.26705108270416 0.09664229639052847
3 54.26705108270416 0.13587976943086108
4 54.267051082704164 0.40159294032311404
9 75.97387151578583 0.026636677063236067
10 75.97387151578583 0.023727557226151857
17 97.68069194886746 0.014917433527382788
18 97.68069194886746 0.020549379789643264
20 97.68069194886749 0.058690451044649004

107.56213400075964
1 32.5602306496225 0.21528954921612467
2 54.26705108270416 0.32610226473676557
3 54.26705108270416 0.28687119146360385
4 54.267051082704164 0.021148432035372377
8 75.97387151578582 0.026638742628486808
10 75.97387151578583 0.023726773989786204
17 97.68069194886746 0.04785388247389942
18 97.68069194886746 0.04222285021368436

113.526957598105
2 54.26705108270416 0.4226981458588898
3 54.26705108270416 0.42277078203022633
17 97.68069194886746 0.0691367725490523
18 97.68069194886746 0.06914774502823724

113.5272929896628
3 54.26705108270416 0.42272111026379766
4 54.267051082704164 0.4227528962212602
18 97.68069194886746 0.06914175734794478
20 97.68069194886749 0.06914540212598899

113.5274053034919
2 54.26705108270416 0.4227236115921591
4 54.267051082704164 0.4227504158094087
17 97.68069194886746 0.06914213116892703
20 97.68069194886749 0.06914536832007163

118.94241197903249
1 32.5602306496225 0.034965909633269496
2 54.26705108270416 0.26504947567605114
3 54.26705108270416 0.26504870889466003
4 54.267051082704164 0.26506961601718465
10 75.97387151578583 0.05187246055413672
17 97.68069194886746 0.03186914202296967
18 97.68069194886746 0.031868918595422624
20 97.68069194886749 0.03187173353821875

128.77594993289202
1 32.5602306496225 0.4271726448927046
2 54.26705108270416 0.14941018365464542
3 54.26705108270416 0.14937941664704218
4 54.267051082704164 0.14936921006945017
10 75.97387151578583 0.038442079038148294
17 97.68069194886746 0.023708319858119643
18 97.68069194886746 0.023703609138903407
20 97.68069194886749 0.023701011843878957

129.85520488251848
1 32.5602306496225 0.3955342332228431
2 54.26705108270416 0.15173059998587599
3 54.26705108270416 0.1623945050686189
4 54.267051082704164 0.16250541073522357
10 75.97387151578583 0.035802428698752206
17 97.68069194886746 0.024380593589540426
18 97.68069194886746 0.027213334776813463
20 97.68069194886749 0.027232601390798743

129.85608659901283
1 32.5602306496225 0.3955465691675078
2 54.26705108270416 0.16233196888119852
3 54.26705108270416 0.15174427467328025
4 54.267051082704164 0.16254172835131098
10 75.97387151578583 0.03580479967071024
17 97.68069194886746 0.027203274235235345
18 97.68069194886746 0.02438255800016847
20 97.68069194886749 0.02723871829335775

129.8598919714532
1 32.5602306496225 0.3955586871428223
2 54.26705108270416 0.1623417426712816
3 54.26705108270416 0.1624888465453187
4 54.267051082704164 0.15177502315430097
10 75.97387151578583 0.03580848161323699
17 97.68069194886746 0.027205371067007617
18 97.68069194886746 0.027229608864455242
20 97.68069194886749 0.02438865462598626

132.29373376292253
1 32.5602306496225 0.40705776130190074
2 54.26705108270416 0.24066730951646503
3 54.26705108270416 0.11187654184689996
4 54.267051082704164 0.11154578653170959
10 75.97387151578583 0.037729226943304224
17 97.68069194886746 0.037686049525772966
18 97.68069194886746 0.018213586939509297
20 97.68069194886749 0.018160018032097467

132.2940680859063
1 32.5602306496225 0.4070600367632398
2 54.26705108270416 0.11189615367630253
3 54.26705108270416 0.24069697954563063
4 54.267051082704164 0.11149299178165857
10 75.97387151578583 0.03773077659374156
17 97.68069194886746 0.01821715906879123
18 97.68069194886746 0.03769099941944068
20 97.68069194886749 0.018151443645071413

132.30014926597013
1 32.5602306496225 0.40708967288750414
2 54.26705108270416 0.11173949054285573
3 54.26705108270416 0.11152363723456624
4 54.267051082704164 0.24079223500292074
10 75.97387151578583 0.037737986338702595
17 97.68069194886746 0.018192562149702524
18 97.68069194886746 0.018157357985354217
20 97.68069194886749 0.03770572955218945

142.9929605588037
1 32.5602306496225 0.5979502111846451
2 54.26705108270416 0.09975683342280857
3 54.26705108270416 0.0997606406959883
4 54.267051082704164 0.06295651631985684
5 75.97387151578582 0.015239729539918687
10 75.97387151578583 0.08482019001464519
17 97.68069194886746 0.012875700211094434
18 97.68069194886746 0.012876538280934324
20 97.68069194886749 0.010506225529645318

142.99476281399845
1 32.5602306496225 0.5979771652641592
2 54.26705108270416 0.06297444426841713
3 54.26705108270416 0.09974447537902628
4 54.267051082704164 0.09973284751993904
7 75.97387151578582 0.015236706231746614
10 75.97387151578583 0.08482146090395644
17 97.68069194886746 0.010508853518401251
18 97.68069194886746 0.012874170797178583
20 97.68069194886749 0.012872463997298614

142.99533049483196
1 32.5602306496225 0.5979735046962423
2 54.26705108270416 0.09974772812953073
3 54.26705108270416 0.06297494303975298
4 54.267051082704164 0.09973256176257073
6 75.97387151578582 0.015237048943942774
10 75.97387151578583 0.08482101456706317
17 97.68069194886746 0.012874689809888573
18 97.68069194886746 0.010508790708873816
20 97.68069194886749 0.012872132946089005

144.39973127287936
1 32.5602306496225 0.6209022034512995
2 54.26705108270416 0.08102792272701041
3 54.26705108270416 0.05834720160567837
4 54.267051082704164 0.09818939684790655
9 75.97387151578583 0.015148773784715025
10 75.97387151578583 0.08983590503881586
17 97.68069194886746 0.010680837504417263
20 97.68069194886749 0.011612553911489206

144.4020971108412
1 32.5602306496225 0.620883386492745
2 54.26705108270416 0.07735977361322248
3 54.26705108270416 0.10002928832707336
4 54.267051082704164 0.06019577742742341
8 75.97387151578582 0.015149223076846366
10 75.97387151578583 0.08982988292357959
17 97.68069194886746 0.010484477174071164
18 97.68069194886746 0.01171205181113816

149.51590281639545
1 32.5602306496225 0.013657764834255995
2 54.26705108270416 0.24083335100258457
3 54.26705108270416 0.24139120258119573
4 54.267051082704164 0.34574600756688023
10 75.97387151578583 0.012663469052694307
17 97.68069194886746 0.03750786764618815
18 97.68069194886746 0.03759275771245788
20 97.68069194886749 0.05174783782887772

149.51752273577245
1 32.5602306496225 0.013668436274246703
2 54.26705108270416 0.24087859842647155
3 54.26705108270416 0.34598026126819276
4 54.267051082704164 0.241099384346745
10 75.97387151578583 0.012667349454280588
17 97.68069194886746 0.037513378048817304
18 97.68069194886746 0.05178581613503985
20 97.68069194886749 0.037550286817803154

149.51880145248433
1 32.5602306496225 0.013669173774187233
2 54.26705108270416 0.3460037712248071
3 54.26705108270416 0.24061293813709014
4 54.267051082704164 0.24134074396980987
10 75.97387151578583 0.012667136573260147
17 97.68069194886746 0.051789291854928275
18 97.68069194886746 0.037472940774137375
20 97.68069194886749 0.03758649310069491

150.43893103528455
1 32.5602306496225 0.08907680996993209
2 54.26705108270416 0.10944415950310551
3 54.26705108270416 0.14185355398895547
4 54.267051082704164 0.4980188790436189
10 75.97387151578583 0.03121106286149056
17 97.68069194886746 0.016127152194764273
18 97.68069194886746 0.020814873237425598
20 97.68069194886749 0.07232637094317113

150.44019193098302
1 32.5602306496225 0.08908892709797407
2 54.26705108270416 0.39003369821606876
3 54.26705108270416 0.3576912402566394
10 75.97387151578583 0.031215315229944127
17 97.68069194886746 0.056709245239872134
18 97.68069194886746 0.05203113366840521

150.6074217649245
1 32.5602306496225 0.08752878580379708
2 54.26705108270416 0.1551305969789902
3 54.26705108270416 0.1546560394025848
4 54.267051082704164 0.4413835196269044
10 75.97387151578583 0.02722855303266984
17 97.68069194886746 0.023663107447868693
18 97.68069194886746 0.023591282274851206
20 97.68069194886749 0.06357349673031376

150.6083549213813
1 32.5602306496225 0.08752149698867581
2 54.26705108270416 0.44158117413971765
3 54.26705108270416 0.1549431854716076
4 54.267051082704164 0.1546515389107873
10 75.97387151578583 0.027228953519693875
17 97.68069194886746 0.06360260287874568
18 97.68069194886746 0.023635580922761364
20 97.68069194886749 0.02359204965457695

150.60843568601737
1 32.5602306496225 0.0875295490671181
2 54.26705108270416 0.15476702089650732
3 54.26705108270416 0.4414820456535965
4 54.267051082704164 0.15491972918896554
10 75.97387151578583 0.027229642670477526
17 97.68069194886746 0.023608725328852616
18 97.68069194886746 0.06358743737272728
20 97.68069194886749 0.023632687718500724

163.08464180167962
1 32.5602306496225 0.47300079191158106
2 54.26705108270416 0.0963659505675757
3 54.26705108270416 0.09687790801187417
4 54.267051082704164 0.18494829911825442
10 75.97387151578583 0.08078812939731637
17 97.68069194886746 0.013816021730810675
18 97.68069194886746 0.013884937020421224
20 97.68069194886749 0.024781116466549107

163.08909250924623
1 32.5602306496225 0.4730035437562943
2 54.26705108270416 0.1848066688548324
3 54.26705108270416 0.09844894493086877
4 54.267051082704164 0.09493117947601609
10 75.97387151578583 0.08078912436744919
17 97.68069194886746 0.02476100576993268
18 97.68069194886746 0.014096945140788101
20 97.68069194886749 0.01362215985245151

163.0899031165512
1 32.5602306496225 0.47301096472454646
2 54.26705108270416 0.09728717392424464
3 54.26705108270416 0.18487433542355697
4 54.267051082704164 0.0960161340914793
10 75.97387151578583 0.080793442566016
17 97.68069194886746 0.013939597088819325
18 97.68069194886746 0.024769005056624733
20 97.68069194886749 0.013768195797074579

163.37932194980658
1 32.5602306496225 0.45918238007814327
2 54.26705108270416 0.0705740636505827
3 54.26705108270416 0.07004658378087052
4 54.267051082704164 0.24609050412873773
9 75.97387151578583 0.010123653411122587
10 75.97387151578583 0.0774544605137617
17 97.68069194886746 0.010000211895586033
20 97.68069194886749 0.03148688996118966

163.38555534025372
1 32.5602306496225 0.45914493587693356
2 54.26705108270416 0.24594939053437195
3 54.26705108270416 0.06873638964573565
4 54.267051082704164 0.07205914476985827
10 75.97387151578583 0.07744940340619375
17 97.68069194886746 0.03146833374553737
20 97.68069194886749 0.010199338524838172

163.38581189608163
1 32.5602306496225 0.4591986550677329
2 54.26705108270416 0.06982492379744876
3 54.26705108270416 0.2459473200217924
4 54.267051082704164 0.07091730928915536
10 75.97387151578583 0.07745975712997205
18 97.68069194886746 0.03146629701511321
20 97.68069194886749 0.010045360277569653

164.87182131718544
1 32.5602306496225 0.44615024104672774
2 54.26705108270416 0.13225963621005407
3 54.26705108270416 0.13227175251059065
4 54.267051082704164 0.13219442904370104
10 75.97387151578583 0.08019187195633405
17 97.68069194886746 0.016594162092411574
18 97.68069194886746 0.016597042506372946
20 97.68069194886749 0.016584911577617437

164.9976157980613
1 32.5602306496225 0.08895097589451201
2 54.26705108270416 0.20736231511593478
3 54.26705108270416 0.20730015646882077
4 54.267051082704164 0.3437165684931361
5 75.97387151578582 0.010300514738007124
9 75.97387151578583 0.016600315469295513
17 97.68069194886746 0.03301865017079651
18 97.68069194886746 0.03300875045091508
20 97.68069194886749 0.051541100320968196

164.99883547559278
1 32.5602306496225 0.08893582270966997
2 54.26705108270416 0.20783927388508613
3 54.26705108270416 0.34375083525324973
4 54.267051082704164 0.2068022056945004
6 75.97387151578582 0.010296682067330986
8 75.97387151578582 0.012540727025757172
17 97.68069194886746 0.033094085632597164
18 97.68069194886746 0.05154496419400504
20 97.68069194886749 0.032931617944594434

164.99994872328242
1 32.5602306496225 0.08892682383308438
2 54.26705108270416 0.3437436714793731
3 54.26705108270416 0.2060043817560679
4 54.267051082704164 0.2086529836456577
7 75.97387151578582 0.010297518370204744
8 75.97387151578582 0.012515356212208284
17 97.68069194886746 0.051544624199454596
18 97.68069194886746 0.032806425021126996
20 97.68069194886749 0.033221817913441073

165.14616336966222
1 32.5602306496225 0.08405956715260124
2 54.26705108270416 0.09416303205065193
3 54.26705108270416 0.5739862249172992
4 54.267051082704164 0.09517403088369314
5 75.97387151578582 0.01278734201170878
7 75.97387151578582 0.012776443971815833
17 97.68069194886746 0.014271117016959479
18 97.68069194886746 0.08842895235091117
20 97.68069194886749 0.01443017546923557

165.14680313958405
1 32.5602306496225 0.08403458407799512
2 54.26705108270416 0.5740736579361936
3 54.26705108270416 0.09592596595669156
4 54.267051082704164 0.09334925321390533
5 75.97387151578582 0.012768351281096796
6 75.97387151578582 0.012795598277289075
17 97.68069194886746 0.08844353053422728
18 97.68069194886746 0.014548583953866769
20 97.68069194886749 0.014144031045271704

165.14762729802302
1 32.5602306496225 0.08408259719146564
2 54.26705108270416 0.09459478314994411
3 54.26705108270416 0.0946807188809204
4 54.267051082704164 0.5740242765408352
6 75.97387151578582 0.01278082822154424
7 75.97387151578582 0.012780631133206193
17 97.68069194886746 0.01433807286064263
18 97.68069194886746 0.014351931530027146
20 97.68069194886749 0.08843640877949409

165.75204736827257
1 32.5602306496225 0.09491668694840141
2 54.26705108270416 0.2505221141673519
3 54.26705108270416 0.2505246097372841
4 54.267051082704164 0.25051036571841606
8 75.97387151578582 0.016078547117770955
9 75.97387151578583 0.016073734134812688
17 97.68069194886746 0.037960972637986874
18 97.68069194886746 0.03796148211154221
20 97.68069194886749 0.037959025549019164

171.7787646248546
2 54.26705108270416 0.2182331624852276
3 54.26705108270416 0.3108105480627756
4 54.267051082704164 0.3107278937969397
17 97.68069194886746 0.03578892364059427
18 97.68069194886746 0.050401206397842145
20 97.68069194886749 0.05038793530919902

171.77966724730769
2 54.26705108270416 0.3107793895951838
3 54.26705108270416 0.310713796350111
4 54.267051082704164 0.21825955911005077
17 97.68069194886746 0.05039537978118844
18 97.68069194886746 0.050385180568161166
20 97.68069194886749 0.03579324574645237

171.77979473227177
2 54.26705108270416 0.31070043004501813
3 54.26705108270416 0.2182880048321986
4 54.267051082704164 0.31078449033819144
17 97.68069194886746 0.05038452238386447
18 97.68069194886746 0.0357977411704047
20 97.68069194886749 0.05039612677416234

178.25716037291306
1 32.5602306496225 0.1306818795845382
2 54.26705108270416 0.3724475927526901
3 54.26705108270416 0.16216733648829207
4 54.267051082704164 0.16216863776460122
7 75.97387151578582 0.012035413852768502
10 75.97387151578583 0.04733591074657765
17 97.68069194886746 0.04667634933990649
18 97.68069194886746 0.02168933895613725
20 97.68069194886749 0.02168912706878559

178.25738848540286
1 32.5602306496225 0.13067161641550837
2 54.26705108270416 0.16214302507412406
3 54.26705108270416 0.16216226409955634
4 54.267051082704164 0.3724868127729948
5 75.97387151578582 0.012037259930050179
10 75.97387151578583 0.04733563102432807
17 97.68069194886746 0.021685214759894676
18 97.68069194886746 0.021687495593246807
20 97.68069194886749 0.04668129023422169

178.25806222743495
1 32.5602306496225 0.13068600602848465
2 54.26705108270416 0.16221186421054243
3 54.26705108270416 0.3724383884325204
4 54.267051082704164 0.1621297105977271
6 75.97387151578582 0.012034844912516936
10 75.97387151578583 0.04733692600265329
17 97.68069194886746 0.02169587458883878
18 97.68069194886746 0.04667490202127871
20 97.68069194886749 0.02168353103086521

179.79833223442742
1 32.5602306496225 0.12090339647883341
3 54.26705108270416 0.332074436351839
4 54.267051082704164 0.3729605631485864
10 75.97387151578583 0.04638103767094057
18 97.68069194886746 0.04312012273368816
20 97.68069194886749 0.04839868589500694

179.79919095061348
1 32.5602306496225 0.12091490552969295
2 54.26705108270416 0.46932685645359346
3 54.26705108270416 0.13930744615941132
4 54.267051082704164 0.09844258886778708
10 75.97387151578583 0.04638309585186117
17 97.68069194886746 0.060839338273100674
18 97.68069194886746 0.01823290209814009
20 97.68069194886749 0.012957478090987318

202.94360750472225
1 32.5602306496225 0.03464475917397573
2 54.26705108270416 0.16374699124635952
3 54.26705108270416 0.16378732581561237
4 54.267051082704164 0.4012260282249769
6 75.97387151578582 0.024951115968189407
7 75.97387151578582 0.02495829069855799
9 75.97387151578583 0.06829560250270358
17 97.68069194886746 0.02137535588318403
18 97.68069194886746 0.02138014453347349
19 97.68069194886749 0.010897585936685477
20 97.68069194886749 0.05336215309574559

202.94475498576003
1 32.5602306496225 0.03465017876647568
2 54.26705108270416 0.16601863530165875
3 54.26705108270416 0.4011772032311782
4 54.267051082704164 0.16155024260298764
5 75.97387151578582 0.025198452488826177
7 75.97387151578582 0.024708733883446587
8 75.97387151578582 0.05270950500037132
9 75.97387151578583 0.020441044723057876
17 97.68069194886746 0.021671061931371194
18 97.68069194886746 0.05335518825899538
20 97.68069194886749 0.021091592713120333

202.94500795363814
1 32.5602306496225 0.034640032418247514
2 54.26705108270416 0.40124303488395846
3 54.26705108270416 0.16491001178839537
4 54.267051082704164 0.16260094221684807
5 75.97387151578582 0.02507803911918314
6 75.97387151578582 0.024828031413267986
8 75.97387151578582 0.052582255425079716
9 75.97387151578583 0.02057188891111834
17 97.68069194886746 0.05336395187968921
18 97.68069194886746 0.021527155339113445
20 97.68069194886749 0.021227212493784998

203.19377326400883
1 32.5602306496225 0.032563128171708304
2 54.26705108270416 0.2713226620069224
3 54.26705108270416 0.19046294992543444
4 54.267051082704164 0.2757610852882025
5 75.97387151578582 0.027337314822146363
6 75.97387151578582 0.011552317691194346
7 75.97387151578582 0.027815597853781997
8 75.97387151578582 0.01829983575762173
9 75.97387151578583 0.03493163372553129
17 97.68069194886746 0.03490210742966767
18 97.68069194886746 0.025560775184274336
20 97.68069194886749 0.03547740713991257

203.1944819166102
1 32.5602306496225 0.03255733623363975
2 54.26705108270416 0.19045888642817405
3 54.26705108270416 0.27241417237335647
4 54.267051082704164 0.27467647733119593
5 75.97387151578582 0.02745620744698076
6 75.97387151578582 0.02769975319108961
7 75.97387151578582 0.011553914831419924
8 75.97387151578582 0.018434629043607414
9 75.97387151578583 0.03479610679481799
17 97.68069194886746 0.02555968029983486
18 97.68069194886746 0.03504339116405569
20 97.68069194886749 0.03533603715480342

203.19487895625377
1 32.5602306496225 0.03256149246316141
2 54.26705108270416 0.2735336628631379
3 54.26705108270416 0.27356119384334143
4 54.267051082704164 0.19045923287526023
5 75.97387151578582 0.011552070590988449
6 75.97387151578582 0.027576183451850467
7 75.97387151578582 0.02757714989699685
8 75.97387151578582 0.04270127246042703
9 75.97387151578583 0.010527594901602277
17 97.68069194886746 0.03518856053888567
18 97.68069194886746 0.03519220312355483
20 97.68069194886749 0.025559216166145565

203.49042827186707
1 32.5602306496225 0.029657328538812283
2 54.26705108270416 0.24967889576688432
3 54.26705108270416 0.24970674519648683
4 54.267051082704164 0.24977106113913114
5 75.97387151578582 0.030432076449602823
6 75.97387151578582 0.030434134423339188
7 75.97387151578582 0.030434684559859877
17 97.68069194886746 0.03434098278194444
18 97.68069194886746 0.034344579162461225
20 97.68069194886749 0.03435448419211367

205.84532462601615
1 32.5602306496225 0.41756058408570085
2 54.26705108270416 0.20608610534489044
3 54.26705108270416 0.038478972853337415
4 54.267051082704164 0.20539268274396738
10 75.97387151578583 0.048894892847817784
17 97.68069194886746 0.03669471335841495
20 97.68069194886749 0.03656321642822252

205.84739810271194
1 32.5602306496225 0.4175428174573844
2 54.26705108270416 0.03847575904329021
3 54.26705108270416 0.20603810192118213
4 54.267051082704164 0.20546142351592395
10 75.97387151578583 0.0488920864976938
18 97.68069194886746 0.03668770032708387
20 97.68069194886749 0.03657384905381658

205.85268532913506
1 32.5602306496225 0.4175098546332022
2 54.26705108270416 0.20574354602403774
3 54.26705108270416 0.20580917849958072
4 54.267051082704164 0.038454806199374275
10 75.97387151578583 0.04888818670890865
17 97.68069194886746 0.036628246499642
18 97.68069194886746 0.03664040725573569

207.09508307640706
1 32.5602306496225 0.37588567977867293
2 54.26705108270416 0.14925720870185966
3 54.26705108270416 0.1492643542823007
4 54.267051082704164 0.18971893215801294
10 75.97387151578583 0.0435976816300182
17 97.68069194886746 0.02602679636326255
18 97.68069194886746 0.02602508030355458
20 97.68069194886749 0.03288378806153952

207.09673399318814
1 32.5602306496225 0.375920343853971
2 54.26705108270416 0.14883015556410772
3 54.26705108270416 0.18980289810392023
4 54.267051082704164 0.1495796219408022
10 75.97387151578583 0.04360145451734153
17 97.68069194886746 0.025947547662771273
18 97.68069194886746 0.03289829273982393
20 97.68069194886749 0.026085790971304278

207.097401971756
1 32.5602306496225 0.37591723953607364
2 54.26705108270416 0.18980849534788116
3 54.26705108270416 0.14879160895056381
4 54.267051082704164 0.14961606977393963
10 75.97387151578583 0.043600653564911815
17 97.68069194886746 0.03289952348900923
18 97.68069194886746 0.02594057783150469
20 97.68069194886749 0.026092794853480483

207.79520098966674
1 32.5602306496225 0.3273808127793922
2 54.26705108270416 0.17878830239510138
3 54.26705108270416 0.17873176963725787
4 54.267051082704164 0.17861044721198258
10 75.97387151578583 0.036983155967195216
17 97.68069194886746 0.03159727146954142
18 97.68069194886746 0.03158903954298591
20 97.68069194886749 0.03157195718867282

211.6564133346183
2 54.26705108270416 0.22994363848138155
3 54.26705108270416 0.35385008964845827
4 54.267051082704164 0.22988417543998002
10 75.97387151578583 0.03797626342839405
17 97.68069194886746 0.03187497497963098
18 97.68069194886746 0.05291358683759944
20 97.68069194886749 0.031861026602902034

211.6571208970134
2 54.26705108270416 0.35387184841072794
3 54.26705108270416 0.22988704886455846
4 54.267051082704164 0.23004970132292105
10 75.97387151578583 0.03798338781607508
17 97.68069194886746 0.05291406061763551
18 97.68069194886746 0.031863503251692626
20 97.68069194886749 0.03188437106865632

211.6578115455117
2 54.26705108270416 0.2300088590308161
3 54.26705108270416 0.22990092794579922
4 54.267051082704164 0.3539016867206018
9 75.97387151578583 0.011091970686198587
10 75.97387151578583 0.0379830501553212
17 97.68069194886746 0.03187917898317579
18 97.68069194886746 0.03186513154048209
20 97.68069194886749 0.05291913872161759

213.11628392948967
2 54.26705108270416 0.16478839408091747
3 54.26705108270416 0.14623793069892374
4 54.267051082704164 0.09789235474688435
8 75.97387151578582 0.4232416152850044
9 75.97387151578583 0.022384844677883323
11 97.68069194886746 0.019971085156339635
16 97.68069194886746 0.018642194381419386
17 97.68069194886746 0.03649108301018454
18 97.68069194886746 0.029818080301380667
20 97.68069194886749 0.012373599413865871

213.1178174672059
2 54.26705108270416 0.10775491420156771
3 54.26705108270416 0.12640358278710795
4 54.267051082704164 0.17464204234785632
8 75.97387151578582 0.022407932394048775
9 75.97387151578583 0.4233395189316588
13 97.68069194886746 0.010641221743918954
14 97.68069194886746 0.013758226553613157
17 97.68069194886746 0.01595298653292658
18 97.68069194886746 0.022641243459658483
19 97.68069194886749 0.026620691565187576
20 97.68069194886749 0.04007598224451663

213.49991570295737
2 54.26705108270416 0.09997695603406455
3 54.26705108270416 0.17318439207209083
4 54.267051082704164 0.5361327494506621
5 75.97387151578582 0.015221473855155872
6 75.97387151578582 0.010827007107407399
10 75.97387151578583 0.014326456462056696
17 97.68069194886746 0.014358654568595686
18 97.68069194886746 0.024848980241750068
20 97.68069194886749 0.0768606262694169

213.5023911636211
2 54.26705108270416 0.43959641533974664
3 54.26705108270416 0.3663609664970541
6 75.97387151578582 0.013161935189567892
7 75.97387151578582 0.014046556014102242
10 75.97387151578583 0.014326142593436786
17 97.68069194886746 0.0630283288871563
18 97.68069194886746 0.05253295371912937

214.7362315217615
1 32.5602306496225 0.010332564482750613
2 54.26705108270416 0.10164264286364012
3 54.26705108270416 0.6005828217575128
4 54.267051082704164 0.10174555059434555
5 75.97387151578582 0.011888526220639713
7 75.97387151578582 0.011889487514761293
9 75.97387151578583 0.01466183985059597
10 75.97387151578583 0.016322306847626623
17 97.68069194886746 0.014138440867782976
18 97.68069194886746 0.08599171675111031
20 97.68069194886749 0.014153301219703797

214.7371613492721
1 32.5602306496225 0.010332784984741009
2 54.26705108270416 0.6005895104313321
3 54.26705108270416 0.10175976059355792
4 54.267051082704164 0.1016274753478361
5 75.97387151578582 0.011890677528765653
6 75.97387151578582 0.011890636513470648
9 75.97387151578583 0.014663282041917566
10 75.97387151578583 0.016322925957504012
17 97.68069194886746 0.08599094659895046
18 97.68069194886746 0.014154822581324123
20 97.68069194886749 0.014136380228019881

214.73920007462428
1 32.5602306496225 0.010331030290433153
2 54.26705108270416 0.10167468980217868
3 54.26705108270416 0.10171565134708853
4 54.267051082704164 0.600599602005174
6 75.97387151578582 0.011888196178838023
7 75.97387151578582 0.011886083831165973
8 75.97387151578582 0.01709333027856241
10 75.97387151578583 0.016321031501565112
17 97.68069194886746 0.014143618694766921
18 97.68069194886746 0.014149711266240815
20 97.68069194886749 0.08599559579304471

215.88434124833708
2 54.26705108270416 0.2194690357988205
3 54.26705108270416 0.3474111593213562
4 54.267051082704164 0.21933878169089885
5 75.97387151578582 0.01806923458280257
6 75.97387151578582 0.027115872623052057
7 75.97387151578582 0.018073873460045353
8 75.97387151578582 0.016806369724779075
17 97.68069194886746 0.0327446264498744
18 97.68069194886746 0.04874515061334407
20 97.68069194886749 0.032725424119049044

215.8857372362176
2 54.26705108270416 0.3474700284198852
3 54.26705108270416 0.21949648414010417
4 54.267051082704164 0.2192458451989925
5 75.97387151578582 0.018068926899838685
6 75.97387151578582 0.018068905729013922
7 75.97387151578582 0.02711354182409603
8 75.97387151578582 0.016811521834931578
17 97.68069194886746 0.04875370459563243
18 97.68069194886746 0.03275051945460609
20 97.68069194886749 0.032710856491006884

215.8859359571281
2 54.26705108270416 0.21932023712880264
3 54.26705108270416 0.21933419816255711
4 54.267051082704164 0.3476043832075549
5 75.97387151578582 0.02707343277302548
6 75.97387151578582 0.018068039323556603
7 75.97387151578582 0.01806759739963786
9 75.97387151578583 0.021907240690016535
17 97.68069194886746 0.03272184869059656
18 97.68069194886746 0.03272290767331667
20 97.68069194886749 0.04877657883981625

217.34696212512273
3 54.26705108270416 0.4024026259664906
4 54.267051082704164 0.4023074987934396
7 75.97387151578582 0.032320154068372006
9 75.97387151578583 0.024068527940842084
18 97.68069194886746 0.06014698555564991
20 97.68069194886749 0.06012686314388192

217.34806936451236
2 54.26705108270416 0.4022836889480252
4 54.267051082704164 0.4024259643946758
6 75.97387151578582 0.03232035107585047
9 75.97387151578583 0.0240749102535948
17 97.68069194886746 0.060127370048194836
20 97.68069194886749 0.06014424038801361

217.35004775470983
2 54.26705108270416 0.4023106006400611
3 54.26705108270416 0.40240780919870456
5 75.97387151578582 0.0322711960067873
8 75.97387151578582 0.03209989074118726
17 97.68069194886746 0.06013816694157917
18 97.68069194886746 0.06015077437364555

217.39023231050442
2 54.26705108270416 0.26896751878909875
3 54.26705108270416 0.26887500941360387
4 54.267051082704164 0.2692628401821129
8 75.97387151578582 0.018783910204007628
9 75.97387151578583 0.018810558634243076
17 97.68069194886746 0.04114496719028701
18 97.68069194886746 0.04113068470418136
20 97.68069194886749 0.04119508868229834

220.84925250887738
2 54.26705108270416 0.29099336044128055
3 54.26705108270416 0.28888887868525015
5 75.97387151578582 0.02024775801296016
9 75.97387151578583 0.23090357198820316
10 75.97387151578583 0.01035426845877747
13 97.68069194886746 0.010457449472886494
14 97.68069194886746 0.010463362901688316
17 97.68069194886746 0.047080706381270966
18 97.68069194886746 0.04682359811816385
20 97.68069194886749 0.01217858343755781

220.85401709809778
2 54.26705108270416 0.09831637688806222
3 54.26705108270416 0.10042535604923986
4 54.267051082704164 0.38520733742653196
6 75.97387151578582 0.015195577402691368
7 75.97387151578582 0.01529904615093469
8 75.97387151578582 0.23098340598196115
10 75.97387151578583 0.010344950801919375
15 97.68069194886746 0.011589284226799086
17 97.68069194886746 0.023639978415708224
18 97.68069194886746 0.023896717031511437
20 97.68069194886749 0.058555379804297036

224.58862866098954
1 32.5602306496225 0.01118453628907404
2 54.26705108270416 0.19849405566058662
3 54.26705108270416 0.3101775394606159
4 54.267051082704164 0.3102622958707025
7 75.97387151578582 0.011368740770078066
10 75.97387151578583 0.02507328197673397
17 97.68069194886746 0.03095087519565086
18 97.68069194886746 0.048483949566251135
20 97.68069194886749 0.04849339187605749

224.58903514739092
1 32.5602306496225 0.011208117942593007
2 54.26705108270416 0.3103064211476233
3 54.26705108270416 0.31003858754838826
4 54.267051082704164 0.19859949989971445
5 75.97387151578582 0.01131819038052099
10 75.97387151578583 0.025098483209627008
17 97.68069194886746 0.04849839850157426
18 97.68069194886746 0.048456477714922744
20 97.68069194886749 0.030964127105216108

224.59065703289633
1 32.5602306496225 0.011183194307559293
2 54.26705108270416 0.31022864234109004
3 54.26705108270416 0.1985185908903221
4 54.267051082704164 0.31018466043840226
6 75.97387151578582 0.0113714124157913
10 75.97387151578583 0.025073782989088553
17 97.68069194886746 0.04849116603543643
18 97.68069194886746 0.030955739592624282
20 97.68069194886749 0.04848072210672132

227.1289480072171
1 32.5602306496225 0.010806714350813505
2 54.26705108270416 0.295508641959102
3 54.26705108270416 0.30107065040041325
4 54.267051082704164 0.05988470239120597
8 75.97387151578582 0.17127245366125754
10 75.97387151578583 0.016192850717831924
17 97.68069194886746 0.054575495332887525
18 97.68069194886746 0.05565231608861166

227.13141866675295
1 32.5602306496225 0.010810257698600594
2 54.26705108270416 0.14212093351128194
3 54.26705108270416 0.13677470001810263
4 54.267051082704164 0.3774695310372741
9 75.97387151578583 0.17138000890885458
10 75.97387151578583 0.016197588880951023
17 97.68069194886746 0.024810320910760842
18 97.68069194886746 0.02376746602855684
20 97.68069194886749 0.07049630856582283

228.40432035382946
1 32.5602306496225 0.3129303310150853
2 54.26705108270416 0.12827224903454493
3 54.26705108270416 0.12884419774363604
4 54.267051082704164 0.06199564682330793
5 75.97387151578582 0.22005901441229878
10 75.97387151578583 0.05519553851970113
11 97.68069194886746 0.010118480000695587
16 97.68069194886746 0.01012106246802161
17 97.68069194886746 0.026165152633267987
18 97.68069194886746 0.026250519406423384

228.40580310200454
1 32.5602306496225 0.31320456523168305
2 54.26705108270416 0.06219185360308727
3 54.26705108270416 0.12830528885480366
4 54.267051082704164 0.12899193955928173
7 75.97387151578582 0.21941640621835917
10 75.97387151578583 0.055242167124617644
14 97.68069194886746 0.010517045212146693
18 97.68069194886746 0.026152109525577845
20 97.68069194886749 0.026257071939807555

228.4063472495377
1 32.5602306496225 0.3131933674496743
2 54.26705108270416 0.12849936643526122
3 54.26705108270416 0.06221935178366991
4 54.267051082704164 0.12875380188417548
6 75.97387151578582 0.21944217874187338
10 75.97387151578583 0.05524052830902298
13 97.68069194886746 0.010519536650151845
17 97.68069194886746 0.026182893506958554
20 97.68069194886749 0.02622113531184805

229.01573556399276
1 32.5602306496225 0.3655240673244063
2 54.26705108270416 0.22991127373696735
4 54.267051082704164 0.22962407437814286
5 75.97387151578582 0.012659162052086536
7 75.97387151578582 0.012682139701687587
10 75.97387151578583 0.06466571882394687
17 97.68069194886746 0.034281752058777794
20 97.68069194886749 0.03423535448761913

229.01628472995725
1 32.5602306496225 0.36558883869192155
2 54.26705108270416 0.22999270338569247
3 54.26705108270416 0.2294802159454409
6 75.97387151578582 0.012665624034549799
7 75.97387151578582 0.012669355873620999
10 75.97387151578583 0.06466899441795468
17 97.68069194886746 0.034294079882587265
18 97.68069194886746 0.03421353958572918

229.0171247248391
1 32.5602306496225 0.3655378195461182
3 54.26705108270416 0.23008631525172984
4 54.267051082704164 0.229432748921308
5 75.97387151578582 0.012659991530899585
6 75.97387151578582 0.012682107529564944
10 75.97387151578583 0.0646655487061034
18 97.68069194886746 0.03430932567821955
20 97.68069194886749 0.03420570754082769

229.94899767716112
1 32.5602306496225 0.4409630727735567
2 54.26705108270416 0.1234501432164932
3 54.26705108270416 0.12334530790910847
4 54.267051082704164 0.12362231203951561
8 75.97387151578582 0.029358279091202064
9 75.97387151578583 0.0293214755609873
10 75.97387151578583 0.07593276894689305
17 97.68069194886746 0.01615562631746509
18 97.68069194886746 0.016141231758572117
20 97.68069194886749 0.016181928187264303

232.195773103271
1 32.5602306496225 0.09096645212711782
2 54.26705108270416 0.041873096313471615
3 54.26705108270416 0.0532898515277699
4 54.267051082704164 0.053251072091585076
7 75.97387151578582 0.5841789302774728
8 75.97387151578582 0.012541646432245078
10 75.97387151578583 0.01645890933487064
12 97.68069194886746 0.019222486423875067
14 97.68069194886746 0.02658362397247724
15 97.68069194886746 0.018078550125980596
18 97.68069194886746 0.029778890836290723
20 97.68069194886749 0.029769285545368132

232.1960010101794
1 32.5602306496225 0.09122728459208214
2 54.26705108270416 0.05338571546994096
3 54.26705108270416 0.05338515928065164
4 54.267051082704164 0.04193255888996747
5 75.97387151578582 0.5836037384058077
9 75.97387151578583 0.016708059345709615
10 75.97387151578583 0.016505247339470144
11 97.68069194886746 0.024230434689795365
12 97.68069194886746 0.01920857339223617
16 97.68069194886746 0.024228391812771383
17 97.68069194886746 0.029773759301477406
18 97.68069194886746 0.029771349021216125

232.19603313069982
1 32.5602306496225 0.09097603575103187
2 54.26705108270416 0.053278672583597364
3 54.26705108270416 0.041883335814498296
4 54.267051082704164 0.05326838185026036
6 75.97387151578582 0.5841513928457224
8 75.97387151578582 0.01254372085681755
10 75.97387151578583 0.01646193483365436
12 97.68069194886746 0.01922169090255152
13 97.68069194886746 0.026583545597284357
15 97.68069194886746 0.018076759604076075
17 97.68069194886746 0.029775921027643548
20 97.68069194886749 0.02977051460230674

249.1577116378245
1 32.5602306496225 0.01883834792902883
3 54.26705108270416 0.05068981901519877
8 75.97387151578582 0.5082619706671136
9 75.97387151578583 0.17010396014548765
14 97.68069194886746 0.037691336357668824
16 97.68069194886746 0.06271472612811232
18 97.68069194886746 0.09493385692529942

249.158066149437
1 32.5602306496225 0.01883043431747261
2 54.26705108270416 0.050690875257566215
8 75.97387151578582 0.5082680446375822
9 75.97387151578583 0.17009283914364415
11 97.68069194886746 0.0627134764506836
13 97.68069194886746 0.037691567122304245
17 97.68069194886746 0.09493493259546067

249.1586474856891
1 32.5602306496225 0.01882860806564941
4 54.267051082704164 0.05068393858789249
9 75.97387151578583 0.6772141443099428
19 97.68069194886749 0.10012604240669569
20 97.68069194886749 0.09495404366143742

256.9867622423801
1 32.5602306496225 0.025737981088956197
2 54.26705108270416 0.029049595204634744
4 54.267051082704164 0.02901490454216653
5 75.97387151578582 0.05418942997347385
7 75.97387151578582 0.05390676989744064
8 75.97387151578582 0.15310994333248742
9 75.97387151578583 0.4572406669226598
13 97.68069194886746 0.010096108812073007
14 97.68069194886746 0.07475764526905468
16 97.68069194886746 0.04559483095384285
17 97.68069194886746 0.0212794103498952
20 97.68069194886749 0.021253028951250863

256.9873163592083
1 32.5602306496225 0.02572826676385795
3 54.26705108270416 0.02905346072442627
4 54.267051082704164 0.029018426062471726
5 75.97387151578582 0.054147889169825346
6 75.97387151578582 0.05393836083721667
8 75.97387151578582 0.15315639964807765
9 75.97387151578583 0.45727188193165486
11 97.68069194886746 0.045589962118940085
13 97.68069194886746 0.07476682242402294
14 97.68069194886746 0.010096644635391281
18 97.68069194886746 0.02127362561145598
20 97.68069194886749 0.021250446120991553

256.98996612218576
1 32.5602306496225 0.025719552923106567
2 54.26705108270416 0.029029894988029784
3 54.26705108270416 0.029032407385484637
6 75.97387151578582 0.054017516600013894
7 75.97387151578582 0.054031725351457935
8 75.97387151578582 0.609242658119998
11 97.68069194886746 0.010741021612096975
15 97.68069194886746 0.11861382495057546
16 97.68069194886746 0.010740909998979366
17 97.68069194886746 0.021260034982492973
18 97.68069194886746 0.021262616684197034

260.5275956585861
1 32.5602306496225 0.05913583075943088
2 54.26705108270416 0.03550790736662587
3 54.26705108270416 0.03550966502340034
4 54.267051082704164 0.035499752817318035
5 75.97387151578582 0.20432302711747438
6 75.97387151578582 0.20438210082013547
7 75.97387151578582 0.204378584425046
12 97.68069194886746 0.12789432155974526
17 97.68069194886746 0.02304225459914716
18 97.68069194886746 0.02304195013136136
20 97.68069194886749 0.02304767297323448

260.738600273947
1 32.5602306496225 0.022035137971401053
2 54.26705108270416 0.01910602511858124
4 54.267051082704164 0.019163863585019536
5 75.97387151578582 0.3503818833085137
7 75.97387151578582 0.35056049017121954
10 75.97387151578583 0.01405824138093289
12 97.68069194886746 0.016339190942510386
14 97.68069194886746 0.03809741272807087
16 97.68069194886746 0.050492963647815
17 97.68069194886746 0.014260646818318417
18 97.68069194886746 0.06933291018113683
20 97.68069194886749 0.014306136634958666

260.74048937919986
1 32.5602306496225 0.02200309460660025
3 54.26705108270416 0.01912909249443019
4 54.267051082704164 0.01916206995523303
5 75.97387151578582 0.35057173984468504
6 75.97387151578582 0.3506752856278249
10 75.97387151578583 0.013816691669182498
11 97.68069194886746 0.050542449392501805
12 97.68069194886746 0.016345464791789506
13 97.68069194886746 0.038096634503305214
17 97.68069194886746 0.06932350265925823
18 97.68069194886746 0.014248447479865846
20 97.68069194886749 0.014274231064871332

260.7421380320429
1 32.5602306496225 0.02201498920566645
2 54.26705108270416 0.01914939830967402
3 54.26705108270416 0.01915361284608393
6 75.97387151578582 0.3506198867356706
7 75.97387151578582 0.35061382888270937
10 75.97387151578583 0.013816458806610478
12 97.68069194886746 0.016346772627683696
15 97.68069194886746 0.01934066187421515
17 97.68069194886746 0.014260710062345743
18 97.68069194886746 0.014260475590243975
19 97.68069194886749 0.06928683571783587
20 97.68069194886749 0.06931845069231235

264.2090818549935
1 32.5602306496225 0.0949725888444726
5 75.97387151578582 0.014935163035301728
6 75.97387151578582 0.014797863126694958
7 75.97387151578582 0.014972307983949518
8 75.97387151578582 0.042770698288575444
9 75.97387151578583 0.042762515397251795
10 75.97387151578583 0.562127913213233
17 97.68069194886746 0.06461231797684812
18 97.68069194886746 0.06461739453210927
20 97.68069194886749 0.06460421395119764

269.7137673152825
1 32.5602306496225 0.027523213745240332
2 54.26705108270416 0.066569220469965
5 75.97387151578582 0.286717011558883
6 75.97387151578582 0.2868244201526019
8 75.97387151578582 0.05129690913634854
9 75.97387151578583 0.1356376314163714
11 97.68069194886746 0.026700831775756207
13 97.68069194886746 0.03739370971945895
17 97.68069194886746 0.03443446915591044

269.71397216768736
1 32.5602306496225 0.02753806533837821
3 54.26705108270416 0.06655475643842088
5 75.97387151578582 0.2867442660897485
7 75.97387151578582 0.28679452660480365
8 75.97387151578582 0.05129473600904896
9 75.97387151578583 0.1356235622713297
14 97.68069194886746 0.037393307840418645
16 97.68069194886746 0.02669433108480298
18 97.68069194886746 0.03443599813966081

269.71578325657464
1 32.5602306496225 0.027525157174989275
4 54.267051082704164 0.06658853961345233
6 75.97387151578582 0.2868145117459086
7 75.97387151578582 0.28681740909277387
8 75.97387151578582 0.17772973429454228
15 97.68069194886746 0.05346059535653532
19 97.68069194886749 0.010634208472200788
20 97.68069194886749 0.034438360421148194

275.32882642445264
2 54.26705108270416 0.2464952271969958
3 54.26705108270416 0.24720415875871804
4 54.267051082704164 0.2410458726766152
5 75.97387151578582 0.021130459017096096
6 75.97387151578582 0.02048875899487672
7 75.97387151578582 0.020567711175155243
8 75.97387151578582 0.042863650885688345
9 75.97387151578583 0.041865920076094916
17 97.68069194886746 0.03445624305878413
18 97.68069194886746 0.034550465193175145
20 97.68069194886749 0.03373420225809943

275.6629722414985
2 54.26705108270416 0.1407098150441934
3 54.26705108270416 0.18631192867199597
4 54.267051082704164 0.11156361448975802
5 75.97387151578582 0.2260143216439329
6 75.97387151578582 0.038603527759348964
7 75.97387151578582 0.1558473670157378
8 75.97387151578582 0.019347620050889244
9 75.97387151578583 0.02057836822485327
12 97.68069194886746 0.010372090938896582
17 97.68069194886746 0.019862154092467714
18 97.68069194886746 0.02341185391875326
20 97.68069194886749 0.017488781172980444

275.6636808571767
2 54.26705108270416 0.1497988141459361
3 54.26705108270416 0.1034895887707797
4 54.267051082704164 0.18454336859329032
5 75.97387151578582 0.05384249580635613
6 75.97387151578582 0.24252855496929399
7 75.97387151578582 0.12500283426682005
8 75.97387151578582 0.019998069028812182
9 75.97387151578583 0.019792554272493934
12 97.68069194886746 0.010398866363325068
15 97.68069194886746 0.011845906488446974
17 97.68069194886746 0.020406044299457998
18 97.68069194886746 0.01677139106963168
20 97.68069194886749 0.023513181443682873

276.1619881501549
1 32.5602306496225 0.010964813489919246
3 54.26705108270416 0.34443749291905196
4 54.267051082704164 0.3452159336678005
5 75.97387151578582 0.011755655560705553
6 75.97387151578582 0.011758315914058116
7 75.97387151578582 0.07164651763658762
8 75.97387151578582 0.023541196935976408
9 75.97387151578583 0.06382390151759146
18 97.68069194886746 0.045362665180796395
20 97.68069194886749 0.04547556888712166

276.1620884371029
1 32.5602306496225 0.01099540965784071
2 54.26705108270416 0.3447402732795594
4 54.267051082704164 0.34490773717928924
5 75.97387151578582 0.011741468202083246
6 75.97387151578582 0.07163678261317331
7 75.97387151578582 0.011768626237292633
8 75.97387151578582 0.02354817582047528
9 75.97387151578583 0.06380597473288217
17 97.68069194886746 0.04540844425090744
20 97.68069194886749 0.04543213677752057

276.16619948878395
1 32.5602306496225 0.0109956792562335
2 54.26705108270416 0.3447580274891473
3 54.26705108270416 0.3448835212022173
5 75.97387151578582 0.07164747119284304
6 75.97387151578582 0.011756562963443448
7 75.97387151578582 0.01176328452346529
8 75.97387151578582 0.08398610595401443
17 97.68069194886746 0.04541093593800105
18 97.68069194886746 0.045430040147757436

276.912571356107
2 54.26705108270416 0.15497414081799066
3 54.26705108270416 0.14615737169942467
4 54.267051082704164 0.02577327640697624
5 75.97387151578582 0.022572907853951198
6 75.97387151578582 0.22498193689874657
7 75.97387151578582 0.24021672082672352
8 75.97387151578582 0.04425912780973561
9 75.97387151578583 0.03414900004255928
12 97.68069194886746 0.022908884408114845
15 97.68069194886746 0.011350851187848439
17 97.68069194886746 0.02551425163451382
18 97.68069194886746 0.024012524819585355

276.9130460339808
2 54.26705108270416 0.06250186486202622
3 54.26705108270416 0.071624327382781
4 54.267051082704164 0.19202441705255638
5 75.97387151578582 0.30337393949348673
6 75.97387151578582 0.1002007993985367
7 75.97387151578582 0.08512933084527764
8 75.97387151578582 0.03402916322401342
9 75.97387151578583 0.044222442231565254
12 97.68069194886746 0.02294021030742469
18 97.68069194886746 0.011459897826375262
20 97.68069194886749 0.031777587358554085

276.97221068854043
1 32.5602306496225 0.01989448012330332
2 54.26705108270416 0.08545883602401537
3 54.26705108270416 0.3132090355716177
4 54.267051082704164 0.31250455026382506
5 75.97387151578582 0.02896136427411258
6 75.97387151578582 0.028888072543487853
7 75.97387151578582 0.04079422025295105
8 75.97387151578582 0.02543250499874609
9 75.97387151578583 0.02482523230784901
18 97.68069194886746 0.0446102409372906
20 97.68069194886749 0.044508066705600785

276.9741898460181
1 32.5602306496225 0.019878854192470916
2 54.26705108270416 0.31309647348167075
3 54.26705108270416 0.0854463937975657
4 54.267051082704164 0.31265120273729186
5 75.97387151578582 0.028942971293999538
6 75.97387151578582 0.0407990068792821
7 75.97387151578582 0.028900012434677897
8 75.97387151578582 0.02544373339712852
9 75.97387151578583 0.02481038497418889
17 97.68069194886746 0.044593668981828614
20 97.68069194886749 0.04452795425812696

276.9744988922063
1 32.5602306496225 0.01999750052954575
2 54.26705108270416 0.3132558447704388
3 54.26705108270416 0.3130113986334222
4 54.267051082704164 0.08500222695061585
5 75.97387151578582 0.040816707873762396
6 75.97387151578582 0.028875539479819582
7 75.97387151578582 0.02885074109553569
8 75.97387151578582 0.024398677167588586
9 75.97387151578583 0.02572277618992283
17 97.68069194886746 0.044625468232829285
18 97.68069194886746 0.044589832407015105

277.8366418695532
1 32.5602306496225 0.10198269630173742
2 54.26705108270416 0.1928987515458691
3 54.26705108270416 0.19261926081468733
4 54.267051082704164 0.19236674006347265
5 75.97387151578582 0.02630536406481908
6 75.97387151578582 0.026356267653542608
7 75.97387151578582 0.026425413734580995
8 75.97387151578582 0.04500023736203158
9 75.97387151578583 0.04487799599972842
10 75.97387151578583 0.0159895763808308
12 97.68069194886746 0.017435093952203336
17 97.68069194886746 0.03325006363051039
18 97.68069194886746 0.03321554356581781
20 97.68069194886749 0.0331815297508372

278.0869359973535
1 32.5602306496225 0.09377515900746553
2 54.26705108270416 0.15189826608143764
3 54.26705108270416 0.30446703388935514
4 54.267051082704164 0.15281518766119465
5 75.97387151578582 0.046055918682947984
7 75.97387151578582 0.04590762519162608
8 75.97387151578582 0.045518997092689584
9 75.97387151578583 0.024228157828766122
10 75.97387151578583 0.014299694739935679
16 97.68069194886746 0.011130062201170174
17 97.68069194886746 0.02493962970394701
18 97.68069194886746 0.046852285114126944
20 97.68069194886749 0.0250727128999722

278.08713190491807
1 32.5602306496225 0.09359202732076695
2 54.26705108270416 0.1523179313803111
3 54.26705108270416 0.15201647510642874
4 54.267051082704164 0.30485616342272825
6 75.97387151578582 0.046022907794535065
7 75.97387151578582 0.04604004089391789
8 75.97387151578582 0.013621953776992272
9 75.97387151578583 0.05625796792924883
10 75.97387151578583 0.014269100305898922
17 97.68069194886746 0.02499161037922145
18 97.68069194886746 0.0249487672990725
19 97.68069194886749 0.013622711757937101
20 97.68069194886749 0.04689422350581392

278.0872787176271
1 32.5602306496225 0.09372657434964467
2 54.26705108270416 0.3044141911992027
3 54.26705108270416 0.15226780489500594
4 54.267051082704164 0.1525206493851541
5 75.97387151578582 0.04604560338037909
6 75.97387151578582 0.04593245071918284
8 75.97387151578582 0.045578944811316136
9 75.97387151578583 0.024186691284329865
10 75.97387151578583 0.01428902795156561
11 97.68069194886746 0.011130063475391453
17 97.68069194886746 0.04684293611292935
18 97.68069194886746 0.024991395304164474
20 97.68069194886749 0.02503115806661893

278.8806121151013
1 32.5602306496225 0.11138487931334715
2 54.26705108270416 0.3385224077159183
3 54.26705108270416 0.3389351995286953
4 54.267051082704164 0.015195166002117996
5 75.97387151578582 0.013576141009151036
6 75.97387151578582 0.01497325631387842
7 75.97387151578582 0.014955500646421394
10 75.97387151578583 0.02097825770829298
17 97.68069194886746 0.05174186807892555
18 97.68069194886746 0.05180119532539859

278.885638193601
1 32.5602306496225 0.1114268283091373
2 54.26705108270416 0.33899700319559223
3 54.26705108270416 0.015205192623985501
4 54.267051082704164 0.33838607554538286
5 75.97387151578582 0.014862843207243162
6 75.97387151578582 0.013584339752122475
7 75.97387151578582 0.015064969185159883
10 75.97387151578583 0.020990824155729455
17 97.68069194886746 0.05180970819619354
20 97.68069194886749 0.051722210852346906

278.885727108603
1 32.5602306496225 0.11140663047769066
2 54.26705108270416 0.015194454904851766
3 54.26705108270416 0.3387713209284593
4 54.267051082704164 0.33866130158920826
5 75.97387151578582 0.014873346459176257
6 75.97387151578582 0.015055846131188903
7 75.97387151578582 0.0135723980634286
10 75.97387151578583 0.020987487411049888
18 97.68069194886746 0.05177676154808131
20 97.68069194886749 0.051762009020593906

285.0784014663052
2 54.26705108270416 0.3016482339305411
3 54.26705108270416 0.2222478300872926
4 54.267051082704164 0.2317063147386944
5 75.97387151578582 0.03390967096273698
6 75.97387151578582 0.03768019967219648
10 75.97387151578583 0.035378807728938526
17 97.68069194886746 0.04834467249585711
18 97.68069194886746 0.03478403761209955
20 97.68069194886749 0.03639502720840443

285.078698106819
2 54.26705108270416 0.20206989048999535
3 54.26705108270416 0.28143031884796976
4 54.267051082704164 0.2721217174126009
5 75.97387151578582 0.017931970315495316
6 75.97387151578582 0.014195089074462302
7 75.97387151578582 0.04565252777547417
10 75.97387151578583 0.035374676487562
17 97.68069194886746 0.031336567982455106
18 97.68069194886746 0.04489297004215596
20 97.68069194886749 0.04329703493777862

285.3470181285639
1 32.5602306496225 0.012441650703208452
2 54.26705108270416 0.013940607837382338
3 54.26705108270416 0.01395873328965512
4 54.267051082704164 0.014009848929398864
8 75.97387151578582 0.3798195594564599
9 75.97387151578583 0.3809401680590495
11 97.68069194886746 0.01894550908941508
13 97.68069194886746 0.01712786733493739
14 97.68069194886746 0.017126143667448242
15 97.68069194886746 0.014289971950321322
16 97.68069194886746 0.018939527653133295
17 97.68069194886746 0.02504414115848516
18 97.68069194886746 0.02503483109388136
19 97.68069194886749 0.02178262929807372
20 97.68069194886749 0.025098694734160765

285.71099144276434
2 54.26705108270416 0.2749613839875047
3 54.26705108270416 0.27494267532281536
4 54.267051082704164 0.2585315610256068
10 75.97387151578583 0.03306327536709051
17 97.68069194886746 0.04224638713041717
18 97.68069194886746 0.04224032855844548
20 97.68069194886749 0.03907811925665596

285.71206930628256
2 54.26705108270416 0.27438896823574455
3 54.26705108270416 0.2578539936515243
4 54.267051082704164 0.27434765958225193
10 75.97387151578583 0.033006731635624405
17 97.68069194886746 0.0422200715877051
18 97.68069194886746 0.0390520449333017
20 97.68069194886749 0.04217683297540559

285.71267018807055
2 54.26705108270416 0.2584106310525499
3 54.26705108270416 0.2749148133920147
4 54.267051082704164 0.27479241338576677
10 75.97387151578583 0.03305493034972898
17 97.68069194886746 0.03906120473764948
18 97.68069194886746 0.042236042268686144
20 97.68069194886749 0.042244209658260555

286.8620419002558
4 54.267051082704164 0.02346211000466032
5 75.97387151578582 0.014054436489201422
9 75.97387151578583 0.7648381626938263
13 97.68069194886746 0.02820715189995214
14 97.68069194886746 0.028207794588098557
19 97.68069194886749 0.0529577172678599
20 97.68069194886749 0.056088440058161035

286.86256975513345
3 54.26705108270416 0.02338394281357749
6 75.97387151578582 0.014054835216481442
8 75.97387151578582 0.5741221335749234
9 75.97387151578583 0.19105525393068792
11 97.68069194886746 0.026881081375338806
14 97.68069194886746 0.01991762430677299
15 97.68069194886746 0.017688298176541647
16 97.68069194886746 0.0331767148283268
18 97.68069194886746 0.056101527984959
19 97.68069194886749 0.012313691850074452

286.863050422315
2 54.26705108270416 0.023376979494191433
7 75.97387151578582 0.014057589552559759
8 75.97387151578582 0.5740915312582419
9 75.97387151578583 0.19107183605474243
11 97.68069194886746 0.03316877499850793
13 97.68069194886746 0.01991808898526501
15 97.68069194886746 0.01768639325687214
16 97.68069194886746 0.0268848842920318
17 97.68069194886746 0.056097762668973525
19 97.68069194886749 0.012315314419887279

287.7062743606483
8 75.97387151578582 0.38887698349106653
9 75.97387151578583 0.3983525245779466
11 97.68069194886746 0.022178480501093226
13 97.68069194886746 0.021185073760882616
14 97.68069194886746 0.020445539599310964
15 97.68069194886746 0.014413952124449651
16 97.68069194886746 0.021356727402003162
17 97.68069194886746 0.02301654021775541
18 97.68069194886746 0.02166100267433476
19 97.68069194886749 0.017483665446421777
20 97.68069194886749 0.013107161501776135

287.70985974200266
4 54.267051082704164 0.010138584038093371
8 75.97387151578582 0.3985201927439915
9 75.97387151578583 0.3885513132437725
11 97.68069194886746 0.017886688878378614
13 97.68069194886746 0.016786818003376624
14 97.68069194886746 0.017530266892252656
15 97.68069194886746 0.02050294579420986
16 97.68069194886746 0.01871657732265337
17 97.68069194886746 0.015515916175850264
18 97.68069194886746 0.016875873449826165
19 97.68069194886749 0.025597661492478
20 97.68069194886749 0.0254063359412119

290.16744600555074
2 54.26705108270416 0.0105310437356566
3 54.26705108270416 0.010532947091306288
4 54.267051082704164 0.010529661630934413
5 75.97387151578582 0.034086113256908315
6 75.97387151578582 0.03403744308586188
7 75.97387151578582 0.03404331317692043
8 75.97387151578582 0.2961217051821654
9 75.97387151578583 0.296699752502719
10 75.97387151578583 0.05577697004786039
11 97.68069194886746 0.035521147141321326
13 97.68069194886746 0.024947535259169255
14 97.68069194886746 0.024946906069934424
16 97.68069194886746 0.035517392810312715
19 97.68069194886749 0.05146599250177647

290.9968343843991
2 54.26705108270416 0.011476094291704457
3 54.26705108270416 0.011476296988455658
8 75.97387151578582 0.817826150501449
11 97.68069194886746 0.03401275257840578
15 97.68069194886746 0.03164696453246443
16 97.68069194886746 0.03400391453957709
17 97.68069194886746 0.019643829275071138
18 97.68069194886746 0.0196447280570433

290.997327292506
3 54.26705108270416 0.0114663432916065
4 54.267051082704164 0.011469539696770972
8 75.97387151578582 0.20427220998201054
9 75.97387151578583 0.6135466313640315
11 97.68069194886746 0.011863848004703022
13 97.68069194886746 0.01979588277623435
14 97.68069194886746 0.028640452584420363
18 97.68069194886746 0.019640945685275347
19 97.68069194886749 0.028545801780218025
20 97.68069194886749 0.01964289394103849

290.9973326999414
2 54.26705108270416 0.011466030122029465
4 54.267051082704164 0.011473220164784083
8 75.97387151578582 0.20422943700547563
9 75.97387151578583 0.6135776268268097
13 97.68069194886746 0.028639902563665238
14 97.68069194886746 0.01979831294018148
16 97.68069194886746 0.011861394725570962
17 97.68069194886746 0.019639427075255973
19 97.68069194886749 0.02854656964440912
20 97.68069194886749 0.01964629486225161

297.22206116073147
1 32.5602306496225 0.056458156244575196
2 54.26705108270416 0.012220796086061895
4 54.267051082704164 0.012288107024274549
5 75.97387151578582 0.22311669004143847
6 75.97387151578582 0.2277414662924867
7 75.97387151578582 0.2189870367666978
8 75.97387151578582 0.02202842258257252
9 75.97387151578583 0.026121033173776155
12 97.68069194886746 0.02265640181681
13 97.68069194886746 0.02803750728053146
14 97.68069194886746 0.013820062959277186
15 97.68069194886746 0.025023537330020936
16 97.68069194886746 0.015083091895420323
17 97.68069194886746 0.0200590278509226
18 97.68069194886746 0.026109853950660955
20 97.68069194886749 0.01978857918669837

297.23254910756685
2 54.26705108270416 0.013024781378294444
3 54.26705108270416 0.013025013768905117
5 75.97387151578582 0.25767341001342176
6 75.97387151578582 0.24830994548325364
7 75.97387151578582 0.24830103233758605
8 75.97387151578582 0.010035679420825054
11 97.68069194886746 0.025869396001994775
12 97.68069194886746 0.02528259086669459
13 97.68069194886746 0.01123513281656163
14 97.68069194886746 0.011236310679718968
15 97.68069194886746 0.014128866103040932
16 97.68069194886746 0.025856557399890574
17 97.68069194886746 0.020933044674878054
18 97.68069194886746 0.020932260122221772
19 97.68069194886749 0.015970951127945485
20 97.68069194886749 0.027887890090995234

297.2333199647691
3 54.26705108270416 0.013023979748447918
4 54.267051082704164 0.01303449197172417
5 75.97387151578582 0.2484585406634665
6 75.97387151578582 0.2484145687611343
7 75.97387151578582 0.25750525467384056
11 97.68069194886746 0.015288869261727556
12 97.68069194886746 0.02528789178399235
13 97.68069194886746 0.014822949125316292
14 97.68069194886746 0.03071581069021478
15 97.68069194886746 0.02829336437769539
17 97.68069194886746 0.02790344314791178
18 97.68069194886746 0.02093340474043034
20 97.68069194886749 0.02094124043874175

297.3124553898023
1 32.5602306496225 0.41336041497626563
5 75.97387151578582 0.02762716884498706
6 75.97387151578582 0.031974956889140836
7 75.97387151578582 0.03175280818089396
8 75.97387151578582 0.1525846968007816
9 75.97387151578583 0.1535203135441299
10 75.97387151578583 0.06398792604957725
11 97.68069194886746 0.010325213454303256
16 97.68069194886746 0.01125597510335767
17 97.68069194886746 0.01265037935756392
18 97.68069194886746 0.01356184563593421
19 97.68069194886749 0.01610227987364833
20 97.68069194886749 0.012915197479656157

299.8671803072829
1 32.5602306496225 0.013108650279097668
3 54.26705108270416 0.010406941305661848
5 75.97387151578582 0.7498515175270783
6 75.97387151578582 0.010646449225726497
7 75.97387151578582 0.011046624003999993
9 75.97387151578583 0.010093648591250472
10 75.97387151578583 0.010385943778431727
11 97.68069194886746 0.035752777458077
12 97.68069194886746 0.03440423990814916
16 97.68069194886746 0.03560401172043881
17 97.68069194886746 0.026846338556291753
18 97.68069194886746 0.026705010587853295

299.8729653675985
3 54.26705108270416 0.010067546878041372
4 54.267051082704164 0.010006361027708183
5 75.97387151578582 0.010985401169591548
6 75.97387151578582 0.010824079461188223
7 75.97387151578582 0.7607758803139653
12 97.68069194886746 0.03482840196382274
14 97.68069194886746 0.0368467060841261
15 97.68069194886746 0.020563598286357572
18 97.68069194886746 0.02700037214386169
19 97.68069194886749 0.01729595224775704
20 97.68069194886749 0.027029727173301866

299.874034932788
2 54.26705108270416 0.010030584968532888
4 54.267051082704164 0.01003671361302629
5 75.97387151578582 0.010667879666063801
6 75.97387151578582 0.7632242109906655
7 75.97387151578582 0.010615925281399163
12 97.68069194886746 0.03499035943625135
13 97.68069194886746 0.036968272434424826
15 97.68069194886746 0.02063366156656569
17 97.68069194886746 0.027065117226500655
19 97.68069194886749 0.01728287585100027
20 97.68069194886749 0.02708798782756685

300.09671826586333
1 32.5602306496225 0.5322075110782143
2 54.26705108270416 0.027141023150746048
3 54.26705108270416 0.027180194418446053
5 75.97387151578582 0.05650721867608602
9 75.97387151578583 0.18277207453004596
10 75.97387151578583 0.08342535364337504
19 97.68069194886749 0.020907377489976668
20 97.68069194886749 0.010941179345700065

300.09744128121577
1 32.5602306496225 0.5340127932528893
2 54.26705108270416 0.027247753295641133
4 54.267051082704164 0.027247643358189966
6 75.97387151578582 0.05660695408743139
8 75.97387151578582 0.13877661962196616
9 75.97387151578583 0.049330189678325295
10 75.97387151578583 0.08370337181914282
14 97.68069194886746 0.011112202330215143
16 97.68069194886746 0.015048881779494788
18 97.68069194886746 0.010892770137349427

300.100860648624
1 32.5602306496225 0.5246042215211603
3 54.26705108270416 0.026890264852601608
4 54.267051082704164 0.02680283207552097
5 75.97387151578582 0.018933464825956096
7 75.97387151578582 0.05619082669315261
8 75.97387151578582 0.13616001136729952
9 75.97387151578583 0.04835515112651664
10 75.97387151578583 0.08237707131676786
11 97.68069194886746 0.015449152009796348
13 97.68069194886746 0.010907425351580282
17 97.68069194886746 0.011154824470400946

301.07285311972987
3 54.26705108270416 0.014945589674678714
5 75.97387151578582 0.3861139819658349
6 75.97387151578582 0.017758882153922337
7 75.97387151578582 0.386405652236138
11 97.68069194886746 0.018025565427072208
12 97.68069194886746 0.030853004599621706
14 97.68069194886746 0.027245553124645546
15 97.68069194886746 0.018594503897029557
16 97.68069194886746 0.021386441041435195
17 97.68069194886746 0.01182678336097279
18 97.68069194886746 0.025730595905742146
20 97.68069194886749 0.011844029498414258

301.07346752000507
2 54.26705108270416 0.014957129192793003
5 75.97387151578582 0.3855857652262996
6 75.97387151578582 0.3864890033191793
7 75.97387151578582 0.01782628716859181
11 97.68069194886746 0.021354712125029682
12 97.68069194886746 0.030856512665870247
13 97.68069194886746 0.027240607387686452
15 97.68069194886746 0.018592109408477036
16 97.68069194886746 0.018004767645562483
17 97.68069194886746 0.025712164457968714
18 97.68069194886746 0.011813383465257576
20 97.68069194886749 0.011855300727687488

301.0754299948186
4 54.267051082704164 0.014947293968230595
5 75.97387151578582 0.017450468136962105
6 75.97387151578582 0.38634983596008177
7 75.97387151578582 0.38665896648786385
12 97.68069194886746 0.030784426531526472
13 97.68069194886746 0.021407589669825238
14 97.68069194886746 0.021417050698017765
15 97.68069194886746 0.03604574897484797
17 97.68069194886746 0.011822996514003889
18 97.68069194886746 0.011833815459993124
19 97.68069194886749 0.012618381649752354
20 97.68069194886749 0.02575715369431552

301.71422699558127
1 32.5602306496225 0.5255815717877641
2 54.26705108270416 0.012627355373274918
3 54.26705108270416 0.031004142811002576
4 54.267051082704164 0.030359854882859513
5 75.97387151578582 0.10385548684311292
6 75.97387151578582 0.06271766128771358
7 75.97387151578582 0.03116668180288027
8 75.97387151578582 0.015156195398445527
9 75.97387151578583 0.0385050225422288
10 75.97387151578583 0.09115450895448307
11 97.68069194886746 0.010189671294108145
17 97.68069194886746 0.012879860066598333

301.73104493992787
1 32.5602306496225 0.6024469283836679
2 54.26705108270416 0.03482084537050528
3 54.26705108270416 0.013796052661513604
4 54.267051082704164 0.0348281141434861
5 75.97387151578582 0.04829188510070292
6 75.97387151578582 0.012239396017960447
7 75.97387151578582 0.0482381062561343
8 75.97387151578582 0.015638294250942104
9 75.97387151578583 0.043461231933245824
10 75.97387151578583 0.10429908539686775
18 97.68069194886746 0.011111283938038225

301.7333502532547
1 32.5602306496225 0.6024927695745107
2 54.26705108270416 0.03481410426413882
3 54.26705108270416 0.03482495654498218
4 54.267051082704164 0.013788142554816456
5 75.97387151578582 0.012231449286258926
6 75.97387151578582 0.048257164827297735
7 75.97387151578582 0.048270837988385336
8 75.97387151578582 0.057385044051238024
10 75.97387151578583 0.1043007616772325
20 97.68069194886749 0.01110554478625286

301.82478039925314
5 75.97387151578582 0.1523151693800667
6 75.97387151578582 0.15144653812406392
7 75.97387151578582 0.5016014345008093
9 75.97387151578583 0.012113888412202787
12 97.68069194886746 0.019070112447028737
14 97.68069194886746 0.02922730301219474
15 97.68069194886746 0.020472001829085512
17 97.68069194886746 0.011756001561743923
18 97.68069194886746 0.025541812676951145
19 97.68069194886749 0.014899382589042097
20 97.68069194886749 0.02551711200721318

301.8254314552236
5 75.97387151578582 0.15191609642056714
6 75.97387151578582 0.5017124889659444
7 75.97387151578582 0.15175126672480754
9 75.97387151578583 0.012118629864851812
12 97.68069194886746 0.019071474486688115
13 97.68069194886746 0.029245997069253717
15 97.68069194886746 0.020468274397663546
17 97.68069194886746 0.025543141645082694
18 97.68069194886746 0.011752542408590878
19 97.68069194886749 0.014914861994420476
20 97.68069194886749 0.025520188244991297

301.84445808615703
1 32.5602306496225 0.07731540590513312
5 75.97387151578582 0.44586720264442553
6 75.97387151578582 0.137596543849852
7 75.97387151578582 0.13280606945496432
8 75.97387151578582 0.016624314963696943
10 75.97387151578583 0.01316763322350274
11 97.68069194886746 0.025277386661439902
12 97.68069194886746 0.01729288213849331
16 97.68069194886746 0.02441573648185098
17 97.68069194886746 0.02373648847590783
18 97.68069194886746 0.02277040267281159
20 97.68069194886749 0.010639783851698066

303.5267455528157
3 54.26705108270416 0.010167287785817295
4 54.267051082704164 0.010563121162417467
5 75.97387151578582 0.12100145049757653
6 75.97387151578582 0.1456109647338727
7 75.97387151578582 0.5318127074859023
12 97.68069194886746 0.03649107115349825
14 97.68069194886746 0.020647593415868287
15 97.68069194886746 0.01565104707259292
18 97.68069194886746 0.025651665116044886
20 97.68069194886749 0.026818840303582243

303.5275820787231
2 54.26705108270416 0.012575114524483979
5 75.97387151578582 0.41130665146953116
6 75.97387151578582 0.38666172852105574
11 97.68069194886746 0.011887195990477299
12 97.68069194886746 0.0364855402595729
13 97.68069194886746 0.013573975801691065
16 97.68069194886746 0.017136597530731525
17 97.68069194886746 0.03263063633499875
18 97.68069194886746 0.014066182275089113
20 97.68069194886749 0.012872988268791075

307.80340562121506
1 32.5602306496225 0.11634272397379003
3 54.26705108270416 0.011684593730455698
4 54.267051082704164 0.011694957695369448
5 75.97387151578582 0.018119837252173497
6 75.97387151578582 0.01809000568048966
7 75.97387151578582 0.02246894778739218
8 75.97387151578582 0.028337936679295846
9 75.97387151578583 0.031945281151802146
10 75.97387151578583 0.5958012110250389
17 97.68069194886746 0.07359416094975153
18 97.68069194886746 0.026433527968336003
20 97.68069194886749 0.02643652693620006

307.8035134252288
1 32.5602306496225 0.11635996223291194
2 54.26705108270416 0.01169137864339151
4 54.267051082704164 0.011699465238635751
5 75.97387151578582 0.018106217543709516
6 75.97387151578582 0.022468181924448667
7 75.97387151578582 0.018088853329742315
8 75.97387151578582 0.0283460680271581
9 75.97387151578583 0.031937248534581485
10 75.97387151578583 0.5957916784874296
17 97.68069194886746 0.02643554611365818
18 97.68069194886746 0.07359084832177294
20 97.68069194886749 0.02643707289360101

307.80509354108534
1 32.5602306496225 0.11634607172878622
2 54.26705108270416 0.01166946185166158
3 54.26705108270416 0.011670626126233007
5 75.97387151578582 0.02251979809677843
6 75.97387151578582 0.018098849304653126
7 75.97387151578582 0.018098329440885713
8 75.97387151578582 0.033655235075219475
9 75.97387151578583 0.02655135954839732
10 75.97387151578583 0.5958879463089262
17 97.68069194886746 0.026431516170173475
18 97.68069194886746 0.026431709005550304
20 97.68069194886749 0.07359712909318297

310.05954883092346
2 54.26705108270416 0.015653946575328235
3 54.26705108270416 0.018047341406425225
4 54.267051082704164 0.029518313828658715
6 75.97387151578582 0.031109589213601112
7 75.97387151578582 0.03714035654575277
8 75.97387151578582 0.31712107808418816
9 75.97387151578583 0.3220217960303605
10 75.97387151578583 0.011889599732778915
11 97.68069194886746 0.025925514270052172
16 97.68069194886746 0.030375074223482974
17 97.68069194886746 0.013823067537361806
18 97.68069194886746 0.021024577257789764
19 97.68069194886749 0.04218056835276193
20 97.68069194886749 0.0557885037681673

310.06220790525094
2 54.26705108270416 0.026507597223430546
3 54.26705108270416 0.024139998012772234
4 54.267051082704164 0.012580860589678665
5 75.97387151578582 0.044888189445700034
6 75.97387151578582 0.015689119315030572
8 75.97387151578582 0.3222395975324351
9 75.97387151578583 0.31686287272363106
10 75.97387151578583 0.011892840556824763
11 97.68069194886746 0.013887997034187326
13 97.68069194886746 0.02895147202568461
14 97.68069194886746 0.031233041231630884
15 97.68069194886746 0.02687496353568165
17 97.68069194886746 0.046613565742076875
18 97.68069194886746 0.03943100829026153

312.29816605877517
1 32.5602306496225 0.2318585226714661
2 54.26705108270416 0.07739432042888447
3 54.26705108270416 0.07737367904933443
4 54.267051082704164 0.0774189425660484
8 75.97387151578582 0.16458859664183367
9 75.97387151578583 0.1650515044582047
10 75.97387151578583 0.03828013540768569
11 97.68069194886746 0.013024887165244595
16 97.68069194886746 0.013021768124911147
17 97.68069194886746 0.03062181195935055
18 97.68069194886746 0.030605893776489358
19 97.68069194886749 0.020030648780518526
20 97.68069194886749 0.030676785074524628

314.02248748785973
1 32.5602306496225 0.11037337348182812
2 54.26705108270416 0.08819290792330808
3 54.26705108270416 0.017352636634076907
4 54.267051082704164 0.01732613297778737
5 75.97387151578582 0.030973794088019698
6 75.97387151578582 0.03089442872091765
8 75.97387151578582 0.3661162332142111
9 75.97387151578583 0.12208961384445537
10 75.97387151578583 0.02367415726921196
11 97.68069194886746 0.03669056299485145
13 97.68069194886746 0.0239972348858424
16 97.68069194886746 0.01422382788550056
17 97.68069194886746 0.08440678830145766

314.02262352946894
1 32.5602306496225 0.1103614955171745
2 54.26705108270416 0.017331472286710822
3 54.26705108270416 0.017328819337803995
4 54.267051082704164 0.08819009094926486
6 75.97387151578582 0.030923810011540657
7 75.97387151578582 0.03092533298295754
9 75.97387151578583 0.48810440303744573
10 75.97387151578583 0.023675876441735057
13 97.68069194886746 0.014306701821198411
14 97.68069194886746 0.01430695556060318
19 97.68069194886749 0.05566089550106161
20 97.68069194886749 0.08442010358939367

314.02356324323466
1 32.5602306496225 0.1103593201134081
2 54.26705108270416 0.01734582826289504
3 54.26705108270416 0.08818176134421006
4 54.267051082704164 0.01732572890600734
5 75.97387151578582 0.030982150619986104
7 75.97387151578582 0.03095302719678481
8 75.97387151578582 0.36602146531793717
9 75.97387151578583 0.12211711636888853
10 75.97387151578583 0.023684522236135437
11 97.68069194886746 0.014229820148870614
14 97.68069194886746 0.024001972991867414
16 97.68069194886746 0.036672046207590424
18 97.68069194886746 0.08440622771120448

314.6843382110702
1 32.5602306496225 0.012565142440335462
5 75.97387151578582 0.22946358926488805
6 75.97387151578582 0.22962268474982325
7 75.97387151578582 0.22962426962649235
8 75.97387151578582 0.04868515345250263
9 75.97387151578583 0.04865431558180711
10 75.97387151578583 0.10107290094861816
11 97.68069194886746 0.010300321546272943
12 97.68069194886746 0.013966184012076647
13 97.68069194886746 0.012776895169360022
14 97.68069194886746 0.012779142234352696
15 97.68069194886746 0.0164958373887906
16 97.68069194886746 0.010299800139450099

318.65518812576255
2 54.26705108270416 0.02959960545808908
3 54.26705108270416 0.029598752307849918
4 54.267051082704164 0.029595222559009014
8 75.97387151578582 0.3692900104318434
9 75.97387151578583 0.3692484889710537
11 97.68069194886746 0.015985250922908773
13 97.68069194886746 0.024409900365132176
14 97.68069194886746 0.024410201313962036
15 97.68069194886746 0.03706442365375974
16 97.68069194886746 0.015984065231961043
17 97.68069194886746 0.012993216529191033
18 97.68069194886746 0.012994069471094438
20 97.68069194886749 0.012989627435401366

319.38242723438657
1 32.5602306496225 0.05596237388833802
2 54.26705108270416 0.03912125695602931
3 54.26705108270416 0.03911207466616622
5 75.97387151578582 0.015769088540395635
6 75.97387151578582 0.025352080429334647
7 75.97387151578582 0.0253733006562629
8 75.97387151578582 0.5789878529936527
10 75.97387151578583 0.05360511991043092
11 97.68069194886746 0.014204393485132027
15 97.68069194886746 0.0626782259861969
16 97.68069194886746 0.014193675496366676
17 97.68069194886746 0.026319753116176632
18 97.68069194886746 0.02633015247507592

319.3831055684242
1 32.5602306496225 0.05596640726194967
3 54.26705108270416 0.03911721929166988
4 54.267051082704164 0.039099413070429946
5 75.97387151578582 0.025420766878690708
6 75.97387151578582 0.025404940448810944
7 75.97387151578582 0.015782854170006317
8 75.97387151578582 0.14703306858527151
9 75.97387151578583 0.43491082324218894
10 75.97387151578583 0.053714729564904834
11 97.68069194886746 0.024930826246916192
13 97.68069194886746 0.04003420713577972
14 97.68069194886746 0.01251193029782418
18 97.68069194886746 0.026327862851475488
19 97.68069194886749 0.0106903104832184
20 97.68069194886749 0.02632564573428421

319.383835358625
1 32.5602306496225 0.055960563334444186
2 54.26705108270416 0.0391204261959756
4 54.267051082704164 0.039099365867448804
5 75.97387151578582 0.025367054559364038
6 75.97387151578582 0.015765982615718956
7 75.97387151578582 0.02541095899705577
8 75.97387151578582 0.14708836404310327
9 75.97387151578583 0.434931454770117
10 75.97387151578583 0.05371482786109071
13 97.68069194886746 0.012520840827430199
14 97.68069194886746 0.04003706244329489
16 97.68069194886746 0.024927060544793333
17 97.68069194886746 0.026314276244651425
19 97.68069194886749 0.010686194090708314
20 97.68069194886749 0.026334561081575995

320.91055922798694
1 32.5602306496225 0.048653576021096975
2 54.26705108270416 0.02429516071456793
3 54.26705108270416 0.024273977995166462
4 54.267051082704164 0.014898491296805514
5 75.97387151578582 0.5670883072250767
6 75.97387151578582 0.048168084478139354
7 75.97387151578582 0.04823345408723994
10 75.97387151578583 0.018672854051531282
11 97.68069194886746 0.04250300819663263
16 97.68069194886746 0.042543499834474446
17 97.68069194886746 0.041925204905781104
18 97.68069194886746 0.04192213840287635

320.9145824903162
1 32.5602306496225 0.04866139758924662
2 54.26705108270416 0.024269910560459327
3 54.26705108270416 0.0149305711545596
4 54.267051082704164 0.02427223262017047
5 75.97387151578582 0.04826274215001004
6 75.97387151578582 0.566937443060363
7 75.97387151578582 0.04829382036348967
10 75.97387151578583 0.018677872083342446
13 97.68069194886746 0.04291973696937117
15 97.68069194886746 0.022831713014191967
17 97.68069194886746 0.04193119417374171
19 97.68069194886749 0.02111515368968056
20 97.68069194886749 0.041909596523417726

