1 23.56 1 0.0 3.0010406930958365e-6
1 23.56 2 0.0 8.803385350731314e-7
1 23.56 3 0.0 1.032068559145308e-6
1 23.56 4 16.06 0.23729760466234204
1 23.56 5 16.06 0.2373228044090178
1 23.56 6 16.11 2.7577587270662588e-5
1 23.56 7 43.86 0.12754181579967658
1 23.56 8 43.88 0.031369877689623134
1 23.56 9 43.89 0.03308134184040246
1 23.56 10 47.39 0.06231948049358887
1 23.56 11 47.39 0.06400232028718505
1 23.56 12 61.81 0.0008337423044952139
1 23.56 13 62.85 0.010372809692181253
1 23.56 14 62.85 0.010372617379110214
1 23.56 15 62.86 1.4448717036244528e-8
1 23.56 16 68.73 1.261203044403299e-6
1 23.56 17 68.73 1.439056785779041e-6
1 23.56 18 69.16 0.035551492484372976
1 23.56 19 69.16 0.034980673533092796
1 23.56 20 69.33 0.0005286895490129906
1 23.56 21 69.33 0.0008081046637431458
1 23.56 22 69.34 1.821403351590131e-5
1 23.56 23 72.66 0.07188510292334359
1 23.56 24 72.68 0.017450259055080297
1 23.56 25 72.68 0.01828156633206484
1 23.56 26 76.85 7.841977909046747e-7
1 23.56 27 76.88 3.516550227230716e-7
1 23.56 28 76.88 3.6391628531816295e-7
1 23.56 29 78.47 3.886919704037895e-12
1 23.56 30 96.27 3.414638376385266e-8
1 23.56 31 96.79 4.7247362514610376e-8
1 23.56 32 96.79 5.757033237409109e-8
1 23.56 33 96.83 3.87984521132326e-9
1 23.56 34 98.36 8.164721486479732e-9
1 23.56 35 98.36 1.9106750980943016e-8
1 23.56 36 98.36 7.870306076589266e-8
1 23.56 37 108.12 9.937141967680689e-9
1 23.56 38 108.12 2.318517133195213e-8
1 23.56 39 108.12 1.7510946097787336e-8
1 23.56 40 109.34 7.601255502186812e-10
1 23.56 41 109.34 3.563592329232822e-10
1 23.56 42 110.28 1.2981864716460737e-8
1 23.56 43 110.32 3.9587815961717086e-8
1 23.56 44 110.32 4.0172363168133887e-8
1 23.56 45 117.28 1.3139994344550347e-8
1 23.56 46 117.29 1.4593426898465703e-8
1 23.56 47 117.29 6.184174555698391e-10
1 23.56 48 117.78 4.484271277324469e-10
1 23.56 49 117.78 1.5514483179065924e-10
1 23.56 50 118.65 1.5341204285495158e-7
1 23.56 51 119.96 4.836588381269198e-10
1 23.56 52 119.96 1.814703619388731e-10
1 23.56 53 119.97 4.665302133619885e-10
1 23.56 54 120.98 5.355390196954253e-8
1 23.56 55 120.98 6.126441711468742e-8
1 23.56 56 120.98 1.5921641414185815e-7
1 23.56 57 127.37 2.6592981881351376e-8
1 23.56 58 127.37 5.897938796523375e-6
1 23.56 59 127.37 5.932433656013271e-6
1 23.56 60 129.71 4.523769464899558e-6
1 23.56 61 129.72 1.1862309396322632e-6
1 23.56 62 129.72 1.1424415607186419e-6
1 23.56 63 130.96 7.434171638740192e-13
1 23.56 64 133.18 9.438485600039032e-8
1 23.56 65 133.18 1.0544792233443195e-7
1 23.56 66 133.18 1.1576475564230167e-7
1 23.56 67 136.87 3.4057141005932112e-9
1 23.56 68 136.88 4.6990993313830775e-7
1 23.56 69 136.88 4.729007100870518e-7
1 23.56 70 137.73 0.00033647870688140473
1 23.56 71 137.75 8.191579361005355e-5
1 23.56 72 137.75 8.626262753663586e-5
1 23.56 73 138.99 7.242217033729596e-5
1 23.56 74 138.99 5.712571685089388e-5
1 23.56 75 139.01 6.350452261893671e-7
1 23.56 76 139.09 0.0004290237535685005
1 23.56 77 139.09 0.0004126479431837046
1 23.56 78 139.13 6.670618630970059e-7
1 23.56 79 139.38 3.988461334705228e-5
1 23.56 80 139.38 4.019198172520715e-5
1 23.56 81 140.45 0.00012715430624652405
1 23.56 82 140.45 0.0001245459911896764
1 23.56 83 141.93 1.1073695626825913e-10
1 23.56 84 143.94 5.2864059979577555e-8
1 23.56 85 143.94 3.965756129788549e-8
1 23.56 86 143.95 3.010908939546348e-9
1 23.56 87 145.51 7.936588964481164e-10
1 23.56 88 145.52 4.630580993998821e-6
1 23.56 89 145.52 4.641063450644783e-6
1 23.56 90 145.68 8.018996300392703e-8
1 23.56 91 145.69 6.815624171666235e-8
1 23.56 92 145.69 4.0149156699169444e-8
1 23.56 93 147.11 5.883285444458537e-6
1 23.56 94 147.14 1.5299167024962446e-6
1 23.56 95 147.14 1.5748014073224858e-6
1 23.56 96 148.14 3.9620195909218244e-11
1 23.56 97 148.26 4.5538614679414305e-5
1 23.56 98 148.26 4.5530241783202684e-5
1 23.56 99 148.27 7.26207478985816e-8
1 23.56 100 155.88 6.92621510089742e-6
2 23.56 2 0.0 2.0940696394800077e-6
2 23.56 3 0.0 2.121620594041868e-6
2 23.56 4 16.05 0.007283403763093655
2 23.56 5 16.05 0.23066389421774508
2 23.56 6 16.11 0.2372960419678822
2 23.56 7 43.86 0.03181992468658916
2 23.56 8 43.88 0.09617804255140522
2 23.56 9 43.88 0.06269829308407357
2 23.56 10 47.39 0.03336278129017843
2 23.56 11 47.39 0.09361276916141122
2 23.56 12 61.8 0.0008296787462326633
2 23.56 13 62.85 0.01033500994950785
2 23.56 14 62.85 4.09943870396864e-5
2 23.56 15 62.85 0.010410605302192028
2 23.56 16 68.72 1.7289105711151575e-6
2 23.56 17 68.72 1.5856308303970219e-6
2 23.56 18 69.15 0.05014496413800158
2 23.56 19 69.16 0.019827219496097864
2 23.56 20 69.32 0.0003353440298339015
2 23.56 21 69.32 0.001078085184930975
2 23.56 22 69.34 1.7075587980272528e-5
2 23.56 23 72.65 0.017789529032003308
2 23.56 24 72.67 0.053172805265360154
2 23.56 25 72.68 0.03715177939194269
2 23.56 26 76.85 2.865545589814585e-7
2 23.56 27 76.87 7.937587517397454e-8
2 23.56 28 76.87 1.0218782653519783e-6
2 23.56 29 78.46 1.5655482570048847e-8
2 23.56 30 96.26 7.6782358160121e-9
2 23.56 31 96.78 3.6865076606251336e-8
2 23.56 32 96.79 5.351494813727365e-8
2 23.56 33 96.82 2.9074798251403216e-8
2 23.56 34 98.35 1.0650535268823224e-7
2 23.56 35 98.35 1.3301000795040662e-7
2 23.56 36 98.36 3.1766447708369415e-7
2 23.56 37 108.12 8.529784983579416e-9
2 23.56 38 108.12 1.201352220066435e-8
2 23.56 39 108.12 3.035346974270015e-8
2 23.56 40 109.33 4.0055727243333415e-9
2 23.56 41 109.33 1.5220417124971634e-9
2 23.56 42 110.28 1.1385922089396611e-7
2 23.56 43 110.31 2.3058208298174064e-8
2 23.56 44 110.31 2.8158453143585053e-8
2 23.56 45 117.28 2.5296299646073232e-8
2 23.56 46 117.28 5.398589600898625e-8
2 23.56 47 117.29 2.1475647371192277e-8
2 23.56 48 117.78 2.654305884912418e-10
2 23.56 49 117.78 4.8376390628971015e-11
2 23.56 50 118.65 3.647998169307729e-8
2 23.56 51 119.96 4.6442327878068646e-8
2 23.56 52 119.96 4.978034280623293e-8
2 23.56 53 119.97 1.88873435976464e-9
2 23.56 54 120.97 1.4175766559417062e-8
2 23.56 55 120.97 1.5747837479595674e-8
2 23.56 56 120.98 2.122097451753995e-7
2 23.56 57 127.36 5.76217741396619e-6
2 23.56 58 127.37 8.401660092091816e-7
2 23.56 59 127.37 5.322705683069564e-6
2 23.56 60 129.71 1.076178077035325e-6
2 23.56 61 129.72 2.431092337586638e-6
2 23.56 62 129.72 3.273400210866821e-6
2 23.56 63 130.95 7.934291047349119e-10
2 23.56 64 133.17 3.457512631179643e-9
2 23.56 65 133.17 5.695793004724734e-8
2 23.56 66 133.18 2.696574439814603e-7
2 23.56 67 136.87 1.332091107610273e-6
2 23.56 68 136.87 3.3501260695461085e-7
2 23.56 69 136.87 4.966507477721235e-7
2 23.56 70 137.73 8.131634184431303e-5
2 23.56 71 137.74 0.0002563836400346954
2 23.56 72 137.74 0.00016675778334682338
2 23.56 73 138.98 8.055037747580366e-7
2 23.56 74 138.99 6.776943271774089e-5
2 23.56 75 139.01 4.61292950536856e-7
2 23.56 76 139.08 0.0004032716094937673
2 23.56 77 139.09 3.3548152418428623e-6
2 23.56 78 139.12 0.0005209729970169245
2 23.56 79 139.38 1.8707294656063924e-5
2 23.56 80 139.38 2.907049947684025e-5
2 23.56 81 140.45 0.0001772057809091634
2 23.56 82 140.45 8.23923650157679e-5
2 23.56 83 141.92 2.9520600207152105e-10
2 23.56 84 143.94 1.3061977296631926e-8
2 23.56 85 143.94 4.861202807868331e-9
2 23.56 86 143.95 9.444746906042167e-9
2 23.56 87 145.5 4.8526503752419535e-6
2 23.56 88 145.51 2.139473110080429e-7
2 23.56 89 145.51 4.395984119137243e-6
2 23.56 90 145.67 2.1194747532125028e-8
2 23.56 91 145.69 3.1501046722835438e-9
2 23.56 92 145.69 1.703800499131859e-8
2 23.56 93 147.1 1.4717219537807896e-6
2 23.56 94 147.13 4.041963387221809e-6
2 23.56 95 147.13 3.2119113183699424e-6
2 23.56 96 148.13 2.0898944048449485e-7
2 23.56 97 148.26 8.955903022569669e-6
2 23.56 98 148.26 3.6058004292729135e-5
2 23.56 99 148.26 4.492051175107631e-5
2 23.56 100 155.87 1.6432921069653581e-6
3 23.56 3 0.0 2.4534166569801403e-6
3 23.56 4 16.05 0.2306647044809022
3 23.56 5 16.05 0.007257746478027518
3 23.56 6 16.11 0.23731697222296208
3 23.56 7 43.86 0.03200466832805071
3 23.56 8 43.88 0.06346627900199396
3 23.56 9 43.88 0.09523064847558638
3 23.56 10 47.39 0.09445097457121113
3 23.56 11 47.39 0.03252221749738863
3 23.56 12 61.8 0.0008297914657795445
3 23.56 13 62.85 4.098326103936868e-5
3 23.56 14 62.85 0.010335142501962205
3 23.56 15 62.85 0.010411125777147253
3 23.56 16 68.72 1.646041814839775e-6
3 23.56 17 68.72 1.664536184505147e-6
3 23.56 18 69.15 0.019272400639801547
3 23.56 19 69.16 0.05092082649276536
3 23.56 20 69.32 0.0007151866453949231
3 23.56 21 69.32 0.00047129626395720533
3 23.56 22 69.34 2.2024879632786994e-5
3 23.56 23 72.65 0.0181757453321881
3 23.56 24 72.67 0.03737316683747777
3 23.56 25 72.68 0.05256547912874873
3 23.56 26 76.85 3.3652375973086225e-7
3 23.56 27 76.87 1.0161359891770137e-6
3 23.56 28 76.87 9.754811059488918e-8
3 23.56 29 78.46 1.5214364518625386e-8
3 23.56 30 96.26 7.296501907622836e-9
3 23.56 31 96.78 3.964139775108933e-8
3 23.56 32 96.79 7.619843839386516e-8
3 23.56 33 96.82 4.0114470280618166e-8
3 23.56 34 98.35 1.2173264847442383e-7
3 23.56 35 98.35 1.3152105315328192e-7
3 23.56 36 98.36 4.014045150048701e-7
3 23.56 37 108.12 9.46829534270338e-8
3 23.56 38 108.12 9.371406285458708e-9
3 23.56 39 108.12 1.943641608710325e-9
3 23.56 40 109.33 1.850301335785497e-9
3 23.56 41 109.33 2.9738391527072214e-9
3 23.56 42 110.28 6.569953577876861e-8
3 23.56 43 110.31 2.276281335786808e-8
3 23.56 44 110.31 3.728585636945679e-8
3 23.56 45 117.28 4.2797431105777234e-8
3 23.56 46 117.28 4.3967799683558235e-8
3 23.56 47 117.29 3.8203083584838224e-8
3 23.56 48 117.78 8.528980491815851e-10
3 23.56 49 117.78 8.563686443334259e-11
3 23.56 50 118.65 3.8236256694398326e-8
3 23.56 51 119.96 5.3481026031354026e-8
3 23.56 52 119.96 5.92498881126398e-8
3 23.56 53 119.97 2.1094633165672035e-9
3 23.56 54 120.97 3.341832096274783e-8
3 23.56 55 120.97 2.3045124143535634e-8
3 23.56 56 120.98 2.567058206585639e-7
3 23.56 57 127.36 5.793309367222453e-6
3 23.56 58 127.37 5.319324956067968e-6
3 23.56 59 127.37 8.12390003679317e-7
3 23.56 60 129.71 1.1774612312663154e-6
3 23.56 61 129.72 3.1995308593806323e-6
3 23.56 62 129.72 2.4035153592365266e-6
3 23.56 63 130.95 8.379769444234957e-10
3 23.56 64 133.17 4.2253875746073875e-9
3 23.56 65 133.17 3.01106760297368e-7
3 23.56 66 133.18 5.496501467179895e-8
3 23.56 67 136.87 1.4681944072435462e-6
3 23.56 68 136.87 4.4961037068531803e-7
3 23.56 69 136.87 2.930298861920629e-7
3 23.56 70 137.73 8.701521126485552e-5
3 23.56 71 137.74 0.00016608920953271132
3 23.56 72 137.74 0.00025130843052583823
3 23.56 73 138.98 8.3686558875537e-5
3 23.56 74 138.99 6.823774759933187e-7
3 23.56 75 139.01 4.234252587782213e-7
3 23.56 76 139.08 2.5475372810459204e-6
3 23.56 77 139.09 0.0003890909297105229
3 23.56 78 139.12 0.0005196283317928272
3 23.56 79 139.38 2.9203140185034708e-5
3 23.56 80 139.38 1.8891623246681463e-5
3 23.56 81 140.45 8.11890409943564e-5
3 23.56 82 140.45 0.00017867251763769833
3 23.56 83 141.92 3.4459047806821024e-11
3 23.56 84 143.94 6.092416822531452e-9
3 23.56 85 143.94 1.5319416193262128e-8
3 23.56 86 143.95 1.6581429999439366e-8
3 23.56 87 145.5 4.847417830164471e-6
3 23.56 88 145.51 4.402577889444351e-6
3 23.56 89 145.51 2.138892773039412e-7
3 23.56 90 145.67 2.096164007460054e-8
3 23.56 91 145.68 2.3186058862971267e-8
3 23.56 92 145.69 8.858853243245447e-10
3 23.56 93 147.1 1.4871878473366653e-6
3 23.56 94 147.13 3.2219524122508018e-6
3 23.56 95 147.13 4.01506407025718e-6
3 23.56 96 148.13 2.097724189327687e-7
3 23.56 97 148.26 3.602564620724173e-5
3 23.56 98 148.26 8.937192861359096e-6
3 23.56 99 148.26 4.497416806618851e-5
3 23.56 100 155.87 1.4537924756104442e-6
4 39.61 4 0.0 2.351613699280268e-7
4 39.61 5 0.0 2.254668210422826e-7
4 39.61 6 0.05 1.5341669169999546e-7
4 39.61 7 27.81 1.8756798457236883e-7
4 39.61 8 27.83 8.500770187709825e-8
4 39.61 9 27.83 8.831407399119086e-7
4 39.61 10 31.34 2.8748195240162953e-7
4 39.61 11 31.34 1.3310247901972114e-7
4 39.61 12 45.75 8.406031986830017e-9
4 39.61 13 46.79 9.322395864556258e-8
4 39.61 14 46.79 3.30835510568317e-6
4 39.61 15 46.8 6.757973582115072e-7
4 39.61 16 52.67 0.015608491237220336
4 39.61 17 52.67 0.04491908214128488
4 39.61 18 53.1 0.0006251271597424508
4 39.61 19 53.1 0.0005452484747301012
4 39.61 20 53.27 0.03837897501149454
4 39.61 21 53.27 0.02926152436717733
4 39.61 22 53.29 0.01242548832154603
4 39.61 23 56.6 7.563189121694021e-8
4 39.61 24 56.62 1.7196546449824903e-6
4 39.61 25 56.62 1.8312073752518995e-6
4 39.61 26 60.8 0.00031935166283518485
4 39.61 27 60.82 0.000290943048944183
4 39.61 28 60.82 3.943250415520815e-6
4 39.61 29 62.41 0.012632108605741441
4 39.61 30 80.21 4.800135891358146e-9
4 39.61 31 80.73 2.7419713523003116e-5
4 39.61 32 80.73 1.88190682363944e-5
4 39.61 33 80.77 9.596375277242678e-6
4 39.61 34 82.3 8.360554822975132e-7
4 39.61 35 82.3 1.7199855956733063e-6
4 39.61 36 82.31 2.6490954525681382e-6
4 39.61 37 92.07 0.06758983011107442
4 39.61 38 92.07 0.045473176627908445
4 39.61 39 92.07 0.013999294227423362
4 39.61 40 93.28 0.017862440774401533
4 39.61 41 93.28 0.04978235733003507
4 39.61 42 94.23 0.0019404211273084478
4 39.61 43 94.26 0.0013489804855224864
4 39.61 44 94.26 0.0003575236159480903
4 39.61 45 101.23 0.025209663327110454
4 39.61 46 101.23 0.019458783014844015
4 39.61 47 101.24 0.00848228424840659
4 39.61 48 101.72 0.01606588725884227
4 39.61 49 101.72 0.049445424790575634
4 39.61 50 102.59 1.3622548174025868e-8
4 39.61 51 103.91 0.012360657191104558
4 39.61 52 103.91 0.008410643513054707
4 39.61 53 103.92 0.0040886740015728985
4 39.61 54 104.92 8.852663766076882e-5
4 39.61 55 104.92 1.1438196741553138e-5
4 39.61 56 104.93 9.009079480737534e-5
4 39.61 57 111.31 6.5916399427808e-8
4 39.61 58 111.32 3.9677096918653205e-7
4 39.61 59 111.32 2.8145237788570997e-7
4 39.61 60 113.65 4.390760564655073e-8
4 39.61 61 113.66 1.0365801189032995e-6
4 39.61 62 113.66 3.0023579074541384e-7
4 39.61 63 114.9 4.531973882890284e-7
4 39.61 64 117.12 0.00010993078973123905
4 39.61 65 117.12 0.0001018475664017679
4 39.61 66 117.12 6.013157563774138e-6
4 39.61 67 120.82 0.0031782344869761853
4 39.61 68 120.82 0.007176536240034847
4 39.61 69 120.82 0.006168758181920705
4 39.61 70 121.68 2.886407020483024e-7
4 39.61 71 121.69 5.727771416430981e-7
4 39.61 72 121.69 8.611965450066192e-6
4 39.61 73 122.93 3.478661609931863e-5
4 39.61 74 122.94 2.3594233186292922e-5
4 39.61 75 122.95 8.743412352894547e-5
4 39.61 76 123.03 0.00022287379123924852
4 39.61 77 123.04 0.0005932511803310564
4 39.61 78 123.07 9.638382901194782e-6
4 39.61 79 123.33 0.004898394792147041
4 39.61 80 123.33 0.0028027663700798877
4 39.61 81 124.4 1.408098146786725e-6
4 39.61 82 124.4 2.2038872940997797e-6
4 39.61 83 125.87 3.479911649306863e-9
4 39.61 84 127.88 5.47711756160177e-5
4 39.61 85 127.88 8.386189320866185e-5
4 39.61 86 127.89 2.5418843653888922e-5
4 39.61 87 129.45 2.777135504368412e-7
4 39.61 88 129.46 1.628964386501711e-6
4 39.61 89 129.46 5.386190284493495e-7
4 39.61 90 129.62 0.0003772802462611896
4 39.61 91 129.63 0.0003656639373078053
4 39.61 92 129.63 1.308091231488368e-5
4 39.61 93 131.05 9.329012189279965e-8
4 39.61 94 131.08 6.694219437368723e-7
4 39.61 95 131.08 6.809720105826294e-7
4 39.61 96 132.08 5.245469041200046e-7
4 39.61 97 132.21 2.3899047213758386e-8
4 39.61 98 132.21 1.981698353505435e-9
4 39.61 99 132.21 1.8725608996804363e-8
4 39.61 100 139.82 7.744699847517698e-10
5 39.61 5 0.0 2.4121131158948355e-7
5 39.61 6 0.05 1.646920736137218e-7
5 39.61 7 27.81 3.2341278058531166e-7
5 39.61 8 27.83 1.0596303356475357e-6
5 39.61 9 27.83 3.4045026131609623e-8
5 39.61 10 31.34 1.83205141916979e-7
5 39.61 11 31.34 1.270183639666019e-7
5 39.61 12 45.75 2.15408962673452e-8
5 39.61 13 46.79 3.179125441899475e-6
5 39.61 14 46.79 8.803578350700644e-8
5 39.61 15 46.8 7.91930282076333e-7
5 39.61 16 52.67 0.044868910284841565
5 39.61 17 52.67 0.01565798129108206
5 39.61 18 53.1 0.0009077945013910516
5 39.61 19 53.1 0.0004926855933957524
5 39.61 20 53.27 0.028155043182059705
5 39.61 21 53.27 0.03683168435672995
5 39.61 22 53.29 0.014851600481297631
5 39.61 23 56.6 1.2346258668679799e-8
5 39.61 24 56.62 1.9747576064119154e-6
5 39.61 25 56.62 1.5594285920979293e-6
5 39.61 26 60.8 0.00031919309109910613
5 39.61 27 60.82 3.94669876511163e-6
5 39.61 28 60.82 0.0002909205657563424
5 39.61 29 62.41 0.012631925102899804
5 39.61 30 80.21 4.876852123444084e-9
5 39.61 31 80.73 1.8846680016558463e-5
5 39.61 32 80.73 2.750943564580296e-5
5 39.61 33 80.77 9.448002502269876e-6
5 39.61 34 82.3 1.716168210537065e-6
5 39.61 35 82.3 8.145749032637954e-7
5 39.61 36 82.31 2.674549683799724e-6
5 39.61 37 92.07 0.009719180812764397
5 39.61 38 92.07 0.0552458277621667
5 39.61 39 92.07 0.06209436414390915
5 39.61 40 93.28 0.049723743451386346
5 39.61 41 93.28 0.017918952989486422
5 39.61 42 94.23 0.0019433242430443478
5 39.61 43 94.26 0.00035769835422334905
5 39.61 44 94.26 0.0013499736117378299
5 39.61 45 101.23 0.01902329912358567
5 39.61 46 101.23 0.02483466261165207
5 39.61 47 101.24 0.009295759930507533
5 39.61 48 101.72 0.04938806570258596
5 39.61 49 101.72 0.016122375014062055
5 39.61 50 102.59 1.8198850108100616e-8
5 39.61 51 103.91 0.008381849717151934
5 39.61 52 103.91 0.012355594809518412
5 39.61 53 103.92 0.004119754539159796
5 39.61 54 104.92 1.127252560485881e-5
5 39.61 55 104.92 8.959453152434438e-5
5 39.61 56 104.93 9.189349684616772e-5
5 39.61 57 111.31 1.0540139919270857e-7
5 39.61 58 111.32 2.6999595182931115e-7
5 39.61 59 111.32 2.8575812764102455e-7
5 39.61 60 113.65 1.4268828288225586e-9
5 39.61 61 113.66 3.2625832126267583e-7
5 39.61 62 113.66 9.043480182089163e-7
5 39.61 63 114.9 2.92092980536297e-7
5 39.61 64 117.12 0.00010934657603603687
5 39.61 65 117.12 6.274631734312593e-6
5 39.61 66 117.12 0.00010210504886324208
5 39.61 67 120.82 0.0023619246842852388
5 39.61 68 120.82 0.006567377514925084
5 39.61 69 120.82 0.0075953673133844195
5 39.61 70 121.68 5.177724564965709e-7
5 39.61 71 121.69 8.64807282451233e-6
5 39.61 72 121.69 4.5352775934804174e-7
5 39.61 73 122.93 2.7324565532875312e-5
5 39.61 74 122.94 3.284402215956246e-5
5 39.61 75 122.95 8.00430699783106e-5
5 39.61 76 123.03 0.000592213390686273
5 39.61 77 123.04 0.0002298789893392492
5 39.61 78 123.07 2.5709017773132038e-6
5 39.61 79 123.32 0.0028108614295885184
5 39.61 80 123.33 0.004896264041489617
5 39.61 81 124.4 1.4385442858208477e-6
5 39.61 82 124.4 1.6780089686467541e-6
5 39.61 83 125.87 2.4074668939065943e-9
5 39.61 84 127.88 8.219347223681693e-5
5 39.61 85 127.88 5.2838813799618816e-5
5 39.61 86 127.89 2.8972238656887346e-5
5 39.61 87 129.45 3.816990318674878e-7
5 39.61 88 129.46 3.911334693595811e-7
5 39.61 89 129.46 1.3609278623848598e-6
5 39.61 90 129.62 0.00037775151723259677
5 39.61 91 129.63 1.3112089727354435e-5
5 39.61 92 129.63 0.00036549906512209444
5 39.61 93 131.05 4.698554495508656e-8
5 39.61 94 131.08 6.397313728759467e-7
5 39.61 95 131.08 4.6941876611343963e-7
5 39.61 96 132.08 2.9673840096970017e-7
5 39.61 97 132.21 2.754136127161043e-9
5 39.61 98 132.21 2.1943604587701685e-8
5 39.61 99 132.21 1.764501554895425e-8
5 39.61 100 139.82 2.9215458794309233e-9
6 39.67 6 0.0 4.41831396870462e-7
6 39.67 7 27.75 8.676606770024681e-9
6 39.67 8 27.77 2.651393167720458e-7
6 39.67 9 27.77 1.940519583232006e-7
6 39.67 10 31.28 3.205712224613108e-7
6 39.67 11 31.28 2.1612842487907363e-7
6 39.67 12 45.7 2.6197223551955823e-9
6 39.67 13 46.74 2.63705087145738e-6
6 39.67 14 46.74 2.737061584232824e-6
6 39.67 15 46.75 3.7041436212173037e-6
6 39.67 16 52.62 0.02929243476569639
6 39.67 17 52.62 0.029185956185494494
6 39.67 18 53.05 0.00032139302420452256
6 39.67 19 53.05 0.00022395152869588233
6 39.67 20 53.22 0.014266203379753602
6 39.67 21 53.22 0.01409878483025143
6 39.67 22 53.23 0.05490592132865388
6 39.67 23 56.55 8.64474393911064e-9
6 39.67 24 56.57 7.565673189108683e-8
6 39.67 25 56.57 8.474272071368805e-8
6 39.67 26 60.74 8.581856552240128e-10
6 39.67 27 60.77 0.00035204049015066894
6 39.67 28 60.77 0.00035212217692446294
6 39.67 29 62.36 0.012416871923937964
6 39.67 30 80.16 9.131957111855804e-12
6 39.67 31 80.68 1.0012346605787167e-5
6 39.67 32 80.68 9.958258712122814e-6
6 39.67 33 80.72 3.841075118692117e-5
6 39.67 34 82.25 2.1795006021624727e-6
6 39.67 35 82.25 2.19555148493966e-6
6 39.67 36 82.25 4.9839448712661245e-9
6 39.67 37 92.01 0.04965561755672668
6 39.67 38 92.01 0.02630303302482613
6 39.67 39 92.01 0.05087042647044103
6 39.67 40 93.23 0.03361692238162238
6 39.67 41 93.23 0.0335057776563559
6 39.67 42 94.17 9.143497541914442e-8
6 39.67 43 94.21 0.0021962199407427876
6 39.67 44 94.21 0.0021953209260298446
6 39.67 45 101.17 0.00857393253706339
6 39.67 46 101.17 0.00852146232370551
6 39.67 47 101.18 0.03547302718163529
6 39.67 48 101.67 0.03337637159488595
6 39.67 49 101.67 0.03325958746289178
6 39.67 50 102.54 3.931255302177877e-10
6 39.67 51 103.85 0.004095928219240624
6 39.67 52 103.85 0.004068194384061255
6 39.67 53 103.86 0.01638039341663703
6 39.67 54 104.87 8.281702936737103e-5
6 39.67 55 104.87 8.202194438024682e-5
6 39.67 56 104.87 3.489267997815401e-7
6 39.67 57 111.26 5.568338355756375e-7
6 39.67 58 111.26 6.70893382151256e-8
6 39.67 59 111.26 4.1909408179666547e-8
6 39.67 60 113.6 1.2846694361934928e-8
6 39.67 61 113.61 6.516957944931199e-7
6 39.67 62 113.61 6.223079201464966e-7
6 39.67 63 114.85 1.4264522659924734e-6
6 39.67 64 117.06 9.982484436324722e-7
6 39.67 65 117.07 0.0001132202294681128
6 39.67 66 117.07 0.00011324159918108003
6 39.67 67 120.76 0.010989874960974064
6 39.67 68 120.77 0.0027863046116974183
6 39.67 69 120.77 0.0027662858636763473
6 39.67 70 121.62 2.9806085405888844e-8
6 39.67 71 121.64 1.2103262187160968e-5
6 39.67 72 121.64 1.1929854474031596e-5
6 39.67 73 122.88 0.0001945999354369659
6 39.67 74 122.88 0.0001867232405311513
6 39.67 75 122.9 4.1737118966739993e-7
6 39.67 76 122.98 0.00019476734179862555
6 39.67 77 122.98 0.00018245137625493024
6 39.67 78 123.02 2.029494235643516e-5
6 39.67 79 123.27 0.0039302190845448785
6 39.67 80 123.27 0.003932045743796292
6 39.67 81 124.34 8.472597098418081e-7
6 39.67 82 124.34 1.0961872584498972e-6
6 39.67 83 125.82 4.1981123208507296e-11
6 39.67 84 127.83 2.7461974991779326e-5
6 39.67 85 127.83 2.7691072073459288e-5
6 39.67 86 127.84 0.00010868581060782706
6 39.67 87 129.4 2.51701118048016e-7
6 39.67 88 129.41 1.1596261444275187e-7
6 39.67 89 129.41 8.263004461430969e-8
6 39.67 90 129.57 8.95081174111779e-9
6 39.67 91 129.58 0.00037700327600486105
6 39.67 92 129.58 0.00037711180397956436
6 39.67 93 131.0 1.6552228383015244e-8
6 39.67 94 131.03 4.7919719402736004e-8
6 39.67 95 131.03 1.3037227626532735e-7
6 39.67 96 132.03 1.4318756545910867e-6
6 39.67 97 132.15 3.981383192033282e-8
6 39.67 98 132.15 3.640837857611937e-8
6 39.67 99 132.15 2.5971552421112393e-7
6 39.67 100 139.77 2.151731822656221e-9
7 67.42 7 0.0 2.3163191079227765e-6
7 67.42 8 0.02 1.3615449802163131e-8
7 67.42 9 0.02 2.4336825589711758e-8
7 67.42 10 3.53 9.032022343670261e-8
7 67.42 11 3.53 8.800184151063805e-8
7 67.42 12 17.95 1.9237869929280317e-6
7 67.42 13 18.99 6.106606329903637e-6
7 67.42 14 18.99 5.121256700101521e-6
7 67.42 15 19.0 5.713007123042723e-8
7 67.42 16 24.87 0.0656420546093719
7 67.42 17 24.87 0.06537503391580124
7 67.42 18 25.3 0.0010746777628340438
7 67.42 19 25.3 0.0007371758304324701
7 67.42 20 25.46 0.04478091025673986
7 67.42 21 25.47 0.0444508929768056
7 67.42 22 25.48 5.2851280957235923e-5
7 67.42 23 28.8 9.887554191351965e-7
7 67.42 24 28.82 2.0285232155247152e-7
7 67.42 25 28.82 3.2562612852356866e-7
7 67.42 26 32.99 0.032266445565677516
7 67.42 27 33.01 0.007867798869855721
7 67.42 28 33.01 0.007794422619656499
7 67.42 29 34.61 3.447525074935024e-12
7 67.42 30 52.41 0.08607749004498115
7 67.42 31 52.93 0.06783703167741585
7 67.42 32 52.93 0.06782443450061418
7 67.42 33 52.97 1.1723081652028174e-6
7 67.42 34 54.49 0.014490641810761148
7 67.42 35 54.5 0.014640794088756952
7 67.42 36 54.5 0.05765383064038571
7 67.42 37 64.26 0.003618844022230959
7 67.42 38 64.26 0.006014052123992163
7 67.42 39 64.26 0.003481136665659864
7 67.42 40 65.48 0.005570206722423457
7 67.42 41 65.48 0.005552298475578909
7 67.42 42 66.42 0.0014142238089192717
7 67.42 43 66.45 0.0003174530813907416
7 67.42 44 66.45 0.00031739144748677635
7 67.42 45 73.42 0.021131263796587724
7 67.42 46 73.42 0.021136483840619592
7 67.42 47 73.43 8.979940303958301e-6
7 67.42 48 73.92 0.01851274424502804
7 67.42 49 73.92 0.0184342664622903
7 67.42 50 74.79 0.009188099877811051
7 67.42 51 76.1 4.962859609167396e-6
7 67.42 52 76.1 5.0397526538965485e-6
7 67.42 53 76.11 1.682227729390471e-9
7 67.42 54 77.11 0.0016843400792460497
7 67.42 55 77.12 0.0016592731992744526
7 67.42 56 77.12 0.00653513223568771
7 67.42 57 83.5 5.190967674721898e-9
7 67.42 58 83.51 1.5260407694096482e-7
7 67.42 59 83.51 9.469106943886767e-8
7 67.42 60 85.85 1.0877818738979039e-7
7 67.42 61 85.86 1.404130616314708e-6
7 67.42 62 85.86 1.456271642793708e-6
7 67.42 63 87.1 4.225099216606257e-9
7 67.42 64 89.31 0.0005694958581715568
7 67.42 65 89.32 0.0001438374566447428
7 67.42 66 89.32 0.00014206671837261285
7 67.42 67 93.01 7.375184598487187e-6
7 67.42 68 93.02 0.002488148431676859
7 67.42 69 93.02 0.002492215933916413
7 67.42 70 93.87 2.2136822973808608e-8
7 67.42 71 93.89 1.3203797101705015e-5
7 67.42 72 93.89 1.3455291291209138e-5
7 67.42 73 95.13 0.0006792264587888206
7 67.42 74 95.13 0.0006692396742589509
7 67.42 75 95.15 0.0021603412947103287
7 67.42 76 95.23 3.285099857638274e-5
7 67.42 77 95.23 2.7801543029785306e-5
7 67.42 78 95.27 2.0326733984515485e-6
7 67.42 79 95.52 0.0025600688494917556
7 67.42 80 95.52 0.0025702553540975018
7 67.42 81 96.59 2.079607223899919e-6
7 67.42 82 96.59 2.4298057907339516e-6
7 67.42 83 98.07 0.007181232964397974
7 67.42 84 100.08 0.006240251250014897
7 67.42 85 100.08 0.006237465094051706
7 67.42 86 100.09 2.9347869122205612e-6
7 67.42 87 101.65 1.9746381261848152e-7
7 67.42 88 101.65 6.178332889305208e-6
7 67.42 89 101.65 5.165723575438275e-6
7 67.42 90 101.82 0.0031868315283288336
7 67.42 91 101.83 0.0008080972025722431
7 67.42 92 101.83 0.0008008169149554126
7 67.42 93 103.25 1.6753547183465527e-8
7 67.42 94 103.28 8.063402451729937e-8
7 67.42 95 103.28 4.9832979384512866e-8
7 67.42 96 104.28 9.587072520615864e-9
7 67.42 97 104.4 1.0760035032726657e-7
7 67.42 98 104.4 1.4187641717571018e-7
7 67.42 99 104.4 8.863418297495258e-10
7 67.42 100 112.02 3.07059726699696e-7
8 67.44 8 0.0 9.082549358089447e-7
8 67.44 9 0.0 8.967650377921995e-8
8 67.44 10 3.51 2.425943714061144e-7
8 67.44 11 3.51 4.6695325146570287e-7
8 67.44 12 17.92 8.451968680913311e-7
8 67.44 13 18.97 4.672574235240832e-6
8 67.44 14 18.97 2.2186162382999844e-6
8 67.44 15 18.97 1.856537592606004e-7
8 67.44 16 24.84 0.10254404498415011
8 67.44 17 24.84 0.03421762829042858
8 67.44 18 25.27 0.0008820086786857141
8 67.44 19 25.28 3.4701909161854706e-5
8 67.44 20 25.44 0.005826912472764341
8 67.44 21 25.44 0.03474927117923101
8 67.44 22 25.46 0.04385514967452823
8 67.44 23 28.77 1.1987226747476323e-7
8 67.44 24 28.79 4.2169153178548525e-6
8 67.44 25 28.79 1.6663448844506323e-6
8 67.44 26 32.97 0.00809292717453168
8 67.44 27 32.99 0.016486542525140948
8 67.44 28 32.99 0.023934553102788476
8 67.44 29 34.58 3.5570211095607814e-7
8 67.44 30 52.38 0.08371601488222326
8 67.44 31 52.9 0.0005255829094259393
8 67.44 32 52.9 0.06707659795533931
8 67.44 33 52.94 0.06707461775769921
8 67.44 34 54.47 0.03786408261487854
8 67.44 35 54.47 0.03496945622215251
8 67.44 36 54.48 0.017355892411350056
8 67.44 37 64.24 0.003889177847028699
8 67.44 38 64.24 0.006074936809886585
8 67.44 39 64.24 0.0030697181403567288
8 67.44 40 65.45 0.008173203249115496
8 67.44 41 65.45 0.002777793503266398
8 67.44 42 66.4 0.00034571448461001965
8 67.44 43 66.43 0.0007712000233509488
8 67.44 44 66.43 0.0010137587152414355
8 67.44 45 73.4 0.005707508650959215
8 67.44 46 73.4 0.016100118173609346
8 67.44 47 73.41 0.02149402670686542
8 67.44 48 73.89 0.026483987371459555
8 67.44 49 73.9 0.00935467970489241
8 67.44 50 74.77 0.0090338135621096
8 67.44 51 76.08 2.2217335192223927e-7
8 67.44 52 76.08 2.6398274055050408e-6
8 67.44 53 76.09 2.837397681153431e-6
8 67.44 54 77.09 0.003514660076399964
8 67.44 55 77.09 0.004848440899708748
8 67.44 56 77.1 0.0016240343817563465
8 67.44 57 83.48 6.768077075551075e-8
8 67.44 58 83.49 6.208468403399591e-7
8 67.44 59 83.49 8.800684164490884e-7
8 67.44 60 85.83 7.963511931499643e-8
8 67.44 61 85.84 7.554017563638256e-8
8 67.44 62 85.84 4.1060444825273645e-7
8 67.44 63 87.07 1.179526686554578e-7
8 67.44 64 89.29 0.00013020242396806096
8 67.44 65 89.29 0.0002958733929335056
8 67.44 66 89.3 0.00044427321782788075
8 67.44 67 92.99 0.0024885731517055266
8 67.44 68 92.99 0.0004716020246445089
8 67.44 69 92.99 0.001988398523908309
8 67.44 70 93.85 5.43710257672828e-7
8 67.44 71 93.86 2.4684502924314695e-6
8 67.44 72 93.86 1.577615543605187e-6
8 67.44 73 95.1 0.0007698031218942413
8 67.44 74 95.11 0.0014460873237338162
8 67.44 75 95.13 0.000507339060425344
8 67.44 76 95.2 0.0005268300959728347
8 67.44 77 95.21 0.0005437597180528166
8 67.44 78 95.24 1.851502362295677e-5
8 67.44 79 95.5 0.0019956057920469945
8 67.44 80 95.5 0.0029332787769423318
8 67.44 81 96.57 3.562563291254459e-6
8 67.44 82 96.57 3.2978228780338337e-6
8 67.44 83 98.04 0.007218834115310586
8 67.44 84 100.06 0.0062728396862693535
8 67.44 85 100.06 1.131185302048039e-5
8 67.44 86 100.07 0.006242185210909306
8 67.44 87 101.62 9.393521150223723e-7
8 67.44 88 101.63 2.806078391838247e-6
8 67.44 89 101.63 4.5041463232255465e-6
8 67.44 90 101.79 0.0008233887074728968
8 67.44 91 101.8 0.0016582405068129764
8 67.44 92 101.8 0.0023250931689722094
8 67.44 93 103.22 9.594932632695863e-8
8 67.44 94 103.25 4.918654188236148e-7
8 67.44 95 103.25 2.663742099690705e-7
8 67.44 96 104.25 4.324228723014235e-8
8 67.44 97 104.38 3.627558907566526e-9
8 67.44 98 104.38 8.942383366117201e-9
8 67.44 99 104.38 5.79931847382471e-8
8 67.44 100 111.99 1.3350772794086672e-7
9 67.44 9 0.0 1.0226295449315094e-6
9 67.44 10 3.51 4.988961716250367e-7
9 67.44 11 3.51 2.415979935413069e-7
9 67.44 12 17.92 3.2891229752874895e-7
9 67.44 13 18.97 1.1805644958658841e-6
9 67.44 14 18.97 4.7944961185660544e-6
9 67.44 15 18.97 3.517072664693504e-7
9 67.44 16 24.84 0.034082612124488446
9 67.44 17 24.84 0.10267874412272626
9 67.44 18 25.27 5.604635843379725e-5
9 67.44 19 25.27 0.0006072274269179677
9 67.44 20 25.44 0.035052311229773925
9 67.44 21 25.44 0.005820669425854673
9 67.44 22 25.46 0.04381924313146575
9 67.44 23 28.77 1.0281080998650733e-7
9 67.44 24 28.79 1.543624702493497e-6
9 67.44 25 28.79 3.5238703235530823e-6
9 67.44 26 32.97 0.008083575952028021
9 67.44 27 32.99 0.023904001562234975
9 67.44 28 32.99 0.0165315554368285
9 67.44 29 34.58 3.541608317125757e-7
9 67.44 30 52.38 0.08371042498801777
9 67.44 31 52.9 0.06706656226148822
9 67.44 32 52.9 0.0005246101509373518
9 67.44 33 52.94 0.06703017384552457
9 67.44 34 54.47 0.03698336120517466
9 67.44 35 54.47 0.039725831149781135
9 67.44 36 54.48 0.013535289969016597
9 67.44 37 64.24 0.005563926951567895
9 67.44 38 64.24 0.0009474217301380895
9 67.44 39 64.24 0.006522467477722176
9 67.44 40 65.45 0.0027696262150133616
9 67.44 41 65.45 0.008181580250589977
9 67.44 42 66.4 0.00033402598015895915
9 67.44 43 66.43 0.0010197754512792172
9 67.44 44 66.43 0.0007779055488197624
9 67.44 45 73.4 0.016093799729268825
9 67.44 46 73.4 0.005699222188931942
9 67.44 47 73.41 0.021507530493055843
9 67.44 48 73.89 0.009311371910227273
9 67.44 49 73.89 0.02652201721184784
9 67.44 50 74.77 0.009036175474208322
9 67.44 51 76.08 2.667387768349331e-6
9 67.44 52 76.08 2.8923735099103044e-7
9 67.44 53 76.09 2.9061792182292084e-6
9 67.44 54 77.09 0.004779455875819531
9 67.44 55 77.09 0.0034735122635428943
9 67.44 56 77.1 0.001737609394111009
9 67.44 57 83.48 1.678188252501265e-7
9 67.44 58 83.49 8.922478426055265e-7
9 67.44 59 83.49 6.671444775267816e-7
9 67.44 60 85.82 5.2544955927501025e-8
9 67.44 61 85.84 3.532355283625379e-7
9 67.44 62 85.84 6.117840298294753e-8
9 67.44 63 87.07 1.8247315002921047e-7
9 67.44 64 89.29 0.00016538416770226793
9 67.44 65 89.29 0.00042604316345355026
9 67.44 66 89.29 0.0002792842453618527
9 67.44 67 92.99 0.0024939349501146933
9 67.44 68 92.99 0.001987945300175288
9 67.44 69 92.99 0.0004671524780790593
9 67.44 70 93.85 4.792304960213721e-7
9 67.44 71 93.86 1.6648794119770037e-6
9 67.44 72 93.86 2.1535896058228844e-6
9 67.44 73 95.1 0.0013745419151054534
9 67.44 74 95.11 0.0007978941286918809
9 67.44 75 95.13 0.0005617074946820122
9 67.44 76 95.2 0.0004979271038078007
9 67.44 77 95.21 0.0005726564040282693
9 67.44 78 95.24 2.955787376985825e-7
9 67.44 79 95.5 0.0029467626546762753
9 67.44 80 95.5 0.0019916603273660177
9 67.44 81 96.57 3.1067138332161123e-6
9 67.44 82 96.57 3.295898889696209e-6
9 67.44 83 98.04 0.007217459555510549
9 67.44 84 100.06 9.334831898066566e-6
9 67.44 85 100.06 0.006274163951811103
9 67.44 86 100.06 0.006242346464975635
9 67.44 87 101.62 1.6328987513031381e-6
9 67.44 88 101.63 3.999648840237503e-6
9 67.44 89 101.63 1.8374605804783482e-6
9 67.44 90 101.79 0.0007973162000711133
9 67.44 91 101.8 0.0023355055709481996
9 67.44 92 101.8 0.0016755018615837896
9 67.44 93 103.22 1.7890256462699041e-7
9 67.44 94 103.25 2.249741275776994e-7
9 67.44 95 103.25 4.2097922563561527e-7
9 67.44 96 104.25 6.171974626434528e-9
9 67.44 97 104.38 2.0326056417000538e-8
9 67.44 98 104.38 3.2157800203030677e-9
9 67.44 99 104.38 5.984496953477729e-8
9 67.44 100 111.99 8.881196270168902e-8
10 70.95 10 0.0 1.3453694687687767e-7
10 70.95 11 0.0 9.069496809912625e-8
10 70.95 12 14.41 1.1999538185419701e-6
10 70.95 13 15.46 1.1355023336998368e-7
10 70.95 14 15.46 6.318138609508721e-6
10 70.95 15 15.46 5.766134086626441e-6
10 70.95 16 21.33 8.100089993150915e-6
10 70.95 17 21.34 3.034711636954615e-5
10 70.95 18 21.76 0.0006407360825030378
10 70.95 19 21.77 0.0014532161890823958
10 70.95 20 21.93 0.08006963067495984
10 70.95 21 21.93 0.028347026594999054
10 70.95 22 21.95 0.0587437111977079
10 70.95 23 25.27 3.4939628749950493e-7
10 70.95 24 25.29 9.914775369354848e-7
10 70.95 25 25.29 1.1785070738907656e-6
10 70.95 26 29.46 0.007815669888177834
10 70.95 27 29.48 0.01063501348956207
10 70.95 28 29.48 0.005190726322778855
10 70.95 29 31.07 3.261602259677423e-7
10 70.95 30 48.87 5.250092661059229e-6
10 70.95 31 49.4 0.0737600597313551
10 70.95 32 49.4 0.024989301531457415
10 70.95 33 49.44 0.049656752986400744
10 70.95 34 50.96 0.08228902307615397
10 70.95 35 50.96 0.06838768434111316
10 70.95 36 50.97 0.08114357124912866
10 70.95 37 60.73 0.00022688630204731938
10 70.95 38 60.73 8.517115795602871e-5
10 70.95 39 60.73 0.0005270405895675187
10 70.95 40 61.94 3.621324710678915e-7
10 70.95 41 61.94 9.914008520781003e-7
10 70.95 42 62.89 0.003084719045455051
10 70.95 43 62.92 0.00436284890474819
10 70.95 44 62.92 0.001608523322778395
10 70.95 45 69.89 0.0017164034244498783
10 70.95 46 69.89 0.0015686899643156975
10 70.95 47 69.9 0.0017290945923619009
10 70.95 48 70.39 6.051339813015542e-7
10 70.95 49 70.39 6.842631248265623e-7
10 70.95 50 71.26 8.0103091735532e-8
10 70.95 51 72.57 0.03474354151983147
10 70.95 52 72.57 0.017757307786445044
10 70.95 53 72.58 0.02654337722385684
10 70.95 54 73.58 0.01285695301500479
10 70.95 55 73.58 0.004205077863015084
10 70.95 56 73.59 0.00798132741585796
10 70.95 57 79.97 5.827593955987742e-7
10 70.95 58 79.98 1.21661310613542e-7
10 70.95 59 79.98 2.936567740765076e-7
10 70.95 60 82.32 7.031872164026486e-8
10 70.95 61 82.33 2.398300056058181e-7
10 70.95 62 82.33 2.4803466426380233e-7
10 70.95 63 83.57 6.750674829080582e-7
10 70.95 64 85.78 0.00014217969272208643
10 70.95 65 85.79 0.000199570524609852
10 70.95 66 85.79 0.000131718969966692
10 70.95 67 89.48 0.00268770331832446
10 70.95 68 89.49 0.004297690929627052
10 70.95 69 89.49 0.0017430801207331324
10 70.95 70 90.34 3.2419405560698997e-6
10 70.95 71 90.35 9.876679885247407e-7
10 70.95 72 90.35 1.046690841047703e-6
10 70.95 73 91.59 0.006796965540089791
10 70.95 74 91.6 0.0022064092624875693
10 70.95 75 91.62 0.0048039227953585945
10 70.95 76 91.69 0.000308823107353893
10 70.95 77 91.7 0.001243478087830517
10 70.95 78 91.74 2.8986260098591275e-5
10 70.95 79 91.99 3.079450666282378e-6
10 70.95 80 91.99 3.345197804409071e-6
10 70.95 81 93.06 9.193581623136036e-6
10 70.95 82 93.06 1.3277535711987559e-5
10 70.95 83 94.53 2.8637534843152825e-7
10 70.95 84 96.55 0.0029304187649218053
10 70.95 85 96.55 0.007458118708870154
10 70.95 86 96.56 0.005500657126976528
10 70.95 87 98.11 1.9806102249960307e-6
10 70.95 88 98.12 2.263488552914179e-6
10 70.95 89 98.12 2.3519430233094985e-7
10 70.95 90 98.28 0.000269836126016824
10 70.95 91 98.3 0.00034152617327498055
10 70.95 92 98.3 0.0001807443602664484
10 70.95 93 99.71 9.926926672016584e-9
10 70.95 94 99.74 2.4685812936235188e-8
10 70.95 95 99.74 1.6327016324086922e-8
10 70.95 96 100.74 2.8715929889585644e-7
10 70.95 97 100.87 2.118624422157446e-9
10 70.95 98 100.87 1.1603969454074937e-8
10 70.95 99 100.87 9.595817358275973e-9
10 70.95 100 108.48 4.9493513250197757e-8
11 70.95 11 0.0 1.477450981864395e-7
11 70.95 12 14.41 6.650962896221429e-7
11 70.95 13 15.46 4.69288163605909e-6
11 70.95 14 15.46 1.5803352999044927e-7
11 70.95 15 15.46 5.184574414912214e-6
11 70.95 16 21.33 3.050907174547207e-5
11 70.95 17 21.34 8.069122287629074e-6
11 70.95 18 21.76 0.0018857136887053061
11 70.95 19 21.77 0.00028764457692624185
11 70.95 20 21.93 0.03150216976009693
11 70.95 21 21.93 0.08241382910687807
11 70.95 22 21.95 0.05315765910939997
11 70.95 23 25.27 2.8157095386050317e-7
11 70.95 24 25.29 2.238167174547322e-6
11 70.95 25 25.29 9.647508501222553e-7
11 70.95 26 29.46 0.007821661594037061
11 70.95 27 29.48 0.005187117968580274
11 70.95 28 29.48 0.010630029921469318
11 70.95 29 31.07 3.247534313855211e-7
11 70.95 30 48.87 5.188375781476491e-6
11 70.95 31 49.4 0.024772732236254084
11 70.95 32 49.4 0.0735404192102951
11 70.95 33 49.44 0.050015247132744814
11 70.95 34 50.96 0.07206290441697022
11 70.95 35 50.96 0.085960635278866
11 70.95 36 50.97 0.07387801013930409
11 70.95 37 60.73 0.0003310233277171889
11 70.95 38 60.73 0.00047725139911708177
11 70.95 39 60.73 3.081590155261039e-5
11 70.95 40 61.94 9.873884353801163e-7
11 70.95 41 61.94 3.581337186738723e-7
11 70.95 42 62.89 0.003022645038813247
11 70.95 43 62.92 0.0016385456625306884
11 70.95 44 62.92 0.004393698772261583
11 70.95 45 69.89 0.0016156975208412986
11 70.95 46 69.89 0.0017659010025308382
11 70.95 47 69.9 0.001629432272383478
11 70.95 48 70.39 6.796645200028705e-7
11 70.95 49 70.39 5.987461851959653e-7
11 70.95 50 71.26 7.608532854211384e-8
11 70.95 51 72.57 0.018029031543258682
11 70.95 52 72.57 0.0350175465246252
11 70.95 53 72.58 0.026058791076654677
11 70.95 54 73.58 0.0038003883021275548
11 70.95 55 73.58 0.012456807598216778
11 70.95 56 73.59 0.00873149694301735
11 70.95 57 79.97 5.099425121880663e-7
11 70.95 58 79.98 2.693965928373617e-7
11 70.95 59 79.98 2.176408358144146e-7
11 70.95 60 82.32 4.716831744421219e-8
11 70.95 61 82.33 1.7413320782088152e-7
11 70.95 62 82.33 2.218429262486607e-7
11 70.95 63 83.57 9.009329843137388e-7
11 70.95 64 85.78 0.00017245767514281133
11 70.95 65 85.79 0.00011675799674556463
11 70.95 66 85.79 0.0001847363610721114
11 70.95 67 89.48 0.003087666633990339
11 70.95 68 89.48 0.0015415888232214992
11 70.95 69 89.49 0.004096766341597613
11 70.95 70 90.34 3.192120512421994e-6
11 70.95 71 90.35 1.0760246739517823e-6
11 70.95 72 90.35 8.767259247830248e-7
11 70.95 73 91.59 0.0018310807301457818
11 70.95 74 91.6 0.006747207282716895
11 70.95 75 91.62 0.005493277031260681
11 70.95 76 91.69 0.0009707822279774324
11 70.95 77 91.7 0.000335625561179746
11 70.95 78 91.74 1.347615682925402e-5
11 70.95 79 91.99 2.4292787802769504e-6
11 70.95 80 91.99 2.352384216048104e-6
11 70.95 81 93.06 1.4029494453637652e-5
11 70.95 82 93.06 1.0610857741591382e-5
11 70.95 83 94.53 2.79884242031126e-7
11 70.95 84 96.55 0.007606837079035174
11 70.95 85 96.55 0.0030792514886919696
11 70.95 86 96.56 0.005201469562583377
11 70.95 87 98.11 2.1338901842378646e-6
11 70.95 88 98.12 3.7932693855551105e-7
11 70.95 89 98.12 2.0577716266192965e-6
11 70.95 90 98.28 0.0002653937062414832
11 70.95 91 98.3 0.0001829618201722683
11 70.95 92 98.3 0.0003436888930082342
11 70.95 93 99.71 5.539756173070074e-8
11 70.95 94 99.74 5.0850820553564505e-8
11 70.95 95 99.74 8.28561947316749e-9
11 70.95 96 100.74 3.326129262987681e-7
11 70.95 97 100.87 4.871238042553413e-9
11 70.95 98 100.87 9.01749029758996e-9
11 70.95 99 100.87 1.1520741611443526e-8
11 70.95 100 108.48 5.499111563766808e-8
12 85.37 12 0.0 3.0667797274509915e-6
12 85.37 13 1.04 1.8467729993806912e-6
12 85.37 14 1.04 1.6143885522112692e-6
12 85.37 15 1.05 4.298981148152081e-9
12 85.37 16 6.92 8.964426635947733e-7
12 85.37 17 6.92 8.888472645746198e-7
12 85.37 18 7.35 2.67502199962364e-7
12 85.37 19 7.35 5.888627774292493e-7
12 85.37 20 7.52 3.8699558835062494e-7
12 85.37 21 7.52 3.838446847793635e-7
12 85.37 22 7.54 8.230496151271722e-11
12 85.37 23 10.85 7.062997620172835e-6
12 85.37 24 10.87 1.59904129337366e-6
12 85.37 25 10.87 1.8814110487990339e-6
12 85.37 26 15.04 0.13858576669090505
12 85.37 27 15.07 0.13825711885951952
12 85.37 28 15.07 0.13825423818352078
12 85.37 29 16.66 2.202746178964034e-10
12 85.37 30 34.46 9.101119232588884e-7
12 85.37 31 34.98 2.751094309152665e-9
12 85.37 32 34.98 2.3191063705050054e-9
12 85.37 33 35.02 4.4039715473731895e-11
12 85.37 34 36.55 0.004655152689009522
12 85.37 35 36.55 0.004655799801503409
12 85.37 36 36.56 0.0047217557629659415
12 85.37 37 46.31 8.613644588267746e-7
12 85.37 38 46.31 1.2915593276459494e-6
12 85.37 39 46.31 7.460307698181828e-7
12 85.37 40 47.53 1.9335702873707333e-5
12 85.37 41 47.53 1.9290935353063184e-5
12 85.37 42 48.48 0.1581833262680305
12 85.37 43 48.51 0.15825392009275244
12 85.37 44 48.51 0.15825565133078773
12 85.37 45 55.48 4.005525074247029e-10
12 85.37 46 55.48 1.6867219944255078e-9
12 85.37 47 55.49 4.4818533683287676e-10
12 85.37 48 55.97 1.6207650252692342e-7
12 85.37 49 55.97 1.6006773602097378e-7
12 85.37 50 56.84 4.165848626195127e-7
12 85.37 51 58.15 1.0288635727919168e-7
12 85.37 52 58.15 1.052080042397827e-7
12 85.37 53 58.17 2.7575385040772493e-11
12 85.37 54 59.17 0.0045364494175821985
12 85.37 55 59.17 0.004533890758405931
12 85.37 56 59.17 0.004519181310164325
12 85.37 57 65.56 4.418617196319734e-9
12 85.37 58 65.56 4.541374465143529e-9
12 85.37 59 65.56 2.7083960286710723e-8
12 85.37 60 67.9 3.1546330158342153e-7
12 85.37 61 67.91 2.942382160759814e-8
12 85.37 62 67.91 1.8650752764733823e-7
12 85.37 63 69.15 1.4185537320415506e-7
12 85.37 64 71.37 0.004078630501975565
12 85.37 65 71.37 0.004084397792790571
12 85.37 66 71.37 0.004084136123044707
12 85.37 67 75.06 4.302296846486082e-10
12 85.37 68 75.07 4.8652412849548096e-8
12 85.37 69 75.07 4.4810837424425586e-8
12 85.37 70 75.92 1.6248252807553816e-5
12 85.37 71 75.94 4.3273707248712636e-6
12 85.37 72 75.94 4.115881867507609e-6
12 85.37 73 77.18 0.001199573941673451
12 85.37 74 77.18 0.001237001883951335
12 85.37 75 77.2 0.0013307679201865663
12 85.37 76 77.28 0.00011199286231807847
12 85.37 77 77.28 0.00014688359786095055
12 85.37 78 77.32 4.302443453899909e-6
12 85.37 79 77.57 4.2750728982648126e-8
12 85.37 80 77.57 2.2460688102482154e-8
12 85.37 81 78.64 2.2104804556132687e-7
12 85.37 82 78.64 3.3662818410204174e-7
12 85.37 83 80.12 1.0006245957106136e-7
12 85.37 84 82.13 7.527451628028767e-9
12 85.37 85 82.13 8.854371849254202e-9
12 85.37 86 82.14 8.624313200755475e-11
12 85.37 87 83.7 3.0634826017461584e-6
12 85.37 88 83.71 4.2346554282506514e-5
12 85.37 89 83.71 3.870715594841897e-5
12 85.37 90 83.87 0.020188118323245047
12 85.37 91 83.88 0.02017240372113911
12 85.37 92 83.88 0.020171419925290306
12 85.37 93 85.3 5.798936035976647e-7
12 85.37 94 85.33 8.431092901501853e-7
12 85.37 95 85.33 1.5884187777278865e-7
12 85.37 96 86.33 3.0825719196180973e-7
12 85.37 97 86.45 3.617795797964463e-8
12 85.37 98 86.45 2.2254631340575856e-8
12 85.37 99 86.46 5.024394720264442e-9
12 85.37 100 94.07 1.3759180233243418e-8
13 86.41 13 0.0 2.391819859095388e-5
13 86.41 14 0.0 1.919887895450782e-7
13 86.41 15 0.01 4.523392031426623e-7
13 86.41 16 5.88 0.04867570944732975
13 86.41 17 5.88 0.017394929272436188
13 86.41 18 6.31 0.0012612365690313691
13 86.41 19 6.31 0.0005973046641297765
13 86.41 20 6.48 0.03299456127951298
13 86.41 21 6.48 0.045991690603053574
13 86.41 22 6.49 0.01796532861218654
13 86.41 23 9.81 7.673625913928488e-6
13 86.41 24 9.83 7.018975233227425e-6
13 86.41 25 9.83 3.422300649793144e-6
13 86.41 26 14.0 0.06772305952294924
13 86.41 27 14.03 0.003474976943600712
13 86.41 28 14.03 0.06420203544591246
13 86.41 29 15.62 0.14978876538731803
13 86.41 30 33.42 8.938122205403297e-9
13 86.41 31 33.94 2.1958313405344032e-6
13 86.41 32 33.94 2.9761885264042377e-6
13 86.41 33 33.98 1.0667068309111545e-6
13 86.41 34 35.51 4.57809180898525e-5
13 86.41 35 35.51 3.5090195445121856e-5
13 86.41 36 35.51 8.532890528584632e-5
13 86.41 37 45.27 0.0022891205363273375
13 86.41 38 45.27 0.0100901055031436
13 86.41 39 45.27 0.011805278594197123
13 86.41 40 46.49 0.017669502104823633
13 86.41 41 46.49 0.005770850903185974
13 86.41 42 47.43 0.04280971724699528
13 86.41 43 47.47 0.005319417040124029
13 86.41 44 47.47 0.03700516643967465
13 86.41 45 54.43 0.020607107833891695
13 86.41 46 54.43 0.025081349462757894
13 86.41 47 54.44 0.009765078854498122
13 86.41 48 54.93 0.05335560143274435
13 86.41 49 54.93 0.01841358753020301
13 86.41 50 55.8 7.643417842394485e-8
13 86.41 51 57.11 0.017817961661893443
13 86.41 52 57.11 0.02539286077409797
13 86.41 53 57.12 0.008646425404117756
13 86.41 54 58.13 4.568041463279481e-5
13 86.41 55 58.13 0.0008479989128583192
13 86.41 56 58.13 0.0009132199103240193
13 86.41 57 64.52 4.149881999492163e-6
13 86.41 58 64.52 9.482747448109808e-6
13 86.41 59 64.52 1.3020050691704802e-5
13 86.41 60 66.86 1.5260885196422242e-8
13 86.41 61 66.87 4.726750030788067e-6
13 86.41 62 66.87 1.564870454959175e-5
13 86.41 63 68.11 5.9648667006020144e-6
13 86.41 64 70.32 0.0045354272603822035
13 86.41 65 70.33 0.0005474401990799974
13 86.41 66 70.33 0.004106497974386336
13 86.41 67 74.02 0.015543571944613513
13 86.41 68 74.03 0.04159239547220225
13 86.41 69 74.03 0.05214015302441845
13 86.41 70 74.88 4.081860533452852e-6
13 86.41 71 74.9 0.000120141327790557
13 86.41 72 74.9 7.367082514393679e-6
13 86.41 73 76.14 0.00025602772202949195
13 86.41 74 76.14 0.0024208471193527497
13 86.41 75 76.16 0.0012928479346814112
13 86.41 76 76.24 0.0028995441190894384
13 86.41 77 76.24 0.001661928003130835
13 86.41 78 76.28 1.452480773955109e-5
13 86.41 79 76.53 0.026033298204246175
13 86.41 80 76.53 0.03646559789020307
13 86.41 81 77.6 1.0615169458618523e-5
13 86.41 82 77.6 9.186849170890919e-6
13 86.41 83 79.08 5.0491472221863886e-8
13 86.41 84 81.09 0.0014251810772485905
13 86.41 85 81.09 0.0009309245288473277
13 86.41 86 81.1 0.0005031750084554999
13 86.41 87 82.66 1.5056231928967083e-6
13 86.41 88 82.67 2.2698164747795885e-6
13 86.41 89 82.67 1.1480776442328101e-5
13 86.41 90 82.83 0.007421464980129756
13 86.41 91 82.84 0.0006420079220913178
13 86.41 92 82.84 0.006727172122978485
13 86.41 93 84.26 7.305097662251044e-8
13 86.41 94 84.29 6.129455934580151e-7
13 86.41 95 84.29 3.636457940793163e-7
13 86.41 96 85.29 3.5078732211412886e-7
13 86.41 97 85.41 6.661126044594063e-8
13 86.41 98 85.41 2.505820013113325e-7
13 86.41 99 85.41 1.144087159363878e-9
13 86.41 100 93.03 3.1625440414652424e-9
14 86.41 14 0.0 2.4473096621506627e-5
14 86.41 15 0.01 2.9046448038413814e-7
14 86.41 16 5.88 0.017875128882006094
14 86.41 17 5.88 0.04819621874414284
14 86.41 18 6.31 0.0007324799778523634
14 86.41 19 6.31 0.0007842823436590275
14 86.41 20 6.48 0.04842242780527153
14 86.41 21 6.48 0.0340401075111228
14 86.41 22 6.49 0.014828089625421354
14 86.41 23 9.81 6.837531223584629e-6
14 86.41 24 9.83 3.4958637014918528e-6
14 86.41 25 9.83 5.94438863343309e-6
14 86.41 26 14.0 0.06771484623914147
14 86.41 27 14.03 0.06420167638097438
14 86.41 28 14.03 0.0034824318283655665
14 86.41 29 15.62 0.1497874346069378
14 86.41 30 33.42 1.0242908416298992e-8
14 86.41 31 33.94 2.9836024484917692e-6
14 86.41 32 33.94 2.1594873211391073e-6
14 86.41 33 33.98 1.0810516065045268e-6
14 86.41 34 35.51 3.533138487391325e-5
14 86.41 35 35.51 4.618199051233465e-5
14 86.41 36 35.51 8.450542967024661e-5
14 86.41 37 45.27 0.012424733415746727
14 86.41 38 45.27 0.008975221451856096
14 86.41 39 45.27 0.002793907133600136
14 86.41 40 46.49 0.005939308831734501
14 86.41 41 46.49 0.017499311331394485
14 86.41 42 47.43 0.042795532404342015
14 86.41 43 47.47 0.03700754728964799
14 86.41 44 47.47 0.005325808470382615
14 86.41 45 54.43 0.02565919814356663
14 86.41 46 54.43 0.021000207025737558
14 86.41 47 54.44 0.008782184359831267
14 86.41 48 54.93 0.01893033745897629
14 86.41 49 54.93 0.05284487587525765
14 86.41 50 55.8 8.805026713028354e-8
14 86.41 51 57.11 0.025696988085677677
14 86.41 52 57.11 0.01768268862451589
14 86.41 53 57.12 0.008471643888188218
14 86.41 54 58.13 0.0008529613421482095
14 86.41 55 58.13 4.159185171722835e-5
14 86.41 56 58.13 0.000924771905940061
14 86.41 57 64.52 3.3227322802478056e-6
14 86.41 58 64.52 1.2955273016076984e-5
14 86.41 59 64.52 9.972993114438395e-6
14 86.41 60 66.86 3.699241739582578e-8
14 86.41 61 66.87 1.604446881450474e-5
14 86.41 62 66.87 4.704723109597982e-6
14 86.41 63 68.11 6.932911408319997e-6
14 86.41 64 70.32 0.004564670030925249
14 86.41 65 70.33 0.0040983923382590624
14 86.41 66 70.33 0.000525892805522311
14 86.41 67 74.02 0.021029231767842067
14 86.41 68 74.03 0.049726858827739334
14 86.41 69 74.03 0.0385009243233017
14 86.41 70 74.88 6.8729336486072895e-6
14 86.41 71 74.9 1.1316080305492944e-5
14 86.41 72 74.9 0.00011767714364063655
14 86.41 73 76.14 0.0025527468629519493
14 86.41 74 76.14 0.0002319550076921274
14 86.41 75 76.16 0.0012463369354849213
14 86.41 76 76.24 0.0017204299435411119
14 86.41 77 76.24 0.002715869332495004
14 86.41 78 76.28 5.4817631170608e-5
14 86.41 79 76.53 0.03634133899701466
14 86.41 80 76.53 0.026192570622767697
14 86.41 81 77.6 7.573460516092553e-6
14 86.41 82 77.6 1.637698615818769e-5
14 86.41 83 79.08 4.12119074834303e-8
14 86.41 84 81.09 0.0009471885641467652
14 86.41 85 81.09 0.0014683111340140541
14 86.41 86 81.1 0.0004433050852682207
14 86.41 87 82.66 4.0723364623923373e-7
14 86.41 88 82.67 1.2490404546683034e-5
14 86.41 89 82.67 1.8524391343328701e-7
14 86.41 90 82.83 0.007422079046767483
14 86.41 91 82.84 0.006726589567829266
14 86.41 92 82.84 0.0006439239055186974
14 86.41 93 84.26 2.081169714746885e-7
14 86.41 94 84.29 1.1708702561144671e-7
14 86.41 95 84.29 8.222935492762864e-7
14 86.41 96 85.29 3.851765996853867e-7
14 86.41 97 85.41 2.6461058475462174e-7
14 86.41 98 85.41 9.142508506007167e-8
14 86.41 99 85.41 8.376265428599335e-9
14 86.41 100 93.03 1.2576448408424964e-8
15 86.41 15 0.0 2.345955352893976e-5
15 86.41 16 5.87 0.030898608535896824
15 86.41 17 5.87 0.031858255454816325
15 86.41 18 6.3 0.0003093777172319484
15 86.41 19 6.3 0.00019230514883985573
15 86.41 20 6.47 0.016811890680032172
15 86.41 21 6.47 0.017448721487593896
15 86.41 22 6.49 0.06714576082158338
15 86.41 23 9.8 2.0449747607051655e-8
15 86.41 24 9.82 8.68869593048845e-7
15 86.41 25 9.82 7.985280308214152e-7
15 86.41 26 13.99 7.96659139994957e-6
15 86.41 27 14.02 0.06812991771134366
15 86.41 28 14.02 0.06812151061772105
15 86.41 29 15.61 0.14916256780530882
15 86.41 30 33.41 3.6373751116798355e-11
15 86.41 31 33.93 5.932241804839276e-7
15 86.41 32 33.93 6.423338922331934e-7
15 86.41 33 33.97 3.485276157189218e-6
15 86.41 34 35.5 7.715019327422931e-5
15 86.41 35 35.5 7.714591803671496e-5
15 86.41 36 35.51 2.6202036358399e-7
15 86.41 37 45.26 0.0093841823227097
15 86.41 38 45.26 0.005036887861420593
15 86.41 39 45.26 0.009497757796352818
15 86.41 40 46.48 0.010822642597552432
15 86.41 41 46.48 0.01115902498551886
15 86.41 42 47.43 1.2905902337540614e-5
15 86.41 43 47.46 0.04310470435656126
15 86.41 44 47.46 0.0431001676427914
15 86.41 45 54.43 0.008751109712785681
15 86.41 46 54.43 0.008949218432411114
15 86.41 47 54.44 0.03706000321173307
15 86.41 48 54.92 0.036176100590734686
15 86.41 49 54.92 0.037205396299412094
15 86.41 50 55.79 6.371370955339597e-10
15 86.41 51 57.1 0.008347911829597578
15 86.41 52 57.1 0.008781798109852018
15 86.41 53 57.12 0.034236937567783635
15 86.41 54 58.12 0.0009535320415739383
15 86.41 55 58.12 0.0009626647028289395
15 86.41 56 58.12 3.730891147226691e-6
15 86.41 57 64.51 9.613146295312318e-6
15 86.41 58 64.51 2.7737776922664185e-6
15 86.41 59 64.51 2.3615453899008267e-6
15 86.41 60 66.85 1.3571923834910987e-8
15 86.41 61 66.86 1.4473382762146733e-5
15 86.41 62 66.86 1.385840445693251e-5
15 86.41 63 68.1 2.553263582505701e-5
15 86.41 64 70.32 3.513161667484018e-5
15 86.41 65 70.32 0.00450263732865768
15 86.41 66 70.32 0.004516559984762424
15 86.41 67 74.01 0.07258452908413654
15 86.41 68 74.02 0.018017897351151772
15 86.41 69 74.02 0.018703310628513197
15 86.41 70 74.88 2.95422069818656e-7
15 86.41 71 74.89 6.803701717715751e-5
15 86.41 72 74.89 7.19781676655618e-5
15 86.41 73 76.13 0.00027126366485644995
15 86.41 74 76.13 0.00035821045989719246
15 86.41 75 76.15 1.4557717539950967e-5
15 86.41 76 76.23 0.003800882678088972
15 86.41 77 76.23 0.00405416161607328
15 86.41 78 76.27 0.00013514478789299837
15 86.41 79 76.52 0.031391690307464006
15 86.41 80 76.52 0.031055161575642025
15 86.41 81 77.59 1.3247079210443928e-6
15 86.41 82 77.59 2.4512984985176303e-6
15 86.41 83 79.07 2.83880735667239e-10
15 86.41 84 81.08 0.00048586942833406873
15 86.41 85 81.08 0.0004588632032656108
15 86.41 86 81.09 0.0018907789831235909
15 86.41 87 82.65 3.292954014793115e-6
15 86.41 88 82.66 1.4001041743288219e-5
15 86.41 89 82.66 1.297837533987288e-5
15 86.41 90 82.82 1.9844998820378954e-6
15 86.41 91 82.83 0.007459335888804052
15 86.41 92 82.83 0.007455063052233813
15 86.41 93 84.25 1.5938291483619217e-7
15 86.41 94 84.28 7.65113060411338e-7
15 86.41 95 84.28 3.448567810981834e-7
15 86.41 96 85.28 1.1736295482638217e-6
15 86.41 97 85.4 1.812832918943017e-7
15 86.41 98 85.4 1.7659186604654834e-7
15 86.41 99 85.41 3.190070311196656e-7
15 86.41 100 93.02 5.38946899750096e-9
16 92.28 16 0.0 8.972652551085451e-6
16 92.28 17 0.0 8.823871525800885e-6
16 92.28 18 0.43 1.3719086472699815e-5
16 92.28 19 0.43 9.383461632595e-6
16 92.28 20 0.6 2.071362077298251e-6
16 92.28 21 0.6 6.675353828868585e-6
16 92.28 22 0.62 3.752412361526883e-7
16 92.28 23 3.93 0.027191953593241964
16 92.28 24 3.95 0.04151124458587501
16 92.28 25 3.95 0.014055426967180169
16 92.28 26 8.12 9.750183074946438e-6
16 92.28 27 8.15 4.803223954489473e-7
16 92.28 28 8.15 7.273332972130972e-6
16 92.28 29 9.74 4.446848485879231e-6
16 92.28 30 27.54 4.477062718150045e-8
16 92.28 31 28.06 3.824623082908544e-8
16 92.28 32 28.06 6.936137940468311e-8
16 92.28 33 28.1 4.70441834737844e-8
16 92.28 34 29.63 2.1766876021547546e-7
16 92.28 35 29.63 1.869646669834409e-7
16 92.28 36 29.64 7.632173469449149e-8
16 92.28 37 39.39 6.690523196183191e-8
16 92.28 38 39.39 1.1080554687591053e-6
16 92.28 39 39.39 1.8329486795801417e-6
16 92.28 40 40.61 6.092177404763931e-6
16 92.28 41 40.61 2.9021711732429745e-7
16 92.28 42 41.56 6.08478622303168e-7
16 92.28 43 41.59 8.792547494689828e-8
16 92.28 44 41.59 5.041103015637531e-7
16 92.28 45 48.56 3.297118006192996e-6
16 92.28 46 48.56 6.425787868926715e-6
16 92.28 47 48.57 3.0990173678972294e-8
16 92.28 48 49.05 4.210288453457087e-6
16 92.28 49 49.05 2.692748791976739e-6
16 92.28 50 49.92 3.7058008476870407e-7
16 92.28 51 51.23 5.963251326539863e-7
16 92.28 52 51.23 6.435237478472e-7
16 92.28 53 51.25 2.822303162003001e-6
16 92.28 54 52.25 2.066836611766462e-6
16 92.28 55 52.25 4.888426924947993e-6
16 92.28 56 52.25 3.8129029397375294e-7
16 92.28 57 58.64 0.04872810682998234
16 92.28 58 58.64 0.030244978749928795
16 92.28 59 58.64 0.055655899413246605
16 92.28 60 60.98 0.02566759051745887
16 92.28 61 60.99 0.01322592947374056
16 92.28 62 60.99 0.03359347377537124
16 92.28 63 62.23 1.0160346569060521e-5
16 92.28 64 64.45 2.871545311142396e-6
16 92.28 65 64.45 4.986898643127846e-7
16 92.28 66 64.45 1.5664804134457354e-6
16 92.28 67 68.14 1.7096701274084936e-6
16 92.28 68 68.15 2.554364419891078e-6
16 92.28 69 68.15 2.90827990314627e-6
16 92.28 70 69.01 0.000615105812931237
16 92.28 71 69.02 0.0010571370067907152
16 92.28 72 69.02 0.0003347073610304129
16 92.28 73 70.26 3.848744307147511e-6
16 92.28 74 70.26 1.387549868566061e-5
16 92.28 75 70.28 2.031284777511578e-6
16 92.28 76 70.36 0.0001234055009454405
16 92.28 77 70.36 5.4283954679599624e-5
16 92.28 78 70.4 9.168280705784115e-5
16 92.28 79 70.65 1.7122367001278156e-5
16 92.28 80 70.65 2.3160809664448614e-5
16 92.28 81 71.72 1.4349344681129922e-6
16 92.28 82 71.72 7.315420292217085e-7
16 92.28 83 73.2 1.4066231848392047e-6
16 92.28 84 75.21 3.2206248184728953e-6
16 92.28 85 75.21 1.8555117890233478e-8
16 92.28 86 75.22 3.0888053019402875e-6
16 92.28 87 76.78 0.0037792129968884877
16 92.28 88 76.79 0.001986369332757586
16 92.28 89 76.79 0.005641720661225394
16 92.28 90 76.95 5.059097489528843e-7
16 92.28 91 76.96 3.528133615568696e-6
16 92.28 92 76.96 9.523149712865806e-6
16 92.28 93 78.38 0.001692177160813687
16 92.28 94 78.41 0.0022475523144275147
16 92.28 95 78.41 0.0009973938223314135
16 92.28 96 79.41 6.133780824993304e-6
16 92.28 97 79.53 0.0011199925549710977
16 92.28 98 79.53 0.002652953069894552
16 92.28 99 79.54 0.001985848156473608
16 92.28 100 87.15 1.1532943096691423e-5
17 92.29 17 0.0 9.364112713394703e-6
17 92.29 18 0.43 9.097493284025194e-6
17 92.29 19 0.43 1.3572991929280233e-5
17 92.29 20 0.6 4.887427691682332e-6
17 92.29 21 0.6 2.4803750799032e-6
17 92.29 22 0.61 5.116860164194755e-7
17 92.29 23 3.93 0.02685124993504556
17 92.29 24 3.95 0.01422690472681465
17 92.29 25 3.95 0.04168196300904061
17 92.29 26 8.12 1.0072128636932187e-5
17 92.29 27 8.15 7.2436916509386935e-6
17 92.29 28 8.15 4.3597755528939626e-7
17 92.29 29 9.74 4.636377369643178e-6
17 92.29 30 27.54 9.058720950988302e-8
17 92.29 31 28.06 1.0707188454890382e-7
17 92.29 32 28.06 8.300585946526208e-8
17 92.29 33 28.1 1.2497516034570725e-7
17 92.29 34 29.63 4.4522507189532895e-7
17 92.29 35 29.63 3.401921269372401e-7
17 92.29 36 29.64 1.1192084205072618e-7
17 92.29 37 39.39 1.6800434075927605e-6
17 92.29 38 39.39 9.183485213898214e-7
17 92.29 39 39.39 6.873417185805872e-8
17 92.29 40 40.61 1.8028748691682922e-7
17 92.29 41 40.61 6.128967037337651e-6
17 92.29 42 41.56 8.962086712848652e-7
17 92.29 43 41.59 6.700025736016333e-7
17 92.29 44 41.59 1.3543260083859967e-7
17 92.29 45 48.56 6.257876234313339e-6
17 92.29 46 48.56 3.0878417083571942e-6
17 92.29 47 48.57 8.691305546925521e-8
17 92.29 48 49.05 2.8307849167637704e-6
17 92.29 49 49.05 4.225568869831721e-6
17 92.29 50 49.92 3.933656924607203e-7
17 92.29 51 51.23 1.0871678889199264e-6
17 92.29 52 51.23 5.925113810965673e-7
17 92.29 53 51.25 3.491370403585834e-6
17 92.29 54 52.25 3.1224315543330024e-6
17 92.29 55 52.25 2.279366682521304e-6
17 92.29 56 52.25 3.7621045842921137e-7
17 92.29 57 58.64 0.04259332975520464
17 92.29 58 58.64 0.05872701348030573
17 92.29 59 58.64 0.03331181527131592
17 92.29 60 60.98 0.0249500367860151
17 92.29 61 60.99 0.033954083242068875
17 92.29 62 60.99 0.013583111427172317
17 92.29 63 62.23 1.0212762131202043e-5
17 92.29 64 64.45 2.0883152851936824e-6
17 92.29 65 64.45 9.646235462524778e-7
17 92.29 66 64.45 6.389129246469841e-7
17 92.29 67 68.14 2.383981716090429e-6
17 92.29 68 68.15 2.7591489414339756e-6
17 92.29 69 68.15 2.488994934948953e-6
17 92.29 70 69.0 0.0005956183902070726
17 92.29 71 69.02 0.0003442405280519703
17 92.29 72 69.02 0.0010672297011529996
17 92.29 73 70.26 1.948410387809734e-5
17 92.29 74 70.26 3.236566692132899e-6
17 92.29 75 70.28 1.5940582981299616e-6
17 92.29 76 70.36 4.797161563994278e-5
17 92.29 77 70.36 0.00011087886122769149
17 92.29 78 70.4 0.00010457520415612607
17 92.29 79 70.65 2.450952430814826e-5
17 92.29 80 70.65 1.7474545790595945e-5
17 92.29 81 71.72 7.339759795463108e-7
17 92.29 82 71.72 1.4239786044526327e-6
17 92.29 83 73.2 1.438385199412065e-6
17 92.29 84 75.21 7.683165850813443e-8
17 92.29 85 75.21 3.130446154846473e-6
17 92.29 86 75.22 3.4006662932959414e-6
17 92.29 87 76.78 0.003919142930479275
17 92.29 88 76.79 0.005569761859390147
17 92.29 89 76.79 0.0019171636550366997
17 92.29 90 76.95 1.0131127751143877e-6
17 92.29 91 76.96 7.8765831391268e-6
17 92.29 92 76.96 2.3816382472755713e-6
17 92.29 93 78.38 0.0016802891212915115
17 92.29 94 78.41 0.0010028030959326993
17 92.29 95 78.41 0.002253218615218441
17 92.29 96 79.41 6.137636238300352e-6
17 92.29 97 79.53 0.0027316075887390398
17 92.29 98 79.53 0.0011985877070186902
17 92.29 99 79.54 0.0018299598817844798
17 92.29 100 87.15 1.2178844440525017e-5
18 92.72 18 0.0 0.003939671512317607
18 92.72 19 0.0 0.001052314557618476
18 92.72 20 0.17 0.015348784846339532
18 92.72 21 0.17 0.04430024149123292
18 92.72 22 0.19 0.029719958168569628
18 92.72 23 3.5 0.00030628064200196627
18 92.72 24 3.52 0.0002039517697236118
18 92.72 25 3.52 4.7941235178203443e-5
18 92.72 26 7.69 0.03107362085087987
18 92.72 27 7.72 0.02320558473740785
18 92.72 28 7.72 0.03826535817842405
18 92.72 29 9.31 1.554840659963474e-8
18 92.72 30 27.11 1.56941989123425e-6
18 92.72 31 27.63 0.0053244798255200195
18 92.72 32 27.63 0.014103860802225846
18 92.72 33 27.67 0.009720072939133777
18 92.72 34 29.2 0.00599166483111849
18 92.72 35 29.2 0.009017002860354211
18 92.72 36 29.21 0.007111372416099698
18 92.72 37 38.96 0.07037733333996926
18 92.72 38 38.96 0.12877187230125048
18 92.72 39 38.96 0.01820153561620946
18 92.72 40 40.18 2.638656903414834e-7
18 92.72 41 40.18 3.287000009692208e-8
18 92.72 42 41.13 2.8480378188451575e-6
18 92.72 43 41.16 5.056630976174632e-6
18 92.72 44 41.16 7.310598372335557e-6
18 92.72 45 48.13 0.0006767033765109145
18 92.72 46 48.13 0.0005644579756134956
18 92.72 47 48.14 0.0005361284680440184
18 92.72 48 48.62 1.0470183056920537e-8
18 92.72 49 48.62 1.1044653826054448e-8
18 92.72 50 49.49 3.539968445031286e-6
18 92.72 51 50.8 0.015374199537239513
18 92.72 52 50.8 0.02368175486057741
18 92.72 53 50.82 0.018999662284764955
18 92.72 54 51.82 0.018068307661416774
18 92.72 55 51.82 0.06106645815108852
18 92.72 56 51.82 0.04343988754238316
18 92.72 57 58.21 0.00022553273704686844
18 92.72 58 58.21 0.0005225939883149131
18 92.72 59 58.21 0.0008076363230615266
18 92.72 60 60.55 0.0009710739211767776
18 92.72 61 60.56 0.0002843446191079819
18 92.72 62 60.56 0.0007890197530095603
18 92.72 63 61.8 0.000978455006205433
18 92.72 64 64.02 0.0004875137780903455
18 92.72 65 64.02 0.0003626619422941396
18 92.72 66 64.02 0.00047059064342186495
18 92.72 67 67.71 0.005383652866465625
18 92.72 68 67.72 0.002522074305024635
18 92.72 69 67.72 0.007350757587770441
18 92.72 70 68.58 0.00013484289575745807
18 92.72 71 68.59 0.0001354874377349866
18 92.72 72 68.59 1.4843519704907927e-5
18 92.72 73 69.83 0.006644925831109141
18 92.72 74 69.83 0.023217013460820703
18 92.72 75 69.85 0.019226473613346614
18 92.72 76 69.93 0.0030521078057657272
18 92.72 77 69.93 0.0008707195863641413
18 92.72 78 69.97 5.891869696867637e-6
18 92.72 79 70.22 3.281294884653503e-6
18 92.72 80 70.22 2.323198834270926e-6
18 92.72 81 71.29 0.00017802974090082654
18 92.72 82 71.29 1.7499673437197927e-5
18 92.72 83 72.77 4.1698188988190694e-9
18 92.72 84 74.78 0.01029189667551318
18 92.72 85 74.78 0.004881776537957586
18 92.72 86 74.79 0.007273435989431172
18 92.72 87 76.35 1.8079722869440533e-8
18 92.72 88 76.36 4.610510351832605e-6
18 92.72 89 76.36 7.595935846821972e-6
18 92.72 90 76.52 0.0002482426144844052
18 92.72 91 76.53 0.00020573285342817478
18 92.72 92 76.53 0.0002970211705690636
18 92.72 93 77.95 1.909335862690484e-5
18 92.72 94 77.98 9.075184531388037e-6
18 92.72 95 77.98 5.903104677925659e-6
18 92.72 96 78.98 6.041152129835333e-5
18 92.72 97 79.1 3.9256223352347886e-5
18 92.72 98 79.1 4.0470263171198176e-5
18 92.72 99 79.11 1.6496196227756543e-5
18 92.72 100 86.72 1.1375448488698018e-5
19 92.72 19 0.0 0.0030457756667124293
19 92.72 20 0.17 0.04400568147237763
19 92.72 21 0.17 0.01392288291879627
19 92.72 22 0.18 0.03255905082272731
19 92.72 23 3.5 0.0002077701800415476
19 92.72 24 3.52 2.9377463326891773e-5
19 92.72 25 3.52 0.00015025742261065304
19 92.72 26 7.69 0.031241340070253143
19 92.72 27 7.72 0.03857837483964589
19 92.72 28 7.72 0.023400004009178944
19 92.72 29 9.31 2.8189449995691242e-8
19 92.72 30 27.11 1.7073485662259477e-6
19 92.72 31 27.63 0.01424620102189093
19 92.72 32 27.63 0.0054083687404214015
19 92.72 33 27.67 0.00971390654517278
19 92.72 34 29.2 0.008840517312346566
19 92.72 35 29.2 0.005783791114479735
19 92.72 36 29.2 0.0076443154703320845
19 92.72 37 38.96 0.07517520920705588
19 92.72 38 38.96 0.01613515308629199
19 92.72 39 38.96 0.12759724241953302
19 92.72 40 40.18 3.2807227051498e-8
19 92.72 41 40.18 3.443814825055349e-7
19 92.72 42 41.12 3.0063288897485637e-6
19 92.72 43 41.16 6.974797816883247e-6
19 92.72 44 41.16 4.85420341123496e-6
19 92.72 45 48.12 0.0005528253231649672
19 92.72 46 48.13 0.000664426414010696
19 92.72 47 48.13 0.000571636262289396
19 92.72 48 48.62 1.6691074264327117e-8
19 92.72 49 48.62 3.517955482294546e-9
19 92.72 50 49.49 3.8025035463852437e-6
19 92.72 51 50.8 0.02357000584893263
19 92.72 52 50.8 0.01521506593098581
19 92.72 53 50.81 0.01958282522905061
19 92.72 54 51.82 0.06422278353838452
19 92.72 55 51.82 0.020939351528783796
19 92.72 56 51.82 0.038406595586289914
19 92.72 57 58.21 0.00018046671303037666
19 92.72 58 58.21 0.00047980395502686217
19 92.72 59 58.21 0.00040492525922711063
19 92.72 60 60.55 0.0006559602981075163
19 92.72 61 60.56 0.0005741224731678639
19 92.72 62 60.56 0.00017641629971665068
19 92.72 63 61.8 0.0006733745012182707
19 92.72 64 64.02 0.00039092427584726274
19 92.72 65 64.02 0.0005258864130752663
19 92.72 66 64.02 0.0004216756390793217
19 92.72 67 67.71 0.004822015540978034
19 92.72 68 67.72 0.007717202270782904
19 92.72 69 67.72 0.002845186234924617
19 92.72 70 68.57 0.00010655424815422465
19 92.72 71 68.59 1.2898440650626047e-5
19 92.72 72 68.59 0.00010659006170579128
19 92.72 73 69.83 0.023874127393827972
19 92.72 74 69.83 0.008266200787247236
19 92.72 75 69.85 0.016095720013300556
19 92.72 76 69.93 0.0008998491155315614
19 92.72 77 69.93 0.0041104822201469965
19 92.72 78 69.97 0.00014152887935120798
19 92.72 79 70.22 5.024142644018477e-6
19 92.72 80 70.22 6.647289776999511e-6
19 92.72 81 71.29 7.962836776247027e-6
19 92.72 82 71.29 0.00014131192575305356
19 92.72 83 72.77 1.1044647772981926e-8
19 92.72 84 74.78 0.004750599323590013
19 92.72 85 74.78 0.010200765784357812
19 92.72 86 74.79 0.007651445422965018
19 92.72 87 76.35 3.123618189504811e-7
19 92.72 88 76.36 4.342316424552242e-6
19 92.72 89 76.36 3.536712522905307e-6
19 92.72 90 76.52 0.0002522869514563607
19 92.72 91 76.53 0.0002972116571435494
19 92.72 92 76.53 0.0002047172902346786
19 92.72 93 77.95 1.2865402427355265e-5
19 92.72 94 77.98 2.621702608140052e-6
19 92.72 95 77.98 8.176845883901087e-6
19 92.72 96 78.98 4.076407183301778e-5
19 92.72 97 79.1 2.327982792278181e-5
19 92.72 98 79.1 2.662578731704184e-5
19 92.72 99 79.11 1.2897982241190384e-5
19 92.72 100 86.72 7.791892113624661e-6
20 92.88 20 0.0 0.0027566325078411088
20 92.88 21 0.0 0.0010501104466109287
20 92.88 22 0.02 0.0006069330150969245
20 92.88 23 3.33 0.014122573279853383
20 92.88 24 3.35 0.003989311253478239
20 92.88 25 3.35 0.008829920651590906
20 92.88 26 7.53 0.00044133892763524146
20 92.88 27 7.55 0.0005722275060293934
20 92.88 28 7.55 0.0004654624180876184
20 92.88 29 9.14 2.829396934814274e-6
20 92.88 30 26.94 4.3872612664628703e-7
20 92.88 31 27.46 0.00021424461091518388
20 92.88 32 27.46 0.00010392282091343122
20 92.88 33 27.5 0.00014734999940181916
20 92.88 34 29.03 0.00016401966085475628
20 92.88 35 29.03 8.11697491003099e-5
20 92.88 36 29.04 0.00012559557085543342
20 92.88 37 38.8 0.0014492347266178796
20 92.88 38 38.8 0.0002450880956401533
20 92.88 39 38.8 0.0016690628928072485
20 92.88 40 40.01 1.4778724159071774e-6
20 92.88 41 40.01 2.1436582769295295e-6
20 92.88 42 40.96 1.4091321479574484e-6
20 92.88 43 40.99 1.4080140745813597e-6
20 92.88 44 40.99 1.8284608483883754e-7
20 92.88 45 47.96 1.0178776535637023e-5
20 92.88 46 47.96 1.4381951590260549e-5
20 92.88 47 47.97 6.949576768527902e-6
20 92.88 48 48.45 7.240633881164668e-7
20 92.88 49 48.45 1.4958918755950032e-6
20 92.88 50 49.32 2.0778737830216593e-7
20 92.88 51 50.64 0.00030159260858173784
20 92.88 52 50.64 0.0002772978970477259
20 92.88 53 50.65 0.00029762096740976966
20 92.88 54 51.65 0.0009020059950850685
20 92.88 55 51.65 0.00034581394099414924
20 92.88 56 51.66 0.0005521117973477761
20 92.88 57 58.04 0.011173660850694284
20 92.88 58 58.05 0.035253220119353265
20 92.88 59 58.05 0.024967582324471625
20 92.88 60 60.38 0.04414238406897212
20 92.88 61 60.39 0.027936635132699027
20 92.88 62 60.39 0.0184621890248454
20 92.88 63 61.63 0.04079032358174784
20 92.88 64 63.85 6.311014741490865e-6
20 92.88 65 63.85 7.961515701878072e-6
20 92.88 66 63.85 1.0529027779603098e-5
20 92.88 67 67.55 0.00012074680815266955
20 92.88 68 67.55 0.00019363622493989268
20 92.88 69 67.55 4.567331076290958e-5
20 92.88 70 68.41 0.00327220703923802
20 92.88 71 68.42 0.0005667999218030245
20 92.88 72 68.42 0.002613241698772284
20 92.88 73 69.66 0.0002401545846763041
20 92.88 74 69.67 5.011345598933444e-5
20 92.88 75 69.68 0.0002766323159668575
20 92.88 76 69.76 0.0001801231422413978
20 92.88 77 69.77 0.00040225030087689576
20 92.88 78 69.8 5.657275013867459e-5
20 92.88 79 70.06 1.7347881901820084e-5
20 92.88 80 70.06 2.8898327111877695e-5
20 92.88 81 71.13 0.0015111787123383903
20 92.88 82 71.13 0.004265806161055468
20 92.88 83 72.6 3.6248602158796816e-7
20 92.88 84 74.61 8.391159788978432e-5
20 92.88 85 74.61 0.00014003181351431926
20 92.88 86 74.62 8.881803606711376e-5
20 92.88 87 76.18 7.728187600433237e-5
20 92.88 88 76.19 0.0002975055180177965
20 92.88 89 76.19 0.00023699383888569438
20 92.88 90 76.35 9.413284147508517e-7
20 92.88 91 76.36 6.274148147164862e-6
20 92.88 92 76.36 5.46027338280773e-6
20 92.88 93 77.78 0.001068182745362183
20 92.88 94 77.81 0.0006198184946095231
20 92.88 95 77.81 0.0005547099655968634
20 92.88 96 78.81 0.001782307704103028
20 92.88 97 78.94 0.0020947408907638393
20 92.88 98 78.94 0.001991592401903658
20 92.88 99 78.94 0.0007505007700837197
20 92.88 100 86.55 0.0003767039514446439
21 92.88 21 0.0 0.004141904656874078
21 92.88 22 0.02 0.0005845287743102035
21 92.88 23 3.33 0.014026437845724231
21 92.88 24 3.35 0.00876344400232084
21 92.88 25 3.35 0.003972156389211217
21 92.88 26 7.52 0.0006721010713725589
21 92.88 27 7.55 0.0006454770653934946
21 92.88 28 7.55 0.0008566730292850825
21 92.88 29 9.14 2.7874369875718855e-6
21 92.88 30 26.94 6.088194416783639e-7
21 92.88 31 27.46 0.0001438516027262605
21 92.88 32 27.46 0.00032221558015310713
21 92.88 33 27.5 0.0002156718781760078
21 92.88 34 29.03 0.00012385425160099442
21 92.88 35 29.03 0.00023652844330834843
21 92.88 36 29.04 0.00017547332763164593
21 92.88 37 38.79 0.0012894959848534983
21 92.88 38 38.79 0.002884170288890715
21 92.88 39 38.8 0.0007798865969282077
21 92.88 40 40.01 4.11927933610369e-6
21 92.88 41 40.01 1.6989198476717279e-6
21 92.88 42 40.96 1.4700610343244416e-6
21 92.88 43 40.99 4.017769190138164e-8
21 92.88 44 40.99 1.4169911619858046e-6
21 92.88 45 47.96 1.953307290015885e-5
21 92.88 46 47.96 1.5564582909255914e-5
21 92.88 47 47.97 8.630383755203427e-6
21 92.88 48 48.45 1.444053728697735e-6
21 92.88 49 48.45 7.388942838813369e-7
21 92.88 50 49.32 5.494561027734908e-7
21 92.88 51 50.63 0.00040458429491624197
21 92.88 52 50.64 0.0004828778621912442
21 92.88 53 50.65 0.0004256365326419321
21 92.88 54 51.65 0.00044929381542622673
21 92.88 55 51.65 0.0012942674850881287
21 92.88 56 51.66 0.0009648120331405058
21 92.88 57 58.04 0.011184491296166634
21 92.88 58 58.04 0.025729058284214495
21 92.88 59 58.05 0.03396911942178093
21 92.88 60 60.38 0.04380936953147033
21 92.88 61 60.39 0.01832868214252252
21 92.88 62 60.39 0.02774177600113331
21 92.88 63 61.63 0.04047951866304402
21 92.88 64 63.85 1.4068946937834672e-5
21 92.88 65 63.85 2.0528482138896584e-5
21 92.88 66 63.85 1.4833889688284518e-5
21 92.88 67 67.55 0.00018088747997155238
21 92.88 68 67.55 6.044464529636154e-5
21 92.88 69 67.55 0.0002425912255284418
21 92.88 70 68.41 0.0032423879776706326
21 92.88 71 68.42 0.002585827713438259
21 92.88 72 68.42 0.0005629642693757706
21 92.88 73 69.66 5.436930797978072e-5
21 92.88 74 69.67 0.0003963407109253843
21 92.88 75 69.68 0.000488599240948317
21 92.88 76 69.76 0.0004056182510244219
21 92.88 77 69.76 0.0001928342493771943
21 92.88 78 69.8 5.804921184097038e-5
21 92.88 79 70.05 2.965205352051672e-5
21 92.88 80 70.05 1.8490560726624296e-5
21 92.88 81 71.13 0.004352433887585287
21 92.88 82 71.13 0.0013800809580830735
21 92.88 83 72.6 6.342595058919553e-7
21 92.88 84 74.61 0.00021769443237043085
21 92.88 85 74.61 0.00011930622209397709
21 92.88 86 74.62 0.0001294095940205699
21 92.88 87 76.18 8.815092618378807e-5
21 92.88 88 76.19 0.00023956204664411687
21 92.88 89 76.19 0.0002795794482228914
21 92.88 90 76.35 2.2073496654200327e-6
21 92.88 91 76.36 7.196333267752338e-6
21 92.88 92 76.36 8.265714043467779e-6
21 92.88 93 77.78 0.0010608355498108592
21 92.88 94 77.81 0.0005549611810962407
21 92.88 95 77.81 0.0006151472808219568
21 92.88 96 78.81 0.0017648881788976897
21 92.88 97 78.93 0.0020318937288632956
21 92.88 98 78.94 0.0020376285302007393
21 92.88 99 78.94 0.0007327975950551001
21 92.88 100 86.55 0.00037462607865852975
22 92.9 22 0.0 7.959675246597525e-5
22 92.9 23 3.32 1.447580899707615e-5
22 92.9 24 3.34 0.013453578676664489
22 92.9 25 3.34 0.01343943219104643
22 92.9 26 7.51 1.5441613326620408e-5
22 92.9 27 7.53 2.173888251129413e-5
22 92.9 28 7.53 3.4697550352184795e-5
22 92.9 29 9.12 1.0226218224661848e-5
22 92.9 30 26.92 5.659003559225006e-9
22 92.9 31 27.45 7.77863161058016e-6
22 92.9 32 27.45 2.398677568597884e-6
22 92.9 33 27.49 5.28137952758619e-6
22 92.9 34 29.01 2.49489750149296e-6
22 92.9 35 29.01 4.810852094796651e-6
22 92.9 36 29.02 4.028471886437549e-6
22 92.9 37 38.78 1.3873132928761102e-5
22 92.9 38 38.78 3.35135440443564e-5
22 92.9 39 38.78 6.656760664545375e-5
22 92.9 40 39.99 1.1181058315447328e-6
22 92.9 41 39.99 8.690783868238757e-7
22 92.9 42 40.94 2.8891059513793797e-8
22 92.9 43 40.97 5.434596998570755e-6
22 92.9 44 40.97 4.976450040864609e-6
22 92.9 45 47.94 2.776788994893466e-6
22 92.9 46 47.94 1.9066017064463406e-6
22 92.9 47 47.95 3.340601796362305e-6
22 92.9 48 48.44 4.407785752283546e-6
22 92.9 49 48.44 3.958170249659361e-6
22 92.9 50 49.31 2.8563658523267782e-8
22 92.9 51 50.62 1.4519993174232178e-5
22 92.9 52 50.62 6.5538758948701324e-6
22 92.9 53 50.63 1.742438237033322e-5
22 92.9 54 51.63 2.743303850130172e-5
22 92.9 55 51.63 1.5618753549289406e-5
22 92.9 56 51.64 2.3709333617714783e-5
22 92.9 57 58.02 0.04793483997314827
22 92.9 58 58.03 0.011143298395365622
22 92.9 59 58.03 0.012982652612934149
22 92.9 60 60.37 2.2680164422017688e-5
22 92.9 61 60.38 0.04614844303237882
22 92.9 62 60.38 0.046102924203738224
22 92.9 63 61.62 0.0416933997520152
22 92.9 64 63.83 6.969300504969444e-7
22 92.9 65 63.84 2.380372432868711e-6
22 92.9 66 63.84 2.1087512721719735e-7
22 92.9 67 67.53 1.5201184142206795e-5
22 92.9 68 67.54 3.2521244176049566e-6
22 92.9 69 67.54 9.591775058688563e-6
22 92.9 70 68.39 1.6024110894047818e-6
22 92.9 71 68.4 0.0033165497485558018
22 92.9 72 68.4 0.0033194133751343518
22 92.9 73 69.64 2.312553656439815e-5
22 92.9 74 69.65 1.5694764226893296e-6
22 92.9 75 69.67 9.662083629800977e-6
22 92.9 76 69.74 0.00011657122233613547
22 92.9 77 69.75 7.865893365277012e-5
22 92.9 78 69.79 0.00023162296369495217
22 92.9 79 70.04 1.603959139375384e-6
22 92.9 80 70.04 1.1657434806010333e-6
22 92.9 81 71.11 0.0027490225877966792
22 92.9 82 71.11 0.0029875207721778317
22 92.9 83 72.58 1.8530280348810842e-8
22 92.9 84 74.6 2.519651630332172e-6
22 92.9 85 74.6 4.748310784303461e-6
22 92.9 86 74.61 4.025710176837379e-6
22 92.9 87 76.16 0.000402789638230935
22 92.9 88 76.17 9.128400309778652e-5
22 92.9 89 76.17 0.00010980878456492163
22 92.9 90 76.33 8.419102659909206e-8
22 92.9 91 76.35 1.0820301302161327e-6
22 92.9 92 76.35 1.7603634171705332e-6
22 92.9 93 77.76 1.1970654216208114e-6
22 92.9 94 77.79 0.0011406780100171215
22 92.9 95 77.79 0.0011422414800360036
22 92.9 96 78.79 0.001405239464097267
22 92.9 97 78.92 0.0008011592563148056
22 92.9 98 78.92 0.0008935808289530782
22 92.9 99 78.92 0.0036219711907099226
22 92.9 100 86.53 1.2485573009023536e-6
23 96.22 23 0.0 1.2288507622367897e-5
23 96.22 24 0.02 8.661994845835759e-7
23 96.22 25 0.02 1.1201751552721024e-6
23 96.22 26 4.19 0.056966161068748467
23 96.22 27 4.22 0.014251986648519054
23 96.22 28 4.22 0.013884962612384899
23 96.22 29 5.81 7.56387473190378e-12
23 96.22 30 23.61 0.005713750796672977
23 96.22 31 24.13 0.003888254784758791
23 96.22 32 24.13 0.00388735145981507
23 96.22 33 24.17 1.9942406763436355e-7
23 96.22 34 25.7 0.0009008902146814038
23 96.22 35 25.7 0.0009171447971029665
23 96.22 36 25.71 0.003613657138917467
23 96.22 37 35.46 0.01465836474171376
23 96.22 38 35.46 0.024245439478000962
23 96.22 39 35.46 0.013954409554067482
23 96.22 40 36.68 0.06617098137021522
23 96.22 41 36.68 0.06545106991079547
23 96.22 42 37.62 0.00209340440765327
23 96.22 43 37.66 0.0006871441947333387
23 96.22 44 37.66 0.000680374563620505
23 96.22 45 44.63 0.0357886216469206
23 96.22 46 44.63 0.035784893622199616
23 96.22 47 44.63 1.2260421330979974e-5
23 96.22 48 45.12 0.011094210234917534
23 96.22 49 45.12 0.010953186629548282
23 96.22 50 45.99 0.05795551677414199
23 96.22 51 47.3 0.026793640226622988
23 96.22 52 47.3 0.026794817980666196
23 96.22 53 47.32 3.7969265452042515e-6
23 96.22 54 48.32 0.009538708486976771
23 96.22 55 48.32 0.0092483609352134
23 96.22 56 48.32 0.03752384903461108
23 96.22 57 54.71 3.280852374561497e-8
23 96.22 58 54.71 1.2117432686329602e-7
23 96.22 59 54.71 4.567228753340554e-8
23 96.22 60 57.05 6.745638577726159e-8
23 96.22 61 57.06 1.2369521618120456e-6
23 96.22 62 57.06 1.5503757151578947e-6
23 96.22 63 58.3 1.6509136169416697e-7
23 96.22 64 60.52 0.0038972919097203197
23 96.22 65 60.52 0.001019381973531045
23 96.22 66 60.52 0.000992475980796877
23 96.22 67 64.21 6.688407119041412e-6
23 96.22 68 64.22 0.002059040923261358
23 96.22 69 64.22 0.0020643181937724103
23 96.22 70 65.07 5.147188974072418e-7
23 96.22 71 65.09 1.332932437920009e-6
23 96.22 72 65.09 1.6152913253453478e-6
23 96.22 73 66.33 0.0015337515606692307
23 96.22 74 66.33 0.0015620620255745513
23 96.22 75 66.35 0.009189022918585699
23 96.22 76 66.43 0.0011893349876250198
23 96.22 77 66.43 0.001322937601226271
23 96.22 78 66.47 1.7981582464710076e-5
23 96.22 79 66.72 0.0038726599365106005
23 96.22 80 66.72 0.0038887043765776143
23 96.22 81 67.79 8.342548450038916e-8
23 96.22 82 67.79 7.6610547840552e-9
23 96.22 83 69.27 0.014296028143304806
23 96.22 84 71.28 0.016093728209461457
23 96.22 85 71.28 0.016090636690030403
23 96.22 86 71.29 5.65769398149666e-6
23 96.22 87 72.85 2.669537189278669e-7
23 96.22 88 72.86 4.668615035721463e-6
23 96.22 89 72.86 3.231964511098618e-6
23 96.22 90 73.02 0.006017141011542819
23 96.22 91 73.03 0.0015320515332371179
23 96.22 92 73.03 0.0014944150555629256
23 96.22 93 74.45 3.268700079919841e-7
23 96.22 94 74.48 3.141048449283061e-6
23 96.22 95 74.48 3.1666799329969304e-6
23 96.22 96 75.48 8.584949287638676e-8
23 96.22 97 75.6 2.39454263541882e-9
23 96.22 98 75.6 1.8161649647776286e-8
23 96.22 99 75.61 3.4140734876501697e-9
23 96.22 100 83.22 2.425738686878036e-8
24 96.24 24 0.0 9.368429653542403e-6
24 96.24 25 0.0 6.728436839626521e-6
24 96.24 26 4.17 0.014122093330353585
24 96.24 27 4.2 0.028396462488229923
24 96.24 28 4.2 0.04275845150813373
24 96.24 29 5.79 7.561706525520349e-8
24 96.24 30 23.59 0.005547146171578284
24 96.24 31 24.11 0.00031879675863005763
24 96.24 32 24.11 0.003505952946687576
24 96.24 33 24.15 0.0038743548429476336
24 96.24 34 25.68 0.0025560613738862953
24 96.24 35 25.68 0.0019573362856871138
24 96.24 36 25.69 0.0011199340034184642
24 96.24 37 35.44 0.018390162025183093
24 96.24 38 35.44 0.02173271252789543
24 96.24 39 35.44 0.012994662111042712
24 96.24 40 36.66 0.09346961214993575
24 96.24 41 36.66 0.03887448884075207
24 96.24 42 37.6 0.0005194073228262613
24 96.24 43 37.64 0.0011046717739124968
24 96.24 44 37.64 0.0013509045811097389
24 96.24 45 44.61 0.0038809604433366575
24 96.24 46 44.61 0.03257502195240425
24 96.24 47 44.61 0.035774912104755405
24 96.24 48 45.1 0.015782083689425075
24 96.24 49 45.1 0.005527408410253898
24 96.24 50 45.97 0.057110268512291305
24 96.24 51 47.28 4.682673873833528e-5
24 96.24 52 47.28 0.025868583654228533
24 96.24 53 47.3 0.02679570795393786
24 96.24 54 48.3 0.020487600195805145
24 96.24 55 48.3 0.026887688429463406
24 96.24 56 48.3 0.010342374978120591
24 96.24 57 54.69 3.440468397749756e-6
24 96.24 58 54.69 7.976723406455593e-7
24 96.24 59 54.69 2.121677794031622e-6
24 96.24 60 57.03 3.0302536813063693e-6
24 96.24 61 57.04 8.069536606397476e-8
24 96.24 62 57.04 4.3647471114169737e-7
24 96.24 63 58.28 1.8956538306781775e-6
24 96.24 64 60.5 0.0009853704516599889
24 96.24 65 60.5 0.001844251077484604
24 96.24 66 60.5 0.003068630186748945
24 96.24 67 64.19 0.0020407739809636346
24 96.24 68 64.2 0.0007816421312350672
24 96.24 69 64.2 0.0013092963138754234
24 96.24 70 65.05 4.594582794738208e-6
24 96.24 71 65.07 1.560738468011317e-5
24 96.24 72 65.07 4.758865750551927e-6
24 96.24 73 66.31 0.004602501618756217
24 96.24 74 66.31 0.005816321699003596
24 96.24 75 66.33 0.002396927682538824
24 96.24 76 66.41 0.001208199226752861
24 96.24 77 66.41 0.00035851000285574156
24 96.24 78 66.45 7.3329315978785975e-6
24 96.24 79 66.7 0.0026425747545965918
24 96.24 80 66.7 0.005352252938301397
24 96.24 81 67.77 1.624958324718946e-5
24 96.24 82 67.77 1.2314275976638207e-5
24 96.24 83 69.25 0.014296616840361894
24 96.24 84 71.26 0.01558408610929379
24 96.24 85 71.26 0.00044578899158635135
24 96.24 86 71.27 0.016093758767976758
24 96.24 87 72.83 3.555406539586143e-6
24 96.24 88 72.84 4.626518308880663e-6
24 96.24 89 72.84 4.583763251459663e-6
24 96.24 90 73.0 0.0015460071783528393
24 96.24 91 73.01 0.0030106045577709037
24 96.24 92 73.01 0.004502584223666498
24 96.24 93 74.43 1.4981214287353574e-7
24 96.24 94 74.46 8.804910830026477e-7
24 96.24 95 74.46 9.533840615886984e-8
24 96.24 96 75.46 1.0468609012622587e-7
24 96.24 97 75.58 6.916245070574845e-8
24 96.24 98 75.58 9.286533805448312e-8
24 96.24 99 75.59 1.206835436528637e-8
24 96.24 100 83.2 2.4051442511212805e-9
25 96.24 25 0.0 8.615015878824361e-6
25 96.24 26 4.17 0.014062070932623993
25 96.24 27 4.2 0.042604797965116896
25 96.24 28 4.2 0.028610991777018327
25 96.24 29 5.79 7.355203466329559e-8
25 96.24 30 23.59 0.005545529872814242
25 96.24 31 24.11 0.0035040174681550866
25 96.24 32 24.11 0.00031935769092090527
25 96.24 33 24.15 0.0038710778153614013
25 96.24 34 25.68 0.002096834705644155
25 96.24 35 25.68 0.0026802919318301456
25 96.24 36 25.69 0.0008586639784779976
25 96.24 37 35.44 0.01990606451391129
25 96.24 38 35.44 0.0072213198653161646
25 96.24 39 35.44 0.02599452608046903
25 96.24 40 36.66 0.038515339695310756
25 96.24 41 36.66 0.09383202716445364
25 96.24 42 37.6 0.0005090731102410979
25 96.24 43 37.64 0.0013505865816979567
25 96.24 44 37.64 0.0011089305481648594
25 96.24 45 44.61 0.032576340586144406
25 96.24 46 44.61 0.003868702717887248
25 96.24 47 44.61 0.0357724252964712
25 96.24 48 45.1 0.005454177769400585
25 96.24 49 45.1 0.015847298951166253
25 96.24 50 45.97 0.057115979114034904
25 96.24 51 47.28 0.025872832636053656
25 96.24 52 47.28 5.340578291850069e-5
25 96.24 53 47.29 0.026800103026809748
25 96.24 54 48.3 0.027137155475266517
25 96.24 55 48.3 0.021021176297795964
25 96.24 56 48.3 0.009560508344210723
25 96.24 57 54.69 2.4186117515821026e-6
25 96.24 58 54.69 1.9666067893393056e-6
25 96.24 59 54.69 1.3794454359658565e-6
25 96.24 60 57.03 2.460583912774978e-6
25 96.24 61 57.04 4.222302720255339e-7
25 96.24 62 57.04 2.0003161752720184e-7
25 96.24 63 58.28 9.451826506172599e-7
25 96.24 64 60.5 0.0010168592654158247
25 96.24 65 60.5 0.003039861126883515
25 96.24 66 60.5 0.0018422709544320165
25 96.24 67 64.19 0.002052645723392283
25 96.24 68 64.2 0.0013070290167536086
25 96.24 69 64.2 0.0007748465136566496
25 96.24 70 65.05 4.966617749659257e-6
25 96.24 71 65.07 5.792944073274321e-6
25 96.24 72 65.07 1.4284964896827774e-5
25 96.24 73 66.31 0.005640223214061079
25 96.24 74 66.31 0.0047938780161951335
25 96.24 75 66.33 0.0022481837590568794
25 96.24 76 66.41 0.0002993529426410939
25 96.24 77 66.41 0.0013837646820205039
25 96.24 78 66.45 2.8517081775172942e-5
25 96.24 79 66.7 0.0053622867390467404
25 96.24 80 66.7 0.002626265248652658
25 96.24 81 67.77 1.3039054936601473e-5
25 96.24 82 67.77 1.637077615842688e-5
25 96.24 83 69.25 0.014298333603325476
25 96.24 84 71.26 0.00044034801748315806
25 96.24 85 71.26 0.01558445066578831
25 96.24 86 71.27 0.016094474497817864
25 96.24 87 72.83 8.817177983725935e-6
25 96.24 88 72.84 3.2594782433589398e-6
25 96.24 89 72.84 2.649412655302518e-6
25 96.24 90 73.0 0.0015057955581941332
25 96.24 91 73.01 0.00450486439658014
25 96.24 92 73.01 0.003049518479712903
25 96.24 93 74.43 2.892278212910154e-8
25 96.24 94 74.46 2.6605184253533767e-9
25 96.24 95 74.46 3.997725444042147e-7
25 96.24 96 75.46 4.2291349672946256e-8
25 96.24 97 75.58 6.151235463180382e-8
25 96.24 98 75.58 6.994083830378064e-8
25 96.24 99 75.59 2.336058709596204e-8
25 96.24 100 83.2 3.3213604634162445e-9
