translational analysis ortho
#nmax= 3 NR= 11 Ntheta= 11 Nphi= 11
#jmax= 3 Nalpha= 11 Nphi= 11 Nchi= 11
23.593396309982648
1 32.5602306496225 0.8335574347755249
2 54.26705108270416 0.025840293114540214
3 54.26705108270416 0.0258416967614978
10 75.97387151578583 0.09598988128279352

23.593574996750608
1 32.5602306496225 0.8335618513648769
2 54.26705108270416 0.02583907323939514
4 54.267051082704164 0.025837232065055032
10 75.97387151578583 0.09599180887591872

23.59442395912631
1 32.5602306496225 0.8335602468995917
3 54.26705108270416 0.025839930786736465
4 54.267051082704164 0.02583833338626478
10 75.97387151578583 0.09599087277079707

40.09880895158272
1 32.5602306496225 0.7861238172274617
3 54.26705108270416 0.05019621773531655
4 54.267051082704164 0.050184424575194585
10 75.97387151578583 0.0871062471576756

40.099560934966945
1 32.5602306496225 0.786118360883073
2 54.26705108270416 0.050195636521321266
3 54.26705108270416 0.05019186272734171
10 75.97387151578583 0.08710472067307401

40.100055085574816
1 32.5602306496225 0.7861199847825258
2 54.26705108270416 0.05019437558771633
4 54.267051082704164 0.05019076742581862
10 75.97387151578583 0.08710490933095562

71.92280850487663
1 32.5602306496225 0.6255386226535425
3 54.26705108270416 0.12769353204959435
4 54.267051082704164 0.12769457504454934
10 75.97387151578583 0.06261873017527549
18 97.68069194886746 0.02193831258429741
20 97.68069194886749 0.02193877799267833

71.92442910358092
1 32.5602306496225 0.6255194969426247
2 54.26705108270416 0.12772215485182373
4 54.267051082704164 0.12768483924225518
10 75.97387151578583 0.06261527336900777
17 97.68069194886746 0.0219427924890888
20 97.68069194886749 0.021936944521397078

71.92645083686601
1 32.5602306496225 0.6255260271217041
2 54.26705108270416 0.1276894433175167
3 54.26705108270416 0.1277100131762584
10 75.97387151578583 0.06261825863501551
17 97.68069194886746 0.021937978943246384
18 97.68069194886746 0.021941242270066972

75.00066467570842
1 32.5602306496225 0.6656536990314101
2 54.26705108270416 0.1053125560816051
3 54.26705108270416 0.10939187278058
10 75.97387151578583 0.07072043921048625
17 97.68069194886746 0.018469832058761876
18 97.68069194886746 0.01917642359925361

75.003511320644
1 32.5602306496225 0.6656590707453233
2 54.26705108270416 0.04164581506355614
3 54.26705108270416 0.03757171139521601
4 54.267051082704164 0.14122773495855398
10 75.97387151578583 0.07072373939422996
20 97.68069194886749 0.02469126950575946

102.76432629004627
2 54.26705108270416 0.28157490766922577
3 54.26705108270416 0.2816440544855035
4 54.267051082704164 0.2815370640364904
17 97.68069194886746 0.045629696982944806
18 97.68069194886746 0.04564046721221046
20 97.68069194886749 0.04562364511283041

104.87261845778167
1 32.5602306496225 0.0819853487850886
3 54.26705108270416 0.37670522054655864
4 54.267051082704164 0.3768085922627712
10 75.97387151578583 0.0320802168224635
18 97.68069194886746 0.05338726072536878
20 97.68069194886749 0.05340284090761189

104.87312123422262
1 32.5602306496225 0.08198923301026854
2 54.26705108270416 0.3766882598938825
4 54.267051082704164 0.37682115141649963
10 75.97387151578583 0.032081194548184075
17 97.68069194886746 0.053384792651890674
20 97.68069194886749 0.05340416565014266

104.87325361814698
1 32.5602306496225 0.08199450460311028
2 54.26705108270416 0.37684865891290537
3 54.26705108270416 0.37665606766696313
10 75.97387151578583 0.032082023791162755
17 97.68069194886746 0.053408926388111275
18 97.68069194886746 0.053381018384907976

107.2952560284987
1 32.5602306496225 0.21603704355750342
2 54.26705108270416 0.3579914508489364
3 54.26705108270416 0.2682494963134441
4 54.267051082704164 0.018887686046340273
5 75.97387151578582 0.014276938214449877
10 75.97387151578583 0.014455568637549222
17 97.68069194886746 0.05518285953292232
18 97.68069194886746 0.041299740279179105

107.29706140759887
1 32.5602306496225 0.21600566240480124
2 54.26705108270416 0.07214582793123032
3 54.26705108270416 0.16182460823233089
4 54.267051082704164 0.41118819973535753
7 75.97387151578582 0.012446492562415196
10 75.97387151578583 0.014452476056622728
17 97.68069194886746 0.010964277283019696
18 97.68069194886746 0.024836910545029043
20 97.68069194886749 0.06341085164678298

107.77054055788342
1 32.5602306496225 0.1975102626907184
2 54.26705108270416 0.08445412392965898
3 54.26705108270416 0.42080936812966696
4 54.267051082704164 0.14037949899516822
10 75.97387151578583 0.03875080675807191
17 97.68069194886746 0.01309636880936571
18 97.68069194886746 0.0624833629646018
20 97.68069194886749 0.021315587165374718

107.77145558085554
1 32.5602306496225 0.1974008182324728
2 54.26705108270416 0.3486360398638539
4 54.267051082704164 0.29118541028274614
6 75.97387151578582 0.010210695421968558
10 75.97387151578583 0.03897358398112318
17 97.68069194886746 0.05188950029512207
20 97.68069194886749 0.04344988500181181

107.8073745008011
1 32.5602306496225 0.2102567002031131
3 54.26705108270416 0.32037150662972663
4 54.267051082704164 0.3203509394408703
9 75.97387151578583 0.012566104721334136
10 75.97387151578583 0.014425941618614569
18 97.68069194886746 0.04992207541568713
20 97.68069194886749 0.04991953074607145

107.80742116444883
1 32.5602306496225 0.21014118694937511
2 54.26705108270416 0.3176751917139308
3 54.26705108270416 0.01161832520486503
4 54.267051082704164 0.31925329058581287
9 75.97387151578583 0.012454473983384064
10 75.97387151578583 0.014659729901985365
17 97.68069194886746 0.049508596253514135
20 97.68069194886749 0.049737507657131974

107.80745313039945
1 32.5602306496225 0.2102352007623145
2 54.26705108270416 0.3203593155006689
3 54.26705108270416 0.3203872823068132
8 75.97387151578582 0.016476872903777307
10 75.97387151578583 0.014423189503528023
17 97.68069194886746 0.049919946438587104
18 97.68069194886746 0.04992462742362616

110.15696174802278
1 32.5602306496225 0.23434676410986738
3 54.26705108270416 0.3022028029140029
4 54.267051082704164 0.30210595115402517
10 75.97387151578583 0.049676298572032825
18 97.68069194886746 0.04323913115073917
20 97.68069194886749 0.043226182759600704

110.15792274822773
1 32.5602306496225 0.2343656622415609
2 54.26705108270416 0.3021948520163612
4 54.267051082704164 0.30209491149221185
10 75.97387151578583 0.0496788587092787
17 97.68069194886746 0.04323816180480815
20 97.68069194886749 0.04322395695781757

110.15833858620665
1 32.5602306496225 0.23436865992263714
2 54.26705108270416 0.30205500056193935
3 54.26705108270416 0.3022313139255579
10 75.97387151578583 0.04967955251116678
17 97.68069194886746 0.04321936410482964
18 97.68069194886746 0.0432441141337243

116.47077184701413
2 54.26705108270416 0.2824809031897315
3 54.26705108270416 0.2825331077562669
4 54.267051082704164 0.28255710423902825
17 97.68069194886746 0.046771982818038016
18 97.68069194886746 0.04678002060404242
20 97.68069194886749 0.046783647536031626

122.75213535033294
1 32.5602306496225 0.043785198325533015
2 54.26705108270416 0.3921131918732942
3 54.26705108270416 0.3920839311824135
10 75.97387151578583 0.02530915208915783
17 97.68069194886746 0.05479947922601499
18 97.68069194886746 0.054795254316086485

122.75235968974424
1 32.5602306496225 0.04374240138783798
2 54.26705108270416 0.39212902109477654
4 54.267051082704164 0.3921193612542098
10 75.97387151578583 0.025303897689207887
17 97.68069194886746 0.05480190714036706
20 97.68069194886749 0.054801266149729556

122.7528568837993
1 32.5602306496225 0.043743162449011753
3 54.26705108270416 0.3921251060768595
4 54.267051082704164 0.3921222134876483
10 75.97387151578583 0.025304421793663566
18 97.68069194886746 0.05480136842940767
20 97.68069194886749 0.05480099299736727

130.92132975492936
1 32.5602306496225 0.5894224497502721
2 54.26705108270416 0.0965223085915064
3 54.26705108270416 0.09650794303512925
4 54.267051082704164 0.09649810542629374
10 75.97387151578583 0.0613019807777661
17 97.68069194886746 0.016078121852025496
18 97.68069194886746 0.01607523107479032
20 97.68069194886749 0.01607377364850623

132.7109078027277
1 32.5602306496225 0.6049345620297404
2 54.26705108270416 0.08620623167935218
3 54.26705108270416 0.0854948540848852
4 54.267051082704164 0.10316379624637854
10 75.97387151578583 0.06334329295836844
17 97.68069194886746 0.013624735136996032
18 97.68069194886746 0.01351306936737537
20 97.68069194886749 0.016664289851175445

132.7136949141958
1 32.5602306496225 0.6050383785442205
2 54.26705108270416 0.08662213035783385
3 54.26705108270416 0.10318188939384537
4 54.267051082704164 0.08496198459592433
10 75.97387151578583 0.06335955943944029
17 97.68069194886746 0.013691408941203152
18 97.68069194886746 0.016668620224058156
20 97.68069194886749 0.013429407382258162

132.71429218974956
1 32.5602306496225 0.6050248907196165
2 54.26705108270416 0.10319206654396161
3 54.26705108270416 0.08760494366806981
4 54.267051082704164 0.08398145201116324
10 75.97387151578583 0.06335856004386273
17 97.68069194886746 0.016670053094744793
18 97.68069194886746 0.013846330139037836
20 97.68069194886749 0.013275373886998749

132.85904287264452
1 32.5602306496225 0.5641936820625627
2 54.26705108270416 0.07165608132327474
3 54.26705108270416 0.07241941746694931
4 54.267051082704164 0.1692265101196025
10 75.97387151578583 0.05854266573045221
17 97.68069194886746 0.011930668314743717
18 97.68069194886746 0.012050784176787946
20 97.68069194886749 0.028281799846825915

132.861515472235
1 32.5602306496225 0.5643394244914584
2 54.26705108270416 0.07104690311550016
3 54.26705108270416 0.16926729237554822
4 54.267051082704164 0.07284783498280889
10 75.97387151578583 0.05856527999148735
17 97.68069194886746 0.011834760495647021
18 97.68069194886746 0.028288753867988674
20 97.68069194886749 0.012118820472256106

132.86397379295616
1 32.5602306496225 0.5643125589947362
2 54.26705108270416 0.1692764437014006
3 54.26705108270416 0.07007235477885755
4 54.267051082704164 0.0738382726636712
10 75.97387151578583 0.05856200313665053
17 97.68069194886746 0.028290367283566282
18 97.68069194886746 0.011681584018110083
20 97.68069194886749 0.012274271231714226

141.19510772420142
1 32.5602306496225 0.4010310433396385
2 54.26705108270416 0.1447284433528765
3 54.26705108270416 0.17178135206623435
4 54.267051082704164 0.14467658354641194
10 75.97387151578583 0.05204522940489992
17 97.68069194886746 0.022322649361742053
18 97.68069194886746 0.03095586813649108
20 97.68069194886749 0.02231488914325322

141.1960026746089
1 32.5602306496225 0.4010009968942187
2 54.26705108270416 0.17183779160966692
3 54.26705108270416 0.144756672336506
4 54.267051082704164 0.1446229457674875
10 75.97387151578583 0.05203918821983195
17 97.68069194886746 0.030965028790700386
18 97.68069194886746 0.02232809497398601
20 97.68069194886749 0.02230574878948921

141.19672546720815
1 32.5602306496225 0.40099906385467043
2 54.26705108270416 0.14472467587471233
3 54.26705108270416 0.1446495441558334
4 54.267051082704164 0.17184682994697822
10 75.97387151578583 0.05203666810053051
17 97.68069194886746 0.02232280352137392
18 97.68069194886746 0.02231066430934055
20 97.68069194886749 0.03096624744684388

142.52148390540353
1 32.5602306496225 0.38634196826919703
2 54.26705108270416 0.16382405823921303
3 54.26705108270416 0.12838243927607734
4 54.267051082704164 0.18262283762364948
10 75.97387151578583 0.051898549956061725
17 97.68069194886746 0.026970200527499294
18 97.68069194886746 0.018026317219412287
20 97.68069194886749 0.03171013703495927

142.52219629865945
1 32.5602306496225 0.3863369267724436
2 54.26705108270416 0.152726283599018
3 54.26705108270416 0.18819354795197119
4 54.267051082704164 0.1339163487427195
10 75.97387151578583 0.051895034887684884
17 97.68069194886746 0.024166366433439095
18 97.68069194886746 0.03311392305536372
20 97.68069194886749 0.019425439014398017

158.67435695172253
1 32.5602306496225 0.3120605551809153
2 54.26705108270416 0.17659206138876024
3 54.26705108270416 0.17632643358561795
4 54.267051082704164 0.17629050280791264
10 75.97387151578583 0.051227892995353144
17 97.68069194886746 0.024862301956530122
18 97.68069194886746 0.02482382091461702
20 97.68069194886749 0.024820212130579448

159.43861802459372
1 32.5602306496225 0.012667972873869062
2 54.26705108270416 0.2557019480467075
3 54.26705108270416 0.31304680024052745
4 54.267051082704164 0.25526727529083937
10 75.97387151578583 0.02953275381688086
17 97.68069194886746 0.03459482947421944
18 97.68069194886746 0.046120419742424035
20 97.68069194886749 0.03453472340438542

159.43907285745397
1 32.5602306496225 0.012667657486762272
2 54.26705108270416 0.3131880736207966
3 54.26705108270416 0.2555158205722494
4 54.267051082704164 0.2553137896914529
10 75.97387151578583 0.029532699604571562
17 97.68069194886746 0.04614133279440183
18 97.68069194886746 0.03456861243347938
20 97.68069194886749 0.03454160439441624

159.44020580023394
1 32.5602306496225 0.012648816862208473
2 54.26705108270416 0.2548957045565479
3 54.26705108270416 0.25519550309177186
4 54.267051082704164 0.313950949816444
10 75.97387151578583 0.02952720753126956
17 97.68069194886746 0.034484672270048075
18 97.68069194886746 0.03452515209798901
20 97.68069194886749 0.04625897350406593

161.130260357476
1 32.5602306496225 0.30474171617891344
2 54.26705108270416 0.10174746111852696
3 54.26705108270416 0.32846344963785423
4 54.267051082704164 0.10446456974808488
8 75.97387151578582 0.012721977117539314
10 75.97387151578583 0.05088087674507141
17 97.68069194886746 0.014360077586585808
18 97.68069194886746 0.04818698985062086
20 97.68069194886749 0.01466256782310448

161.13178920135252
1 32.5602306496225 0.3047788602334066
2 54.26705108270416 0.3282874954392179
3 54.26705108270416 0.10147148464551807
4 54.267051082704164 0.10487804366098043
8 75.97387151578582 0.01269330759110978
10 75.97387151578583 0.05088675009625613
17 97.68069194886746 0.04816107167912735
18 97.68069194886746 0.014317593978172189
20 97.68069194886749 0.014723225245715212

161.13612543061348
1 32.5602306496225 0.30486616031593217
2 54.26705108270416 0.1029435366744564
3 54.26705108270416 0.10401071127270321
4 54.267051082704164 0.32758547895111056
9 75.97387151578583 0.016442172341405086
10 75.97387151578583 0.050907902470704786
17 97.68069194886746 0.014489687496289221
18 97.68069194886746 0.014628422026907284
20 97.68069194886749 0.048057597779612035

161.19386755459243
1 32.5602306496225 0.2658995658701873
2 54.26705108270416 0.32602410191135567
3 54.26705108270416 0.03380011509629823
4 54.267051082704164 0.20868909312590692
5 75.97387151578582 0.010446884539978914
7 75.97387151578582 0.01521944077769716
10 75.97387151578583 0.051542054980301094
17 97.68069194886746 0.04732482104392171
20 97.68069194886749 0.029825822501397772

161.19484570498474
1 32.5602306496225 0.26589810257755186
2 54.26705108270416 0.052792061436735864
3 54.26705108270416 0.3452754946203973
4 54.267051082704164 0.17044836248247658
6 75.97387151578582 0.015977339719663124
10 75.97387151578583 0.051541552391301246
18 97.68069194886746 0.05019334310357872
20 97.68069194886749 0.02412456896201715

161.33779791244467
1 32.5602306496225 0.2860865805837366
2 54.26705108270416 0.1371784633511861
3 54.26705108270416 0.27336631860620497
4 54.267051082704164 0.13361319529601795
5 75.97387151578582 0.015574963286239753
7 75.97387151578582 0.015286233886905708
9 75.97387151578583 0.01152454223151943
10 75.97387151578583 0.047516399156365165
17 97.68069194886746 0.016909589477207432
18 97.68069194886746 0.037023127202596935
20 97.68069194886749 0.01648988923997761

161.3382719170004
1 32.5602306496225 0.2860942512697878
2 54.26705108270416 0.2728316253785652
3 54.26705108270416 0.1371660329849154
4 54.267051082704164 0.1341354158938109
5 75.97387151578582 0.015545580436737386
6 75.97387151578582 0.015303874701889547
9 75.97387151578583 0.011570917774420392
10 75.97387151578583 0.04751877790892144
17 97.68069194886746 0.03694579548261113
18 97.68069194886746 0.01691061582125228
20 97.68069194886749 0.016553807700040564

161.34081948654855
1 32.5602306496225 0.2861827686435197
2 54.26705108270416 0.13455349831611024
3 54.26705108270416 0.13416003957670014
4 54.267051082704164 0.2754068009066596
6 75.97387151578582 0.015474132533794123
7 75.97387151578582 0.015450297165623898
8 75.97387151578582 0.014763080716254786
10 75.97387151578583 0.04752758325006087
17 97.68069194886746 0.016587916993800612
18 97.68069194886746 0.016540850820964754
20 97.68069194886749 0.037312664701354276

161.8229108573249
1 32.5602306496225 0.2627695118940746
2 54.26705108270416 0.1454501597537599
3 54.26705108270416 0.2770008322334194
4 54.267051082704164 0.14661664394330995
9 75.97387151578583 0.019528893433480243
10 75.97387151578583 0.05151339139162234
17 97.68069194886746 0.01934252969397588
18 97.68069194886746 0.042779965396462984
20 97.68069194886749 0.019496243781790053

161.82438239681392
1 32.5602306496225 0.26280379218970146
2 54.26705108270416 0.2774907716443536
3 54.26705108270416 0.14586034237741224
4 54.267051082704164 0.14569722606257143
9 75.97387151578583 0.01945237768375752
10 75.97387151578583 0.05151764746201816
17 97.68069194886746 0.0428494703800379
18 97.68069194886746 0.019397176897444874
20 97.68069194886749 0.019375325722513798

161.82485652401405
1 32.5602306496225 0.26283794112517705
2 54.26705108270416 0.1474770752599814
3 54.26705108270416 0.14653522374247158
4 54.267051082704164 0.2749237866422034
8 75.97387151578582 0.025302280680109472
10 75.97387151578583 0.05152941122427688
17 97.68069194886746 0.019606001182968593
18 97.68069194886746 0.019481731672040203
20 97.68069194886749 0.04248185065786073

169.47837878815437
1 32.5602306496225 0.72539078953915
2 54.26705108270416 0.07072038771972115
3 54.26705108270416 0.07067136387817392
4 54.267051082704164 0.02049624001928626
10 75.97387151578583 0.07806070606129077
17 97.68069194886746 0.013173355631560617
18 97.68069194886746 0.01316394906769496

169.4825218431853
1 32.5602306496225 0.725408591881389
2 54.26705108270416 0.020509018370508968
3 54.26705108270416 0.0706426163497142
4 54.267051082704164 0.070715615209786
10 75.97387151578583 0.07806583976454012
18 97.68069194886746 0.013158161199596605
20 97.68069194886749 0.013172878881418874

169.48490223579662
1 32.5602306496225 0.7254128318463119
2 54.26705108270416 0.07064520374633172
3 54.26705108270416 0.02050987035282332
4 54.267051082704164 0.07070823818161476
10 75.97387151578583 0.0780666558705248
17 97.68069194886746 0.013159138722243618
20 97.68069194886749 0.013171230704561283

171.65320654816597
1 32.5602306496225 0.7424847736589316
2 54.26705108270416 0.0415681853137655
3 54.26705108270416 0.05210421564442793
4 54.267051082704164 0.05200261830983116
10 75.97387151578583 0.08163843289561104

171.655107523416
1 32.5602306496225 0.7425043835377995
2 54.26705108270416 0.052028466227463724
3 54.26705108270416 0.0520631155845336
4 54.267051082704164 0.041564024496381476
10 75.97387151578583 0.08164272347602981

171.6557708939063
1 32.5602306496225 0.74248191124698
2 54.26705108270416 0.05209844603562747
3 54.26705108270416 0.04155756216353646
4 54.267051082704164 0.05202274808122816
10 75.97387151578583 0.08163711220961425

173.37259533678292
1 32.5602306496225 0.76103853682146
2 54.26705108270416 0.04245630198838043
3 54.26705108270416 0.0424730225958335
4 54.267051082704164 0.042466650545838626
10 75.97387151578583 0.08561758234554852

202.35497700455667
1 32.5602306496225 0.05492226858749812
2 54.26705108270416 0.4442337802468696
3 54.26705108270416 0.1435017460946935
4 54.267051082704164 0.12341272215735015
5 75.97387151578582 0.025057416457482353
6 75.97387151578582 0.022319993972392243
8 75.97387151578582 0.0565312420571537
9 75.97387151578583 0.020036752959345146
17 97.68069194886746 0.05450297105980443
18 97.68069194886746 0.018865603662609306
20 97.68069194886749 0.016360264492606445

202.35595600623768
1 32.5602306496225 0.054918849814951765
2 54.26705108270416 0.12792572532687302
3 54.26705108270416 0.4444036959930095
4 54.267051082704164 0.13880864459789374
5 75.97387151578582 0.022953357140741534
7 75.97387151578582 0.024423073982983476
8 75.97387151578582 0.05437580104788684
9 75.97387151578583 0.0222113560513024
17 97.68069194886746 0.01692135777336607
18 97.68069194886746 0.05452149421073459
20 97.68069194886749 0.018279675125520436

202.35715113715324
1 32.5602306496225 0.054909647292528105
2 54.26705108270416 0.13622912218553357
3 54.26705108270416 0.13047238915712606
4 54.267051082704164 0.4444514185015603
6 75.97387151578582 0.02407211696485064
7 75.97387151578582 0.023295105617538232
9 75.97387151578583 0.07199056502374752
17 97.68069194886746 0.017959775849824985
18 97.68069194886746 0.017240420666046787
20 97.68069194886749 0.054526801264735525

202.37818515668508
1 32.5602306496225 0.03892952581187729
2 54.26705108270416 0.24216424063710193
3 54.26705108270416 0.24071515276008992
4 54.267051082704164 0.26098243313678726
5 75.97387151578582 0.024552805586117405
6 75.97387151578582 0.027274538419039325
8 75.97387151578582 0.01665709935395521
9 75.97387151578583 0.030133224884277304
17 97.68069194886746 0.033186512474720944
18 97.68069194886746 0.03292806164879218
20 97.68069194886749 0.03546382874604955

202.3793335579229
1 32.5602306496225 0.038906509184933276
2 54.26705108270416 0.25634898981357235
3 54.26705108270416 0.2420649878044953
4 54.267051082704164 0.245475697519404
5 75.97387151578582 0.026657492421681542
7 75.97387151578582 0.025183095616183884
8 75.97387151578582 0.01881086792035204
9 75.97387151578583 0.027955344470588395
17 97.68069194886746 0.03488269541118125
18 97.68069194886746 0.033176899944640514
20 97.68069194886749 0.033526092123594295

202.37986094375555
1 32.5602306496225 0.03889709764513826
2 54.26705108270416 0.2480883426670207
3 54.26705108270416 0.2538052737140917
4 54.267051082704164 0.24201349206600234
6 75.97387151578582 0.025525456793943253
7 75.97387151578582 0.02629958899705492
8 75.97387151578582 0.034055401874141
9 75.97387151578583 0.012708674505627363
17 97.68069194886746 0.033854169395588746
18 97.68069194886746 0.03456886534764761
20 97.68069194886749 0.03317328859102542

203.16581376764492
1 32.5602306496225 0.03166072361095433
2 54.26705108270416 0.24990516685052505
3 54.26705108270416 0.2499306121611178
4 54.267051082704164 0.24973676901593506
5 75.97387151578582 0.03174380896164983
6 75.97387151578582 0.03173682955187556
7 75.97387151578582 0.03174007892873481
17 97.68069194886746 0.032756680151107734
18 97.68069194886746 0.03276055409275413
20 97.68069194886749 0.03273323845954555

210.93377033192343
2 54.26705108270416 0.26436293027293
3 54.26705108270416 0.2641189383896681
4 54.267051082704164 0.2872072876650011
8 75.97387151578582 0.014885637579317981
10 75.97387151578583 0.04159919146314131
17 97.68069194886746 0.03623882667954862
18 97.68069194886746 0.036203847577384485
20 97.68069194886749 0.038839486520024044

210.93527025115299
2 54.26705108270416 0.28737492351214516
3 54.26705108270416 0.2645347735370906
4 54.267051082704164 0.2641449270676537
9 75.97387151578583 0.01189636917776787
10 75.97387151578583 0.04158297030277857
17 97.68069194886746 0.03886042017237619
18 97.68069194886746 0.036260885202355174
20 97.68069194886749 0.0362095163297771

210.93569625749012
2 54.26705108270416 0.2646362356037078
3 54.26705108270416 0.28729148747161015
4 54.267051082704164 0.26411707511677707
9 75.97387151578583 0.011913895056528241
10 75.97387151578583 0.04158094274842988
17 97.68069194886746 0.03627416373793952
18 97.68069194886746 0.03885143511830717
20 97.68069194886749 0.03620347069976496

210.9638691312785
2 54.26705108270416 0.49930624440494026
3 54.26705108270416 0.05328577774441845
4 54.267051082704164 0.26991882113221727
5 75.97387151578582 0.01407003516853741
6 75.97387151578582 0.01671140756082096
7 75.97387151578582 0.011346896279097225
17 97.68069194886746 0.07770497955251443
20 97.68069194886749 0.0418191611046529

210.96424327334066
2 54.26705108270416 0.04898292530436842
3 54.26705108270416 0.495051264288484
4 54.267051082704164 0.27847402128268917
5 75.97387151578582 0.01398151413866433
6 75.97387151578582 0.01138942540495235
7 75.97387151578582 0.016758242056378898
18 97.68069194886746 0.07703937076133195
20 97.68069194886749 0.04315569065551939

211.58860861353583
2 54.26705108270416 0.4723096148672343
3 54.26705108270416 0.173528669460533
4 54.267051082704164 0.17410071264818783
8 75.97387151578582 0.012564602288192457
9 75.97387151578583 0.013158126518150303
17 97.68069194886746 0.07216454702875638
18 97.68069194886746 0.027920374067359546
20 97.68069194886749 0.02800403551413283

211.58877966502638
2 54.26705108270416 0.17359034265429749
3 54.26705108270416 0.47232842347849574
4 54.267051082704164 0.17404133454852133
8 75.97387151578582 0.012570781286463904
9 75.97387151578583 0.013134745201701131
17 97.68069194886746 0.02793826881040438
18 97.68069194886746 0.07217306182149633
20 97.68069194886749 0.02798561018586051

211.58932029875342
2 54.26705108270416 0.17330459074114932
3 54.26705108270416 0.1738381863652461
4 54.267051082704164 0.4726659621207776
8 75.97387151578582 0.013635338242347198
9 75.97387151578583 0.012178712721509558
17 97.68069194886746 0.027886538937066926
18 97.68069194886746 0.02796538582866265
20 97.68069194886749 0.07218232623035589

211.97937354731505
2 54.26705108270416 0.12138037225113003
3 54.26705108270416 0.1210625100297552
4 54.267051082704164 0.5625444614619728
6 75.97387151578582 0.02287232204580448
7 75.97387151578582 0.02287022762448138
8 75.97387151578582 0.01471656714460349
17 97.68069194886746 0.01718333184412168
18 97.68069194886746 0.01713945225295488
20 97.68069194886749 0.0832021690637442

211.98188330980426
2 54.26705108270416 0.12102902481245195
3 54.26705108270416 0.5631155080056987
4 54.267051082704164 0.12072759043601922
5 75.97387151578582 0.02289380021083061
7 75.97387151578582 0.022904730500273078
9 75.97387151578583 0.011961628900188816
17 97.68069194886746 0.017130685324808166
18 97.68069194886746 0.08324997233428787
20 97.68069194886749 0.0170888783852858

211.98316284116603
2 54.26705108270416 0.5630328547123149
3 54.26705108270416 0.12097365755187967
4 54.267051082704164 0.12087413529703524
5 75.97387151578582 0.02289562795438274
6 75.97387151578582 0.022903934697483065
9 75.97387151578583 0.011939930532907933
17 97.68069194886746 0.08324210668298682
18 97.68069194886746 0.017123003497465764
20 97.68069194886749 0.01711046833902039

212.78017944453345
1 32.5602306496225 0.42863657056628524
2 54.26705108270416 0.17478456114013832
3 54.26705108270416 0.1377858134378065
4 54.267051082704164 0.10721912891440924
8 75.97387151578582 0.010208401122465308
10 75.97387151578583 0.05402877280908259
17 97.68069194886746 0.026739604869356944
18 97.68069194886746 0.02020445697129557
20 97.68069194886749 0.017481662708649905

212.8071123369063
1 32.5602306496225 0.589698450216174
2 54.26705108270416 0.08504286970399388
3 54.26705108270416 0.1285745999636502
4 54.267051082704164 0.05958622374505794
10 75.97387151578583 0.07330376944530327
17 97.68069194886746 0.012223649963469786
18 97.68069194886746 0.020311733365901107

212.8289256912377
1 32.5602306496225 0.7212394804703341
2 54.26705108270416 0.06862079301287409
3 54.26705108270416 0.06868477180635647
4 54.267051082704164 0.01357612235236367
10 75.97387151578583 0.08958233946610819
17 97.68069194886746 0.011200902721125807
18 97.68069194886746 0.011208531306183406

212.85370013560285
2 54.26705108270416 0.21099458261259577
3 54.26705108270416 0.2355973201986984
4 54.267051082704164 0.36622764109470696
5 75.97387151578582 0.01372258906653961
8 75.97387151578582 0.013122414886509096
9 75.97387151578583 0.014724257709770865
17 97.68069194886746 0.03319425614045315
18 97.68069194886746 0.036587873000705214
20 97.68069194886749 0.054536492456159893

212.9001021031673
1 32.5602306496225 0.294238412019273
2 54.26705108270416 0.22451308996643538
3 54.26705108270416 0.18157477463858326
4 54.267051082704164 0.13696706104869757
8 75.97387151578582 0.01088256414048808
10 75.97387151578583 0.037868612952795165
17 97.68069194886746 0.03412198621117857
18 97.68069194886746 0.026993949207220598
20 97.68069194886749 0.022034604851451943

212.90992642746778
3 54.26705108270416 0.40533348663850727
4 54.267051082704164 0.40535104851438164
7 75.97387151578582 0.021315768000475098
9 75.97387151578583 0.015034417136481983
18 97.68069194886746 0.06244500954006205
20 97.68069194886749 0.06244857067684837

212.9108360968876
2 54.26705108270416 0.4052333184683842
4 54.267051082704164 0.40568129582448315
6 75.97387151578582 0.021326440810309464
9 75.97387151578583 0.01502668258617579
17 97.68069194886746 0.06242301756040034
20 97.68069194886749 0.06250706197627093

212.92961386156077
1 32.5602306496225 0.13270990950442657
2 54.26705108270416 0.33345558474051495
3 54.26705108270416 0.3451199769086444
4 54.267051082704164 0.01823732482680175
5 75.97387151578582 0.01757236768655852
8 75.97387151578582 0.01642507607059773
10 75.97387151578583 0.016762953724913234
17 97.68069194886746 0.05113101816102565
18 97.68069194886746 0.053291120518721966

213.86558473878557
1 32.5602306496225 0.5143903385875919
2 54.26705108270416 0.1055926598065409
3 54.26705108270416 0.10668945557540607
4 54.267051082704164 0.11855673402796342
9 75.97387151578583 0.014685654164114
10 75.97387151578583 0.06454972656985418
17 97.68069194886746 0.015852005888045282
18 97.68069194886746 0.015980930202413077
20 97.68069194886749 0.017793244211486613

213.88200769151416
1 32.5602306496225 0.6999469828982303
2 54.26705108270416 0.05069023645261664
3 54.26705108270416 0.050766115871678466
4 54.267051082704164 0.05290431005598149
8 75.97387151578582 0.019074392507857214
10 75.97387151578583 0.08786902586633498

213.8826890318622
1 32.5602306496225 0.6987719068468643
2 54.26705108270416 0.05362783267301438
3 54.26705108270416 0.05104040122118458
4 54.267051082704164 0.05081893254758065
9 75.97387151578583 0.014321570817459687
10 75.97387151578583 0.0877329872250451

213.92292044197436
1 32.5602306496225 0.18457164097329895
2 54.26705108270416 0.21863188088492003
3 54.26705108270416 0.22017412376572787
4 54.267051082704164 0.20561677428791872
8 75.97387151578582 0.011777125621230152
9 75.97387151578583 0.012832699641753584
10 75.97387151578583 0.023210356467666376
17 97.68069194886746 0.03290348159006751
18 97.68069194886746 0.03316650310479494
20 97.68069194886749 0.03096620837226792

215.94977918389097
1 32.5602306496225 0.7025435284587214
2 54.26705108270416 0.05690128020661053
3 54.26705108270416 0.05688822803785687
4 54.267051082704164 0.0568909270684499
10 75.97387151578583 0.08832444016056641

217.47974898866565
1 32.5602306496225 0.10171262578541455
2 54.26705108270416 0.2446075003419968
3 54.26705108270416 0.24453780902450778
4 54.267051082704164 0.24505078709489173
10 75.97387151578583 0.024399739906600996
17 97.68069194886746 0.03891625266732962
18 97.68069194886746 0.038905070411518645
20 97.68069194886749 0.03898575599016151

218.20400450336132
1 32.5602306496225 0.03837774055449287
2 54.26705108270416 0.24890602115127483
3 54.26705108270416 0.2992343130920005
4 54.267051082704164 0.24901034678929415
10 75.97387151578583 0.02132472429780287
17 97.68069194886746 0.040320535122964296
18 97.68069194886746 0.04871654231405561
20 97.68069194886749 0.04033761169781347

218.20515609403375
1 32.5602306496225 0.03831698439234723
2 54.26705108270416 0.29932332968255065
3 54.26705108270416 0.24890334724553376
4 54.267051082704164 0.2489802233661125
10 75.97387151578583 0.02132115015246347
17 97.68069194886746 0.048731152263977305
18 97.68069194886746 0.0403216841974283
20 97.68069194886749 0.04033306849567686

218.20566723208822
1 32.5602306496225 0.03843521178857086
2 54.26705108270416 0.24916541424974556
3 54.26705108270416 0.24842209275327948
4 54.267051082704164 0.2995131856113131
10 75.97387151578583 0.021326032412644483
17 97.68069194886746 0.04035857383830016
18 97.68069194886746 0.040244728738864255
20 97.68069194886749 0.04876235758836609

219.07121848419303
1 32.5602306496225 0.07665301056342844
2 54.26705108270416 0.36999798228119685
3 54.26705108270416 0.36945183435792567
4 54.267051082704164 0.010381248470212627
10 75.97387151578583 0.025991447033157217
17 97.68069194886746 0.057432524375155156
18 97.68069194886746 0.05734756447863631

219.07282374355663
1 32.5602306496225 0.07678974607844428
2 54.26705108270416 0.010491912000174599
3 54.26705108270416 0.3686690820951326
4 54.267051082704164 0.3705210888582282
10 75.97387151578583 0.026013094711020077
18 97.68069194886746 0.05721731356519211
20 97.68069194886749 0.057506526398350216

219.07425971060832
1 32.5602306496225 0.0767659047074366
2 54.26705108270416 0.3686643338928937
3 54.26705108270416 0.01045295687466556
4 54.267051082704164 0.3705880872862515
10 75.97387151578583 0.026010509724585962
17 97.68069194886746 0.057216101742195005
20 97.68069194886749 0.05751993148569

219.32165422465246
1 32.5602306496225 0.10881474133028143
3 54.26705108270416 0.36329588066205515
4 54.267051082704164 0.3610918042838736
10 75.97387151578583 0.029606113108083837
18 97.68069194886746 0.056781797428442464
20 97.68069194886749 0.05644417985125579

219.32185772463663
1 32.5602306496225 0.10881428774579802
2 54.26705108270416 0.3632178533184344
4 54.267051082704164 0.3611636075885126
10 75.97387151578583 0.029605413995428553
17 97.68069194886746 0.05677244516916999
20 97.68069194886749 0.056454858306310356

219.32301946235947
1 32.5602306496225 0.10886375670179928
2 54.26705108270416 0.36127261808206057
3 54.26705108270416 0.3630594737515269
10 75.97387151578583 0.029619870567700556
17 97.68069194886746 0.05647076283261283
18 97.68069194886746 0.05674670789986284

219.85003604438765
2 54.26705108270416 0.2099386355431644
3 54.26705108270416 0.3530322914053543
4 54.267051082704164 0.26689785378585185
10 75.97387151578583 0.021999816269604018
17 97.68069194886746 0.03287071336378583
18 97.68069194886746 0.05614476441120578
20 97.68069194886749 0.04213194409066722

219.85261588059345
2 54.26705108270416 0.3435927791462393
3 54.26705108270416 0.20013642433335155
4 54.267051082704164 0.28614225264311227
10 75.97387151578583 0.021996189589757086
17 97.68069194886746 0.05460693374170243
18 97.68069194886746 0.03127810323839875
20 97.68069194886749 0.045264552987968165

238.89445052749167
1 32.5602306496225 0.011685257106338956
2 54.26705108270416 0.022062996732602893
3 54.26705108270416 0.022066827416859513
6 75.97387151578582 0.019211496426823408
7 75.97387151578582 0.019209330694638805
8 75.97387151578582 0.7309705524240551
11 97.68069194886746 0.04152250790111739
15 97.68069194886746 0.011402009518790517
16 97.68069194886746 0.0415262783446318
17 97.68069194886746 0.03559732635907293
18 97.68069194886746 0.03560005341905444

238.8947980527063
1 32.5602306496225 0.011676872253310744
3 54.26705108270416 0.02207236392098221
4 54.267051082704164 0.02205202952504625
5 75.97387151578582 0.019213390036469172
6 75.97387151578582 0.01920710263662689
8 75.97387151578582 0.183028789355147
9 75.97387151578583 0.5482996571188397
14 97.68069194886746 0.035127168975530865
18 97.68069194886746 0.0356047063950592
19 97.68069194886749 0.03481231645067787
20 97.68069194886749 0.03559785811430893

238.89499458689625
1 32.5602306496225 0.011676990285995729
2 54.26705108270416 0.022063531325134816
4 54.267051082704164 0.022058284014442944
5 75.97387151578582 0.019212202767230666
7 75.97387151578582 0.019208265896765157
8 75.97387151578582 0.18301512834713551
9 75.97387151578583 0.5483215265969416
13 97.68069194886746 0.03512628244141008
17 97.68069194886746 0.03559932455213295
19 97.68069194886749 0.03481379967138017
20 97.68069194886749 0.035601380655957214

244.9462217203611
2 54.26705108270416 0.060058093321986715
4 54.267051082704164 0.0600973809038332
8 75.97387151578582 0.5328581905578094
9 75.97387151578583 0.18019254220755823
11 97.68069194886746 0.03689088399876091
15 97.68069194886746 0.020914130986939627
17 97.68069194886746 0.02181366340120911
19 97.68069194886749 0.017257701724295624
20 97.68069194886749 0.02182097267580178

244.94678096309553
3 54.26705108270416 0.060066107385256064
4 54.267051082704164 0.06005703475739961
8 75.97387151578582 0.5328396371887909
9 75.97387151578583 0.1802404136227003
15 97.68069194886746 0.020914097243853003
16 97.68069194886746 0.036892354146715683
18 97.68069194886746 0.021819307607588163
19 97.68069194886749 0.017260350032520803
20 97.68069194886749 0.021818495001987362

244.94682670814439
2 54.26705108270416 0.060141756558509785
3 54.26705108270416 0.06018436263016612
9 75.97387151578583 0.709058763420274
13 97.68069194886746 0.037784059768987556
14 97.68069194886746 0.03778344948206436
17 97.68069194886746 0.021831284837738576
18 97.68069194886746 0.021834272987454984
19 97.68069194886749 0.01114503390179573

248.38556802684514
2 54.26705108270416 0.2318680767400048
3 54.26705108270416 0.32097874016260614
4 54.267051082704164 0.23662630938749935
5 75.97387151578582 0.012235074568250693
6 75.97387151578582 0.04171169364281348
7 75.97387151578582 0.01097638418816558
17 97.68069194886746 0.03791295853049782
18 97.68069194886746 0.052796438122203276
20 97.68069194886749 0.03869073291321549

248.38641163968083
2 54.26705108270416 0.294292799770632
3 54.26705108270416 0.20461565141149995
4 54.267051082704164 0.2906313784440741
5 75.97387151578582 0.031031920120942448
7 75.97387151578582 0.032246290674690585
17 97.68069194886746 0.048332773896969765
18 97.68069194886746 0.03335827090659145
20 97.68069194886749 0.04771634545343337

249.44972334901905
2 54.26705108270416 0.018625155340872966
3 54.26705108270416 0.015069907539089152
4 54.267051082704164 0.03446562886282419
5 75.97387151578582 0.4992992971013393
6 75.97387151578582 0.09059392009743046
7 75.97387151578582 0.16451745082603048
11 97.68069194886746 0.026998488386672875
12 97.68069194886746 0.014019334534033163
15 97.68069194886746 0.013519190389659368
16 97.68069194886746 0.026331572102183422
17 97.68069194886746 0.029682323225577917
18 97.68069194886746 0.03308223929187279
20 97.68069194886749 0.014223100110686794

249.45162562517922
2 54.26705108270416 0.026679100334125107
3 54.26705108270416 0.030262425159906594
4 54.267051082704164 0.011188375297365926
6 75.97387151578582 0.41223291309240145
7 75.97387151578582 0.33838513574186924
12 97.68069194886746 0.01402349585144677
13 97.68069194886746 0.024388522065496986
14 97.68069194886746 0.021354648554335793
15 97.68069194886746 0.0143271093534265
17 97.68069194886746 0.021618803280993883
18 97.68069194886746 0.01822187211382917
19 97.68069194886749 0.02080524975430293
20 97.68069194886749 0.03713168399349114

249.53149883129856
2 54.26705108270416 0.35885501341669823
3 54.26705108270416 0.3593789427945936
9 75.97387151578583 0.11016268674069779
17 97.68069194886746 0.05892648731983357
18 97.68069194886746 0.05901764858682497

249.53327530937864
3 54.26705108270416 0.3597698212844321
4 54.267051082704164 0.35865434290658055
8 75.97387151578582 0.08426183427474579
9 75.97387151578583 0.03251958109249514
18 97.68069194886746 0.059079860246639346
20 97.68069194886749 0.058883989378826905

249.53345145740818
2 54.26705108270416 0.3594497646441395
4 54.267051082704164 0.3589417600312205
8 75.97387151578582 0.08423018168265099
9 75.97387151578583 0.03258938597872671
17 97.68069194886746 0.059020307423542626
20 97.68069194886749 0.05893874453073865

249.70081055151664
2 54.26705108270416 0.27522040928924846
3 54.26705108270416 0.2749627518394221
4 54.267051082704164 0.27437406321423735
5 75.97387151578582 0.01313634483542793
6 75.97387151578582 0.013144575210091318
7 75.97387151578582 0.01313531672266898
17 97.68069194886746 0.040194848278357904
18 97.68069194886746 0.040154712062411176
20 97.68069194886749 0.04005756095615138

249.9070668372521
2 54.26705108270416 0.2026683971696201
3 54.26705108270416 0.20265853022802655
4 54.267051082704164 0.41150104593333686
8 75.97387151578582 0.021629239875088545
9 75.97387151578583 0.011368900316891167
17 97.68069194886746 0.031157523414447663
18 97.68069194886746 0.031147635015594814
20 97.68069194886749 0.06707729431236766

249.90834457143268
2 54.26705108270416 0.41144289127242345
3 54.26705108270416 0.20263310962033262
4 54.267051082704164 0.2027796910330279
8 75.97387151578582 0.0138921186739053
9 75.97387151578583 0.0190921133632286
17 97.68069194886746 0.06706977982674045
18 97.68069194886746 0.03113994333056536
20 97.68069194886749 0.031177642043325945

249.90850483498403
2 54.26705108270416 0.2028086813672014
3 54.26705108270416 0.411299274744459
4 54.267051082704164 0.20273215985028586
8 75.97387151578582 0.01394088396702789
9 75.97387151578583 0.01904498664029001
17 97.68069194886746 0.031174268886053118
18 97.68069194886746 0.06704680448376567
20 97.68069194886749 0.031162885409970687

251.6964255989948
2 54.26705108270416 0.34160830947356124
3 54.26705108270416 0.22225556178634231
4 54.267051082704164 0.26857919935964963
17 97.68069194886746 0.05679560120881521
18 97.68069194886746 0.03784116663783741
20 97.68069194886749 0.045197474310612835

251.6975180981313
2 54.26705108270416 0.21335394651222792
3 54.26705108270416 0.3334235354486984
4 54.267051082704164 0.28568450031077874
17 97.68069194886746 0.036426287459423265
18 97.68069194886746 0.05549159957588802
20 97.68069194886749 0.04791569584154845

252.3254832762274
2 54.26705108270416 0.10969607010357066
3 54.26705108270416 0.3526795671471147
4 54.267051082704164 0.35338697927697066
5 75.97387151578582 0.012374963727456018
6 75.97387151578582 0.012412038199882689
17 97.68069194886746 0.01937988555073142
18 97.68069194886746 0.05919377274816939
20 97.68069194886749 0.05931064978800969

252.32638765454172
2 54.26705108270416 0.3528156725535169
3 54.26705108270416 0.10972059638503015
4 54.267051082704164 0.3531981983454692
5 75.97387151578582 0.012405128135100632
7 75.97387151578582 0.012412622235050713
17 97.68069194886746 0.05921573618766326
18 97.68069194886746 0.019384529523189278
20 97.68069194886749 0.0592803336363755

252.3268953136769
2 54.26705108270416 0.35311272982397335
3 54.26705108270416 0.35280867384540476
4 54.267051082704164 0.10980351013308592
6 75.97387151578582 0.012417709990034642
7 75.97387151578582 0.012426785470420214
17 97.68069194886746 0.05926727813979746
18 97.68069194886746 0.059217755596171824
20 97.68069194886749 0.019397946900108064

254.91058939298497
2 54.26705108270416 0.011865240144941317
3 54.26705108270416 0.045532349191106845
4 54.267051082704164 0.04549798245175322
5 75.97387151578582 0.34548686976082077
6 75.97387151578582 0.34466547914911877
9 75.97387151578583 0.022481852826236545
12 97.68069194886746 0.03571688865478975
15 97.68069194886746 0.014762056152684694
16 97.68069194886746 0.02394706179237173
17 97.68069194886746 0.02261480560527143
18 97.68069194886746 0.02547583126826715
19 97.68069194886749 0.011744396094756495
20 97.68069194886749 0.025437827291563537

254.91131910051453
2 54.26705108270416 0.04552413040558525
3 54.26705108270416 0.045521077133259834
4 54.267051082704164 0.011818514134875542
6 75.97387151578582 0.34518991118775094
7 75.97387151578582 0.3452533743375114
8 75.97387151578582 0.02961818262860362
12 97.68069194886746 0.03573513512976237
13 97.68069194886746 0.024660886151727207
14 97.68069194886746 0.02466591801091438
17 97.68069194886746 0.025467566296070738
18 97.68069194886746 0.02547040248257311
20 97.68069194886749 0.02259648478302627

254.9114475772338
2 54.26705108270416 0.04557290591276298
3 54.26705108270416 0.011851422797799958
4 54.267051082704164 0.04555387831174247
5 75.97387151578582 0.34531832747355545
7 75.97387151578582 0.34500879990914035
9 75.97387151578583 0.022414074962696783
11 97.68069194886746 0.023927244401818436
12 97.68069194886746 0.03572463540495452
15 97.68069194886746 0.01477573309037779
17 97.68069194886746 0.025474536998116908
18 97.68069194886746 0.022589111167147017
19 97.68069194886749 0.01175162054741692
20 97.68069194886749 0.025458796893039978

255.02237167732528
1 32.5602306496225 0.03677958421651578
2 54.26705108270416 0.08533171228987742
3 54.26705108270416 0.08537417234545602
4 54.267051082704164 0.08543647384868049
5 75.97387151578582 0.18704925324512423
6 75.97387151578582 0.18749296796109743
7 75.97387151578582 0.18747217388249318
10 75.97387151578583 0.01243292200512437
11 97.68069194886746 0.010690086676504708
13 97.68069194886746 0.013789333982404697
14 97.68069194886746 0.0137796184233485
15 97.68069194886746 0.018399795764945513
16 97.68069194886746 0.010692564458377943
17 97.68069194886746 0.019675195032726647
18 97.68069194886746 0.019670517088507315
20 97.68069194886749 0.019696394961608545

257.76416804884605
1 32.5602306496225 0.013807264222664995
2 54.26705108270416 0.027609195023093138
3 54.26705108270416 0.027571438346738416
8 75.97387151578582 0.6966199326323275
9 75.97387151578583 0.015351223941130412
11 97.68069194886746 0.04970156705981682
16 97.68069194886746 0.0497045988606361
17 97.68069194886746 0.04250490787608455
18 97.68069194886746 0.04240503930652327

257.76929007620043
1 32.5602306496225 0.013794393322821103
3 54.26705108270416 0.027656686236804538
4 54.267051082704164 0.027642247923220082
8 75.97387151578582 0.18635000627480755
9 75.97387151578583 0.5278084497319692
14 97.68069194886746 0.03857751597117483
16 97.68069194886746 0.017993123351954642
18 97.68069194886746 0.04255491189954788
19 97.68069194886749 0.050674342304956994
20 97.68069194886749 0.04254206366640371

257.7696229911727
1 32.5602306496225 0.013815529408599548
2 54.26705108270416 0.02769756682111084
4 54.267051082704164 0.02768302635319302
8 75.97387151578582 0.1861614741307897
9 75.97387151578583 0.5278507678016553
11 97.68069194886746 0.017982550174968175
13 97.68069194886746 0.038570121128042145
17 97.68069194886746 0.04254354898598033
19 97.68069194886749 0.05068190087231472
20 97.68069194886749 0.042552471782652375

258.7449684248386
1 32.5602306496225 0.1336827609810456
2 54.26705108270416 0.3195472597270069
4 54.267051082704164 0.3216557974388175
5 75.97387151578582 0.028155240033012337
7 75.97387151578582 0.02793690337147535
10 75.97387151578583 0.05040929218073935
17 97.68069194886746 0.04284394700011192
20 97.68069194886749 0.04310312198752343

258.7466500080062
1 32.5602306496225 0.1336995804774843
3 54.26705108270416 0.32173907650871547
4 54.267051082704164 0.31991225993410943
5 75.97387151578582 0.027386107639408765
6 75.97387151578582 0.027669428914416212
10 75.97387151578583 0.05038905659551229
18 97.68069194886746 0.043124169634350326
20 97.68069194886749 0.042869600598616775

258.7493575823365
1 32.5602306496225 0.13360808777901384
2 54.26705108270416 0.320006239379362
3 54.26705108270416 0.32097482431854946
6 75.97387151578582 0.028278185454255075
7 75.97387151578582 0.028102441585960914
10 75.97387151578583 0.05040243256939824
17 97.68069194886746 0.04291159023819977
18 97.68069194886746 0.04302273426976452

258.8254222917013
1 32.5602306496225 0.14068925082603959
2 54.26705108270416 0.18126767330951565
3 54.26705108270416 0.2727932513601997
4 54.267051082704164 0.1792683173321002
5 75.97387151578582 0.03269025679370084
7 75.97387151578582 0.032683628006835566
10 75.97387151578583 0.048802586812929594
17 97.68069194886746 0.023907940573366388
18 97.68069194886746 0.04120690472267345
20 97.68069194886749 0.023657868687703885

258.8255404071814
1 32.5602306496225 0.14068369727532304
2 54.26705108270416 0.27263233160043965
3 54.26705108270416 0.17957408570071992
4 54.267051082704164 0.18107064899097963
5 75.97387151578582 0.03320106225086148
6 75.97387151578582 0.03206744186121024
10 75.97387151578583 0.0487988639385635
17 97.68069194886746 0.04118347301813924
18 97.68069194886746 0.023720807225405437
20 97.68069194886749 0.023862806054271102

258.8281607945935
1 32.5602306496225 0.14073496311991682
2 54.26705108270416 0.18116834510081734
3 54.26705108270416 0.17974011366480125
4 54.267051082704164 0.27254682992137413
6 75.97387151578582 0.03275631727537623
7 75.97387151578582 0.03245871789740694
8 75.97387151578582 0.011374289354731103
10 75.97387151578583 0.048813279944566454
17 97.68069194886746 0.023901397302423737
18 97.68069194886746 0.023707690053106828
20 97.68069194886749 0.041161927542043855

259.19571797583336
1 32.5602306496225 0.01031021452366314
2 54.26705108270416 0.0278314701809751
3 54.26705108270416 0.027990403983749804
6 75.97387151578582 0.37667691605394577
7 75.97387151578582 0.37692664314310154
10 75.97387151578583 0.025724287008046087
12 97.68069194886746 0.021311734238486594
13 97.68069194886746 0.022124982272166485
14 97.68069194886746 0.02213309752793106
15 97.68069194886746 0.01314304028052162
17 97.68069194886746 0.025748654165274148
18 97.68069194886746 0.025760704490920217

259.19641065626445
1 32.5602306496225 0.01022910175633949
2 54.26705108270416 0.027727154271477893
4 54.267051082704164 0.027818681851179763
5 75.97387151578582 0.3773765239796822
7 75.97387151578582 0.37796803909956744
10 75.97387151578583 0.02575000266790844
11 97.68069194886746 0.020275213196313258
12 97.68069194886746 0.02135977941055571
15 97.68069194886746 0.015012493756579134
17 97.68069194886746 0.025742968423673258
20 97.68069194886749 0.025775812640711045

259.1974665489854
1 32.5602306496225 0.010290887484461494
3 54.26705108270416 0.027394216489702066
4 54.267051082704164 0.02790370937920165
5 75.97387151578582 0.37449858275102615
6 75.97387151578582 0.37623117804911566
10 75.97387151578583 0.02560076018691925
12 97.68069194886746 0.021229233441980706
15 97.68069194886746 0.014952780943925499
16 97.68069194886746 0.020216283029605105
18 97.68069194886746 0.025891842702884506
20 97.68069194886749 0.025759367154841603

259.76194721289176
1 32.5602306496225 0.03128445409771227
2 54.26705108270416 0.01481811624916023
3 54.26705108270416 0.026999732700990927
4 54.267051082704164 0.014825952639959774
8 75.97387151578582 0.5309086319442707
9 75.97387151578583 0.18970914773607261
11 97.68069194886746 0.04991154868512916
15 97.68069194886746 0.027847073503669738
17 97.68069194886746 0.02064878664030921
18 97.68069194886746 0.024376053936261282
19 97.68069194886749 0.023894459951627006
20 97.68069194886749 0.020656680347924415

259.7627019747684
1 32.5602306496225 0.031248757294542278
2 54.26705108270416 0.026960464199650553
3 54.26705108270416 0.014821699631458568
4 54.267051082704164 0.014797588441149144
8 75.97387151578582 0.530075689023492
9 75.97387151578583 0.18929941496420852
15 97.68069194886746 0.027821723336171677
16 97.68069194886746 0.04982383073815542
17 97.68069194886746 0.02436999203431814
18 97.68069194886746 0.020664644449244016
19 97.68069194886749 0.023848295005978338
20 97.68069194886749 0.020617678022710213

259.7650690897299
1 32.5602306496225 0.031199373546438734
2 54.26705108270416 0.014859971633032773
3 54.26705108270416 0.014754948867021446
4 54.267051082704164 0.02690593442876206
8 75.97387151578582 0.018985568765162403
9 75.97387151578583 0.6982363471649191
13 97.68069194886746 0.05076405168144371
14 97.68069194886746 0.05059163902992204
17 97.68069194886746 0.020719357737401165
18 97.68069194886746 0.020541520322882395
19 97.68069194886749 0.01306520364393206
20 97.68069194886749 0.024351202171306215

260.2386882173904
1 32.5602306496225 0.11252928492423378
2 54.26705108270416 0.1502545396904308
3 54.26705108270416 0.15028065345560052
4 54.267051082704164 0.1502519248087209
5 75.97387151578582 0.09466291763868649
6 75.97387151578582 0.09466728690751704
7 75.97387151578582 0.0946700743239852
10 75.97387151578583 0.035642037473708185
15 97.68069194886746 0.010032867353670451
17 97.68069194886746 0.025867475199361962
18 97.68069194886746 0.025869872040523878
20 97.68069194886749 0.02586701793229603

269.75366892044804
1 32.5602306496225 0.048838794664948254
2 54.26705108270416 0.030633391930625566
5 75.97387151578582 0.33987902878181614
6 75.97387151578582 0.33913062530672233
7 75.97387151578582 0.016914512987792243
12 97.68069194886746 0.0663747435989624
15 97.68069194886746 0.013425535726564379
16 97.68069194886746 0.0260697425774202
17 97.68069194886746 0.02819525701009278
18 97.68069194886746 0.01882144040348695
19 97.68069194886749 0.013240735819016657
20 97.68069194886749 0.018770344685366376

269.7536779272842
4 54.267051082704164 0.022211502333829476
5 75.97387151578582 0.47625584061256254
6 75.97387151578582 0.10472105816382882
7 75.97387151578582 0.16562554557376066
11 97.68069194886746 0.030214214824538815
12 97.68069194886746 0.014465194333352816
14 97.68069194886746 0.011440767732487448
16 97.68069194886746 0.03197604144856261
17 97.68069194886746 0.04009306731537904
18 97.68069194886746 0.045850511650595824
20 97.68069194886749 0.010838177099916264

269.7539094694128
1 32.5602306496225 0.04882327183428272
3 54.26705108270416 0.0306336745336104
5 75.97387151578582 0.3396370862449899
6 75.97387151578582 0.01691465858560525
7 75.97387151578582 0.3393878500167824
11 97.68069194886746 0.026055573366886783
12 97.68069194886746 0.06637658061385587
15 97.68069194886746 0.013435891338822592
17 97.68069194886746 0.018805037778440965
18 97.68069194886746 0.028197025200755125
19 97.68069194886749 0.01324901165484829
20 97.68069194886749 0.018787544753536452

269.75501559476453
1 32.5602306496225 0.0488368549841278
4 54.267051082704164 0.0306394200870208
5 75.97387151578582 0.01691748275149275
6 75.97387151578582 0.33949416128133403
7 75.97387151578582 0.33951785552278363
12 97.68069194886746 0.06638658658847964
13 97.68069194886746 0.026084027732574133
14 97.68069194886746 0.026087107113401918
17 97.68069194886746 0.018792051287770353
18 97.68069194886746 0.01879450812502546
20 97.68069194886749 0.028199759269710994

269.7564566327313
2 54.26705108270416 0.016484085157023515
3 54.26705108270416 0.018923213393139723
5 75.97387151578582 0.022173316605739856
6 75.97387151578582 0.3926267389909864
7 75.97387151578582 0.3318300698120368
12 97.68069194886746 0.014465185945619649
13 97.68069194886746 0.020389214486313437
14 97.68069194886746 0.01666325814389928
15 97.68069194886746 0.012738044438782873
17 97.68069194886746 0.024437080112463618
18 97.68069194886746 0.018688286796808173
19 97.68069194886749 0.038116044982042185
20 97.68069194886749 0.053666550000432744

270.46065969155626
1 32.5602306496225 0.0886185085435704
2 54.26705108270416 0.018441493199649443
3 54.26705108270416 0.01843793507803116
4 54.267051082704164 0.018431076866865955
5 75.97387151578582 0.20658883246460974
6 75.97387151578582 0.20765430647277308
7 75.97387151578582 0.2075561409456835
8 75.97387151578582 0.015773546260655906
9 75.97387151578583 0.015762236647301944
10 75.97387151578583 0.01121842348893869
11 97.68069194886746 0.01783401658065069
13 97.68069194886746 0.028035433959468753
14 97.68069194886746 0.028026271494884097
15 97.68069194886746 0.04320560362367888
16 97.68069194886746 0.01782952040423581
17 97.68069194886746 0.01795687129572213
18 97.68069194886746 0.017953595396607545
20 97.68069194886749 0.017982651001925577

271.39923275358564
1 32.5602306496225 0.03209088162403606
2 54.26705108270416 0.011648147690216734
5 75.97387151578582 0.3619680502660083
6 75.97387151578582 0.36274048867048236
8 75.97387151578582 0.01207132825804073
9 75.97387151578583 0.025950952252291902
10 75.97387151578583 0.012405483921399294
15 97.68069194886746 0.02128611617949093
16 97.68069194886746 0.02613393903385621
17 97.68069194886746 0.0146356707926865
18 97.68069194886746 0.031349102690419114
20 97.68069194886749 0.031392967448830016

271.39977446597794
1 32.5602306496225 0.032074306442754996
3 54.26705108270416 0.011655206983513262
5 75.97387151578582 0.3622507263054992
7 75.97387151578582 0.36248556974907986
8 75.97387151578582 0.012061662608078066
9 75.97387151578583 0.025942573147380067
10 75.97387151578583 0.012403093511822113
11 97.68069194886746 0.02615384875626898
15 97.68069194886746 0.02127946274833844
17 97.68069194886746 0.03136483331227441
18 97.68069194886746 0.014640510453438605
20 97.68069194886749 0.031375917698870937

271.4003548150609
1 32.5602306496225 0.03208549551271259
4 54.267051082704164 0.011649584079394435
6 75.97387151578582 0.36237268980008513
7 75.97387151578582 0.362345060080125
8 75.97387151578582 0.03287937492754716
10 75.97387151578583 0.012404054657538228
13 97.68069194886746 0.0290590817906206
14 97.68069194886746 0.029058350780298347
15 97.68069194886746 0.011672381639871034
17 97.68069194886746 0.03136767005603006
18 97.68069194886746 0.031366072753943014
20 97.68069194886749 0.01463538387568556

278.13550979590406
2 54.26705108270416 0.2208839934539267
3 54.26705108270416 0.15605982329294027
4 54.267051082704164 0.11680995609276712
5 75.97387151578582 0.0820588234377593
6 75.97387151578582 0.06219118069692252
7 75.97387151578582 0.029328869589084147
8 75.97387151578582 0.09885297443674858
9 75.97387151578583 0.09240560140486942
11 97.68069194886746 0.01816779437989598
13 97.68069194886746 0.020960341094744425
16 97.68069194886746 0.017507042911664637
17 97.68069194886746 0.026998737979524706
18 97.68069194886746 0.019967339934922487
20 97.68069194886749 0.01571203668355426

278.13641118413284
2 54.26705108270416 0.10811159799517409
3 54.26705108270416 0.1730749700920301
4 54.267051082704164 0.21257173423546846
5 75.97387151578582 0.03356900120141615
6 75.97387151578582 0.053577778677304067
7 75.97387151578582 0.08646907203776112
8 75.97387151578582 0.09236659780040261
9 75.97387151578583 0.09886044684613901
14 97.68069194886746 0.023000148827834584
15 97.68069194886746 0.03328158024652183
17 97.68069194886746 0.01476018131199582
18 97.68069194886746 0.02181209661688957
20 97.68069194886749 0.026103198924672427

278.53565023544144
1 32.5602306496225 0.013844204565735133
2 54.26705108270416 0.29363213261312554
3 54.26705108270416 0.10813704729918412
4 54.267051082704164 0.10783284106020188
5 75.97387151578582 0.05658207118820792
6 75.97387151578582 0.056589844166119355
7 75.97387151578582 0.028983971895877182
8 75.97387151578582 0.14374068199281906
9 75.97387151578583 0.05790087212598526
15 97.68069194886746 0.0215931526985826
16 97.68069194886746 0.019071008118302916
17 97.68069194886746 0.036801062192415405
18 97.68069194886746 0.014760494609229484
20 97.68069194886749 0.014716971159452114

278.53623436257124
1 32.5602306496225 0.013821218627766625
2 54.26705108270416 0.10791730235897772
3 54.26705108270416 0.29364455697786584
4 54.267051082704164 0.10804101674244657
5 75.97387151578582 0.05656365670454038
6 75.97387151578582 0.02898540602855949
7 75.97387151578582 0.05661110480463464
8 75.97387151578582 0.14364966176597058
9 75.97387151578583 0.05801761235623755
11 97.68069194886746 0.01905172819993762
15 97.68069194886746 0.021584591392168898
17 97.68069194886746 0.014729008961014896
18 97.68069194886746 0.036800374161210445
20 97.68069194886749 0.014744793702999838

278.53992649966176
1 32.5602306496225 0.013842565225987495
2 54.26705108270416 0.10809342049333379
3 54.26705108270416 0.1077924867082557
4 54.267051082704164 0.2937548096670997
5 75.97387151578582 0.028970337241519373
6 75.97387151578582 0.05659963404986167
7 75.97387151578582 0.05656841682487761
8 75.97387151578582 0.015238249086123647
9 75.97387151578583 0.18639150025309967
13 97.68069194886746 0.023345988929472237
14 97.68069194886746 0.023331038382598104
17 97.68069194886746 0.014754833315515041
18 97.68069194886746 0.01471314267113882
20 97.68069194886749 0.036816656658424485

279.56107786428237
2 54.26705108270416 0.2560672353571211
3 54.26705108270416 0.25620999694484553
5 75.97387151578582 0.0843167323268189
6 75.97387151578582 0.01722438445643046
7 75.97387151578582 0.017247809670006133
8 75.97387151578582 0.20965954161074155
9 75.97387151578583 0.017160381637315973
11 97.68069194886746 0.02798648834723091
16 97.68069194886746 0.02796078559159508
17 97.68069194886746 0.036546084657520336
18 97.68069194886746 0.03656521264348857

279.56338337806204
2 54.26705108270416 0.25616995952756894
4 54.267051082704164 0.2561150230879711
5 75.97387151578582 0.017236063049982542
6 75.97387151578582 0.08427460091354114
7 75.97387151578582 0.017210019541758104
8 75.97387151578582 0.06529994418478768
9 75.97387151578583 0.16159756743883358
13 97.68069194886746 0.024757098514461368
17 97.68069194886746 0.03655921506844464
19 97.68069194886749 0.02115346419333542
20 97.68069194886749 0.036549396008425654

279.56341262189784
3 54.26705108270416 0.256083560723473
4 54.267051082704164 0.2562009332458506
5 75.97387151578582 0.017228577563530998
6 75.97387151578582 0.017231103086716746
7 75.97387151578582 0.08427847568532945
8 75.97387151578582 0.0651635288684159
9 75.97387151578583 0.16170855864073005
14 97.68069194886746 0.024774397064840296
18 97.68069194886746 0.03654799379316882
19 97.68069194886749 0.02116599270770333
20 97.68069194886749 0.03656168258348648

281.4665373788864
1 32.5602306496225 0.17637831105114593
2 54.26705108270416 0.17997301285453887
3 54.26705108270416 0.17992417026337923
4 54.267051082704164 0.17987406557547558
8 75.97387151578582 0.06144768720778058
9 75.97387151578583 0.061445675605504
10 75.97387151578583 0.030456638839651478
17 97.68069194886746 0.025977034049181866
18 97.68069194886746 0.0259708215332683
20 97.68069194886749 0.02596300632616305

281.880292216045
2 54.26705108270416 0.21681100660926353
3 54.26705108270416 0.21681067723025413
4 54.267051082704164 0.21652533864064602
5 75.97387151578582 0.03246870468320454
6 75.97387151578582 0.032409585982589174
7 75.97387151578582 0.03239668462015281
8 75.97387151578582 0.06243568931214698
9 75.97387151578583 0.06228991026122165
17 97.68069194886746 0.032303214763139625
18 97.68069194886746 0.03230222020572466
20 97.68069194886749 0.03226646583934623

283.8555392026368
1 32.5602306496225 0.19068446950777937
2 54.26705108270416 0.280725185959026
3 54.26705108270416 0.2810381222756015
4 54.267051082704164 0.04721122042524809
5 75.97387151578582 0.01711550361314412
6 75.97387151578582 0.013219549977657686
7 75.97387151578582 0.013216820611717115
8 75.97387151578582 0.012777886631102074
10 75.97387151578583 0.03389093612363647
17 97.68069194886746 0.041645952338319345
18 97.68069194886746 0.041689736274337266

283.85769403349025
1 32.5602306496225 0.19064245728612525
2 54.26705108270416 0.04722205984545496
3 54.26705108270416 0.28040657098230204
4 54.267051082704164 0.28139716916289736
5 75.97387151578582 0.01320760716702571
6 75.97387151578582 0.013232700181908414
7 75.97387151578582 0.017102778095827675
9 75.97387151578583 0.011456706625852568
10 75.97387151578583 0.033886654663597256
18 97.68069194886746 0.04160461469417197
20 97.68069194886749 0.04174053490205333

283.8588994348434
1 32.5602306496225 0.19061050049203046
2 54.26705108270416 0.28108828213434534
3 54.26705108270416 0.04722578810276887
4 54.267051082704164 0.280748085609521
5 75.97387151578582 0.013216773284000722
6 75.97387151578582 0.01709108778125394
7 75.97387151578582 0.013217447664038871
9 75.97387151578583 0.01143749730510588
10 75.97387151578583 0.03388495848279929
17 97.68069194886746 0.041697321169786354
20 97.68069194886749 0.04165192292924014

284.6319491227193
1 32.5602306496225 0.19814000782282024
2 54.26705108270416 0.020594782559046232
3 54.26705108270416 0.29458717297922565
4 54.267051082704164 0.2936813243773394
5 75.97387151578582 0.01492828009513015
6 75.97387151578582 0.014892462039467027
10 75.97387151578583 0.03730752373180878
18 97.68069194886746 0.04228213994698486
20 97.68069194886749 0.042157796147659146

284.63315770454835
1 32.5602306496225 0.19815188250396412
2 54.26705108270416 0.29429161215622185
3 54.26705108270416 0.29399385388680777
4 54.267051082704164 0.02059062393201044
6 75.97387151578582 0.014904376681289298
7 75.97387151578582 0.014905419288496598
10 75.97387151578583 0.03730635965643366
17 97.68069194886746 0.042243346015373544
18 97.68069194886746 0.04220183965829512

284.63392669926606
1 32.5602306496225 0.1981047775253585
2 54.26705108270416 0.2940901749897286
3 54.26705108270416 0.02058368068511266
4 54.267051082704164 0.2942507695937874
5 75.97387151578582 0.014925889944052787
7 75.97387151578582 0.014892339474622875
10 75.97387151578583 0.03730278848834673
17 97.68069194886746 0.042212831495073565
20 97.68069194886749 0.042236928189428244

289.0809754354976
2 54.26705108270416 0.31923055432563824
3 54.26705108270416 0.3267777987438676
4 54.267051082704164 0.15342407400028074
6 75.97387151578582 0.012758009277698252
7 75.97387151578582 0.012403569033749772
10 75.97387151578583 0.02284804126212568
17 97.68069194886746 0.05121963792993073
18 97.68069194886746 0.05251122834706459
20 97.68069194886749 0.022868511643923343

289.0834858917151
2 54.26705108270416 0.2137745039637401
3 54.26705108270416 0.20611549393451686
4 54.267051082704164 0.37962743264122256
5 75.97387151578582 0.015186864191424343
10 75.97387151578583 0.022816766514944898
17 97.68069194886746 0.033185549302748425
18 97.68069194886746 0.03187643630812172
20 97.68069194886749 0.06154501648699494

289.21300167767663
2 54.26705108270416 0.25521887960432166
3 54.26705108270416 0.25528555179338475
4 54.267051082704164 0.24856482225205506
5 75.97387151578582 0.019533314761916443
6 75.97387151578582 0.020046939297171884
7 75.97387151578582 0.020045592093422625
8 75.97387151578582 0.010031659667216138
9 75.97387151578583 0.012052554227232398
10 75.97387151578583 0.02782336991325812
17 97.68069194886746 0.040137531081102774
18 97.68069194886746 0.04014859796813054
20 97.68069194886749 0.03637859716829727

289.2136857156502
2 54.26705108270416 0.2550953944126289
3 54.26705108270416 0.24872340923661118
4 54.267051082704164 0.2552922529150978
5 75.97387151578582 0.020027882730635705
6 75.97387151578582 0.019524974664135643
7 75.97387151578582 0.020037370929120845
8 75.97387151578582 0.011552101255896506
9 75.97387151578583 0.010555749054899139
10 75.97387151578583 0.02779003199288902
17 97.68069194886746 0.04011401239360426
18 97.68069194886746 0.03639835827361132
20 97.68069194886749 0.040146952164855414

289.2143783207573
2 54.26705108270416 0.24872175071604022
3 54.26705108270416 0.25516429079167213
4 54.267051082704164 0.25521753772452505
5 75.97387151578582 0.020029851552736365
6 75.97387151578582 0.020048973153578002
7 75.97387151578582 0.019508507580139174
8 75.97387151578582 0.011555952754424016
9 75.97387151578583 0.01055795274265108
10 75.97387151578583 0.0277898358010752
17 97.68069194886746 0.03639914658424591
18 97.68069194886746 0.040125786312219996
20 97.68069194886749 0.04013561009774764

294.35834947022965
1 32.5602306496225 0.04081452704261939
2 54.26705108270416 0.09293240639494948
3 54.26705108270416 0.09262083574845778
5 75.97387151578582 0.05758636222383419
6 75.97387151578582 0.015434821490496433
7 75.97387151578582 0.015386186587716412
8 75.97387151578582 0.3383397152743883
9 75.97387151578583 0.04475046056378974
10 75.97387151578583 0.10946756357755259
11 97.68069194886746 0.028720732184113213
16 97.68069194886746 0.02873012649275958
17 97.68069194886746 0.05485273008618306
18 97.68069194886746 0.054991538890475616

294.3609049067955
1 32.5602306496225 0.040573962751523224
3 54.26705108270416 0.09300319589706324
4 54.267051082704164 0.09307528515219768
5 75.97387151578582 0.015389492226487366
6 75.97387151578582 0.015435595971981731
7 75.97387151578582 0.05783564585234255
8 75.97387151578582 0.11848815964041125
9 75.97387151578583 0.26593811882386087
10 75.97387151578583 0.10753689653196108
14 97.68069194886746 0.023742264981569033
18 97.68069194886746 0.054994015464714927
19 97.68069194886749 0.026087842010141672
20 97.68069194886749 0.05493751125714012

294.3617293798873
1 32.5602306496225 0.040476689913520325
2 54.26705108270416 0.09316253206897114
4 54.267051082704164 0.0932243925218157
5 75.97387151578582 0.015461185129190518
6 75.97387151578582 0.05791534961877581
7 75.97387151578582 0.015426596858280923
8 75.97387151578582 0.11851325655568759
9 75.97387151578583 0.2665040906632885
10 75.97387151578583 0.10656319641515231
13 97.68069194886746 0.023786927338724728
17 97.68069194886746 0.05497240210764468
19 97.68069194886749 0.026138441008303977
20 97.68069194886749 0.055009626214038335

294.7659724978606
1 32.5602306496225 0.10223492824704143
5 75.97387151578582 0.019921666688910912
7 75.97387151578582 0.019918056905383764
8 75.97387151578582 0.02154610655846684
9 75.97387151578583 0.015501841582278254
10 75.97387151578583 0.6388001873571022
17 97.68069194886746 0.06711332784072227
18 97.68069194886746 0.02405235162039726
20 97.68069194886749 0.06711118303084852

294.7681041151843
1 32.5602306496225 0.10214206332290351
6 75.97387151578582 0.019905186613884674
7 75.97387151578582 0.019991148470131594
8 75.97387151578582 0.012592272186145085
9 75.97387151578583 0.025069989358332607
10 75.97387151578583 0.6378827773810957
17 97.68069194886746 0.06699425491223225
18 97.68069194886746 0.0670916666011933
20 97.68069194886749 0.02410559780918555

294.7687662434965
1 32.5602306496225 0.10190571442804841
5 75.97387151578582 0.02025251613144526
6 75.97387151578582 0.01991831888568527
8 75.97387151578582 0.023349652382719382
9 75.97387151578583 0.015681077761549766
10 75.97387151578583 0.6358675404255529
17 97.68069194886746 0.024171016074747007
18 97.68069194886746 0.06710719036317207
20 97.68069194886749 0.06677212199470654

297.717970157595
1 32.5602306496225 0.20018913146641534
3 54.26705108270416 0.05202568066535487
4 54.267051082704164 0.05207709856719786
5 75.97387151578582 0.022445888519630062
6 75.97387151578582 0.022453579866545746
7 75.97387151578582 0.024940012004003687
8 75.97387151578582 0.35550715072662037
9 75.97387151578583 0.13562738110963787
10 75.97387151578583 0.030943975541094633
11 97.68069194886746 0.011065272838007722
15 97.68069194886746 0.017245909198062365
16 97.68069194886746 0.013562188233575577
18 97.68069194886746 0.013927374319511394
20 97.68069194886749 0.013919811511541633

297.7184829218424
1 32.5602306496225 0.20024345165232127
2 54.26705108270416 0.05200230026230465
3 54.26705108270416 0.05201645415075201
5 75.97387151578582 0.024934346934353927
6 75.97387151578582 0.022452854828063282
7 75.97387151578582 0.02244858023745396
8 75.97387151578582 0.02603337545485125
9 75.97387151578583 0.46509548657750477
10 75.97387151578583 0.03096407872839314
13 97.68069194886746 0.017104095961671065
14 97.68069194886746 0.017106218027522248
17 97.68069194886746 0.013911878972824922
18 97.68069194886746 0.01391919751362845
19 97.68069194886749 0.017649060361861278

297.7185311186448
1 32.5602306496225 0.20024093619059719
2 54.26705108270416 0.05205317641612626
4 54.267051082704164 0.052018043422575745
5 75.97387151578582 0.02244872474743998
6 75.97387151578582 0.024940633523885744
7 75.97387151578582 0.022465428889922964
8 75.97387151578582 0.35553459071125904
9 75.97387151578583 0.13556052348190742
10 75.97387151578583 0.030937661833138962
11 97.68069194886746 0.013564818428158616
15 97.68069194886746 0.017245354136580106
16 97.68069194886746 0.011066048895317789
17 97.68069194886746 0.01393612203076304
20 97.68069194886749 0.013903847415649463

299.2838056532179
2 54.26705108270416 0.02962018605965054
3 54.26705108270416 0.0296091663879787
4 54.267051082704164 0.0294684155341061
5 75.97387151578582 0.01978135010481809
6 75.97387151578582 0.019735446228897644
7 75.97387151578582 0.019736573784425185
8 75.97387151578582 0.3399194010952592
9 75.97387151578583 0.33943910484754813
11 97.68069194886746 0.016752478591550535
13 97.68069194886746 0.012995366826877327
14 97.68069194886746 0.012992994974513209
16 97.68069194886746 0.016750912552600108
17 97.68069194886746 0.027470424329332672
18 97.68069194886746 0.02746354554062162
19 97.68069194886749 0.022318353854214885
20 97.68069194886749 0.027414682290992212

299.36118330080666
1 32.5602306496225 0.3457885439847467
5 75.97387151578582 0.03627913312405762
6 75.97387151578582 0.03629288504069527
7 75.97387151578582 0.036293395104357855
8 75.97387151578582 0.2049173131765371
9 75.97387151578583 0.20504301802087788
10 75.97387151578583 0.055949058033039095

302.89769840374714
2 54.26705108270416 0.05863720474628826
3 54.26705108270416 0.0575152314224994
4 54.267051082704164 0.046485007319858725
6 75.97387151578582 0.023061747310512876
7 75.97387151578582 0.02476256073085369
8 75.97387151578582 0.31091952359725605
9 75.97387151578583 0.3112687701186006
11 97.68069194886746 0.01741564848696722
13 97.68069194886746 0.020081722511796476
14 97.68069194886746 0.020080218841908488
15 97.68069194886746 0.010993034774676905
16 97.68069194886746 0.01578189207836598
17 97.68069194886746 0.023304774144097793
18 97.68069194886746 0.0230241916860771
20 97.68069194886749 0.02027192168836663

302.9020548309658
2 54.26705108270416 0.04976346907291643
3 54.26705108270416 0.05087534184771267
4 54.267051082704164 0.06202293429199472
5 75.97387151578582 0.029766968535499323
6 75.97387151578582 0.013093421849820836
7 75.97387151578582 0.01139418988713
8 75.97387151578582 0.3109969734698284
9 75.97387151578583 0.3111912885241494
11 97.68069194886746 0.017719766558811526
16 97.68069194886746 0.019340920602489767
17 97.68069194886746 0.021089589563749678
18 97.68069194886746 0.021363381792065175
19 97.68069194886749 0.03843969696437021
20 97.68069194886749 0.02415598167062326

303.189782745332
1 32.5602306496225 0.2889740504517486
2 54.26705108270416 0.036678379073100904
3 54.26705108270416 0.03671675790022627
5 75.97387151578582 0.03757295898238418
6 75.97387151578582 0.1543842336098832
7 75.97387151578582 0.15434472245617328
8 75.97387151578582 0.02036412594679031
10 75.97387151578583 0.16581139216155535
11 97.68069194886746 0.01210880604581709
12 97.68069194886746 0.012153103539172743
16 97.68069194886746 0.01210264152129009
17 97.68069194886746 0.022284354525683378
18 97.68069194886746 0.022288305291421166

303.1914918533165
1 32.5602306496225 0.2889704252553052
3 54.26705108270416 0.036689013819983685
4 54.267051082704164 0.03669285850896207
5 75.97387151578582 0.15445250566185995
6 75.97387151578582 0.15430734183214367
7 75.97387151578582 0.03753299103495847
9 75.97387151578583 0.016761484786428155
10 75.97387151578583 0.16581215095871382
12 97.68069194886746 0.012148963536071252
14 97.68069194886746 0.010755293754896492
18 97.68069194886746 0.022282939295553986
20 97.68069194886749 0.022281343695772844

303.19217504559765
1 32.5602306496225 0.28897026682797544
2 54.26705108270416 0.036691323537069755
4 54.267051082704164 0.03667554402980544
5 75.97387151578582 0.1543780878069943
6 75.97387151578582 0.03753301876146872
7 75.97387151578582 0.15437783615014086
9 75.97387151578583 0.016766320699596344
10 75.97387151578583 0.16580867737125668
12 97.68069194886746 0.01214871809310422
13 97.68069194886746 0.010759620347048035
17 97.68069194886746 0.022284499054808008
20 97.68069194886749 0.022279650572507092

305.75999994714095
2 54.26705108270416 0.039047637546132566
3 54.26705108270416 0.0390446943055035
4 54.267051082704164 0.038973645399811775
5 75.97387151578582 0.216728545546972
6 75.97387151578582 0.21632984452947893
7 75.97387151578582 0.21638078961016294
11 97.68069194886746 0.02109766285161922
12 97.68069194886746 0.016508893665390333
13 97.68069194886746 0.015849552624494456
14 97.68069194886746 0.015856660499208003
16 97.68069194886746 0.021087411724973634
17 97.68069194886746 0.03301301766359317
18 97.68069194886746 0.03301612451512545
19 97.68069194886749 0.02874157447824788
20 97.68069194886749 0.032988160117369686

307.45901638643954
1 32.5602306496225 0.29701383005633214
2 54.26705108270416 0.07140719626505644
3 54.26705108270416 0.0634927784823068
4 54.267051082704164 0.07093189081944805
5 75.97387151578582 0.06671706678822989
6 75.97387151578582 0.09941449644589169
7 75.97387151578582 0.06683444953699379
8 75.97387151578582 0.08671934240268632
9 75.97387151578583 0.029875566381250943
10 75.97387151578583 0.05262377875078168
12 97.68069194886746 0.01023815246295303
15 97.68069194886746 0.012472004840217493
17 97.68069194886746 0.017828706390005427
18 97.68069194886746 0.014975660156287731
20 97.68069194886749 0.017743112980206355

307.459952491002
1 32.5602306496225 0.2969387010645494
2 54.26705108270416 0.06346374618088511
3 54.26705108270416 0.07139732295042711
4 54.267051082704164 0.07093711964558913
5 75.97387151578582 0.06680817095876901
6 75.97387151578582 0.06687137886563647
7 75.97387151578582 0.09941458730625131
8 75.97387151578582 0.08668964788982896
9 75.97387151578583 0.029889440988270524
10 75.97387151578583 0.052614315035562534
12 97.68069194886746 0.010249023562628542
15 97.68069194886746 0.01246666449576001
17 97.68069194886746 0.01497173134371868
18 97.68069194886746 0.01782875599494294
20 97.68069194886749 0.01774491203041955

307.4608518938292
1 32.5602306496225 0.29685562290194967
2 54.26705108270416 0.0713072455234843
3 54.26705108270416 0.07105613872678786
4 54.267051082704164 0.0634243278848275
5 75.97387151578582 0.0993989603279372
6 75.97387151578582 0.0668100782059819
7 75.97387151578582 0.06694459107810463
9 75.97387151578583 0.11478832347783229
10 75.97387151578583 0.05259873326236021
12 97.68069194886746 0.010257109997335902
17 97.68069194886746 0.017809550986787215
18 97.68069194886746 0.017772986517369638
20 97.68069194886749 0.014968200632364068

307.9660028453073
1 32.5602306496225 0.2703225890050369
2 54.26705108270416 0.10135452751861498
3 54.26705108270416 0.10162400128115767
4 54.267051082704164 0.011016245898730343
5 75.97387151578582 0.1661803414407297
8 75.97387151578582 0.058011142061661525
10 75.97387151578583 0.1332789335628548
11 97.68069194886746 0.033393886771032125
16 97.68069194886746 0.03333901131883394
17 97.68069194886746 0.03190496713464339
18 97.68069194886746 0.03194582662693284

307.9674816128937
1 32.5602306496225 0.27036105310256137
2 54.26705108270416 0.1013041911650255
3 54.26705108270416 0.011014939723072839
4 54.267051082704164 0.101617960163452
6 75.97387151578582 0.16621524802206056
8 75.97387151578582 0.016815322109578364
9 75.97387151578583 0.044569112302813824
10 75.97387151578583 0.13327903515120978
13 97.68069194886746 0.02765153655954975
17 97.68069194886746 0.031891390269802186
19 97.68069194886749 0.029328517857314905
20 97.68069194886749 0.03193771641106833

