#nmax= 3 NR= 11 Ntheta= 11 Nphi= 11
#jmax= 3 Nalpha= 11 Nphi= 11 Nchi= 11
#Ntrans= 20
#Nrot= 40

95.84818586009844 0.0 85.77995272502203
128.6042385280748 32.75605266797638 118.53600539299842
128.6042385280751 32.75605266797664 118.53600539299867
128.60423852807511 32.75605266797668 118.53600539299873
162.59016254591654 66.74197668581809 152.52192941084013
162.59016254591683 66.7419766858184 152.52192941084044
162.59016254591697 66.74197668581854 152.52192941084058
163.67834164745773 67.83015578735929 153.61010851238134
163.67834164745796 67.8301557873595 153.61010851238154
163.6783416474599 67.83015578736146 153.6101085123835
163.6783416474622 67.83015578736376 153.6101085123858
163.67834164746233 67.83015578736389 153.61010851238592
185.20983218485412 89.36164632475568 175.1415990497777
185.20983218485546 89.361646324757 175.14159904977905
185.20983218485563 89.3616463247572 175.14159904977924
185.20983218485614 89.3616463247577 175.14159904977973
185.2098321848562 89.36164632475774 175.14159904977978
187.02854319721428 91.18035733711584 176.9603100621379
188.00329239075333 92.15510653065489 177.93505925567692
188.003292390754 92.15510653065557 177.93505925567763
188.0032923907542 92.15510653065577 177.9350592556778
188.0032923907545 92.15510653065606 177.93505925567808
188.00329239075512 92.15510653065667 177.9350592556787
195.8176381693631 99.96945230926468 185.74940503428672
195.8176381693639 99.96945230926546 185.7494050342875
195.81763816936572 99.96945230926727 185.7494050342893
215.42066330772008 119.57247744762164 205.35243017264366
215.4206633077207 119.57247744762225 205.3524301726443
215.4206633077211 119.57247744762269 205.35243017264472
215.4206633077217 119.57247744762324 205.35243017264528
215.42066330772226 119.57247744762384 205.35243017264585
215.42066330772312 119.57247744762468 205.35243017264673
215.4206633077235 119.57247744762506 205.3524301726471
223.56155447382113 127.71336861372271 213.49332133874472
223.561554473822 127.7133686137236 213.49332133874566
223.56155447382255 127.71336861372413 213.49332133874617
223.56155447382295 127.71336861372451 213.49332133874654
223.56155447382372 127.71336861372531 213.49332133874736
225.65605463265518 129.80786877255673 215.58782149757877
225.65605463265663 129.8078687725582 215.58782149758025
225.65605463265808 129.80786877255963 215.58782149758167
228.8723860254452 133.02420016534677 218.8041528903688
230.6050233874575 134.75683752735907 220.5367902523811
230.60502338745817 134.75683752735972 220.53679025238176
230.60502338746105 134.75683752736262 220.53679025238466
230.60502338746147 134.75683752736305 220.5367902523851
230.60502338746298 134.75683752736458 220.53679025238662
236.36883833750596 140.52065247740754 226.30060520242958
236.3688383375063 140.52065247740785 226.30060520242995
236.36883833750665 140.5206524774082 226.30060520243023
236.368838337507 140.5206524774086 226.30060520243063
236.3688383375073 140.52065247740887 226.30060520243092
241.64932296055125 145.8011371004528 231.58108982547483
241.64932296055196 145.80113710045356 231.5810898254756
241.6493229605533 145.80113710045484 231.58108982547688
241.64932296055358 145.80113710045512 231.58108982547716
241.6493229605538 145.80113710045535 231.58108982547742
241.649322960555 145.80113710045654 231.58108982547859
241.64932296055693 145.80113710045845 231.58108982548046
244.45594261155242 148.60775675145396 234.387709476476
244.45594261155244 148.60775675145402 234.38770947647606
244.45594261155253 148.6077567514541 234.38770947647615
244.45594261155273 148.6077567514543 234.38770947647635
244.45594261155372 148.6077567514553 234.38770947647734
244.45594261155472 148.6077567514563 234.3877094764783
244.45594261155506 148.60775675145663 234.38770947647868
248.58244604886278 152.73426018876432 238.51421291378637
248.58244604886372 152.7342601887653 238.51421291378733
248.58244604886377 152.73426018876535 238.51421291378742
252.12111307399465 156.27292721389622 242.05287993891827
252.1211130739948 156.27292721389637 242.0528799389184
252.12111307399502 156.2729272138966 242.05287993891864
252.1211130739956 156.27292721389716 242.0528799389192
252.12111307399584 156.2729272138974 242.05287993891943
252.12111307399584 156.2729272138974 242.05287993891943
252.12111307399636 156.27292721389793 242.05287993891994
252.31575440975428 156.46756854965582 242.24752127467787
252.3157544097553 156.46756854965687 242.24752127467892
252.31575440975578 156.46756854965736 242.2475212746794
253.43746863210612 157.58928277200766 243.3692354970297
253.43746863210717 157.58928277200872 243.36923549703076
253.4374686321072 157.58928277200877 243.36923549703081
253.43746863210725 157.5892827720088 243.36923549703084
253.43746863210734 157.58928277200891 243.36923549703096
255.78034860369104 159.93216274359258 245.71211546861463
255.78034860369127 159.93216274359284 245.71211546861488
255.7803486036917 159.93216274359327 245.7121154686153
255.78034860369243 159.93216274359398 245.71211546861602
255.78034860369388 159.93216274359546 245.71211546861747
257.51302183507033 161.6648359749719 247.44478869999398
257.5130218350719 161.66483597497347 247.4447886999955
257.51302183507397 161.66483597497552 247.44478869999756
271.63840463635904 175.79021877626062 261.5701715012827
271.6384046363593 175.79021877626087 261.5701715012829
271.6384046363594 175.79021877626096 261.570171501283
271.63840463635955 175.7902187762611 261.57017150128314
271.6384046363596 175.7902187762612 261.57017150128326
271.6384046363606 175.79021877626215 261.5701715012842
271.6384046363611 175.79021877626266 261.57017150128473
271.6384046363621 175.79021877626369 261.5701715012857
