#nmax= 3 NR= 11 Ntheta= 11 Nphi= 11
#jmax= 3 Nalpha= 11 Nphi= 11 Nchi= 11
#Ntrans= 20
#Nrot= 84
#Npara= 40
#Nportho= 44

0.1  0.0  0.0  0.0
0.2  0.0  0.0  1.1705808940446653e-296
0.3  0.0  4.076617059942106e-11  3.424315636185648e-197
0.4  0.0  0.0  1.5626933122788615e-147
0.5  0.0  0.0  8.821860585818575e-118
0.6  0.0  0.0  5.6346724264698644e-98
0.7  0.0  -7.487663987648767e-12  7.529048179073038e-84
0.8  0.0  1.433185685135897e-10  2.8548278114712155e-73
0.9  0.0  2.744922153694352e-9  4.693222171803456e-65
1.0  0.0  2.9531421643926623e-8  1.715983566030735e-58
1.1  0.0  2.0230498533888402e-7  3.9478922655544914e-53
1.2  0.0  9.907759144770047e-7  1.1428418085035898e-48
1.3  -1.0854897496887264e-12  3.7517999316441386e-6  6.724026284807976e-45
1.4  5.615747990736576e-12  1.161752998602037e-5  1.1323352613601997e-41
1.5  4.565811107135159e-11  3.064780485643858e-5  7.01457852504903e-39
1.6  2.9308647261029096e-10  7.102350445545466e-5  1.9293144009336427e-36
1.7  1.4618692353186859e-9  0.00014800199890964725  2.7203238163046743e-34
1.8  6.08208617470807e-9  0.00028239876886144776  2.1988524152980816e-32
1.9  2.166106522401427e-8  0.0005004717438174393  1.1128409481977423e-30
2.0  6.757298523133538e-8  0.0008332132613271579  3.7840737828897095e-29
2.1  1.88246944332145e-7  0.0013151577891157944  9.15287426002712e-28
2.2  4.7571227870598573e-7  0.001982873647609684  1.6500343899341238e-26
2.3  1.104680843213364e-6  0.0028733219842492588  2.3040905540919435e-25
2.4  2.3826578251387002e-6  0.004022248621461687  2.5734447832268734e-24
2.5  4.816509782856451e-6  0.00546273757338717  2.3617878138405037e-23
2.6  9.19504092771112e-6  0.007224011340382082  1.8221092545552837e-22
2.7  1.6685366141045377e-5  0.009330521889104649  1.2048748631263281e-21
2.8  2.893904376515527e-5  0.011801341940590713  6.943247213891559e-21
2.9  4.8202510983861916e-5  0.01464984087675967  3.537177360351213e-20
3.0  7.742553026698386e-5  0.017883613155802613  1.6129203375954883e-19
3.1  0.00012036111292421648  0.02150461827840402  6.654595454106463e-19
3.2  0.00018165080114765434  0.025509488199703396  2.50775725752265e-18
3.3  0.00026689004054360915  0.02988995921075456  8.703778822963598e-18
3.4  0.0003826696400288401  0.034633388993203985  2.802635730344422e-17
3.5  0.0005365908219127567  0.03972332472543326  8.427044968800289e-17
3.6  0.0007372527240794133  0.04514009365824163  2.3797613568343327e-16
3.7  0.0009942127913717624  0.050861393445719265  6.344088676597648e-16
3.8  0.0013179216137548895  0.05686286461085928  1.6038938414157324e-15
3.9  0.0017196348931318617  0.06311863223027217  3.86135829566758e-15
4.0  0.0022113058321511555  0.06960180790084125  8.885272566973071e-15
4.1  0.0028054619031222298  0.07628494636384522  1.960731350373342e-14
4.2  0.003515069985920275  0.08314045367029836  4.16192155598521e-14
4.3  0.004353394123931314  0.0901409460179406  8.520937210217894e-14
4.4  0.005333849761682484  0.09725955981012145  1.6868604225681343e-13
4.5  0.006469858224692524  0.10447021466999819  3.2363344198919226e-13
4.6  0.007774704674759346  0.11174783206549482  6.029874679083047e-13
4.7  0.009261402437920766  0.11906851251301032  1.0931134509470024e-12
4.8  0.010942565985513696  0.1264096749215582  1.9314207782905934e-12
4.9  0.01283029451626309  0.13375016153924812  3.3314569265117896e-12
5.0  0.014936067443041998  0.1410703121770451  5.6178813063013155e-12
5.1  0.017270652811465177  0.14835201125284977  9.274218441947488e-12
5.2  0.01984402910815205  0.15557871097330772  1.5006817812243682e-11
5.3  0.022665320717893365  0.16273543400084056  2.3828988243029545e-11
5.4  0.02574274686072117  0.16980875850837912  3.716980942815003e-11
5.5  0.029083583613244066  0.17678678848303028  5.701263144593253e-11
5.6  0.03269413849408026  0.18365911174541588  8.606873361555071e-11
5.7  0.03657973676681775  0.1904167480288618  1.279920054503654e-10
5.8  0.04074471865904148  0.1970520892092409  1.8764081479241465e-10
5.9  0.04519244651432899  0.2035588334458774  2.713934236586861e-10
6.0  0.049925320878853735  0.20993191490996682  3.875233861920784e-10
6.1  0.05494480445353214  0.21616743051136023  5.466413044627768e-10
6.2  0.06025145297417391  0.222262564838675  7.622091200396521e-10
6.3  0.06584495189784322  0.22821551436709417  1.0511327800862824e-9
6.4  0.07172415802372939  0.23402541184874595  1.4344386386124238e-9
6.5  0.07788714506312867  0.23969225159348181  1.9380383431711463e-9
6.6  0.08433125231434677  0.24521681632102382  2.5935862254809145e-9
6.7  0.09105313564662856  0.250600606025268  3.43943237540857e-9
6.8  0.09804882001756483  0.2558457692880895  4.521673648587991e-9
6.9  0.1053137529100885  0.2609550373669761  5.89530385796578e-9
7.0  0.11284285802639443  0.26593166122471373  7.625463349512817e-9
7.1  0.12063058876003424  0.2707793517485603  9.788787083707246e-9
7.2  0.12867098091765228  0.27550222317954853  1.2474849258709734e-8
7.3  0.1369577043574559  0.2801047398766472  1.5787701439357346e-8
7.4  0.14548411310334536  0.28459166637095024  1.9847500117989737e-8
7.5  0.1542432937429789  0.288968020707241  2.4792218646859985e-8
7.6  0.1632281117908725  0.2932390310358229  3.077943756366643e-8
7.7  0.17243125585870112  0.29741009534349927  3.798820649548191e-8
7.8  0.18184527948902046  0.30148674425163174  4.6620970083535555e-8
7.9  0.19146264051088568  0.30547460675920896  5.690554973086891e-8
8.0  0.20127573788352165  0.3093793788168345  6.909717244324795e-8
8.1  0.21127694594985613  0.3132067945984695  8.348053761480475e-8
8.2  0.2214586461010274  0.3169626003402909  1.0037191230529956e-7
8.3  0.2318132558653785  0.3206525306019765  1.2012124536504482e-7
8.4  0.24233325543422563  0.32428228682658244  1.43114290683866e-7
8.5  0.25301121169411367  0.3278575180528626  1.6977472986772336e-7
8.6  0.2638397998164612  0.3313838036498608  2.0056628477497453e-7
8.7  0.2748118224787436  0.33486663793427235  2.359948105667951e-7
8.8  0.2859202268174149  0.33831141656005304  2.766103602349652e-7
8.9  0.2971581192028249  0.3417234245399295  3.2300921195641945e-7
9.0  0.30851877793449084  0.3451078257958923  3.7583585107847045e-7
9.1  0.3199956639681234  0.3484696541048348  4.3578489905191887e-7
9.2  0.3315824297950102  0.3518138053617919  5.036029821919233e-7
9.3  0.34327292655709263  0.355145031026511  5.800905337488925e-7
9.4  0.3550612095640442  0.35846793269322447  6.661035234047142e-7
9.5  0.36694154226490205  0.3617869576435296  7.62555108964353e-7
9.6  0.37890839883870253  0.365106395360566  8.704172056808304e-7
9.7  0.3909564654854587  0.36843037485905467  9.90721969325125e-7
9.8  0.40308064053939424  0.3717628628024978  1.1245631897839861e-6
9.9  0.41527603350356956  0.3751076623257455  1.273097592632103e-6
10.0  0.4275379631159992  0.3784684124772775  1.437546046773477e-6
10.1  0.43986195454102583  0.3818485882510684  1.6191946768762995e-6
10.2  0.45224373577580124  0.3852515011291254  1.8193958799304446e-6
10.3  0.46467923337534267  0.388680300091991  2.0395692458335974e-6
10.4  0.4771645675706066  0.3921379730418384  2.2812023824574556e-6
10.5  0.4896960468632351  0.3956273486044883  2.545851646157178e-6
10.6  0.5022701621780691  0.39915109824933753  2.8351427791627955e-6
10.7  0.5148835806367379  0.4027117387102739  3.150771455729412e-6
10.8  0.52753313903062  0.40631163465918707  3.4945037393228067e-6
10.9  0.5402158370478192  0.4099530015906069  3.8681764534780515e-6
11.0  0.5529288303066858  0.41363790891570246  4.273697469290203e-6
11.1  0.5656694232693928  0.4173682832060291  4.713045912779878e-6
11.2  0.578435062059983  0.42114591157926146  5.188272295620875e-6
11.3  0.5912233272525356  0.42497244519792726  5.70149857292591e-6
11.4  0.6040319266546392  0.42884940286996015  6.2549181319575325e-6
11.5  0.6168586881334853  0.43277817470612234  6.850795715769409e-6
11.6  0.6297015525169151  0.43676002584525864  7.4914672858874135e-6
11.7  0.6425585665902601  0.44079610021827326  8.179339828212756e-6
11.8  0.6554278762294784  0.44488742432436973  8.916891106373428e-6
11.9  0.6683077196799492  0.4490349110344942  9.706669366765663e-6
12.0  0.6811964210091429  0.4532393633765996  1.0551292999517924e-5
12.1  0.6940923837536018  0.45750147831719157  1.1453450159575664e-5
12.2  0.7069940847615466  0.46182185052288516  1.2415898352051284e-5
12.3  0.7199000682610529  0.46620097607814986  1.344146398590669e-5
12.4  0.7328089401462087  0.4706392561720251  1.453304189994528e-5
12.5  0.7457193625065714  0.47513700073983395  1.5693594864980405e-5
12.6  0.7586300483909904  0.4796944320426644  1.692615306592402e-5
12.7  0.771539756817278  0.48431168819352516  1.8233813567405386e-5
12.8  0.7844472880325137  0.48898882662400966  1.9619739766383804e-5
12.9  0.7973514790155013  0.4937258274698185  2.1087160835064322e-5
13.0  0.8102511992339786  0.49852259689754863  2.2639371157264023e-5
13.1  0.82314534664289  0.5033789703534401  2.4279729761208896e-5
13.2  0.8360328439310365  0.5082947157300969  2.6011659751568185e-5
13.3  0.8489126350011632  0.513269536459391  2.7838647743359675e-5
13.4  0.8617836816974427  0.5183030745211201  2.9764243300179023e-5
13.5  0.8746449607472871  0.5233949133705836  3.179205837903106e-5
13.6  0.8874954609467381  0.5285445807839267  3.392576678385988e-5
13.7  0.9003341805473222  0.5337515516186907  3.61691036297003e-5
13.8  0.913160124868711  0.5390152504876696  3.852586481919501e-5
13.9  0.9259723041032255  0.5443350543567633  4.0999906533052284e-5
14.0  0.9387697313253035  0.5497102950487383  4.359514473584693e-5
14.1  0.9515514206903779  0.5551402616726966  4.631555469840323e-5
14.2  0.9643163858091675  0.5606242029649252  4.916517053783865e-5
14.3  0.9770636383012595  0.5661613295516895  5.214808477618863e-5
14.4  0.9897921865086394  0.5717508161299955  5.526844791838603e-5
14.5  1.0025010343696636  0.5773918035710937  5.8530468050216684e-5
14.6  1.0151891804390492  0.5830834009393924  6.193841045674469e-5
14.7  1.0278556170524813  0.5888246874438501  6.549659726155404e-5
14.8  1.0404993296177143  0.5946147143100837  6.920940708703882e-5
14.9  1.0531192960377582  0.600452506575042  7.308127473584647e-5
15.0  1.0657144862442807  0.6063370648202173  7.711669089346749e-5
15.1  1.078283861846252  0.6122673668231263  8.132020185185367e-5
15.2  1.0908263758777834  0.6182423691510104  8.569640925385437e-5
15.3  1.1033409726419665  0.6242610086816004  9.024996985815609e-5
15.4  1.1158265876430897  0.6303222040625316  9.498559532432482e-5
15.5  1.128282147601145  0.6364248571107748  9.990805201747765e-5
15.6  1.140706570540023  0.6425678541437624  0.00010502216083201764
15.7  1.1530987659484864  0.6487500672641109  0.00011033279703381391
15.8  1.1654576350007553  0.654970355576936  0.0001158448901201266
15.9  1.1777820708345776  0.6612275663594424  0.00012156342369654409
16.0  1.1900709588867835  0.6675205361772641  0.00012749343537011014
16.1  1.2023231772712213  0.6738480919465906  0.00013364001665780984
16.2  1.2145375971990684  0.6802090519528092  0.00014000831290951493
16.3  1.2267130834413538  0.6866022268202371  0.0001466035232444646
16.4  1.2388484948218044  0.6930264204363294  0.0001534309005003155
16.5  1.2509426847388512  0.6994804308340733  0.0001604957511937767
16.6  1.2629945017149677  0.7059630510337891  0.0001678034354918189
16.7  1.2750027899684158  0.7124730698464325  0.00017535936719242383
16.8  1.286966390003197  0.7190092726337014  0.0001831690137138191
16.9  1.2988841392123065  0.7255704420427089  0.00019123789609115822
17.0  1.3107548724993943  0.732155358694574  0.00019957158897955515
17.1  1.3225774229047587  0.7387628018509803  0.00020817572066241544
17.2  1.334350622241774  0.7453915500420987  0.0002170559730639896
17.3  1.3460733017395132  0.7520403816694239  0.00022621808176505657
17.4  1.3577442926861203  0.7587080755771133  0.00023566783602069292
17.5  1.3693624270737286  0.7653934116022004  0.00024541107877903767
17.6  1.380926538245989  0.7720951710922449  0.00025545370670001664
17.7  1.39243546153767  0.7788121374041534  0.0002658016701729673
17.8  1.4038880349176388  0.7855430963799916  0.00027646097333213355
17.9  1.4152830996197514  0.792286836798262  0.0002874376740690162
18.0  1.426619500772526  0.7990421508071169  0.0002987378840405731
18.1  1.4378960880195144  0.805807834340171  0.00031036776867228314
18.2  1.4491117161309708  0.8125826875089404  0.0003223335471551146
18.3  1.460265245608694  0.8193655149825917  0.00033464149243543926
18.4  1.4713555432772527  0.8261551263505615  0.00034729793119699564
18.5  1.4823814828677417  0.8329503364680992  0.00036030924383395624
18.6  1.4933419455891068  0.839749965790733  0.0003736818644142803
18.7  1.5042358206874888  0.8465528406910522  0.00038742228063244757
18.8  1.5150620059953834  0.8533577937674091  0.0004015370337507787
18.9  1.5258194084653054  0.8601636641354611  0.0004160327185285316
19.0  1.5365069446933093  0.8669692977131049  0.0004309159831379952
19.1  1.5471235414278692  0.8737735474911806  0.0004461935290668468
19.2  1.5576681360659754  0.8805752737975628  0.0004618721110060435
19.3  1.5681396771371916  0.8873733445477267  0.00047795853672257145
19.4  1.5785371247728208  0.8941666354906012  0.0004944596669163616
19.5  1.5888594511610854  0.9009540304428244  0.0005113824150607734
19.6  1.5991056409901105  0.9077344215153615  0.0005287337472260432
19.7  1.6092746918776004  0.914506709336287  0.0005465206818850589
19.8  1.6193656147857685  0.9212698032613545  0.0005647502897010144
19.9  1.6293774344223018  0.9280226215811717  0.00058342969329633
20.0  1.6393091896306362  0.9347640917203394  0.0006025660670024412
20.1  1.6491599337642768  0.9414931504324001  0.0006221666365899013
20.2  1.658928735048884  0.9482087439883243  0.0006422386789784483
20.3  1.6686146769316688  0.9549098283574516  0.0006627895219266096
20.4  1.678216858416483  0.9615953693855693  0.0006838265437004291
20.5  1.6877343943882204  0.9682643429694409  0.0007053571727210691
20.6  1.6971664159221573  0.9749157352210933  0.0007273888871908434
20.7  1.7065120705818022  0.9815485426336568  0.0007499292146975369
20.8  1.7157705227054418  0.9881617722392868  0.0007729857317966158
20.9  1.7249409536778524  0.9947544417625709  0.0007965660635712065
21.0  1.734022562192307  1.0013255797711766  0.0008206778831695732
21.1  1.7430145644994248  1.0078742258225912  0.0008453289113199354
21.2  1.7519161946439654  1.0143994306056758  0.0008705269158224943
21.3  1.760726704690918  1.020900256078404  0.0008962797110185003
21.4  1.7694453649391872  1.027375775602913  0.0009225951572363008
21.5  1.778071464124825  1.0338250740753256  0.0009494811602142964
21.6  1.786604309611603  1.0402472480534941  0.000976945670500715
21.7  1.7950432275721013  1.046641405879367  0.0010049966828302522
21.8  1.8033875631566458  1.0530066677977699  0.0010336422354774771
21.9  1.8116366806525415  1.0593421660741775  0.0010628904095871564
22.0  1.8197899636303276  1.0656470451046738  0.001092749328481432
22.1  1.8278468150836265  1.0719204615254845  0.0011232271569439776
22.2  1.8358066575540035  1.078161584317405  0.001154332100481252
22.3  1.8436689332483933  1.0843695949068337  0.0011860724045608718
22.4  1.8514331041452075  1.0905436872635161  0.0012184563538273664
22.5  1.8590986520913688  1.0966830679932755  0.0012514922712953784
22.6  1.8666650788879142  1.102786956428449  0.0012851885175205189
22.7  1.8741319063666448  1.108854584715006  0.0013195534897480928
22.8  1.8814986764580115  1.1148851978931322  0.0013545956210398906
22.9  1.8887649512467684  1.120878053976493  0.0013903233793792949
23.0  1.895930313020886  1.1268324240279606  0.0014267452667549383
23.1  1.9029943643092313  1.1327475922279497  0.0014638698182232689
23.2  1.9099567279111014  1.1386228559439315  0.0015017056009501417
23.3  1.916817046915574  1.1444575257917007  0.0015402612132319573
23.4  1.923574984712532  1.1502509256947047  0.0015795452834965096
23.5  1.9302302249943493  1.1560023929391197  0.00161956646928397
23.6  1.9367824717487236  1.1617112782245471  0.0016603334562082992
23.7  1.943231449242938  1.1673769457105112  0.001701854956899568
23.8  1.949576901999162  1.1729987730591724  0.0017441397099274083
23.9  1.955818594761252  1.1785761514748534  0.0017871964787061342
24.0  1.9619563124539154  1.1841084857370459  0.0018310340503819033
24.1  1.9679898601313834  1.1895951942305474  0.0018756612347022967
24.2  1.9739190629207002  1.1950357089729793  0.001921086862868824
24.3  1.9797437659545587  1.2004294756351814  0.0019673197863727325
24.4  1.9854638342975186  1.2057759535586257  0.0020143688758146217
24.5  1.9910791528638028  1.2110746157697256  0.0020622430197083557
24.6  1.9965896263270972  1.216324948987908  0.0021109511232696616
24.7  2.0019951790230115  1.2215264536310504  0.0021605021071900133
24.8  2.007295754844104  1.2266786438155668  0.002210904906396203
24.9  2.0124913171277097  1.2317810473525976  0.0022621684687961258
25.0  2.017581848535429  1.2368332057406681  0.0023143017540114153
25.1  2.022567350927019  1.241834674152528  0.0023673137320971405
25.2  2.0274478452256304  1.2467850214193923  0.0024212133822495434
25.3  2.0322233712779023  1.2516838300097077  0.002476009691501853
25.4  2.036893987705831  1.2565306960050195  0.0025317116534091006
25.5  2.041459771752753  1.2613252290701462  0.0025883282667222983
25.6  2.045920819123152  1.2660670524205244  0.002645868534052524
25.7  2.0502772438152226  1.2707558027843784  0.0027043414605255715
25.8  2.0545291779487953  1.275391130361758  0.0027637560524275766
25.9  2.0586767715853758  1.2799726987790119  0.002824121315842258
26.0  2.062720192543824  1.2845001850390532  0.002885446255280325
26.1  2.066659626210166  1.288973279468591  0.0029477398723016888
26.2  2.070495275340912  1.2933916856595074  0.0030110111641308253
26.3  2.074227359862633  1.297755120409235  0.003075269122266034
26.4  2.0778561166641576  1.3020633136543798  0.0031405227310831924
26.5  2.0813817993866186  1.3063160084026364  0.003206780966434389
26.6  2.08480467820554  1.3105129606599895  0.00327405279424209
26.7  2.088125039610806  1.314653939354658  0.003342347169089558
26.8  2.0913431861808762  1.3187387262570405  0.0034116730328076937
26.9  2.0944594363522615  1.3227671158966814  0.003482039313059389
27.0  2.097474124186255  1.3267389154756184  0.003553454921921427
27.1  2.1003875991307597  1.3306539447778623  0.003625928754464874
27.2  2.103200225777879  1.3345120360763087  0.00369946968733429
27.3  2.1059123836189015  1.338313034035524  0.0037740865773264473
27.4  2.1085244667958567  1.342056795612546  0.00384978825996902
27.5  2.1110368838479316  1.3457431899532832  0.003926583548099777
27.6  2.11345005745755  1.3493720982871669  0.0040044812304469305
27.7  2.115764424192084  1.3529434138175003  0.004083490070211046
27.8  2.11798043424195  1.3564570416103217  0.0041636188036490804
27.9  2.1200985511582533  1.3599128984794253  0.0042448761386611735
28.0  2.122119251586416  1.3633109128694678  0.004327270753380565
28.1  2.1240430249984183  1.3666510247362764  0.004410811294767174
28.2  2.1258703734227504  1.3699331854237495  0.00449550637720551
28.3  2.1276018111724415  1.3731573575401663  0.004581364581107234
28.4  2.129237864571823  1.3763235148301436  0.004668394451518869
28.5  2.130779071681259  1.3794316420461878  0.004756604496735353
28.6  2.1322259820211635  1.382481734816402  0.0048460031869196115
28.7  2.1335791562947315  1.3854737995117152  0.0049365989527289916
28.8  2.134839166108649  1.3884078531093977  0.005028400183948506
28.9  2.1360065936954085  1.3912839230568597  0.005121415228132046
29.0  2.1370820316318313  1.3941020471311385  0.0052156523892513094
29.1  2.1380660825604814  1.3968622732991671  0.005311119926353383
29.2  2.1389593589077864  1.3995646595743751  0.005407826052227215
29.3  2.13976248260404  1.4022092738729768  0.005505778932079313
29.4  2.140476084802329  1.404796193868557  0.005604986682219416
29.5  2.1411008055985996  1.4073255068449055  0.005705457368756158
29.6  2.1416372937506756  1.4097973095485323  0.0058071990063033666
29.7  2.1420862063992026  1.412211708038535  0.0059102195566973674
29.8  2.142448208788126  1.4145688175370457  0.0060145269277256126
29.9  2.1427239739866315  1.4168687622775846  0.006120128971866986
30.0  2.1429141826114146  1.419111675352566  0.006227033485044296
