rotational analysis ortho
#nmax= 3 NR= 11 Ntheta= 11 Nphi= 11
#jmax= 3 Nalpha= 11 Nphi= 11 Nchi= 11
23.566560161371335
1 23.79935855999999 0.2402165175038324
2 23.799358559999998 0.14711240658437377
3 23.799358559999998 0.21327538209740388
4 42.402163299999984 0.14711240658437377
5 42.402163299999984 0.21327538209740385
6 42.40216329999999 0.016917337375139913

23.566560161372358
1 23.79935855999999 0.6669017198437417
2 23.799358559999998 0.09615583335911289
3 23.799358559999998 0.05610667681684602
4 42.402163299999984 0.09615583335911287
5 42.402163299999984 0.056106676816846016

23.566560161372813
1 23.79935855999999 0.021515598963633833
2 23.799358559999998 0.24289041308283543
3 23.799358559999998 0.22417365434271946
4 42.402163299999984 0.24289041308283543
5 42.402163299999984 0.2241736543427194
6 42.40216329999999 0.022265698427786747

39.73908909935536
1 23.79935855999999 0.040323619174729985
2 23.799358559999998 0.1843715794834139
3 23.799358559999998 0.12152811521277246
4 42.402163299999984 0.18437157948341384
5 42.402163299999984 0.12152811521277243
6 42.40216329999999 0.33350738799036617

39.739089099357834
1 23.79935855999999 0.03998112800705548
2 23.799358559999998 0.2719875547411347
3 23.799358559999998 0.03188124715056246
4 42.402163299999984 0.2719875547411346
5 42.402163299999984 0.03188124715056246
6 42.40216329999999 0.33791166476702794

39.739089099359454
1 23.79935855999999 0.05187722613647627
2 23.799358559999998 0.03669074273933292
3 23.799358559999998 0.3377191485959045
4 42.402163299999984 0.03669074273933291
5 42.402163299999984 0.3377191485959044
6 42.40216329999999 0.18493338775052334

69.41401016106622
1 23.79935855999999 0.16229185038550703
2 23.799358559999998 0.09055139677107511
3 23.799358559999998 0.06558971050595283
4 42.402163299999984 0.0905513967710751
5 42.402163299999984 0.06558971050595282
7 79.51371233999998 0.038037046414967954
8 79.51371234 0.13786590497337542
9 79.51371234 0.06552737509564352
10 79.51371234 0.01628994936263037
11 79.51371234 0.014803109470406372
13 135.32212655999996 0.1378659049733754
14 135.32212655999996 0.01628994936263037
15 135.32212655999996 0.06552737509564352
16 135.32212655999996 0.014803109470406372

69.41401016106916
1 23.79935855999999 0.13777158941317938
2 23.799358559999998 0.08552521727982207
3 23.799358559999998 0.08218339542816727
4 42.402163299999984 0.08552521727982204
5 42.402163299999984 0.08218339542816726
7 79.51371233999998 0.186362785686212
8 79.51371234 0.028072316152769526
9 79.51371234 0.012312130915771909
11 79.51371234 0.11937640866547689
13 135.32212655999996 0.028072316152769526
15 135.32212655999996 0.012312130915771909
16 135.32212655999996 0.11937640866547689

69.41401016107054
1 23.79935855999999 0.16091181055993115
2 23.799358559999998 0.08573938325788305
3 23.799358559999998 0.07105276187699743
4 42.402163299999984 0.08573938325788305
5 42.402163299999984 0.07105276187699741
7 79.51371233999998 0.24702686098059978
8 79.51371234 0.010934952931262088
9 79.51371234 0.027196287553433906
11 79.51371234 0.08927703645514949
13 135.32212655999996 0.010934952931262088
15 135.32212655999996 0.027196287553433902
16 135.32212655999996 0.08927703645514949

69.41401016107113
1 23.79935855999999 0.07335013984831748
2 23.799358559999998 0.11743556517271758
3 23.799358559999998 0.08066405636476341
4 42.402163299999984 0.11743556517271758
5 42.402163299999984 0.0806640563647634
6 42.40216329999999 0.013055645991883774
7 79.51371233999998 0.015268638704443033
8 79.51371234 0.06961036718178393
9 79.51371234 0.1445698404989391
11 79.51371234 0.029111353838068503
13 135.32212655999996 0.06961036718178393
15 135.32212655999996 0.1445698404989391
16 135.32212655999996 0.0291113538380685

69.41401016107172
1 23.79935855999999 0.2226504600755623
2 23.799358559999998 0.011939532062416505
3 23.799358559999998 0.11572722307854004
4 42.402163299999984 0.011939532062416503
5 42.402163299999984 0.11572722307854001
8 79.51371234 0.014353899063319077
10 79.51371234 0.22986099085141196
13 135.32212655999996 0.014353899063319077
14 135.32212655999996 0.22986099085141193

86.21354070933286
1 23.79935855999999 0.31867256277482897
2 23.799358559999998 0.15933628138741418
3 23.799358559999998 0.15933628138741474
4 42.402163299999984 0.15933628138741418
5 42.402163299999984 0.1593362813874147

88.61803716481649
1 23.79935855999999 0.20305290120443042
2 23.799358559999998 0.15929950124146686
3 23.799358559999998 0.1784536121390914
4 42.402163299999984 0.15929950124146683
5 42.402163299999984 0.17845361213909136
6 42.40216329999999 0.09044978545574103

88.61803716481708
1 23.79935855999999 0.2170440774662272
2 23.799358559999998 0.20479628111481896
3 23.799358559999998 0.12905471102178478
4 42.402163299999984 0.20479628111481893
5 42.402163299999984 0.12905471102178476
6 42.40216329999999 0.0842628516818519

88.61803716481748
1 23.79935855999999 0.358082702896365
2 23.799358559999998 0.12261572748510625
3 23.799358559999998 0.17189977160851388
4 42.402163299999984 0.12261572748510624
5 42.402163299999984 0.17189977160851388
6 42.40216329999999 0.02189521233767959

93.77342231353762
1 23.79935855999999 0.05856430823442379
2 23.799358559999998 0.11321043823953093
3 23.799358559999998 0.20057809455960496
4 42.402163299999984 0.1132104382395309
5 42.402163299999984 0.2005780945596049
6 42.40216329999999 0.2040324528346812
9 79.51371234 0.01358437950843812
10 79.51371234 0.010254284912053031
11 79.51371234 0.013838396778320706
12 135.32212655999996 0.022296698099322835
14 135.32212655999996 0.010254284912053031
15 135.32212655999996 0.013584379508438119
16 135.32212655999996 0.013838396778320706

93.77342231353836
1 23.79935855999999 0.08141909573549272
2 23.799358559999998 0.145812467386942
3 23.799358559999998 0.21292582623077994
4 42.402163299999984 0.14581246738694198
5 42.402163299999984 0.21292582623077988
6 42.40216329999999 0.09127814369644069
11 79.51371234 0.03103054311675505
16 135.32212655999996 0.031030543116755054

93.77342231353887
1 23.79935855999999 0.0499915764537438
2 23.799358559999998 0.1681265440691985
3 23.799358559999998 0.12880152817717927
4 42.402163299999984 0.16812654406919844
5 42.402163299999984 0.12880152817717924
6 42.40216329999999 0.24632610572088362
8 79.51371234 0.012511214534275377
9 79.51371234 0.017885842345332498
10 79.51371234 0.011982535390496485
12 135.32212655999996 0.013009914614814882
13 135.32212655999996 0.012511214534275377
14 135.32212655999996 0.011982535390496483
15 135.32212655999996 0.017885842345332494

93.77342231353968
1 23.79935855999999 0.029322408918306828
2 23.799358559999998 0.19195106035643686
3 23.799358559999998 0.0643258294191509
4 42.402163299999984 0.19195106035643678
5 42.402163299999984 0.06432582941915088
6 42.40216329999999 0.34829763819790005
8 79.51371234 0.031236218791649013
13 135.32212655999996 0.031236218791649013

93.77342231354017
1 23.79935855999999 0.0298626689367181
2 23.799358559999998 0.13243345194318604
3 23.799358559999998 0.12490599676480121
4 42.402163299999984 0.13243345194318598
5 42.402163299999984 0.12490599676480119
6 42.40216329999999 0.34563226031468414
9 79.51371234 0.010286523012758175
10 79.51371234 0.016263609124191607
12 135.32212655999996 0.04136981384974006
14 135.32212655999996 0.016263609124191607
15 135.32212655999996 0.010286523012758174

95.88107126742922
1 23.79935855999999 0.14590650030552907
2 23.799358559999998 0.09928504094775037
3 23.799358559999998 0.06761839975396358
4 42.402163299999984 0.09928504094775036
5 42.402163299999984 0.06761839975396358
6 42.40216329999999 0.014840210805868944
7 79.51371233999998 0.1780878326274883
8 79.51371234 0.035675934893976795
9 79.51371234 0.10817785276017898
13 135.32212655999996 0.03567593489397679
15 135.32212655999996 0.10817785276017898

95.88107126743105
1 23.79935855999999 0.15991599087593775
2 23.799358559999998 0.0672502301341242
3 23.799358559999998 0.09332021694885669
4 42.402163299999984 0.0672502301341242
5 42.402163299999984 0.09332021694885667
6 42.40216329999999 0.013496707472927767
7 79.51371233999998 0.19776722553464998
8 79.51371234 0.029584607938845386
9 79.51371234 0.07467650970303905
10 79.51371234 0.014164021239853507
11 79.51371234 0.031009400119507896
13 135.32212655999996 0.029584607938845386
14 135.32212655999996 0.014164021239853507
15 135.32212655999996 0.07467650970303905
16 135.32212655999996 0.0310094001195079

95.88107126743155
1 23.79935855999999 0.1816372768524173
2 23.799358559999998 0.12735995821229132
3 23.799358559999998 0.02339137626353374
4 42.402163299999984 0.1273599582122913
5 42.402163299999984 0.023391376263533742
6 42.40216329999999 0.011413646710760271
7 79.51371233999998 0.05524710126380977
8 79.51371234 0.14432444094564492
9 79.51371234 0.042568187263140114
10 79.51371234 0.017293913706635192
11 79.51371234 0.016161149968133483
13 135.32212655999996 0.14432444094564492
14 135.32212655999996 0.017293913706635192
15 135.32212655999996 0.042568187263140114
16 135.32212655999996 0.016161149968133483

95.88107126743243
1 23.79935855999999 0.09757747585803589
2 23.799358559999998 0.08243157791189794
3 23.799358559999998 0.10631901004241373
4 42.402163299999984 0.08243157791189792
5 42.402163299999984 0.1063190100424137
6 42.40216329999999 0.019474940748166986
7 79.51371233999998 0.05516145345622755
8 79.51371234 0.03341350188777207
9 79.51371234 0.02349554055632846
10 79.51371234 0.038339136645967484
11 79.51371234 0.1253819335164364
13 135.32212655999996 0.03341350188777207
14 135.32212655999996 0.038339136645967484
15 135.32212655999996 0.02349554055632846
16 135.32212655999996 0.1253819335164364

95.88107126743364
1 23.79935855999999 0.1656869604520355
2 23.799358559999998 0.03694748518934609
3 23.799358559999998 0.12101419369355751
4 42.402163299999984 0.03694748518934609
5 42.402163299999984 0.1210141936935575
6 42.40216329999999 0.012943274296979865
10 79.51371234 0.17082130507224055
11 79.51371234 0.06630835004369424
14 135.32212655999996 0.17082130507224058
16 135.32212655999996 0.06630835004369427

100.70092700384079
1 23.79935855999999 0.04889250698921356
2 23.799358559999998 0.21289875166046038
3 23.799358559999998 0.09115130544396256
4 42.402163299999984 0.21289875166046035
5 42.402163299999984 0.09115130544396254
6 42.40216329999999 0.3221043840640944

100.7009270038446
1 23.79935855999999 0.06993600890813972
2 23.799358559999998 0.14021449109786682
3 23.799358559999998 0.1807983063375469
4 42.402163299999984 0.14021449109786682
5 42.402163299999984 0.18079830633754682
6 42.40216329999999 0.2671354014831941

100.70092700384467
1 23.79935855999999 0.13971277607108637
2 23.799358559999998 0.16724388210103958
3 23.799358559999998 0.21001455292268698
4 42.402163299999984 0.16724388210103958
5 42.402163299999984 0.21001455292268692
6 42.40216329999999 0.08486735914362246

106.0881764501752
2 23.799358559999998 0.1623797990129387
3 23.799358559999998 0.16237979901293864
4 42.402163299999984 0.16237979901293864
5 42.402163299999984 0.16237979901293859
6 42.40216329999999 0.32475959802587684

120.29873865403387
1 23.79935855999999 0.08765160895718287
2 23.799358559999998 0.05374353563648312
3 23.799358559999998 0.06366139503315364
4 42.402163299999984 0.05374353563648311
5 42.402163299999984 0.06366139503315364
7 79.51371233999998 0.11013691788318421
8 79.51371234 0.041678240005801004
9 79.51371234 0.06753141849996736
10 79.51371234 0.02417847823567082
11 79.51371234 0.05900051090255473
13 135.32212655999996 0.04167824000580101
14 135.32212655999996 0.02417847823567082
15 135.32212655999996 0.06753141849996737
16 135.32212655999996 0.05900051090255474
21 136.8900018506398 0.019239895690530237
22 136.8900018506398 0.02206716153192175
35 212.62635174936005 0.01350539772405041
36 212.6263517493601 0.015412174008365337
42 287.5374776509494 0.023578653051137183

120.2987386540344
1 23.79935855999999 0.11347559143195954
2 23.799358559999998 0.05895544164421891
3 23.799358559999998 0.04643580372053801
4 42.402163299999984 0.0589554416442189
5 42.402163299999984 0.046435803720538
7 79.51371233999998 0.10567158959589208
8 79.51371234 0.05452638140445281
9 79.51371234 0.050164867449697184
10 79.51371234 0.05420527595664859
11 79.51371234 0.03539073720487597
13 135.32212655999996 0.05452638140445281
14 135.32212655999996 0.0542052759566486
15 135.32212655999996 0.05016486744969719
16 135.32212655999996 0.03539073720487597
19 136.8900018506398 0.010580396671534662
22 136.8900018506398 0.024490754406235708
36 212.6263517493601 0.017066126092871184
38 287.5374776509494 0.010393440540499989
39 287.5374776509494 0.012976899706034604
41 287.5374776509494 0.011715342515874739

120.29873865403496
1 23.79935855999999 0.08135776804772701
2 23.799358559999998 0.047699018101303683
3 23.799358559999998 0.07263389720892967
4 42.402163299999984 0.04769901810130368
5 42.402163299999984 0.07263389720892967
7 79.51371233999998 0.07732494028424038
8 79.51371234 0.015381625219246442
9 79.51371234 0.06622404803063335
10 79.51371234 0.06228840618276769
11 79.51371234 0.06472895622613445
13 135.32212655999996 0.015381625219246443
14 135.32212655999996 0.06228840618276769
15 135.32212655999996 0.06622404803063335
16 135.32212655999996 0.06472895622613445
18 136.8900018506398 0.020805697279356453
22 136.8900018506398 0.013641202374248467
33 212.62635174936005 0.014603677618921283
41 287.5374776509494 0.02549818450485291

120.29873865403577
1 23.79935855999999 0.09486167005575305
2 23.799358559999998 0.03715052444251405
3 23.799358559999998 0.07690018287478843
4 42.402163299999984 0.03715052444251404
5 42.402163299999984 0.07690018287478842
7 79.51371233999998 0.07254658341944958
8 79.51371234 0.03182302116832364
9 79.51371234 0.05739151444484355
10 79.51371234 0.06987179581479235
11 79.51371234 0.05173296507025417
13 135.32212655999996 0.03182302116832364
14 135.32212655999996 0.06987179581479233
15 135.32212655999996 0.057391514444843555
16 135.32212655999996 0.05173296507025416
19 136.8900018506398 0.013614523529801163
21 136.8900018506398 0.014353400934424694
22 136.8900018506398 0.012493346372233392
35 212.62635174936005 0.010070809685175236
39 287.5374776509494 0.016689719653018128
42 287.5374776509494 0.01759363650757604

120.29873865403601
1 23.79935855999999 0.1059163201316309
2 23.799358559999998 0.072950847498696
3 23.799358559999998 0.03595707878950288
4 42.402163299999984 0.07295084749869599
5 42.402163299999984 0.03595707878950288
7 79.51371233999998 0.1002959802680963
8 79.51371234 0.06699445127160006
9 79.51371234 0.03422258011865411
10 79.51371234 0.03357536912120661
11 79.51371234 0.06223057356597722
13 135.32212655999996 0.06699445127160004
14 135.32212655999996 0.03357536912120661
15 135.32212655999996 0.03422258011865412
16 135.32212655999996 0.06223057356597721
19 136.8900018506398 0.01361114774995109
21 136.8900018506398 0.01261836815015046
22 136.8900018506398 0.019264751728382823
36 212.6263517493601 0.013420384097326226
39 287.5374776509494 0.01669034323562813
42 287.5374776509494 0.015467478455500045

120.29873865403616
1 23.79935855999999 0.12791907117183446
2 23.799358559999998 0.034842166592971686
3 23.799358559999998 0.06382976580478851
4 42.402163299999984 0.03484216659297169
5 42.402163299999984 0.06382976580478851
7 79.51371233999998 0.10332364887157801
8 79.51371234 0.03077441525462658
9 79.51371234 0.02611191004503688
10 79.51371234 0.10183920061674426
11 79.51371234 0.036549986880044
13 135.32212655999996 0.03077441525462658
14 135.32212655999996 0.10183920061674424
15 135.32212655999996 0.026111910045036876
16 135.32212655999996 0.036549986880044
20 136.8900018506398 0.02659715615071887
27 173.59570438905007 0.012562131469298575
34 212.62635174936005 0.018607304024298575
38 287.5374776509494 0.011945001420266778
39 287.5374776509494 0.012004829216115022
40 287.5374776509494 0.032642328705718905

120.2987386540363
1 23.79935855999999 0.13698185222248507
2 23.799358559999998 0.06855974105109115
3 23.799358559999998 0.025896056223595677
4 42.402163299999984 0.06855974105109115
5 42.402163299999984 0.02589605622359567
7 79.51371233999998 0.15417496127605096
8 79.51371234 0.10524007081474265
9 79.51371234 0.025447250523074696
11 79.51371234 0.031440226559206905
13 135.32212655999996 0.10524007081474265
15 135.32212655999996 0.025447250523074696
16 135.32212655999996 0.0314402265592069
22 136.8900018506398 0.017946152232940587
23 136.8900018506398 0.0245564768064219
30 173.59570438905018 0.011489115369743928
36 212.6263517493601 0.012515485205654549
37 212.6263517493601 0.017177727291570685
44 287.53747765094977 0.029677748353760327

131.22780529126237
1 23.79935855999999 0.08883966075378152
2 23.799358559999998 0.08592473864412833
3 23.799358559999998 0.09592167522872856
4 42.402163299999984 0.08592473864412832
5 42.402163299999984 0.09592167522872855
6 42.40216329999999 0.016045523830400334
7 79.51371233999998 0.0803261693236204
8 79.51371234 0.043848634173624126
9 79.51371234 0.06249230609588076
10 79.51371234 0.04775761472140115
11 79.51371234 0.06249230609587919
13 135.32212655999996 0.04384863417362412
14 135.32212655999996 0.04775761472140114
15 135.32212655999996 0.06249230609588076
16 135.32212655999996 0.062492306095879205

131.22780529126453
1 23.79935855999999 0.17620723935892912
2 23.799358559999998 0.11288420310258325
3 23.799358559999998 0.027593261998489216
4 42.402163299999984 0.11288420310258322
5 42.402163299999984 0.027593261998489216
6 42.40216329999999 0.011415842768819576
7 79.51371233999998 0.11625431679264117
8 79.51371234 0.07144919551864255
9 79.51371234 0.04455044349738315
10 79.51371234 0.038098915974877745
11 79.51371234 0.04455044349738302
13 135.32212655999996 0.07144919551864255
14 135.32212655999996 0.038098915974877745
15 135.32212655999996 0.04455044349738315
16 135.32212655999996 0.04455044349738302

131.22780529126584
1 23.79935855999999 0.164817008247601
2 23.799358559999998 0.035691380643284545
3 23.799358559999998 0.11017941107695634
4 42.402163299999984 0.03569138064328454
5 42.402163299999984 0.11017941107695632
6 42.40216329999999 0.012019420641814233
7 79.51371233999998 0.11157031490535534
8 79.51371234 0.039041428748064946
9 79.51371234 0.04688954874474754
10 79.51371234 0.06816757749809227
11 79.51371234 0.046889548744744644
13 135.32212655999996 0.039041428748064946
14 135.32212655999996 0.06816757749809227
15 135.32212655999996 0.04688954874474754
16 135.32212655999996 0.046889548744744644

134.0762609533512
2 23.799358559999998 0.02236311816317459
3 23.799358559999998 0.011418913922179539
4 42.402163299999984 0.022363118163174583
5 42.402163299999984 0.011418913922179539
6 42.40216329999999 0.03527357145611781
7 79.51371233999998 0.03368671808311926
8 79.51371234 0.044415764060987
9 79.51371234 0.010548597112658329
10 79.51371234 0.14340536384688518
11 79.51371234 0.15556825856355797
12 135.32212655999996 0.1388328867127902
13 135.32212655999996 0.044415764060987
14 135.32212655999996 0.14340536384688518
15 135.32212655999996 0.010548597112658329
16 135.32212655999996 0.15556825856355797

134.07626095335206
2 23.799358559999998 0.02164514893178154
3 23.799358559999998 0.01479853117353052
4 42.402163299999984 0.021645148931781533
5 42.402163299999984 0.014798531173530515
6 42.40216329999999 0.029806011211321284
7 79.51371233999998 0.15564621836693268
8 79.51371234 0.10592282702995995
9 79.51371234 0.15746501959114118
10 79.51371234 0.05534478945505803
11 79.51371234 0.039308874185706416
13 135.32212655999996 0.10592282702995995
14 135.32212655999996 0.055344789455058024
15 135.32212655999996 0.15746501959114118
16 135.32212655999996 0.0393088741857064

134.07626095335212
3 23.799358559999998 0.023523683820899713
5 42.402163299999984 0.02352368382089971
6 42.40216329999999 0.03623909505919929
7 79.51371233999998 0.01939143111598617
8 79.51371234 0.14359886503920055
9 79.51371234 0.028895409467075056
10 79.51371234 0.04822259094833426
11 79.51371234 0.13197987761339153
12 135.32212655999996 0.15561065471209043
13 135.32212655999996 0.14359886503920055
14 135.32212655999996 0.04822259094833426
15 135.32212655999996 0.02889540946707506
16 135.32212655999996 0.13197987761339156

134.07626095335368
2 23.799358559999998 0.015354430611663007
3 23.799358559999998 0.022338585720510108
4 42.402163299999984 0.015354430611663005
5 42.402163299999984 0.022338585720510104
6 42.40216329999999 0.02723962338124601
7 79.51371233999998 0.12286414363454613
8 79.51371234 0.05848766770549253
9 79.51371234 0.185562484458884
10 79.51371234 0.09887911406909888
11 79.51371234 0.023460603939463295
12 135.32212655999996 0.02475168798365716
13 135.32212655999996 0.05848766770549253
14 135.32212655999996 0.0988791140690989
15 135.32212655999996 0.18556248445888401
16 135.32212655999996 0.023460603939463292

134.07626095335382
2 23.799358559999998 0.016686232052586975
3 23.799358559999998 0.014897066783293082
4 42.402163299999984 0.016686232052586968
5 42.402163299999984 0.014897066783293077
6 42.40216329999999 0.039790211678109665
7 79.51371233999998 0.21474748805955
8 79.51371234 0.0893885254724133
9 79.51371234 0.062490119367372934
10 79.51371234 0.09356377480113888
11 79.51371234 0.08500261690670098
13 135.32212655999996 0.0893885254724133
14 135.32212655999996 0.09356377480113888
15 135.32212655999996 0.06249011936737293
16 135.32212655999996 0.08500261690670098

141.65420826505584
1 23.79935855999999 0.08455684967253163
2 23.799358559999998 0.05032799357805216
3 23.799358559999998 0.04437810851074835
4 42.402163299999984 0.05032799357805216
5 42.402163299999984 0.04437810851074835
17 136.8900018506398 0.04292242881334268
18 136.8900018506398 0.033426965368833134
19 136.8900018506398 0.022915697751437165
20 136.8900018506398 0.016928275145178653
21 136.8900018506398 0.02111555387476854
22 136.8900018506398 0.07525086352464168
23 136.8900018506398 0.014667683741004542
24 173.59570438905007 0.03291610382075583
25 173.59570438905007 0.026003128918601768
26 173.59570438905007 0.01793554818683055
27 173.59570438905007 0.013513346746459038
28 173.59570438905007 0.016492113682272668
30 173.59570438905018 0.011753472661204592
31 212.62635174936005 0.037226032915620426
32 212.62635174936005 0.02008060059330116
33 212.62635174936005 0.02920072731122574
34 212.62635174936005 0.014984226342457057
35 212.62635174936005 0.018483524057087322
36 212.6263517493601 0.06482885243495723
37 212.6263517493601 0.013066505909218115
38 287.5374776509494 0.04723235790820723
39 287.5374776509494 0.025060750157907777
40 287.5374776509494 0.018399154741176642
41 287.5374776509494 0.03662456376145708
42 287.5374776509494 0.023106964249583164
44 287.53747765094977 0.01563900610158459

141.6542082650564
1 23.79935855999999 0.09081078377430248
2 23.799358559999998 0.04986368825959704
3 23.799358559999998 0.042012765140495414
4 42.402163299999984 0.04986368825959705
5 42.402163299999984 0.04201276514049541
17 136.8900018506398 0.03829982824768068
18 136.8900018506398 0.020759257572338576
19 136.8900018506398 0.011213882893156408
20 136.8900018506398 0.02006501392822402
21 136.8900018506398 0.026911978659163942
23 136.8900018506398 0.0707468044297523
24 173.59570438905007 0.030204151383151957
25 173.59570438905007 0.016173152887378868
27 173.59570438905007 0.01541997321523133
28 173.59570438905007 0.020926354746474425
30 173.59570438905018 0.05343976689509955
31 212.62635174936005 0.03369112520090266
33 212.62635174936005 0.018148482094499988
34 212.62635174936005 0.017420687376583248
35 212.62635174936005 0.0235044855458768
37 212.6263517493601 0.061166047481353736
38 287.5374776509494 0.041786802065431394
39 287.5374776509494 0.01230610847896674
40 287.5374776509494 0.022065728089575968
41 287.5374776509494 0.022734586779459713
42 287.5374776509494 0.029490109458566314
44 287.53747765094977 0.07680792466952735

141.65420826505675
1 23.79935855999999 0.09766709112305355
2 23.799358559999998 0.053692976932296875
3 23.799358559999998 0.035081278589934276
4 42.402163299999984 0.05369297693229687
5 42.402163299999984 0.03508127858993427
17 136.8900018506398 0.05954126070904764
21 136.8900018506398 0.040207926305863
22 136.8900018506398 0.13628696675154095
24 173.59570438905007 0.04573739284061738
28 173.59570438905007 0.03123548633102246
31 212.62635174936005 0.05168300142237844
35 212.62635174936005 0.03510009997570627
36 212.6263517493601 0.11740291473903021
38 287.5374776509494 0.06548686929080878
42 287.5374776509494 0.04407253995054679

141.6542082650568
1 23.79935855999999 0.08903633478545332
2 23.799358559999998 0.029413853124141187
3 23.799358559999998 0.06326546566799794
4 42.402163299999984 0.029413853124141177
5 42.402163299999984 0.06326546566799793
17 136.8900018506398 0.03217975586350381
18 136.8900018506398 0.02490137314896283
19 136.8900018506398 0.017672903705957862
20 136.8900018506398 0.02331938724624394
21 136.8900018506398 0.03193018682212561
22 136.8900018506398 0.11335640222245437
24 173.59570438905007 0.024704410141228823
25 173.59570438905007 0.019373020359331625
26 173.59570438905007 0.013909736781193933
27 173.59570438905007 0.01827230623325049
28 173.59570438905007 0.024803035753666974
31 212.62635174936005 0.027924194632185633
32 212.62635174936005 0.015530609841971792
33 212.62635174936005 0.021754195121530484
34 212.62635174936005 0.020446187385237305
35 212.62635174936005 0.027872845676510983
36 212.6263517493601 0.09764933907059843
38 287.5374776509494 0.035399540354460655
39 287.5374776509494 0.019293776766735722
40 287.5374776509494 0.025493268398230753
41 287.5374776509494 0.02728254791116172
42 287.5374776509494 0.03499999674496966

141.6542082650573
1 23.79935855999999 0.07582754297960001
2 23.799358559999998 0.04999197901582376
3 23.799358559999998 0.04866377633683221
4 42.402163299999984 0.049991979015823744
5 42.402163299999984 0.04866377633683219
19 136.8900018506398 0.07062591991832526
20 136.8900018506398 0.018485015223456018
21 136.8900018506398 0.052038498550005446
23 136.8900018506398 0.03491891191252075
26 173.59570438905007 0.05439969397839033
27 173.59570438905007 0.014426325308070101
28 173.59570438905007 0.04040091584551456
30 173.59570438905018 0.026573780985330923
32 212.62635174936005 0.061388661789268224
34 212.62635174936005 0.01617448617295454
35 212.62635174936005 0.04541346104359054
37 212.6263517493601 0.030301903573662328
39 287.5374776509494 0.0776148877292031
40 287.5374776509494 0.020233176088340465
42 287.5374776509494 0.057051043748081405
44 287.53747765094977 0.037828364942884996

141.65420826505795
1 23.79935855999999 0.04798211026303332
2 23.799358559999998 0.0646222718342866
3 23.799358559999998 0.04663239979902822
4 42.402163299999984 0.0646222718342866
5 42.402163299999984 0.04663239979902822
6 42.40216329999999 0.010325701921452948
17 136.8900018506398 0.016645432564434175
18 136.8900018506398 0.08825203282962767
19 136.8900018506398 0.05668334703317919
23 136.8900018506398 0.017193118630218985
24 173.59570438905007 0.012781794393519933
25 173.59570438905007 0.06837730110498723
26 173.59570438905007 0.04390369540098258
30 173.59570438905018 0.013259707098941621
31 212.62635174936005 0.014445942477575724
32 212.62635174936005 0.049408153074768306
33 212.62635174936005 0.07693775507546259
37 212.6263517493601 0.015022020813561392
38 287.5374776509494 0.01830958064848996
39 287.5374776509494 0.06218780470696485
41 287.5374776509494 0.09681248680010285
44 287.53747765094977 0.01854852500402724

141.6542082650597
1 23.79935855999999 0.11281703322167232
2 23.799358559999998 0.027628309482288844
3 23.799358559999998 0.05429121858427209
4 42.402163299999984 0.027628309482288844
5 42.402163299999984 0.054291218584272084
18 136.8900018506398 0.013088817108605376
20 136.8900018506398 0.095974473540873
21 136.8900018506398 0.018216211453314653
22 136.8900018506398 0.016795594526609458
23 136.8900018506398 0.037045788038661764
25 173.59570438905007 0.01015675111110009
27 173.59570438905007 0.0728769447253711
28 173.59570438905007 0.014117850596622758
30 173.59570438905018 0.02809889351995345
33 212.62635174936005 0.011419651982306397
34 212.62635174936005 0.08282552340287316
35 212.62635174936005 0.015883098548352986
36 212.6263517493601 0.014471375318686837
37 212.6263517493601 0.03207974012466373
40 287.5374776509494 0.10592305221837507
41 287.5374776509494 0.01435171797981168
42 287.5374776509494 0.01998145940504489
44 287.53747765094977 0.04019357587476261

141.95635788768053
1 23.79935855999999 0.09133860133816984
2 23.799358559999998 0.0915466265273425
3 23.799358559999998 0.09020244581025263
4 42.402163299999984 0.09154662652734248
5 42.402163299999984 0.09020244581025263
6 42.40216329999999 0.024084589969635122
7 79.51371233999998 0.04988340622187167
8 79.51371234 0.09413691784822266
9 79.51371234 0.028434362727337795
10 79.51371234 0.081350601279517
11 79.51371234 0.01837665126458376
12 135.32212655999996 0.019866880244941966
13 135.32212655999996 0.09413691784822267
14 135.32212655999996 0.08135060127951703
15 135.32212655999996 0.028434362727337795
16 135.32212655999996 0.018376651264583762

141.95635788768132
1 23.79935855999999 0.20895058286957657
2 23.799358559999998 0.07675597673871067
3 23.799358559999998 0.05196890038851309
4 42.402163299999984 0.07675597673871065
5 42.402163299999984 0.05196890038851307
6 42.40216329999999 0.012520998858963937
7 79.51371233999998 0.01291297186036322
8 79.51371234 0.019988630765183337
9 79.51371234 0.043615723918308466
10 79.51371234 0.03757758912749741
11 79.51371234 0.1235824878578181
12 135.32212655999996 0.05190551750816537
13 135.32212655999996 0.019988630765183334
14 135.32212655999996 0.03757758912749742
15 135.32212655999996 0.04361572391830847
16 135.32212655999996 0.1235824878578181

141.95635788768217
1 23.79935855999999 0.16568242525030275
2 23.799358559999998 0.06507822594185012
3 23.799358559999998 0.08315367084548274
4 42.402163299999984 0.06507822594185012
5 42.402163299999984 0.08315367084548274
6 42.40216329999999 0.016775117158025096
8 79.51371234 0.021803413029928727
9 79.51371234 0.12878875933520575
10 79.51371234 0.022198633158387906
12 135.32212655999996 0.1470997596548599
13 135.32212655999996 0.021803413029928734
14 135.32212655999996 0.02219863315838791
15 135.32212655999996 0.12878875933520575

141.9563578876835
1 23.79935855999999 0.12842623379010287
2 23.799358559999998 0.07618132350087839
3 23.799358559999998 0.0888471576400018
4 42.402163299999984 0.07618132350087838
5 42.402163299999984 0.08884715764000178
6 42.40216329999999 0.020438139911121745
7 79.51371233999998 0.013793250691964649
8 79.51371234 0.059912661835839535
9 79.51371234 0.04463046290602819
10 79.51371234 0.013863082325737772
11 79.51371234 0.05627496782080843
12 135.32212655999996 0.15119175223734543
13 135.32212655999996 0.059912661835839535
14 135.32212655999996 0.013863082325737769
15 135.32212655999996 0.04463046290602819
16 135.32212655999996 0.05627496782080843

141.956357887684
1 23.79935855999999 0.10400534277420871
2 23.799358559999998 0.08969683785387059
3 23.799358559999998 0.08634155975621387
4 42.402163299999984 0.08969683785387059
5 42.402163299999984 0.08634155975621384
6 42.40216329999999 0.022839197988613558
7 79.51371233999998 0.04629324986710117
8 79.51371234 0.05959070951199725
10 79.51371234 0.10423083567801322
11 79.51371234 0.05004320614079265
12 135.32212655999996 0.02137476369408534
13 135.32212655999996 0.05959070951199725
14 135.32212655999996 0.10423083567801322
16 135.32212655999996 0.050043206140792655

150.11331225590118
1 23.79935855999999 0.051027990366216636
2 23.799358559999998 0.18870915924649956
3 23.799358559999998 0.09616962411609624
4 42.402163299999984 0.1887091592464995
5 42.402163299999984 0.09616962411609623
6 42.40216329999999 0.1908058835983112
8 79.51371234 0.018325956732807586
9 79.51371234 0.017249780590243877
10 79.51371234 0.013323018762188206
11 79.51371234 0.02436798140405952
12 135.32212655999996 0.021835254081845747
13 135.32212655999996 0.018325956732807586
14 135.32212655999996 0.013323018762188207
15 135.32212655999996 0.017249780590243877
16 135.32212655999996 0.024367981404059515

150.1133122559018
1 23.79935855999999 0.06865512907487639
2 23.799358559999998 0.14988307903122747
3 23.799358559999998 0.16416440761963125
4 42.402163299999984 0.14988307903122747
5 42.402163299999984 0.1641644076196312
6 42.40216329999999 0.1148413383131255
8 79.51371234 0.010629676264217404
9 79.51371234 0.031021382785877093
10 79.51371234 0.013685574545645481
11 79.51371234 0.024696733212904252
13 135.32212655999996 0.010629676264217406
14 135.32212655999996 0.01368557454564548
15 135.32212655999996 0.03102138278587709
16 135.32212655999996 0.02469673321290425

150.1133122559024
1 23.79935855999999 0.048376876773913065
2 23.799358559999998 0.16415836789732896
3 23.799358559999998 0.1163334558437733
4 42.402163299999984 0.16415836789732893
5 42.402163299999984 0.11633345584377329
6 42.40216329999999 0.20223091643360294
7 79.51371233999998 0.010417826579916082
8 79.51371234 0.024156570819830032
9 79.51371234 0.018967233539230476
10 79.51371234 0.015942869831231245
11 79.51371234 0.01869297258758401
13 135.32212655999996 0.02415657081983003
14 135.32212655999996 0.015942869831231245
15 135.32212655999996 0.01896723353923047
16 135.32212655999996 0.01869297258758401

150.11331225590294
1 23.79935855999999 0.02869656959273697
2 23.799358559999998 0.10795902296679546
3 23.799358559999998 0.13996659418358398
4 42.402163299999984 0.10795902296679542
5 42.402163299999984 0.13996659418358395
6 42.40216329999999 0.28704363679622713
8 79.51371234 0.02476065697279241
9 79.51371234 0.020037504170421133
10 79.51371234 0.012140147384587442
12 135.32212655999996 0.04647709649279109
13 135.32212655999996 0.024760656972792408
14 135.32212655999996 0.012140147384587442
15 135.32212655999996 0.020037504170421133

150.11331225590325
1 23.79935855999999 0.02251607576807072
2 23.799358559999998 0.06785226957879201
3 23.799358559999998 0.16984610686472934
4 42.402163299999984 0.06785226957879202
5 42.402163299999984 0.16984610686472934
6 42.40216329999999 0.3136786120346073
8 79.51371234 0.010682608744952169
10 79.51371234 0.03494890492516257
11 79.51371234 0.011252239262728149
12 135.32212655999996 0.037756575799348054
13 135.32212655999996 0.01068260874495217
14 135.32212655999996 0.03494890492516256
16 135.32212655999996 0.011252239262728149

150.11331225590354
1 23.79935855999999 0.027539981153277975
2 23.799358559999998 0.07479346787309316
3 23.799358559999998 0.17121827172887574
4 42.402163299999984 0.07479346787309314
5 42.402163299999984 0.17121827172887574
6 42.40216329999999 0.29202798033250604
8 79.51371234 0.014139742812197528
9 79.51371234 0.010074671367455643
10 79.51371234 0.023636318573083858
11 79.51371234 0.01366575103442389
12 135.32212655999996 0.046465097381314414
13 135.32212655999996 0.014139742812197532
14 135.32212655999996 0.023636318573083855
15 135.32212655999996 0.010074671367455643
16 135.32212655999996 0.013665751034423891

150.1133122559057
1 23.79935855999999 0.04960853179994989
2 23.799358559999998 0.18943002545729776
3 23.799358559999998 0.09309989309895313
4 42.402163299999984 0.18943002545729778
5 42.402163299999984 0.09309989309895311
6 42.40216329999999 0.1969230717772715
8 79.51371234 0.018334789610002865
9 79.51371234 0.017547893057631277
11 79.51371234 0.02419578740190353
12 135.32212655999996 0.03362797209483399
13 135.32212655999996 0.018334789610002865
15 135.32212655999996 0.017547893057631277
16 135.32212655999996 0.024195787401903524

152.03985134635064
1 23.79935855999999 0.2909183054209003
2 23.799358559999998 0.16134021244506166
3 23.799358559999998 0.14642435258169648
4 42.402163299999984 0.16134021244506164
5 42.402163299999984 0.14642435258169645
6 42.40216329999999 0.022974271212380326
7 79.51371233999998 0.01775276237298896

152.03985134635317
1 23.79935855999999 0.24080840904706274
2 23.799358559999998 0.120336261962571
3 23.799358559999998 0.19092574382536195
4 42.402163299999984 0.12033626196257097
5 42.402163299999984 0.1909257438253619
6 42.40216329999999 0.06608928606387392
7 79.51371233999998 0.010897875961065541

152.03985134635522
1 23.79935855999999 0.25352120200691775
2 23.799358559999998 0.1830484936606392
3 23.799358559999998 0.12732621753074197
4 42.402163299999984 0.18304849366063913
5 42.402163299999984 0.12732621753074194
6 42.40216329999999 0.05515108229711658
7 79.51371233999998 0.012636948639803252

157.24735616755177
1 23.79935855999999 0.02419180612263964
2 23.799358559999998 0.10281706520670517
3 23.799358559999998 0.07820279974032582
4 42.402163299999984 0.10281706520670517
5 42.402163299999984 0.07820279974032579
6 42.40216329999999 0.5021723185186037
8 79.51371234 0.01410292900835239
10 79.51371234 0.013099999442869215
12 135.32212655999996 0.03199625557827535
13 135.32212655999996 0.014102929008352392
14 135.32212655999996 0.013099999442869213

157.24735616755206
1 23.79935855999999 0.06600327039499965
2 23.799358559999998 0.022442810707440947
3 23.799358559999998 0.33591386836057396
4 42.402163299999984 0.022442810707440947
5 42.402163299999984 0.33591386836057396
6 42.40216329999999 0.10568722600427695
9 79.51371234 0.013814854038807414
10 79.51371234 0.015931579996343804
11 79.51371234 0.01381485403880711
12 135.32212655999996 0.014954450957070774
14 135.32212655999996 0.015931579996343807
15 135.32212655999996 0.013814854038807415
16 135.32212655999996 0.01381485403880711

157.24735616755314
1 23.79935855999999 0.06356012075597854
2 23.799358559999998 0.31539414599298765
3 23.799358559999998 0.03260029436980299
4 42.402163299999984 0.31539414599298754
5 42.402163299999984 0.03260029436980298
6 42.40216329999999 0.12885485305374714
8 79.51371234 0.015543609891355116
9 79.51371234 0.013340824918767136
11 79.51371234 0.013340824918768627
12 135.32212655999996 0.015950246716276824
13 135.32212655999996 0.015543609891355115
15 135.32212655999996 0.013340824918767136
16 135.32212655999996 0.013340824918768625

160.0178492577632
1 23.79935855999999 0.073816413456137
2 23.799358559999998 0.1797165153060433
3 23.799358559999998 0.12367110399832432
4 42.402163299999984 0.1797165153060433
5 42.402163299999984 0.12367110399832432
6 42.40216329999999 0.2213780444862556
9 79.51371234 0.01233486364509042
12 135.32212655999996 0.022611989427862723
15 135.32212655999996 0.01233486364509042

160.01784925776332
1 23.79935855999999 0.09478119347025855
2 23.799358559999998 0.09318947821412099
3 23.799358559999998 0.2512844008532044
4 42.402163299999984 0.09318947821412099
5 42.402163299999984 0.2512844008532044
6 42.40216329999999 0.1182407449462236
10 79.51371234 0.01139326373747026
12 135.32212655999996 0.03284457845268698
14 135.32212655999996 0.01139326373747026

160.01784925776536
1 23.79935855999999 0.0626531785829461
2 23.799358559999998 0.11716509490118175
3 23.799358559999998 0.16434509151403565
4 42.402163299999984 0.11716509490118175
5 42.402163299999984 0.16434509151403565
6 42.40216329999999 0.27629614513775147
8 79.51371234 0.014514098828010021
9 79.51371234 0.015424176952046984
13 135.32212655999996 0.01451409882801002
15 135.32212655999996 0.015424176952046982

160.0178492577658
1 23.79935855999999 0.07950594776518088
2 23.799358559999998 0.19425694029864288
3 23.799358559999998 0.12028088828024157
4 42.402163299999984 0.19425694029864288
5 42.402163299999984 0.12028088828024154
6 42.40216329999999 0.19338809162818346
8 79.51371234 0.011167916692270883
10 79.51371234 0.013984280282787056
13 135.32212655999996 0.011167916692270881
14 135.32212655999996 0.013984280282787058

160.017849257766
1 23.79935855999999 0.054214307143357746
2 23.799358559999998 0.132694846229902
3 23.799358559999998 0.13227704768524737
4 42.402163299999984 0.13269484622990196
5 42.402163299999984 0.13227704768524734
6 42.40216329999999 0.3178116015774748
8 79.51371234 0.011370961957881249
11 79.51371234 0.019151046894262377
13 135.32212655999996 0.011370961957881249
16 135.32212655999996 0.019151046894262374

160.20219209825163
1 23.79935855999999 0.40570685208123264
2 23.799358559999998 0.03786459849713346
3 23.799358559999998 0.030939375552282787
4 42.402163299999984 0.03786459849713346
5 42.402163299999984 0.03093937555228278
7 79.51371233999998 0.15510353324175669
8 79.51371234 0.06152428177652454
10 79.51371234 0.059743027122237835
13 135.32212655999996 0.061524281776524525
14 135.32212655999996 0.05974302712223784

160.2021920982533
1 23.79935855999999 0.017982054217665935
2 23.799358559999998 0.011037206882626454
3 23.799358559999998 0.2359857248626434
4 42.402163299999984 0.011037206882626454
5 42.402163299999984 0.23598572486264335
6 42.40216329999999 0.036595977701932444
7 79.51371233999998 0.04813732054370019
9 79.51371234 0.06275209932649907
10 79.51371234 0.06302411735031205
11 79.51371234 0.06275209932649942
14 135.32212655999996 0.06302411735031206
15 135.32212655999996 0.06275209932649907
16 135.32212655999996 0.0627520993264994

160.20219209825424
1 23.79935855999999 0.048785620541422964
2 23.799358559999998 0.22626071447008791
4 42.402163299999984 0.22626071447008783
6 42.40216329999999 0.034110329209493695
7 79.51371233999998 0.056635463673596044
8 79.51371234 0.06445212356411664
9 79.51371234 0.058535159076558235
11 79.51371234 0.058535159076571905
13 135.32212655999996 0.06445212356411666
15 135.32212655999996 0.05853515907655824
16 135.32212655999996 0.058535159076571905

161.9077820030079
1 23.79935855999999 0.20160711448900517
2 23.799358559999998 0.06899227269385533
3 23.799358559999998 0.06517014853419456
4 42.402163299999984 0.06899227269385531
5 42.402163299999984 0.06517014853419456
6 42.40216329999999 0.012291814940205235
8 79.51371234 0.029931344092549373
9 79.51371234 0.15717101077971896
10 79.51371234 0.026568159339706878
11 79.51371234 0.031901987733140895
13 135.32212655999996 0.029931344092549373
14 135.32212655999996 0.026568159339706878
15 135.32212655999996 0.15717101077971896
16 135.32212655999996 0.031901987733140895

161.9077820030083
1 23.79935855999999 0.050996828092099114
2 23.799358559999998 0.10352149194681834
3 23.799358559999998 0.073182214363116
4 42.402163299999984 0.10352149194681831
5 42.402163299999984 0.07318221436311599
6 42.40216329999999 0.07781953117333837
7 79.51371233999998 0.11905072335016968
8 79.51371234 0.07819825389347279
9 79.51371234 0.026025151800644616
10 79.51371234 0.054073118238283674
11 79.51371234 0.022421315628809856
12 135.32212655999996 0.028204502755509297
13 135.32212655999996 0.07819825389347278
14 135.32212655999996 0.05407311823828368
15 135.32212655999996 0.026025151800644616
16 135.32212655999996 0.02242131562880986

161.90778200300846
1 23.79935855999999 0.11124913884862003
2 23.799358559999998 0.11262316359345363
3 23.799358559999998 0.047061713590951605
4 42.402163299999984 0.1126231635934536
5 42.402163299999984 0.0470617135909516
6 42.40216329999999 0.051604878667880424
7 79.51371233999998 0.0636116732819088
8 79.51371234 0.03242331531425523
9 79.51371234 0.01895710224556339
10 79.51371234 0.06829785774742773
11 79.51371234 0.08605696252306766
12 135.32212655999996 0.03360875628556018
13 135.32212655999996 0.03242331531425523
14 135.32212655999996 0.06829785774742775
15 135.32212655999996 0.01895710224556339
16 135.32212655999996 0.08605696252306766

161.90778200300994
1 23.79935855999999 0.14930269627818718
2 23.799358559999998 0.039588769764691216
3 23.799358559999998 0.10934752394829356
4 42.402163299999984 0.03958876976469121
5 42.402163299999984 0.10934752394829353
6 42.40216329999999 0.03504848818114342
7 79.51371233999998 0.033666113736560276
8 79.51371234 0.06151952015455057
9 79.51371234 0.03695089991317543
10 79.51371234 0.01982463250508898
11 79.51371234 0.10365228206464365
12 135.32212655999996 0.031130122216630213
13 135.32212655999996 0.061519520154550554
14 135.32212655999996 0.019824632505088976
15 135.32212655999996 0.03695089991317543
16 135.32212655999996 0.10365228206464365

161.9077820030105
1 23.79935855999999 0.030846814494148913
2 23.799358559999998 0.0760174104808063
3 23.799358559999998 0.1063778557708937
4 42.402163299999984 0.0760174104808063
5 42.402163299999984 0.10637785577089369
6 42.40216329999999 0.08658642488775704
7 79.51371233999998 0.06100450635801386
8 79.51371234 0.04784221589878651
9 79.51371234 0.015147549368550088
10 79.51371234 0.08668202987425909
11 79.51371234 0.01645576601483993
12 135.32212655999996 0.11543127655721823
13 135.32212655999996 0.04784221589878651
14 135.32212655999996 0.0866820298742591
15 135.32212655999996 0.015147549368550086
16 135.32212655999996 0.01645576601483993

164.1924994870028
1 23.79935855999999 0.14120423205144317
2 23.799358559999998 0.07290034832027871
3 23.799358559999998 0.036765460414823724
4 42.402163299999984 0.0729003483202787
5 42.402163299999984 0.036765460414823724
7 79.51371233999998 0.11889743385277297
8 79.51371234 0.07997428230105297
9 79.51371234 0.05109334953559335
10 79.51371234 0.042564220700669037
13 135.32212655999996 0.07997428230105298
14 135.32212655999996 0.042564220700669037
15 135.32212655999996 0.051093349535593344
17 136.8900018506398 0.01036520545888821
24 173.59570438905007 0.01576089504967008
30 173.59570438905018 0.013562459801878908
31 212.62635174936005 0.013436861044038897
37 212.6263517493601 0.011767529346600398

164.19249948700295
1 23.79935855999999 0.1037135553512037
2 23.799358559999998 0.0578741894670856
3 23.799358559999998 0.06780618182652214
4 42.402163299999984 0.05787418946708558
5 42.402163299999984 0.06780618182652214
6 42.40216329999999 0.01376521958119812
7 79.51371233999998 0.09506320989121854
8 79.51371234 0.042983405495727704
9 79.51371234 0.0470957244389272
10 79.51371234 0.043000135596724415
11 79.51371234 0.05721069396208766
13 135.32212655999996 0.04298340549572771
14 135.32212655999996 0.043000135596724415
15 135.32212655999996 0.0470957244389272
16 135.32212655999996 0.057210693962087646
28 173.59570438905007 0.01172623815265131
30 173.59570438905018 0.013441666751350237
35 212.62635174936005 0.010046444630807156
37 212.6263517493601 0.011628411887963631

164.19249948700318
1 23.79935855999999 0.0691165374461468
2 23.799358559999998 0.05920655783190167
3 23.799358559999998 0.08125231724834975
4 42.402163299999984 0.059206557831901666
5 42.402163299999984 0.08125231724834972
6 42.40216329999999 0.018805229912969477
7 79.51371233999998 0.06982388214867595
8 79.51371234 0.024541904917899704
9 79.51371234 0.06741677738697109
10 79.51371234 0.029847101529870572
11 79.51371234 0.08123450455170932
13 135.32212655999996 0.0245419049178997
14 135.32212655999996 0.029847101529870575
15 135.32212655999996 0.0674167773869711
16 135.32212655999996 0.08123450455170932
18 136.8900018506398 0.012788243588482611
25 173.59570438905007 0.01930276136890749
33 212.62635174936005 0.016496825149399624

164.19249948700352
1 23.79935855999999 0.07346196207967348
2 23.799358559999998 0.06931779082252157
3 23.799358559999998 0.06928488744396337
4 42.402163299999984 0.06931779082252155
5 42.402163299999984 0.06928488744396336
6 42.40216329999999 0.01817219890697321
7 79.51371233999998 0.06542596119112862
8 79.51371234 0.03871486637630072
9 79.51371234 0.08661920604072064
10 79.51371234 0.024631460105802916
11 79.51371234 0.05521505813781879
13 135.32212655999996 0.03871486637630072
14 135.32212655999996 0.024631460105802916
15 135.32212655999996 0.08661920604072064
16 135.32212655999996 0.05521505813781879
25 173.59570438905007 0.011831276582226933
28 173.59570438905007 0.014364960091899347
33 212.62635174936005 0.010125211131954187
35 212.62635174936005 0.012287920732650046

164.192499487004
1 23.79935855999999 0.11235577360801333
2 23.799358559999998 0.06682534744048052
3 23.799358559999998 0.05516340350643217
4 42.402163299999984 0.0668253474404805
5 42.402163299999984 0.055163403506432146
6 42.40216329999999 0.012506242017777044
7 79.51371233999998 0.016009137113038918
8 79.51371234 0.08223653825925378
9 79.51371234 0.010916283201514589
10 79.51371234 0.06790973315867446
11 79.51371234 0.06824530745466706
13 135.32212655999996 0.0822365382592538
14 135.32212655999996 0.06790973315867446
15 135.32212655999996 0.01091628320151459
16 135.32212655999996 0.06824530745466706
19 136.8900018506398 0.024911218048980152
26 173.59570438905007 0.03802451605049645
32 212.62635174936005 0.032376350052666474
39 287.5374776509494 0.019263052051150142

164.19249948700423
1 23.79935855999999 0.11949305489840754
2 23.799358559999998 0.03853880247465946
3 23.799358559999998 0.08040117881049028
4 42.402163299999984 0.03853880247465945
5 42.402163299999984 0.08040117881049025
6 42.40216329999999 0.01146650005090959
7 79.51371233999998 0.12751838272892665
9 79.51371234 0.04305811322175967
10 79.51371234 0.08146584433692464
11 79.51371234 0.044474509016605164
14 135.32212655999996 0.08146584433692465
15 135.32212655999996 0.04305811322175967
16 135.32212655999996 0.044474509016605164
20 136.8900018506398 0.013373928779382064
27 173.59570438905007 0.019972897580127495
28 173.59570438905007 0.010546213691810148
34 212.62635174936005 0.017130586576686434
36 212.6263517493601 0.012425966220318106
40 287.5374776509494 0.010531617775941013

164.19249948700423
1 23.79935855999999 0.150619623661077
2 23.799358559999998 0.0693576070289399
3 23.799358559999998 0.036286311699990394
4 42.402163299999984 0.0693576070289399
5 42.402163299999984 0.036286311699990394
7 79.51371233999998 0.17492262131897046
8 79.51371234 0.056575378837069444
9 79.51371234 0.021986367791171198
10 79.51371234 0.0421563171806127
11 79.51371234 0.0297198123676361
13 135.32212655999996 0.056575378837069444
14 135.32212655999996 0.0421563171806127
15 135.32212655999996 0.0219863677911712
16 135.32212655999996 0.029719812367636097
22 136.8900018506398 0.02549289035535197
27 173.59570438905007 0.011847314958460465
34 212.62635174936005 0.010061022756657706
36 212.6263517493601 0.03252997945664933

167.61029548847526
1 23.79935855999999 0.022899598888127558
2 23.799358559999998 0.17657049131423908
3 23.799358559999998 0.14329210136582668
4 42.402163299999984 0.17657049131423908
5 42.402163299999984 0.14329210136582665
6 42.40216329999999 0.3018219053606844

167.61029548847733
1 23.79935855999999 0.028990173264605505
2 23.799358559999998 0.15333589087743582
3 23.799358559999998 0.17076243335809027
4 42.402163299999984 0.1533358908774358
5 42.402163299999984 0.17076243335809024
6 42.40216329999999 0.28725986787328395

167.61029548847844
1 23.79935855999999 0.023031977359776898
2 23.799358559999998 0.1532784169906662
3 23.799358559999998 0.16667623920180147
4 42.402163299999984 0.15327841699066616
5 42.402163299999984 0.1666762392018014
6 42.40216329999999 0.3015053998642337

170.2958088815766
17 136.8900018506398 0.01987784184990132
18 136.8900018506398 0.017409405358233262
19 136.8900018506398 0.052945171677433414
20 136.8900018506398 0.013974097683403018
21 136.8900018506398 0.03580733034415905
22 136.8900018506398 0.014906139593516731
23 136.8900018506398 0.041333782160168954
24 173.59570438905007 0.037271947594646124
25 173.59570438905007 0.03227789366638095
26 173.59570438905007 0.10274298940702024
27 173.59570438905007 0.026396439686799916
28 173.59570438905007 0.06791413984821433
30 173.59570438905018 0.08133266456767967
31 212.62635174936005 0.029779950034706112
32 212.62635174936005 0.08129404949626225
33 212.62635174936005 0.025873731258762248
34 212.62635174936005 0.021045882587518848
35 212.62635174936005 0.05408507947616754
36 212.6263517493601 0.017458316444472766
37 212.6263517493601 0.06452878575564264
38 287.5374776509494 0.012385844289961307
39 287.5374776509494 0.031496231766675355
41 287.5374776509494 0.011005242950614561
42 287.5374776509494 0.021978269972112288
44 287.53747765094977 0.023428175190164168

170.29580888157778
17 136.8900018506398 0.05953926562948035
19 136.8900018506398 0.03882091410593235
20 136.8900018506398 0.011438889690321634
21 136.8900018506398 0.012376178619496775
23 136.8900018506398 0.028280645835948796
24 173.59570438905007 0.11863335427905873
25 173.59570438905007 0.010461402644559633
26 173.59570438905007 0.07720300549754654
27 173.59570438905007 0.01770295365807271
28 173.59570438905007 0.021797409834364876
29 173.59570438905013 0.1229045060927997
30 173.59570438905018 0.04903655424417836
31 212.62635174936005 0.09318032010377314
32 212.62635174936005 0.06067105270438565
34 212.62635174936005 0.015004893024752818
35 212.62635174936005 0.01773949261175927
37 212.6263517493601 0.03969407231729468
38 287.5374776509494 0.0340862314541947
39 287.5374776509494 0.022288961312771565
43 287.53747765094954 0.03109897051556031
44 287.53747765094977 0.019824187320734404

170.295808881578
17 136.8900018506398 0.04276151690540466
18 136.8900018506398 0.023603741072819536
19 136.8900018506398 0.022567582444004364
20 136.8900018506398 0.02867950225596061
21 136.8900018506398 0.01985642968412686
24 173.59570438905007 0.08405529036566925
25 173.59570438905007 0.04433808802697144
26 173.59570438905007 0.044179077015305386
27 173.59570438905007 0.0475166841576501
28 173.59570438905007 0.037079654737912845
29 173.59570438905013 0.1679730657977549
30 173.59570438905018 0.015827024106140005
31 212.62635174936005 0.06626921647690448
32 212.62635174936005 0.034870563719428545
33 212.62635174936005 0.035407380172996834
34 212.62635174936005 0.03940312414400911
35 212.62635174936005 0.029661258991052004
37 212.6263517493601 0.011969314415012975
38 287.5374776509494 0.024975443016639842
39 287.5374776509494 0.013259069148127498
40 287.5374776509494 0.020565942242319602
41 287.5374776509494 0.014673033218844977
42 287.5374776509494 0.012438033937265995
43 287.53747765094954 0.042349526471106486

170.29580888157852
6 42.40216329999999 0.011430475002910981
17 136.8900018506398 0.011168418702143492
18 136.8900018506398 0.01115993216415207
20 136.8900018506398 0.07506450767034152
21 136.8900018506398 0.020475364598692054
22 136.8900018506398 0.022115255571670232
23 136.8900018506398 0.010436539413449356
24 173.59570438905007 0.016267917852921466
25 173.59570438905007 0.021527525083540035
27 173.59570438905007 0.14966300471394042
28 173.59570438905007 0.03957124706748393
29 173.59570438905013 0.18882864295173507
30 173.59570438905018 0.01729737708306401
31 212.62635174936005 0.014071459135514407
33 212.62635174936005 0.017061990494159164
34 212.62635174936005 0.11753190432697794
35 212.62635174936005 0.03134625942163648
36 212.6263517493601 0.025906472406094446
37 212.6263517493601 0.01340764487572886
40 287.5374776509494 0.04293340728337884
42 287.5374776509494 0.012250376952844578
43 287.53747765094954 0.047656619885134775

170.29580888157895
18 136.8900018506398 0.04852241639112033
19 136.8900018506398 0.02316422709818915
20 136.8900018506398 0.036791197579433124
21 136.8900018506398 0.057833130822645205
22 136.8900018506398 0.013381805174574534
24 173.59570438905007 0.014156582015105324
25 173.59570438905007 0.09356302099569462
26 173.59570438905007 0.04027720301155651
27 173.59570438905007 0.0752583820844269
28 173.59570438905007 0.11159760434487073
30 173.59570438905018 0.01575570199159839
31 212.62635174936005 0.011600292516302634
32 212.62635174936005 0.032906293827277486
33 212.62635174936005 0.07416311020133586
34 212.62635174936005 0.05868977794470286
35 212.62635174936005 0.08844014455067176
36 212.6263517493601 0.01567236991802266
37 212.6263517493601 0.012533682597681112
39 287.5374776509494 0.015793317913910015
40 287.5374776509494 0.020222593439709044
41 287.5374776509494 0.0291225055967614
42 287.5374776509494 0.03467567102844614

170.29580888157938
6 42.40216329999999 0.010010425791293864
17 136.8900018506398 0.04168895533775812
18 136.8900018506398 0.013605305010631894
19 136.8900018506398 0.04091977602130089
22 136.8900018506398 0.020727560317080278
23 136.8900018506398 0.06645990098093552
24 173.59570438905007 0.07972216527086762
25 173.59570438905007 0.024691215957262952
26 173.59570438905007 0.07984580263631957
27 173.59570438905007 0.015658807653176884
28 173.59570438905007 0.01025048149065884
30 173.59570438905018 0.13175321058292772
31 212.62635174936005 0.06334048286666397
32 212.62635174936005 0.06307956580313315
33 212.62635174936005 0.019916287083039812
34 212.62635174936005 0.012688690351650288
36 212.6263517493601 0.02427879804523561
37 212.6263517493601 0.10430739279754425
38 287.5374776509494 0.025307272933554382
39 287.5374776509494 0.024153539188114363
44 287.53747765094977 0.037265875198635084

170.29580888157943
17 136.8900018506398 0.012476095459463465
18 136.8900018506398 0.07931741220445185
19 136.8900018506398 0.010799289296755362
20 136.8900018506398 0.013178768817334785
21 136.8900018506398 0.039365446708734826
23 136.8900018506398 0.011637252779945399
24 173.59570438905007 0.022351916336071243
25 173.59570438905007 0.15333625661118652
26 173.59570438905007 0.017592276595594758
27 173.59570438905007 0.02498631729249759
28 173.59570438905007 0.07595046017258578
29 173.59570438905013 0.08320081915330325
30 173.59570438905018 0.02079362103912833
31 212.62635174936005 0.018098198036565958
32 212.62635174936005 0.01466639785169989
33 212.62635174936005 0.12145482448568723
34 212.62635174936005 0.019900564356246736
35 212.62635174936005 0.0601925456454561
37 212.6263517493601 0.016509745246507553
41 287.5374776509494 0.04743598007895264
42 287.5374776509494 0.02360753218160505
43 287.53747765094954 0.021028181734826262

177.02690377968108
1 23.79935855999999 0.06833015036996104
2 23.799358559999998 0.04536863335199886
3 23.799358559999998 0.025794152533803842
4 42.402163299999984 0.04536863335199885
5 42.402163299999984 0.025794152533803842
7 79.51371233999998 0.10103263597965129
8 79.51371234 0.06798889059859486
9 79.51371234 0.0608484139405339
10 79.51371234 0.03620846185048966
11 79.51371234 0.049297696377684046
13 135.32212655999996 0.06798889059859486
14 135.32212655999996 0.03620846185048967
15 135.32212655999996 0.060848413940533905
16 135.32212655999996 0.04929769637768406
17 136.8900018506398 0.01342006981398652
18 136.8900018506398 0.014334310700446657
22 136.8900018506398 0.02453264946465015
23 136.8900018506398 0.010216535329801244
36 212.6263517493601 0.01677457637565673
38 287.5374776509494 0.01658119048160206
39 287.5374776509494 0.011936670961196744
41 287.5374776509494 0.0176935494336792
42 287.5374776509494 0.01054218387958376
44 287.53747765094977 0.012436274968517373

