rotational analysis para
#nmax= 3 NR= 11 Ntheta= 11 Nphi= 11
#jmax= 3 Nalpha= 11 Nphi= 11 Nchi= 11
0.0
1 0.0 0.9385214392182394
2 37.15857925999999 0.020164784527165837
3 37.15857925999999 0.020164784527165726
4 37.158579259999996 0.02016478452716597

32.75605266797638
1 0.0 0.2045873489354968
2 37.15857925999999 0.19762013161670575
3 37.15857925999999 0.3264005863275529
4 37.158579259999996 0.2498295355826297

32.75605266797664
1 0.0 0.20458734893549604
2 37.15857925999999 0.10363284037413577
3 37.15857925999999 0.1451060607801368
4 37.158579259999996 0.5251113523726139

32.75605266797668
1 0.0 0.2045873489354749
2 37.15857925999999 0.38318644630103765
3 37.15857925999999 0.3541317937284041
4 37.158579259999996 0.03653201349746344

66.74197668581809
1 0.0 0.7143660467342196
2 37.15857925999999 0.07981068529850573
3 37.15857925999999 0.14335682902592506
4 37.158579259999996 0.055744190635526235

66.7419766858184
1 0.0 0.7143660467342174
2 37.15857925999999 0.16474429432977022
3 37.15857925999999 0.02962017136680598
4 37.158579259999996 0.08454723926337937

66.74197668581854
1 0.0 0.7143660467342131
2 37.15857925999999 0.03170907635248075
3 37.15857925999999 0.10801625355059111
4 37.158579259999996 0.13918637505688292

67.83015578735929
1 0.0 0.017882385857048926
2 37.15857925999999 0.05018757862514738
3 37.15857925999999 0.029907137862373707
4 37.158579259999996 0.04608586317800875
5 70.13275408505241 0.05713957000594817
6 70.13275408505241 0.019408818537688072
7 70.13275408505247 0.03359090341243938
8 70.13275408505251 0.0715178076945917
9 70.13275408505254 0.12209339376498889
10 95.24446445999995 0.0756143707552577
11 95.24446445999997 0.017425728877192934
12 95.24446446 0.06242126477660448
13 95.24446446 0.013488208136685626
14 95.24446446000005 0.05045566482764244
15 136.58744815494745 0.023302422792663393
16 136.58744815494745 0.05451684708570113
17 136.58744815494748 0.07739747388078105
18 136.5874481549475 0.07276272697026216
19 136.58744815494754 0.09216576350883468

67.8301557873595
1 0.0 0.017882385857048832
2 37.15857925999999 0.03958526315112174
3 37.15857925999999 0.04220168196945392
4 37.158579259999996 0.044393634544953674
5 70.13275408505241 0.04626169139261336
6 70.13275408505241 0.016179216792592495
7 70.13275408505247 0.08323786477350649
8 70.13275408505251 0.07862812655186768
9 70.13275408505254 0.07357389548172531
10 95.24446445999995 0.06571615831612845
11 95.24446445999997 0.015094513837548718
12 95.24446446 0.06860895192191194
13 95.24446446 0.010945028221886652
14 95.24446446000005 0.06847553577720432
15 136.58744815494745 0.018728430727198212
16 136.58744815494745 0.041147002112007655
17 136.58744815494748 0.08510414747722292
18 136.5874481549475 0.08577596236526702
19 136.58744815494754 0.08582443927860146

67.83015578736146
1 0.0 0.017882385857049102
2 37.15857925999999 0.06038932407740554
3 37.15857925999999 0.05824744533702697
6 70.13275408505241 0.21511129391583775
7 70.13275408505247 0.021253024871999544
8 70.13275408505251 0.03551015671743718
10 95.24446445999995 0.012875692979624098
11 95.24446445999997 0.18476527521985928
12 95.24446446 0.030849506153969284
14 95.24446446000005 0.015573417818644601
15 136.58744815494745 0.22810416971852251
17 136.58744815494748 0.0385226274737154
18 136.5874481549475 0.019643015414362343
19 136.58744815494754 0.01568374918182813

67.83015578736376
1 0.0 0.017882385857049515
2 37.15857925999999 0.01266030706223849
3 37.15857925999999 0.04768862014433919
4 37.158579259999996 0.06583165245895438
5 70.13275408505241 0.1471777157375486
6 70.13275408505241 0.01962747077834444
7 70.13275408505247 0.10865308683666908
9 70.13275408505254 0.05717133106629187
10 95.24446445999995 0.061778538706316846
11 95.24446445999997 0.0181745479170996
14 95.24446446000005 0.07508181628237032
15 136.58744815494745 0.02220136708907911
16 136.58744815494745 0.13845828280789202
18 136.5874481549475 0.0937571475181745
19 136.58744815494754 0.08207252334877475

67.83015578736389
1 0.0 0.01788238585704889
2 37.15857925999999 0.047429593964008074
3 37.15857925999999 0.030659709126595568
4 37.158579259999996 0.04809127657492594
5 70.13275408505241 0.15637590207877722
6 70.13275408505241 0.013043848668505845
7 70.13275408505247 0.04723599051630237
8 70.13275408505251 0.09206772543976625
9 70.13275408505254 0.033972362310708944
10 95.24446445999995 0.029014141799292414
11 95.24446445999997 0.011695705512671347
12 95.24446446 0.0799283822045101
14 95.24446446000005 0.03164365883897848
15 136.58744815494745 0.014835383539567865
16 136.58744815494745 0.15059856338281855
17 136.58744815494748 0.09991414430310704
18 136.5874481549475 0.04225367876330719
19 136.58744815494754 0.03619884420988294

89.36164632475568
1 0.0 0.22897453884586771
2 37.15857925999999 0.10517948998789965
3 37.15857925999999 0.23670261120745772
4 37.158579259999996 0.2238704421986145
7 70.13275408505247 0.03220596045872764
8 70.13275408505251 0.012363470448584792
10 95.24446445999995 0.0258114295045039
12 95.24446446 0.017474046774569065
14 95.24446446000005 0.03730846546457553
18 136.5874481549475 0.016446641137136026
19 136.58744815494754 0.01405780731431237

89.361646324757
1 0.0 0.22897453884586624
2 37.15857925999999 0.13574784058528294
3 37.15857925999999 0.17856968139822593
4 37.158579259999996 0.25143502141045604
5 70.13275408505241 0.03075152516314934
7 70.13275408505247 0.020486085676819477
9 70.13275408505254 0.012288008724093304
10 95.24446445999995 0.020497371629084524
12 95.24446446 0.01374039196547486
14 95.24446446000005 0.02422820224903426
16 136.58744815494745 0.020688818468527236
18 136.5874481549475 0.012013620795316177
19 136.58744815494754 0.010727497025525988

89.3616463247572
1 0.0 0.22897453884586907
2 37.15857925999999 0.17990523091742508
3 37.15857925999999 0.10559833508139463
4 37.158579259999996 0.2802489773951487
5 70.13275408505241 0.052294794120673886
8 70.13275408505251 0.010182565782005147
9 70.13275408505254 0.01780689571787991
10 95.24446445999995 0.017165832991662546
12 95.24446446 0.013914757404174234
14 95.24446446000005 0.01135398745719018
16 136.58744815494745 0.03587773698617565

89.3616463247577
1 0.0 0.22897453884586758
2 37.15857925999999 0.2448737829705473
3 37.15857925999999 0.15003781318965193
4 37.158579259999996 0.17084094723376855
5 70.13275408505241 0.013193557089845624
8 70.13275408505251 0.02539214143118823
9 70.13275408505254 0.024167151373744755
10 95.24446445999995 0.02367433493868284
12 95.24446446 0.037112068909090634
14 95.24446446000005 0.013848061661554358
17 136.58744815494748 0.01781681727588126
19 136.58744815494754 0.011274402560436688

89.36164632475774
1 0.0 0.228974538845866
2 37.15857925999999 0.2254039973035302
3 37.15857925999999 0.2666180394555515
4 37.158579259999996 0.07373050663488621
6 70.13275408505241 0.04275605983786247
11 95.24446445999997 0.06280506577494373
15 136.58744815494745 0.02886100174264775

91.18035733711584
1 0.0 0.3447379768935252
2 37.15857925999999 0.20660893134956315
3 37.15857925999999 0.20660893134958197
4 37.158579259999996 0.20660893134956532

92.15510653065489
5 70.13275408505241 0.035010246502938644
6 70.13275408505241 0.012069127259292132
7 70.13275408505247 0.05925012428830534
8 70.13275408505251 0.015678419841648063
9 70.13275408505254 0.13666808815441356
10 95.24446445999995 0.17577843316812578
11 95.24446445999997 0.018632640892685116
12 95.24446446 0.023444229578922907
13 95.24446446 0.21233175016087227
14 95.24446446000005 0.13754007370087998
15 136.58744815494745 0.010102872599923604
16 136.58744815494745 0.023144442104653606
17 136.58744815494748 0.010658889968343323
18 136.5874481549475 0.05555001284737856
19 136.58744815494754 0.06592014437004833

92.15510653065557
5 70.13275408505241 0.041074190260767675
6 70.13275408505241 0.04528277037271364
7 70.13275408505247 0.15206316896083716
8 70.13275408505251 0.02091134886270156
9 70.13275408505254 0.023328674144584532
10 95.24446445999995 0.1154866899151114
11 95.24446445999997 0.07197014882205717
12 95.24446446 0.0317758424276849
13 95.24446446 0.1255356552211197
14 95.24446446000005 0.18440668433964505
15 136.58744815494745 0.0288773928565484
16 136.58744815494745 0.023388590278972263
17 136.58744815494748 0.013888945294661259
18 136.5874481549475 0.06363127220998635
19 136.58744815494754 0.05015812147103845

92.15510653065577
5 70.13275408505241 0.011386480170949129
6 70.13275408505241 0.1668574040602629
7 70.13275408505247 0.03700659207339711
8 70.13275408505251 0.06832911433146525
9 70.13275408505254 0.025841558373462335
10 95.24446445999995 0.048725417428601016
11 95.24446445999997 0.2609077705194904
12 95.24446446 0.10748635924638729
13 95.24446446 0.016224070228859005
14 95.24446446000005 0.05281578927653764
15 136.58744815494745 0.10255441006722173
17 136.58744815494748 0.043019331159294155
18 136.5874481549475 0.022399787584529568
19 136.58744815494754 0.020970858553886824

92.15510653065606
5 70.13275408505241 0.011459694398561605
6 70.13275408505241 0.10186662439200224
7 70.13275408505247 0.01733968263984894
8 70.13275408505251 0.08267907486223791
9 70.13275408505254 0.06143594983469031
10 95.24446445999995 0.07481766831034006
11 95.24446445999997 0.15902118480212174
12 95.24446446 0.1300618130127879
13 95.24446446 0.12648171141609932
14 95.24446446000005 0.05145754766355093
15 136.58744815494745 0.0633601236818311
17 136.58744815494748 0.05205263954229104
18 136.5874481549475 0.02328460388793128
19 136.58744815494754 0.028421074678040607

92.15510653065667
7 70.13275408505247 0.011942716826711067
8 70.13275408505251 0.12791297994781736
9 70.13275408505254 0.05116167035344978
10 95.24446445999995 0.06414746120220649
11 95.24446445999997 0.01287825796339482
12 95.24446446 0.20163683047534017
13 95.24446446 0.32469381126271296
14 95.24446446000005 0.048783743275374505
17 136.58744815494748 0.08026063169085207
18 136.5874481549475 0.018502915844494375
19 136.58744815494754 0.024131181815095083

99.96945230926468
2 37.15857925999999 0.46071984043800945
3 37.15857925999999 0.4736899228977459
4 37.158579259999996 0.024715586111621623

99.96945230926546
2 37.15857925999999 0.3915301664885374
3 37.15857925999999 0.09531536355922757
4 37.158579259999996 0.47227981939961833

99.96945230926727
2 37.15857925999999 0.10845344218759226
3 37.15857925999999 0.3888655405953831
4 37.158579259999996 0.46180636666440594

119.57247744762164
1 0.0 0.015409911356019953
2 37.15857925999999 0.04247897831574948
3 37.15857925999999 0.05013911976593019
4 37.158579259999996 0.03280257370545237
5 70.13275408505241 0.05181453332147592
6 70.13275408505241 0.05211372664262521
7 70.13275408505247 0.05108959276351692
8 70.13275408505251 0.07041501108915474
9 70.13275408505254 0.024041870767885613
10 95.24446445999995 0.026561214927519197
11 95.24446445999997 0.041584419012786256
12 95.24446446 0.0565435028680137
14 95.24446446000005 0.033198542233266626
15 136.58744815494745 0.05818761006636779
16 136.58744815494745 0.05042705595061696
17 136.58744815494748 0.0793810368172385
18 136.5874481549475 0.045321899977499136
19 136.58744815494754 0.03930350476297969
20 142.33184782836526 0.012868383487899704
22 142.33184782836554 0.02411908724439219
29 206.7202022399999 0.013724226724301134
35 287.3398299716342 0.015717221103801998
38 287.3398299716342 0.010343521520141825
40 287.33982997163423 0.010464414485034376

119.57247744762225
1 0.0 0.015409911356020113
2 37.15857925999999 0.045389999574898275
3 37.15857925999999 0.03400242414804789
4 37.158579259999996 0.046028248064187774
5 70.13275408505241 0.03914570404546418
6 70.13275408505241 0.05677661465558922
7 70.13275408505247 0.059107333798907424
8 70.13275408505251 0.01490765911510703
9 70.13275408505254 0.07311296175698731
10 95.24446445999995 0.05319342350653744
11 95.24446445999997 0.046335292904896644
12 95.24446446 0.012135656950674038
13 95.24446446 0.0116346606140005
14 95.24446446000005 0.04941460544421239
15 136.58744815494745 0.06391129889958616
16 136.58744815494745 0.03717945541252301
17 136.58744815494748 0.016699377962718073
18 136.5874481549475 0.07326398761547569
19 136.58744815494754 0.07766477272874156
24 142.3318478283657 0.03471976010146079
30 206.72020223999994 0.016801787393680944
31 206.72020224 0.012699940360657068
38 287.3398299716342 0.01032842165634733
39 287.3398299716342 0.020434522606902098
40 287.33982997163423 0.014805282040901072

119.57247744762269
1 0.0 0.01540991135601997
2 37.15857925999999 0.05822641219338614
3 37.15857925999999 0.026457800737360336
4 37.158579259999996 0.04073645885638692
5 70.13275408505241 0.07915905046465149
6 70.13275408505241 0.06567353842430168
7 70.13275408505247 0.02471781446945188
8 70.13275408505251 0.03527596969457828
9 70.13275408505254 0.0556755337913839
10 95.24446445999995 0.0337719986499734
11 95.24446445999997 0.05255279761237116
12 95.24446446 0.028075213905249058
14 95.24446446000005 0.025101042878554875
15 136.58744815494745 0.0736597750995167
16 136.58744815494745 0.07990717120281798
17 136.58744815494748 0.03993026976343284
18 136.5874481549475 0.04028526598780527
19 136.58744815494754 0.04553652517161755
20 142.33184782836526 0.021054757456365664
21 142.33184782836534 0.01895292612237437
23 142.33184782836568 0.011658878264332801
35 287.3398299716342 0.011058080242579912
38 287.3398299716342 0.010508646788272683
39 287.3398299716342 0.010699217832641465
40 287.33982997163423 0.015114268525405419

119.57247744762326
1 0.0 0.015409911356020142
2 37.15857925999999 0.04809660057160251
3 37.15857925999999 0.049858685203442214
4 37.158579259999996 0.02746538601208941
5 70.13275408505241 0.05402411408246206
6 70.13275408505241 0.062387447328103134
7 70.13275408505247 0.01715883286575377
8 70.13275408505251 0.08062143074648957
9 70.13275408505254 0.03774243511141286
10 95.24446445999995 0.023706045353748963
11 95.24446445999997 0.04925989991885835
12 95.24446446 0.0645119049507319
14 95.24446446000005 0.017446690502755297
15 136.58744815494745 0.06993334939142841
16 136.58744815494745 0.05465195150122292
17 136.58744815494748 0.09103402759243738
18 136.5874481549475 0.027655195079791257
19 136.58744815494754 0.030840498762472468
20 142.33184782836526 0.015511036689936834
21 142.33184782836534 0.031054886369259925
28 206.72020223999988 0.01091097381412915
35 287.3398299716342 0.01661285293943119
38 287.3398299716342 0.012028941506198433
39 287.3398299716342 0.012654459918159585
40 287.33982997163423 0.011467333103105859

119.57247744762383
1 0.0 0.015409911356019991
2 37.15857925999999 0.03700857708519383
3 37.15857925999999 0.02639307199407346
4 37.158579259999996 0.062019022707865426
5 70.13275408505241 0.1204957974082056
7 70.13275408505247 0.05237516469676416
8 70.13275408505251 0.029453777713336845
9 70.13275408505254 0.06772801098831283
10 95.24446445999995 0.046129452983511385
12 95.24446446 0.0242623475241824
14 95.24446446000005 0.041416143642963
16 136.58744815494745 0.12020590273439853
17 136.58744815494748 0.032809324630042616
18 136.5874481549475 0.06322728628299784
19 136.58744815494754 0.06510996856354133
20 142.33184782836526 0.018346859486541946
23 142.33184782836568 0.023340580652637485
26 142.33184782836594 0.010441079877469724
33 206.72020224000005 0.014019596156578955
34 287.3398299716341 0.015255294722889454
36 287.3398299716342 0.01171626261523776
37 287.3398299716342 0.01108716608853547
40 287.33982997163423 0.014523481037009232

119.57247744762468
1 0.0 0.01540991135601993
2 37.15857925999999 0.046742308761894544
3 37.15857925999999 0.051735041268149456
4 37.158579259999996 0.026943321757088107
5 70.13275408505241 0.025697201969777938
6 70.13275408505241 0.06223265903816265
7 70.13275408505247 0.03798486405215776
8 70.13275408505251 0.07550591969854918
9 70.13275408505254 0.03864284516174612
10 95.24446445999995 0.030791630998669474
11 95.24446445999997 0.049538668006854525
12 95.24446446 0.06056476102726892
14 95.24446446000005 0.030220017758327715
15 136.58744815494745 0.0696169335759515
16 136.58744815494745 0.02460690085694115
17 136.58744815494748 0.08516332759669773
18 136.5874481549475 0.04345932367734559
19 136.58744815494754 0.044058235938279976
22 142.33184782836554 0.01915603127212392
25 142.3318478283659 0.02005086062461275
29 206.7202022399999 0.011614267470710279
35 287.3398299716342 0.015621917860410447
36 287.3398299716342 0.017517579060913856
37 287.3398299716342 0.010238970825734528

119.57247744762506
1 0.0 0.015409911356020585
2 37.15857925999999 0.016140697004771436
3 37.15857925999999 0.05473888285498413
4 37.158579259999996 0.05454109192738035
5 70.13275408505241 0.08000102651785412
6 70.13275408505241 0.024162981928830162
7 70.13275408505247 0.09230519222858445
8 70.13275408505251 0.02583660563545417
9 70.13275408505254 0.03510204925167539
10 95.24446445999995 0.04291387671592186
11 95.24446445999997 0.020388456018431703
12 95.24446446 0.021239861052873073
14 95.24446446000005 0.05724990542326112
15 136.58744815494745 0.02735655903016115
16 136.58744815494745 0.07675458149946587
17 136.58744815494748 0.028807769948361244
18 136.5874481549475 0.07821837083752682
19 136.58744815494754 0.066302400502217
25 142.3318478283659 0.016647819467235
26 142.33184782836594 0.025889320616042294
31 206.72020224 0.010209266393322685
32 206.72020224 0.01448505788510658
34 287.3398299716341 0.02002249935963241
36 287.3398299716342 0.015205373880542087
37 287.3398299716342 0.014396938917079018

127.7133686137227
1 0.0 0.5112501338843483
2 37.15857925999999 0.03133939835081907
3 37.15857925999999 0.055820009208758035
4 37.158579259999996 0.054532465246245276
5 70.13275408505241 0.012378723092926898
6 70.13275408505241 0.012224015136735333
7 70.13275408505247 0.05461960791182291
8 70.13275408505251 0.018197393065714846
9 70.13275408505254 0.015783455583134844
10 95.24446445999995 0.01879042114500642
11 95.24446445999997 0.010780962988596151
12 95.24446446 0.014440426897483625
13 95.24446446 0.023294954827419542
14 95.24446446000005 0.026115429143333067
15 136.58744815494745 0.013465981029413971
16 136.58744815494745 0.01120297332123775
17 136.58744815494748 0.020625755921929938
18 136.5874481549475 0.049998648948246883
19 136.58744815494754 0.04207667217782411

127.7133686137236
1 0.0 0.5112501338843574
2 37.15857925999999 0.07338324337791263
3 37.15857925999999 0.02562355106371665
4 37.158579259999996 0.04268507836419622
5 70.13275408505241 0.029969071327707226
6 70.13275408505241 0.05001735979325722
7 70.13275408505247 0.017029886731712126
9 70.13275408505254 0.01975360323715134
10 95.24446445999995 0.013687084159668388
11 95.24446445999997 0.03329011508301896
14 95.24446446000005 0.015271584677277105
15 136.58744815494745 0.05985556741529303
16 136.58744815494745 0.035100004803696155
18 136.5874481549475 0.020138530544520142
19 136.58744815494754 0.020898612734215626

127.71336861372413
1 0.0 0.5112501338843519
2 37.15857925999999 0.056559308915754565
3 37.15857925999999 0.021032136471773807
4 37.158579259999996 0.06410042741829401
5 70.13275408505241 0.01992717237918644
7 70.13275408505247 0.020898523853992063
9 70.13275408505254 0.058932905709534085
10 95.24446445999995 0.026779745761531665
13 95.24446446 0.026406341534012737
14 95.24446446000005 0.02076592245646043
16 136.58744815494745 0.02272456475073572
18 136.5874481549475 0.04418709614151524
19 136.58744815494754 0.05475339235821722

127.71336861372451
1 0.0 0.5112501338843537
2 37.15857925999999 0.027992586590405624
3 37.15857925999999 0.06860521020515185
4 37.158579259999996 0.04509407601026478
5 70.13275408505241 0.04163565384486657
6 70.13275408505241 0.02655525738820106
7 70.13275408505247 0.016407927726544327
8 70.13275408505251 0.028752414112614227
9 70.13275408505254 0.014339288039946172
10 95.24446445999995 0.014234734671367414
11 95.24446445999997 0.017897344705670244
12 95.24446446 0.019377442990276973
14 95.24446446000005 0.012267185521897876
15 136.58744815494745 0.0317052678465279
16 136.58744815494745 0.049218555819319394
17 136.58744815494748 0.0348120459091633
18 136.5874481549475 0.016464203460004313
19 136.58744815494754 0.013969566239545792

127.71336861372532
1 0.0 0.5112501338843514
2 37.15857925999999 0.04794554994427666
3 37.15857925999999 0.06545757249031926
4 37.158579259999996 0.028288750371225805
5 70.13275408505241 0.01853434586718145
6 70.13275408505241 0.02510124592568653
8 70.13275408505251 0.055301230777076764
9 70.13275408505254 0.013928351457424428
10 95.24446445999995 0.0114568414858806
11 95.24446445999997 0.016722667197657897
12 95.24446446 0.036371983750137296
15 136.58744815494745 0.030067361319128735
16 136.58744815494745 0.021578638103322192
17 136.58744815494748 0.0675363902962218
18 136.5874481549475 0.011674976486851054
19 136.58744815494754 0.01194861487792777

129.80786877255673
1 0.0 0.022915624941150677
2 37.15857925999999 0.029062836011297756
3 37.15857925999999 0.03637815196321947
4 37.158579259999996 0.08420207296029388
5 70.13275408505241 0.10731834141577708
6 70.13275408505241 0.0355048307098787
7 70.13275408505247 0.06855308620264262
8 70.13275408505251 0.03545155305062317
9 70.13275408505254 0.06352021131097825
10 95.24446445999995 0.05236971367364938
11 95.24446445999997 0.031012101235652144
12 95.24446446 0.03071443555285581
14 95.24446446000005 0.05294634885847868
15 136.58744815494745 0.03938745814190269
16 136.58744815494745 0.10215541065309658
17 136.58744815494748 0.038513449182235274
18 136.5874481549475 0.07133897941204226
19 136.58744815494754 0.06956293633368163

129.8078687725582
1 0.0 0.022915624941151458
2 37.15857925999999 0.08759870506087188
3 37.15857925999999 0.011018951472332169
4 37.158579259999996 0.051025404401609846
5 70.13275408505241 0.07897279377118165
6 70.13275408505241 0.05389040304070387
7 70.13275408505247 0.03890989699662044
8 70.13275408505251 0.053850965451449836
9 70.13275408505254 0.07465888834387323
10 95.24446445999995 0.05025858960362577
11 95.24446445999997 0.045964219046040956
12 95.24446446 0.046066523134309124
14 95.24446446000005 0.0394475471909491
15 136.58744815494745 0.05943205574297074
16 136.58744815494745 0.07599974936275106
17 136.58744815494748 0.05888253872968177
18 136.5874481549475 0.056849567356264015
19 136.58744815494754 0.06368080028702197

129.80786877255963
1 0.0 0.022915624941150466
2 37.15857925999999 0.031963544585495635
3 37.15857925999999 0.10344172252463125
4 37.158579259999996 0.014237793824686913
5 70.13275408505241 0.05217642013530411
6 70.13275408505241 0.07415890557484714
7 70.13275408505247 0.061438827625530275
8 70.13275408505251 0.07425296624451967
9 70.13275408505254 0.027095272163754857
10 95.24446445999995 0.033266711871223445
11 95.24446445999997 0.06288961253829202
12 95.24446446 0.0630895288797541
14 95.24446446000005 0.042306407840767946
15 136.58744815494745 0.08015635236306355
16 136.58744815494745 0.04848606789114317
17 136.58744815494748 0.08146859593890242
18 136.5874481549475 0.05254952441727991
19 136.58744815494754 0.045405254076893865

133.02420016534677
1 0.0 0.6333240109924752
2 37.15857925999999 0.11653254820003986
3 37.15857925999999 0.11653254820004019
4 37.158579259999996 0.11653254820003842

134.75683752735907
2 37.15857925999999 0.01194765020086151
3 37.15857925999999 0.01361392539389548
4 37.158579259999996 0.030990203408459503
5 70.13275408505241 0.043195462672220006
6 70.13275408505241 0.09947797809060054
7 70.13275408505247 0.05056728518111731
8 70.13275408505251 0.08817244533252605
9 70.13275408505254 0.04012650161806086
10 95.24446445999995 0.04126408447375451
11 95.24446445999997 0.09852964353185606
12 95.24446446 0.0876190432686537
13 95.24446446 0.010673214540547243
14 95.24446446000005 0.04434080348056526
15 136.58744815494745 0.09834707541547515
16 136.58744815494745 0.040852314258488315
17 136.58744815494748 0.08853014379354054
18 136.5874481549475 0.04844130506376637
19 136.58744815494754 0.04653731146857779

134.75683752735972
2 37.15857925999999 0.01971363907089637
3 37.15857925999999 0.029128050902506183
5 70.13275408505241 0.09146425500567401
6 70.13275408505241 0.02381884197091252
7 70.13275408505247 0.057577872761047456
8 70.13275408505251 0.040062148521439626
9 70.13275408505254 0.1063492377377084
10 95.24446445999995 0.08297761834241552
11 95.24446445999997 0.021613838901794035
12 95.24446446 0.03767044253118895
13 95.24446446 0.07480393882853908
14 95.24446446000005 0.06900543489003494
15 136.58744815494745 0.027472566328031002
16 136.58744815494745 0.08818859402362683
17 136.58744815494748 0.04160805810104232
18 136.5874481549475 0.07704094960158378
19 136.58744815494754 0.08702081464471338

134.75683752736262
2 37.15857925999999 0.023800381914782873
4 37.158579259999996 0.026897309613456655
5 70.13275408505241 0.024410999579420903
6 70.13275408505241 0.05495559618716227
7 70.13275408505247 0.09889765013585827
8 70.13275408505251 0.10572017494338933
9 70.13275408505254 0.018188494959329685
10 95.24446445999995 0.04328899219093935
11 95.24446445999997 0.05555843929327789
12 95.24446446 0.10657014975548844
13 95.24446446 0.04156501610028438
14 95.24446446000005 0.06657430890573286
15 136.58744815494745 0.053968269842228724
16 136.58744815494745 0.019326191012740607
17 136.58744815494748 0.1051707829153552
18 136.5874481549475 0.0735628659248086
19 136.58744815494754 0.0589166804437418

134.75683752736305
2 37.15857925999999 0.015066452186327524
3 37.15857925999999 0.023563392387682458
4 37.158579259999996 0.017921934429204207
5 70.13275408505241 0.12150735843129341
6 70.13275408505241 0.09122679768821867
7 70.13275408505247 0.060143508342885454
8 70.13275408505251 0.035281590388140965
9 70.13275408505254 0.04294795673841301
10 95.24446445999995 0.050560366128841225
11 95.24446445999997 0.08739085975786784
12 95.24446446 0.03106743780212387
14 95.24446446000005 0.05653668905030793
15 136.58744815494745 0.09241770299805271
16 136.58744815494745 0.11803718222046693
17 136.58744815494748 0.03800546149904975
18 136.5874481549475 0.048723436888435945
19 136.58744815494754 0.04348367657989633

134.75683752736458
2 37.15857925999999 0.02354778842377044
3 37.15857925999999 0.02155604612080023
4 37.158579259999996 0.011447944458644877
5 70.13275408505241 0.08818402251166295
6 70.13275408505241 0.04377765250857761
7 70.13275408505247 0.04508314352806033
8 70.13275408505251 0.04088350884369047
9 70.13275408505254 0.10500251791696451
10 95.24446445999995 0.0795800043251558
11 95.24446445999997 0.04140563933582303
12 95.24446446 0.03846112192219067
13 95.24446446 0.06166636772166474
14 95.24446446000005 0.059077486054635926
15 136.58744815494745 0.046711212645722325
16 136.58744815494745 0.08577656011040033
17 136.58744815494748 0.04244924943334306
18 136.5874481549475 0.06892756043772753
19 136.58744815494754 0.07968856489413559

140.52065247740754
1 0.0 0.15449663110912737
2 37.15857925999999 0.09503395855584312
3 37.15857925999999 0.04903616325033134
4 37.158579259999996 0.06299068889769643
5 70.13275408505241 0.03383428155850863
6 70.13275408505241 0.023847290297731832
7 70.13275408505247 0.031149451649495678
8 70.13275408505251 0.07361245035268464
9 70.13275408505254 0.04934775253443348
10 95.24446445999995 0.029381977576217185
11 95.24446445999997 0.018664882771865222
12 95.24446446 0.047153798867875116
13 95.24446446 0.037720823172471225
14 95.24446446000005 0.030889009558325065
15 136.58744815494745 0.028109258287477335
16 136.58744815494745 0.044656215518623185
17 136.58744815494748 0.0907143361866744
18 136.5874481549475 0.04352093659886502
19 136.58744815494754 0.049731927261424856

140.52065247740785
1 0.0 0.15449663110912126
2 37.15857925999999 0.10221802300507901
3 37.15857925999999 0.059374559759891955
4 37.158579259999996 0.045468227938896356
6 70.13275408505241 0.030345575120192387
7 70.13275408505247 0.016961729850668607
8 70.13275408505251 0.09109460398020726
9 70.13275408505254 0.06195803681449064
10 95.24446445999995 0.026365861085711807
11 95.24446445999997 0.022698509368931148
12 95.24446446 0.05768721059874263
13 95.24446446 0.043988493544283074
14 95.24446446000005 0.02271520119738025
15 136.58744815494745 0.03622370344194403
17 136.58744815494748 0.11268789749892662
18 136.5874481549475 0.042668743855691284
19 136.58744815494754 0.0565689143353351

140.5206524774082
1 0.0 0.15449663110912634
2 37.15857925999999 0.02236804675058117
3 37.15857925999999 0.09289933722705689
4 37.158579259999996 0.09179342672623389
5 70.13275408505241 0.013445567888775113
6 70.13275408505241 0.014477972634134289
7 70.13275408505247 0.11616936250397496
8 70.13275408505251 0.02762285972103706
9 70.13275408505254 0.017505757186384117
10 95.24446445999995 0.02470030401037977
11 95.24446445999997 0.019970478544936363
12 95.24446446 0.027302818386626414
13 95.24446446 0.09077747553979414
14 95.24446446000005 0.03733795184297276
15 136.58744815494745 0.011460171789102651
17 136.58744815494748 0.02782972250716169
18 136.5874481549475 0.10860942330536351
19 136.58744815494754 0.08616756760487174

140.5206524774086
1 0.0 0.15449663110912762
2 37.15857925999999 0.017367596251191577
3 37.15857925999999 0.11931060481574737
4 37.158579259999996 0.07038260963693094
5 70.13275408505241 0.07965065427283873
6 70.13275408505241 0.0841769292421803
7 70.13275408505247 0.014302972710504633
8 70.13275408505251 0.010909969705965793
9 70.13275408505254 0.041328501109879866
10 95.24446445999995 0.0441487786897331
11 95.24446445999997 0.049110684431929306
14 95.24446446000005 0.027694438021531133
15 136.58744815494745 0.10484183250719256
16 136.58744815494745 0.11253539415692816
17 136.58744815494748 0.013277213790894868
18 136.5874481549475 0.019338219483501597
19 136.58744815494754 0.018024161975348483

140.52065247740887
1 0.0 0.1544966311091271
2 37.15857925999999 0.1101413317418809
3 37.15857925999999 0.02448469672696329
4 37.158579259999996 0.07243478223502675
5 70.13275408505241 0.03951387646559365
6 70.13275408505241 0.0724897722940966
7 70.13275408505247 0.038072942679018174
9 70.13275408505254 0.050802964003567826
10 95.24446445999995 0.029096622488012164
11 95.24446445999997 0.04712912335458043
12 95.24446446 0.011211783915652019
13 95.24446446 0.04252063878563535
14 95.24446446000005 0.03556127455582405
15 136.58744815494745 0.0883178868464488
16 136.58744815494745 0.05261676993261116
18 136.5874481549475 0.05010172460207046
19 136.58744815494754 0.05608320566119409

145.8011371004528
1 0.0 0.15192680520866786
2 37.15857925999999 0.1832693394958962
3 37.15857925999999 0.20184594175297207
4 37.158579259999996 0.10600360061872074
12 95.24446446 0.010242474105997615
20 142.33184782836526 0.010560183540556788
22 142.33184782836554 0.04477087409486193
25 142.3318478283659 0.024767470799229446
28 206.72020223999988 0.012483599146484153
29 206.7202022399999 0.028883499336429933
31 206.72020224 0.01051115773895161
32 206.72020224 0.013520034200643877
35 287.3398299716342 0.02674178039742146
36 287.3398299716342 0.02128641463290552
37 287.3398299716342 0.014776991235023523
38 287.3398299716342 0.014490886790288565

145.80113710045356
1 0.0 0.15192680520866947
2 37.15857925999999 0.1510180158452236
3 37.15857925999999 0.2024207830513154
4 37.158579259999996 0.1376800829710538
22 142.33184782836554 0.025126354299299738
23 142.33184782836568 0.010209971455000978
24 142.3318478283657 0.014492864181298968
25 142.3318478283659 0.022368232723020118
26 142.33184782836594 0.011869162592804018
29 206.7202022399999 0.01748059687797871
30 206.72020223999994 0.014012730821024973
31 206.72020224 0.014472683023337509
32 206.72020224 0.013521322386620236
34 287.3398299716341 0.011117732769083476
35 287.3398299716342 0.01729531141553737
36 287.3398299716342 0.019978489973176933
37 287.3398299716342 0.015266172759695263
38 287.3398299716342 0.014179426399946049
39 287.3398299716342 0.012377735216614269

145.80113710045484
1 0.0 0.15192680520866964
2 37.15857925999999 0.1166991614636674
3 37.15857925999999 0.2125614849073312
4 37.158579259999996 0.1618582354965971
20 142.33184782836526 0.033224256090490026
21 142.33184782836534 0.024343133960708554
24 142.3318478283657 0.018365591865263545
28 206.72020223999988 0.011189727993521439
30 206.72020223999994 0.012572836702755526
31 206.72020224 0.011046030564186045
33 206.72020224000005 0.010894480671712817
34 287.3398299716341 0.012989221679897483
35 287.3398299716342 0.01330069996212238
36 287.3398299716342 0.010297716048903212
37 287.3398299716342 0.010960787615279355
38 287.3398299716342 0.013805188333902688
39 287.3398299716342 0.019832610898317626
40 287.33982997163423 0.025472766423365295

145.80113710045512
1 0.0 0.15192680520866877
2 37.15857925999999 0.14227973218886056
3 37.15857925999999 0.16701524243343796
4 37.158579259999996 0.18182390724529418
5 70.13275408505241 0.010956121832875698
20 142.33184782836526 0.05359290704547726
21 142.33184782836534 0.02292978438931805
23 142.33184782836568 0.013224863117998123
25 142.3318478283659 0.013936382591659165
28 206.72020223999988 0.011049876065191694
33 206.72020224000005 0.012416342158369767
34 287.3398299716341 0.015175360537028807
35 287.3398299716342 0.012821718446195732
36 287.3398299716342 0.016166458220245577
37 287.3398299716342 0.01025190822201555
38 287.3398299716342 0.01155087055651045
39 287.3398299716342 0.01364648720474371
40 287.33982997163423 0.032488969811906056

145.80113710045535
1 0.0 0.15192680520866894
2 37.15857925999999 0.2727261553749948
3 37.15857925999999 0.08223319722602486
4 37.158579259999996 0.13615952926657263
11 95.24446445999997 0.010680737524498964
21 142.33184782836534 0.041111191014776734
23 142.33184782836568 0.032903896400348076
28 206.72020223999988 0.01996664232691726
33 206.72020224000005 0.030126696023381278
35 287.3398299716342 0.01891063065744359
37 287.3398299716342 0.013408607120664185
38 287.3398299716342 0.02203580331393809
39 287.3398299716342 0.018060489455175483

145.80113710045654
1 0.0 0.1519268052086684
2 37.15857925999999 0.09494690970812397
3 37.15857925999999 0.19035069138947014
4 37.158579259999996 0.2058212807699947
24 142.3318478283657 0.03685696492768412
26 142.33184782836594 0.040392187249314634
30 206.72020223999994 0.02443300213318972
31 206.72020224 0.01900699514491813
32 206.72020224 0.01513722105078133
34 287.3398299716341 0.027033185446520062
37 287.3398299716342 0.01763505844211469
38 287.3398299716342 0.010749618073883582
39 287.3398299716342 0.019571065158989653
40 287.33982997163423 0.01679668131414144

145.80113710045845
1 0.0 0.15192680520866772
2 37.15857925999999 0.18682740246009816
3 37.15857925999999 0.1041502689226751
4 37.158579259999996 0.2001412104848161
20 142.33184782836526 0.017073263390497157
23 142.33184782836568 0.019469175308281784
24 142.3318478283657 0.013536615650307927
25 142.3318478283659 0.01839541074871047
26 142.33184782836594 0.01957103087185316
30 206.72020223999994 0.013365719566361341
31 206.72020224 0.012927059920133219
32 206.72020224 0.014745410620934988
33 206.72020224000005 0.014289596542646298
34 287.3398299716341 0.019675173177722678
36 287.3398299716342 0.018944642140922036
37 287.3398299716342 0.016870800915736603
38 287.3398299716342 0.012134784189114683
39 287.3398299716342 0.011890353365418693
40 287.33982997163423 0.015970541872266732

148.60775675145396
5 70.13275408505241 0.01788896032074172
6 70.13275408505241 0.023366432256347904
7 70.13275408505247 0.03086849637056471
8 70.13275408505251 0.04377313283876065
9 70.13275408505254 0.10263099559334204
10 95.24446445999995 0.1256618483945965
11 95.24446445999997 0.03604447185889434
12 95.24446446 0.0672115479509683
13 95.24446446 0.2667285115490466
14 95.24446446000005 0.09105365869186982
15 136.58744815494745 0.016380532356109624
16 136.58744815494745 0.011965656073992225
17 136.58744815494748 0.028623415189364683
18 136.5874481549475 0.038084200661995145
19 136.58744815494754 0.04747438054502096
27 206.72020223999988 0.010151742245583696

148.60775675145402
6 70.13275408505241 0.07368644367425478
7 70.13275408505247 0.03799702435028785
8 70.13275408505251 0.1155024930690526
9 70.13275408505254 0.030272996596196373
10 95.24446445999995 0.05295162294715891
11 95.24446445999997 0.1160472441696455
12 95.24446446 0.1809209872586438
13 95.24446446 0.10012601857110742
14 95.24446446000005 0.058451113557732345
15 136.58744815494745 0.04531531305655999
17 136.58744815494748 0.07321841749157178
18 136.5874481549475 0.023960315225724272
19 136.58744815494754 0.023865934308661144
29 206.7202022399999 0.010371653228353865

148.6077567514541
5 70.13275408505241 0.03518109795264889
6 70.13275408505241 0.060137078313756955
7 70.13275408505247 0.08031239290693185
8 70.13275408505251 0.06320262089262328
9 70.13275408505254 0.042427878520924264
10 95.24446445999995 0.09072635828572204
11 95.24446445999997 0.09379633133884481
12 95.24446446 0.09816002249058273
13 95.24446446 0.09202494203139706
14 95.24446446000005 0.11115530498202426
15 136.58744815494745 0.0383312282821299
16 136.58744815494745 0.02251096366844788
17 136.58744815494748 0.04060745985335172
18 136.5874481549475 0.041470827452508685
19 136.58744815494754 0.03771173367972041

148.6077567514543
5 70.13275408505241 0.02415154630643859
6 70.13275408505241 0.09961170601494986
7 70.13275408505247 0.07348570940904608
8 70.13275408505251 0.0263980259262564
9 70.13275408505254 0.034665244852333646
10 95.24446445999995 0.0808203711802908
11 95.24446445999997 0.15411976272898925
12 95.24446446 0.04194954954000073
13 95.24446446 0.1443273089190611
14 95.24446446000005 0.10153391592391726
15 136.58744815494745 0.06310656218719475
16 136.58744815494745 0.014842049068757806
17 136.58744815494748 0.016346100886178515
18 136.5874481549475 0.03824877311286585
19 136.58744815494754 0.03414961459533463

148.6077567514553
5 70.13275408505241 0.028129981836187343
6 70.13275408505241 0.03690215536949731
7 70.13275408505247 0.08316623014756014
8 70.13275408505251 0.06149245249609152
9 70.13275408505254 0.040351781910365224
10 95.24446445999995 0.09184060703688303
11 95.24446445999997 0.05805676388811223
12 95.24446446 0.09509701357838408
13 95.24446446 0.17428335527715152
14 95.24446446000005 0.11676576939347201
15 136.58744815494745 0.02380238867701003
16 136.58744815494745 0.017099890581186338
17 136.58744815494748 0.03977171712676819
18 136.5874481549475 0.042403905405957766
19 136.58744815494754 0.03859222792699136

148.6077567514563
5 70.13275408505241 0.02325353750554281
6 70.13275408505241 0.07503217801490351
7 70.13275408505247 0.041524784819128496
8 70.13275408505251 0.09605023656275632
9 70.13275408505254 0.052071402690788346
10 95.24446445999995 0.07682552983145824
11 95.24446445999997 0.11731442443926277
12 95.24446446 0.1501550356564307
13 95.24446446 0.060291259001169405
14 95.24446446000005 0.07055363355660366
15 136.58744815494745 0.04696602320340039
16 136.58744815494745 0.015575121775445842
17 136.58744815494748 0.061078911674857225
18 136.5874481549475 0.0298566280838434
19 136.58744815494754 0.031207533836021487

148.60775675145663
5 70.13275408505241 0.033830039843435585
6 70.13275408505241 0.0646548267456205
7 70.13275408505247 0.04381895093815283
8 70.13275408505251 0.02839976209091913
9 70.13275408505254 0.09735249991783737
10 95.24446445999995 0.12545592883444595
11 95.24446445999997 0.09932072698053214
12 95.24446446 0.04381289993663746
13 95.24446446 0.14007060417464162
14 95.24446446000005 0.09842849287865606
15 136.58744815494745 0.04245020488516044
16 136.58744815494745 0.023236561780158985
17 136.58744815494748 0.01843728445171079
18 136.5874481549475 0.04080948655989777
19 136.58744815494754 0.047677970633802705

152.73426018876432
1 0.0 0.2640402068632852
2 37.15857925999999 0.19858565449544266
3 37.15857925999999 0.24462907909143305
4 37.158579259999996 0.08042125724366019
5 70.13275408505241 0.01506292221033
6 70.13275408505241 0.017628483597840798
7 70.13275408505247 0.012376916710098891
8 70.13275408505251 0.017643260732177823
9 70.13275408505254 0.010344963687430925
10 95.24446445999995 0.01472990692192549
11 95.24446445999997 0.024400762974497222
12 95.24446446 0.024502292466333796
14 95.24446446000005 0.015410330918877394
15 136.58744815494745 0.013074664193393901
16 136.58744815494745 0.010681795736300891
17 136.58744815494748 0.013209838351729064

152.7342601887653
1 0.0 0.2640402068632866
2 37.15857925999999 0.11141524815194331
3 37.15857925999999 0.06895337561182117
4 37.158579259999996 0.34326736706677285
5 70.13275408505241 0.03689160846384868
7 70.13275408505247 0.0176632217145305
9 70.13275408505254 0.018730054711658433
10 95.24446445999995 0.02343374559780711
14 95.24446446000005 0.022469974021217424
16 136.58744815494745 0.02592398028406653
18 136.5874481549475 0.013174839667981546
19 136.58744815494754 0.012953428305971433

152.73426018876535
1 0.0 0.26404020686328444
2 37.15857925999999 0.24457759716769334
3 37.15857925999999 0.19450239601528216
4 37.158579259999996 0.08455599764756387
5 70.13275408505241 0.01524796674298394
6 70.13275408505241 0.017444614383166024
7 70.13275408505247 0.010567335366750611
8 70.13275408505251 0.01745473229017885
9 70.13275408505254 0.012523903137971455
10 95.24446445999995 0.015702080289718964
11 95.24446445999997 0.02411946604569486
12 95.24446446 0.024236158195458685
14 95.24446446000005 0.014505069034439275
15 136.58744815494745 0.01297669627703499
16 136.58744815494745 0.01088789702473999
17 136.58744815494748 0.01307147142405571

156.27292721389622
1 0.0 0.03796080901159289
2 37.15857925999999 0.02188103394973804
3 37.15857925999999 0.024282940780360536
4 37.158579259999996 0.025789321676395045
5 70.13275408505241 0.023427094568572306
6 70.13275408505241 0.01613885403697611
7 70.13275408505247 0.029045402953195697
8 70.13275408505251 0.01970848610525237
9 70.13275408505254 0.023624665890052264
10 95.24446445999995 0.037226891004441355
11 95.24446445999997 0.024209122843154518
12 95.24446446 0.029345054689692663
13 95.24446446 0.015343231906758832
14 95.24446446000005 0.03976266431423598
15 136.58744815494745 0.011176160911337066
16 136.58744815494745 0.015096784862721318
17 136.58744815494748 0.013479767462613782
18 136.5874481549475 0.018539556957003985
19 136.58744815494754 0.018009494206514615
20 142.33184782836526 0.021485541058996645
21 142.33184782836534 0.018798215565525297
23 142.33184782836568 0.029161075046179367
24 142.3318478283657 0.03080482659431338
25 142.3318478283659 0.07613399355121886
26 142.33184782836594 0.023331709504780588
30 206.72020223999994 0.03124905721007519
31 206.72020224 0.035229190618914004
32 206.72020224 0.03499381465673849
33 206.72020224000005 0.01678189129733399
34 287.3398299716341 0.026427336583417123
35 287.3398299716342 0.010876142087146167
36 287.3398299716342 0.06813032345793726
37 287.3398299716342 0.03665089779588429
38 287.3398299716342 0.02225706928355242
39 287.3398299716342 0.02516957931663
40 287.33982997163423 0.02412874940358293

156.27292721389637
1 0.0 0.037960809011592184
2 37.15857925999999 0.03640453870353276
3 37.15857925999999 0.011211073717809786
4 37.158579259999996 0.024337683985149766
5 70.13275408505241 0.033808183770795835
6 70.13275408505241 0.02852637559153926
7 70.13275408505247 0.014375050650517003
8 70.13275408505251 0.01276017992759453
9 70.13275408505254 0.030370444007876272
10 95.24446445999995 0.03482036555867303
11 95.24446445999997 0.04220974507633032
12 95.24446446 0.01890124610928769
13 95.24446446 0.010756554213971226
14 95.24446446000005 0.026507460186905404
15 136.58744815494745 0.019569064754375066
16 136.58744815494745 0.022912363914912057
18 136.5874481549475 0.014025902580374708
19 136.58744815494754 0.015799472657776873
21 142.33184782836534 0.04024345645914806
22 142.33184782836554 0.016343965666123592
23 142.33184782836568 0.08022292152371174
24 142.3318478283657 0.021139430886178215
25 142.3318478283659 0.02837829920626894
28 206.72020223999988 0.026719552390517397
29 206.7202022399999 0.019054520552486014
30 206.72020223999994 0.015743782909716203
31 206.72020224 0.013952190348951095
32 206.72020224 0.014372113930476294
33 206.72020224000005 0.052981424564146506
34 287.3398299716341 0.019622218462691403
35 287.3398299716342 0.02802491241791354
36 287.3398299716342 0.03534323849637747
37 287.3398299716342 0.0323583658691437
38 287.3398299716342 0.043331980752426995
39 287.3398299716342 0.03283976814828259
40 287.33982997163423 0.01715506121494113

156.2729272138966
1 0.0 0.037960809011592406
2 37.15857925999999 0.025014753132107423
3 37.15857925999999 0.02095290381824501
4 37.158579259999996 0.025985639456140516
5 70.13275408505241 0.03171601564037925
6 70.13275408505241 0.02252839734952923
7 70.13275408505247 0.018142621022274742
8 70.13275408505251 0.014238869426423599
9 70.13275408505254 0.031223691094386493
10 95.24446445999995 0.03781371662776527
11 95.24446445999997 0.03344410245077457
12 95.24446446 0.021144103403072045
13 95.24446446 0.012994226015152058
14 95.24446446000005 0.03099897558170209
15 136.58744815494745 0.01556772811796509
16 136.58744815494745 0.02128478776190949
18 136.5874481549475 0.01586852267148012
19 136.58744815494754 0.017391891910672367
20 142.33184782836526 0.026833266282451043
21 142.33184782836534 0.026714058712735928
22 142.33184782836554 0.010301388478894741
23 142.33184782836568 0.02543046140941556
24 142.3318478283657 0.06595152444167551
26 142.33184782836594 0.03984343897034176
28 206.72020223999988 0.01503512437521766
29 206.7202022399999 0.011149183317415724
30 206.72020223999994 0.03574197394761924
31 206.72020224 0.02793950799326355
32 206.72020224 0.016042077685294875
33 206.72020224000005 0.0215368689696048
34 287.3398299716341 0.033240361637779235
35 287.3398299716342 0.019088814954138868
36 287.3398299716342 0.014710557313090619
37 287.3398299716342 0.02951407202633719
38 287.3398299716342 0.03144230619590002
39 287.3398299716342 0.04750141827771834
40 287.33982997163423 0.03943810404333361

156.27292721389716
1 0.0 0.03796080901159307
2 37.15857925999999 0.02816213613698993
3 37.15857925999999 0.022676275195615204
4 37.158579259999996 0.021114885073888316
5 70.13275408505241 0.037846015050684766
6 70.13275408505241 0.019675232666566456
7 70.13275408505247 0.012035666562154494
8 70.13275408505251 0.03040746773747547
9 70.13275408505254 0.023462411549289866
10 95.24446445999995 0.026713452143919836
11 95.24446445999997 0.0290227172851227
12 95.24446446 0.04516753765881745
14 95.24446446000005 0.02048937759754813
15 136.58744815494745 0.01362230070312823
16 136.58744815494745 0.02578657495529213
17 136.58744815494748 0.020867108855564222
18 136.5874481549475 0.011016278628250418
19 136.58744815494754 0.011983839233973715
20 142.33184782836526 0.08441561270057259
21 142.33184782836534 0.05875737674874474
22 142.33184782836554 0.025738558648432282
23 142.33184782836568 0.0174515134668561
24 142.3318478283657 0.01530273581979699
25 142.3318478283659 0.015427486251211162
28 206.72020223999988 0.02557090548013748
29 206.7202022399999 0.02181262388735404
30 206.72020223999994 0.010908429074034717
31 206.72020224 0.0109390344173245
32 206.72020224 0.011232012944963262
33 206.72020224000005 0.018966005716550303
34 287.3398299716341 0.02442856831029287
35 287.3398299716342 0.04182327754944057
36 287.3398299716342 0.02054300058968135
37 287.3398299716342 0.019842350756763445
38 287.3398299716342 0.03070106857387759
39 287.3398299716342 0.03537544924725763
40 287.33982997163423 0.056253060610853035

156.2729272138974
1 0.0 0.037960809011592885
2 37.15857925999999 0.019033915035854443
3 37.15857925999999 0.03208112218418231
4 37.158579259999996 0.020838259186457098
5 70.13275408505241 0.020557157669329737
6 70.13275408505241 0.028138861071892958
7 70.13275408505247 0.02349762775737506
8 70.13275408505251 0.019814542298092045
9 70.13275408505254 0.01967714884005636
10 95.24446445999995 0.03080038775768753
11 95.24446445999997 0.04178576134738948
12 95.24446446 0.029438180490672886
13 95.24446446 0.01194692679979725
14 95.24446446000005 0.032332291545864374
15 136.58744815494745 0.019130853155734442
16 136.58744815494745 0.013417453811252264
17 136.58744815494748 0.013594181378653997
18 136.5874481549475 0.015239116003893563
19 136.58744815494754 0.014762742784830037
22 142.33184782836554 0.050588201446345446
23 142.33184782836568 0.011441314081702458
24 142.3318478283657 0.03331860531400442
25 142.3318478283659 0.04431398254458058
26 142.33184782836594 0.045562693392606574
28 206.72020223999988 0.015594954764899817
29 206.7202022399999 0.02988375064190951
30 206.72020223999994 0.028606296681473485
31 206.72020224 0.02890724064970203
32 206.72020224 0.0308292001528999
34 287.3398299716341 0.03366399080282994
35 287.3398299716342 0.03467452601264857
36 287.3398299716342 0.039361991270056004
37 287.3398299716342 0.036660826659393665
38 287.3398299716342 0.027452784566688416
39 287.3398299716342 0.023948280975214658
40 287.33982997163423 0.0137180118091361

156.2729272138974
1 0.0 0.03796080901159232
2 37.15857925999999 0.02132416474279911
3 37.15857925999999 0.024679734447088354
4 37.158579259999996 0.02594939721660477
5 70.13275408505241 0.043459213074168064
7 70.13275408505247 0.028996046593894414
8 70.13275408505251 0.03109036782400548
9 70.13275408505254 0.01389953773066868
10 95.24446445999995 0.026701605067677905
11 95.24446445999997 0.011229831479077634
12 95.24446446 0.04624187518956781
14 95.24446446000005 0.033601116442459986
16 136.58744815494745 0.028893467721290696
17 136.58744815494748 0.021296998372525026
18 136.5874481549475 0.015496782507086077
19 136.58744815494754 0.0131520314822495
21 142.33184782836534 0.021601829631897322
22 142.33184782836554 0.037290397899178325
23 142.33184782836568 0.02944565991801385
24 142.3318478283657 0.016559018791609044
25 142.3318478283659 0.011125092815577565
26 142.33184782836594 0.08002921978055053
27 206.72020223999988 0.011785860652466503
28 206.72020223999988 0.019939255384628655
29 206.7202022399999 0.02600039093258004
30 206.72020223999994 0.018271855857967343
31 206.72020224 0.015891599397617598
32 206.72020224 0.032744210948625424
33 206.72020224000005 0.025728651859528558
34 287.3398299716341 0.05974036859587969
35 287.3398299716342 0.032165046433127474
36 287.3398299716342 0.01589151474459827
37 287.3398299716342 0.041929621443929706
38 287.3398299716342 0.029969761899724542
39 287.3398299716342 0.018154071100029406
40 287.33982997163423 0.010835697512176473

156.27292721389793
1 0.0 0.037960809011591906
2 37.15857925999999 0.01305630761583895
3 37.15857925999999 0.03082981524718076
4 37.158579259999996 0.028067173543472008
5 70.13275408505241 0.05335768762586952
6 70.13275408505241 0.018471613631606786
7 70.13275408505247 0.0315279794841218
8 70.13275408505251 0.016158599043642637
9 70.13275408505254 0.011073906474007139
10 95.24446445999995 0.025004603174734272
11 95.24446445999997 0.027554889727797637
12 95.24446446 0.023947907617427617
14 95.24446446000005 0.034164539523558135
15 136.58744815494745 0.012637491397804526
16 136.58744815494745 0.0356480234377573
17 136.58744815494748 0.011123880398549627
18 136.5874481549475 0.015775716883835767
19 136.58744815494754 0.012441788915021
20 142.33184782836526 0.1420383926992853
21 142.33184782836534 0.021158214563638335
22 142.33184782836554 0.028181468904776286
24 142.3318478283657 0.0220921052058693
25 142.3318478283659 0.01788608455087082
28 206.72020223999988 0.013218640539347817
29 206.7202022399999 0.018120353425122127
30 206.72020223999994 0.013473228279998506
31 206.72020224 0.012951029322060029
34 287.3398299716341 0.033485329559979855
35 287.3398299716342 0.02665847522051531
36 287.3398299716342 0.024150632399257462
37 287.3398299716342 0.01632996586545251
38 287.3398299716342 0.018872712820551925
39 287.3398299716342 0.03384518252910667
40 287.33982997163423 0.0895328381135905

156.46756854965582
5 70.13275408505241 0.018003531007654738
6 70.13275408505241 0.07620528792305091
7 70.13275408505247 0.06840612917116674
8 70.13275408505251 0.07628655467239087
9 70.13275408505254 0.034145564740552456
10 95.24446445999995 0.07814127195299139
11 95.24446445999997 0.12148497568699701
12 95.24446446 0.12173168528802578
13 95.24446446 0.12162400210121957
14 95.24446446000005 0.0969057721456498
15 136.58744815494745 0.04623506976514519
16 136.58744815494745 0.010270389906955401
17 136.58744815494748 0.04691251662114919
18 136.5874481549475 0.03490213923281151
19 136.58744815494754 0.031625560116069415

156.46756854965687
6 70.13275408505241 0.030739614778197366
7 70.13275408505247 0.06590836474015457
8 70.13275408505251 0.030634655055074345
9 70.13275408505254 0.08121264655081616
10 95.24446445999995 0.1292844477658523
11 95.24446445999997 0.04805264379570483
12 95.24446446 0.04720520826207175
13 95.24446446 0.2782844822656259
14 95.24446446000005 0.12489075395629307
15 136.58744815494745 0.020622466693536734
17 136.58744815494748 0.019924067279472064
18 136.5874481549475 0.044263429023346644
19 136.58744815494754 0.04761143053609876

156.46756854965736
5 70.13275408505241 0.015701440605984957
6 70.13275408505241 0.07704576205962403
7 70.13275408505247 0.039273722549504134
8 70.13275408505251 0.0770679927947797
9 70.13275408505254 0.0648934559574451
10 95.24446445999995 0.09157819363459362
11 95.24446445999997 0.12240404463170663
12 95.24446446 0.12300737875891316
13 95.24446446 0.12238277690483167
14 95.24446446000005 0.07901190205848924
15 136.58744815494745 0.04712254540001783
17 136.58744815494748 0.04737448651411157
18 136.5874481549475 0.03122395731288992
19 136.58744815494754 0.03486592178101848

157.58928277200766
5 70.13275408505241 0.02399944382664148
7 70.13275408505247 0.03348008258223669
8 70.13275408505251 0.21193571299612432
9 70.13275408505254 0.03916250158700725
10 95.24446445999995 0.05143487550762208
11 95.24446445999997 0.012881034618840619
12 95.24446446 0.2553447090789616
13 95.24446446 0.021619543314354308
14 95.24446446000005 0.049929008684094944
16 136.58744815494745 0.01725101442814164
17 136.58744815494748 0.18387775639153286
18 136.5874481549475 0.025828467269316487
19 136.58744815494754 0.027418929366187655

157.58928277200872
5 70.13275408505241 0.028324543884596872
6 70.13275408505241 0.08069908153935243
7 70.13275408505247 0.0812801183103968
8 70.13275408505251 0.03923362775457985
9 70.13275408505254 0.05397338395400236
10 95.24446445999995 0.07696770751953637
11 95.24446445999997 0.10280451001093008
12 95.24446446 0.053080878053484465
13 95.24446446 0.12427074343395876
14 95.24446446000005 0.08995405134998473
15 136.58744815494745 0.06594320866254821
16 136.58744815494745 0.02047362349367199
17 136.58744815494748 0.030283281442996024
18 136.5874481549475 0.06375141929285365
19 136.58744815494754 0.06119350311377954

157.58928277200877
5 70.13275408505241 0.08316280539038191
6 70.13275408505241 0.07397990743819859
7 70.13275408505247 0.1082026697391278
8 70.13275408505251 0.019160772695603845
9 70.13275408505254 0.030504503602606575
10 95.24446445999995 0.07464851802466278
11 95.24446445999997 0.09401447148755232
12 95.24446446 0.027800570519016188
13 95.24446446 0.09318103818705416
14 95.24446446000005 0.10680036104208292
15 136.58744815494745 0.06053955749184198
16 136.58744815494745 0.06926058813565374
17 136.58744815494748 0.013576329509238842
18 136.5874481549475 0.06490981046853943
19 136.58744815494754 0.05249177808511603

157.5892827720088
5 70.13275408505241 0.0327637561964099
6 70.13275408505241 0.03697107468901136
7 70.13275408505247 0.07604078824804282
8 70.13275408505251 0.03798983173673309
9 70.13275408505254 0.08797244772249807
10 95.24446445999995 0.09674138900439129
11 95.24446445999997 0.052771776134168266
12 95.24446446 0.053633089281452356
13 95.24446446 0.16704051058997324
14 95.24446446000005 0.0958148103556731
15 136.58744815494745 0.02826103181392436
16 136.58744815494745 0.025298251760815658
17 136.58744815494748 0.027878613303885844
18 136.5874481549475 0.07416052919407892
19 136.58744815494754 0.07889578178561336

157.58928277200891
5 70.13275408505241 0.11000318776489253
6 70.13275408505241 0.1147892509692381
7 70.13275408505247 0.02874213492749481
8 70.13275408505251 0.010926264724951812
9 70.13275408505254 0.08769543246345582
10 95.24446445999995 0.09258666816758611
11 95.24446445999997 0.1383874629258209
12 95.24446446 0.014657586511806884
13 95.24446446 0.030567098919120787
14 95.24446446000005 0.06053830213465455
15 136.58744815494745 0.09796378555787284
16 136.58744815494745 0.09787933859963303
18 136.5874481549475 0.03718424196743082
19 136.58744815494754 0.041798448741986405

159.93216274359258
2 37.15857925999999 0.20142958041893316
3 37.15857925999999 0.49582988735255445
4 37.158579259999996 0.14153414321693195
5 70.13275408505241 0.02505551177064608
7 70.13275408505247 0.013910585515533149
8 70.13275408505251 0.010087028899452944
14 95.24446446000005 0.012233482728562122
16 136.58744815494745 0.01833956556668858
17 136.58744815494748 0.010303822549926038

159.93216274359284
2 37.15857925999999 0.2558702306213068
3 37.15857925999999 0.27235261285927337
4 37.158579259999996 0.3105707675078416
6 70.13275408505241 0.011799338950683986
9 70.13275408505254 0.013681225682672852
10 95.24446445999995 0.01373971844274842
11 95.24446445999997 0.014362969557548256
12 95.24446446 0.010888414367008135
14 95.24446446000005 0.01121127973497095
15 136.58744815494745 0.010142881363777417
19 136.58744815494754 0.01040577846824403

159.93216274359327
2 37.15857925999999 0.33444978691050486
3 37.15857925999999 0.16431912928899237
4 37.158579259999996 0.34002469478892466
5 70.13275408505241 0.011109375678204064
7 70.13275408505247 0.010813921296413294
8 70.13275408505251 0.013536409053956156
9 70.13275408505254 0.010375415499647636
10 95.24446445999995 0.011321861169408032
12 95.24446446 0.01731628493557846
14 95.24446446000005 0.011997925324397416
16 136.58744815494745 0.010140610071784005
17 136.58744815494748 0.011093238213172043

159.93216274359398
2 37.15857925999999 0.20027810407270275
3 37.15857925999999 0.1497097189389497
4 37.158579259999996 0.48880578797677166
6 70.13275408505241 0.013009211603650823
8 70.13275408505251 0.011958975011017767
9 70.13275408505254 0.010597145727241191
11 95.24446445999997 0.0182084778451127
12 95.24446446 0.01676820807501178
16 136.58744815494745 0.010295139814019328

159.93216274359546
2 37.15857925999999 0.388784137423293
3 37.15857925999999 0.32606109679096423
4 37.158579259999996 0.12394837677416082
5 70.13275408505241 0.011629866568911448
6 70.13275408505241 0.010046332744254921
7 70.13275408505247 0.011630889297390572
9 70.13275408505254 0.013146450778754072
10 95.24446445999995 0.01574173375182048
13 95.24446446 0.012048600641597684
14 95.24446446000005 0.015208074528464824
15 136.58744815494745 0.010340954897849254
18 136.5874481549475 0.010091297213407735
19 136.58744815494754 0.010410488497784434

161.6648359749719
1 0.0 0.035841589606512264
2 37.15857925999999 0.18323173576449792
3 37.15857925999999 0.44883349647546555
4 37.158579259999996 0.2577267292301021

161.66483597497347
1 0.0 0.03584158960651189
2 37.15857925999999 0.35820476379739036
3 37.15857925999999 0.21771448718989694
4 37.158579259999996 0.3138727104827733

161.66483597497552
1 0.0 0.03584158960651255
2 37.15857925999999 0.34627741608429563
3 37.15857925999999 0.22400627168276188
4 37.158579259999996 0.31950827370301454

175.79021877626062
2 37.15857925999999 0.022501920849483728
3 37.15857925999999 0.0342025767202736
4 37.158579259999996 0.027394121541327063
5 70.13275408505241 0.0669875217870494
6 70.13275408505241 0.05202303109867377
7 70.13275408505247 0.05491819144413874
8 70.13275408505251 0.04359109340569601
9 70.13275408505254 0.033106323181677916
10 95.24446445999995 0.031579985621076355
11 95.24446445999997 0.04165329081541842
12 95.24446446 0.03471202941510409
14 95.24446446000005 0.036516813381566295
15 136.58744815494745 0.05826584344388693
16 136.58744815494745 0.06592764234683844
17 136.58744815494748 0.049330189321713215
18 136.5874481549475 0.05184642633071309
19 136.58744815494754 0.04662108361267165
20 142.33184782836526 0.015016136004499464
21 142.33184782836534 0.011689036216106374
22 142.33184782836554 0.01603400010640166
23 142.33184782836568 0.010629052404767832
24 142.3318478283657 0.01280391449224821
26 142.33184782836594 0.01674580323161333
29 206.7202022399999 0.01084108682170132
34 287.3398299716341 0.016092773374530203
35 287.3398299716342 0.01505980190045209
37 287.3398299716342 0.013618393199246313
38 287.3398299716342 0.013577463062735226
39 287.3398299716342 0.013390283216985288
40 287.33982997163423 0.014254430351725975

175.79021877626087
2 37.15857925999999 0.03060080128959532
3 37.15857925999999 0.025143324272089908
4 37.158579259999996 0.028354493549399253
5 70.13275408505241 0.05927308236234882
6 70.13275408505241 0.03796689879995002
7 70.13275408505247 0.04998885098230608
8 70.13275408505251 0.05092793336312196
9 70.13275408505254 0.04935575693328844
10 95.24446445999995 0.03797592279336964
11 95.24446445999997 0.030391323391449895
12 95.24446446 0.040964916034109004
14 95.24446446000005 0.03790376964555987
15 136.58744815494745 0.04324192020378855
16 136.58744815494745 0.058255790445836064
17 136.58744815494748 0.057367656302919665
18 136.5874481549475 0.05562625428212055
19 136.58744815494754 0.0556083411604031
20 142.33184782836526 0.01745609536030409
22 142.33184782836554 0.012917700777753902
24 142.3318478283657 0.012864288680386063
25 142.3318478283659 0.017255195861358045
26 142.33184782836594 0.01593257517752706
30 206.72020223999994 0.010677654371424511
31 206.72020224 0.010820633411345204
32 206.72020224 0.01155782400267763
34 287.3398299716341 0.015745933271112532
35 287.3398299716342 0.011829652060145555
36 287.3398299716342 0.016630221420135767
37 287.3398299716342 0.014279137900235179
38 287.3398299716342 0.010894600807583282
39 287.3398299716342 0.011931361869082951
40 287.33982997163423 0.014887090413869371

175.79021877626096
2 37.15857925999999 0.03398307376681435
3 37.15857925999999 0.021875642218958234
4 37.158579259999996 0.02823990312531283
5 70.13275408505241 0.06310811129307926
6 70.13275408505241 0.0467117019509733
7 70.13275408505247 0.04077644470404829
8 70.13275408505251 0.04386196187655583
9 70.13275408505254 0.0549426877303785
10 95.24446445999995 0.03805162143935332
11 95.24446445999997 0.037373021991314724
12 95.24446446 0.03508189482724728
14 95.24446446000005 0.03405883997743634
15 136.58744815494745 0.05293114016750154
16 136.58744815494745 0.06275110157454074
17 136.58744815494748 0.04953706986073473
18 136.5874481549475 0.051610462180570395
19 136.58744815494754 0.05441719291139948
20 142.33184782836526 0.014076179009448677
21 142.33184782836534 0.013234770511554557
22 142.33184782836554 0.010853966602897926
23 142.33184782836568 0.016804100468201518
25 142.3318478283659 0.01613085838405657
26 142.33184782836594 0.010512092238868892
33 206.72020224000005 0.011473046747918894
34 287.3398299716341 0.01315696604115992
35 287.3398299716342 0.012578291589843206
36 287.3398299716342 0.01684248387433923
37 287.3398299716342 0.013992069219091305
38 287.3398299716342 0.013643747595694358
39 287.3398299716342 0.012099409321555734
40 287.33982997163423 0.013053160196589305

175.7902187762611
2 37.15857925999999 0.03504341331524275
3 37.15857925999999 0.010848079012044725
4 37.158579259999996 0.03820712678379718
5 70.13275408505241 0.10329778963242787
6 70.13275408505241 0.022685551462368208
7 70.13275408505247 0.0316327713192253
8 70.13275408505251 0.0250246134750948
9 70.13275408505254 0.08186538327273934
10 95.24446445999995 0.047312559315477336
11 95.24446445999997 0.01859807561763995
12 95.24446446 0.020466778281146555
14 95.24446446000005 0.03369562529502408
15 136.58744815494745 0.02698313147991742
16 136.58744815494745 0.10433363491494102
17 136.58744815494748 0.027970628209889385
18 136.5874481549475 0.05579374608575295
19 136.58744815494754 0.06534071891242303
20 142.33184782836526 0.03475752350783975
23 142.33184782836568 0.025681870217794566
25 142.3318478283659 0.011921094851166221
33 206.72020224000005 0.015151802424371742
34 287.3398299716341 0.01608099613378798
36 287.3398299716342 0.015898029738598697
37 287.3398299716342 0.01240269694084253
38 287.3398299716342 0.012118184110740126
39 287.3398299716342 0.012330785408655698
40 287.33982997163423 0.025968890033209725

175.7902187762612
2 37.15857925999999 0.03055306054953942
3 37.15857925999999 0.03710293028281994
4 37.158579259999996 0.016442628278725734
5 70.13275408505241 0.030655394775841078
6 70.13275408505241 0.06935103027777689
7 70.13275408505247 0.034030504873532916
8 70.13275408505251 0.07587079231593076
9 70.13275408505254 0.02835226807201452
10 95.24446445999995 0.02450570309233314
11 95.24446445999997 0.05453686853704471
12 95.24446446 0.06017820705009155
14 95.24446446000005 0.02539283440835637
15 136.58744815494745 0.07758996544537933
16 136.58744815494745 0.02996343805051749
17 136.58744815494748 0.0860138943485725
18 136.5874481549475 0.03612188499099992
19 136.58744815494754 0.034790795557104945
21 142.33184782836534 0.023219175625022664
22 142.33184782836554 0.023694878779632802
25 142.3318478283659 0.011453738818071832
28 206.72020223999988 0.012666325124112766
29 206.7202022399999 0.01568086037216064
35 287.3398299716342 0.024767120411537093
36 287.3398299716342 0.010844326914980775
37 287.3398299716342 0.012199763348275725
38 287.3398299716342 0.016189359456916474
39 287.3398299716342 0.013702273140352864

175.79021877626215
2 37.15857925999999 0.020253675079510935
3 37.15857925999999 0.034805178908424224
4 37.158579259999996 0.029039765123149028
5 70.13275408505241 0.0569907790004718
6 70.13275408505241 0.030044343470580295
7 70.13275408505247 0.05764945914614918
8 70.13275408505251 0.054560894779911065
9 70.13275408505254 0.04697441103728254
10 95.24446445999995 0.03918743186205498
11 95.24446445999997 0.024119938328629218
12 95.24446446 0.044081704783282764
14 95.24446446000005 0.041318537808218994
15 136.58744815494745 0.03448042780052237
16 136.58744815494745 0.05545915968494547
17 136.58744815494748 0.06133425248704569
18 136.5874481549475 0.06003810529382192
19 136.58744815494754 0.05800287118604246
20 142.33184782836526 0.015629373577651644
21 142.33184782836534 0.013515922249129671
23 142.33184782836568 0.014966083978603984
24 142.3318478283657 0.010615027110134189
25 142.3318478283659 0.023484888161582895
30 206.72020223999994 0.010026094024884576
31 206.72020224 0.01098740779436518
32 206.72020224 0.011348748712015466
34 287.3398299716341 0.011666424490284264
36 287.3398299716342 0.022566272413414853
37 287.3398299716342 0.01416508747525593
38 287.3398299716342 0.011935337484010721
39 287.3398299716342 0.012332809586566905
40 287.33982997163423 0.013947772101239304

175.79021877626266
2 37.15857925999999 0.019066922349363528
3 37.15857925999999 0.03353309042388017
4 37.158579259999996 0.031498606337841226
5 70.13275408505241 0.07562511567717795
6 70.13275408505241 0.04069220630577147
7 70.13275408505247 0.05818273293318444
8 70.13275408505251 0.0352775499423015
9 70.13275408505254 0.04361573610042043
10 95.24446445999995 0.03732293970142695
11 95.24446445999997 0.03290546138449154
12 95.24446446 0.028335013039296857
14 95.24446446000005 0.040241967377991614
15 136.58744815494745 0.04593207791365077
16 136.58744815494745 0.07455858926921916
17 136.58744815494748 0.03976494695048279
18 136.5874481549475 0.05853106434864182
19 136.58744815494754 0.054885290531591975
20 142.33184782836526 0.01790364054766471
22 142.33184782836554 0.01136794277743201
23 142.33184782836568 0.013863385229950264
24 142.3318478283657 0.01348373783969361
25 142.3318478283659 0.011385805336473973
26 142.33184782836594 0.0165443171834339
34 287.3398299716341 0.017202529398290218
35 287.3398299716342 0.010277717802512779
36 287.3398299716342 0.012981372040343756
37 287.3398299716342 0.014235605470655017
38 287.3398299716342 0.012294610864230135
39 287.3398299716342 0.012875603192977226
40 287.33982997163423 0.016403693820028643

175.79021877626369
2 37.15857925999999 0.022319482465414098
3 37.15857925999999 0.03242686392788517
4 37.158579259999996 0.02935227271778497
5 70.13275408505241 0.07799173915579011
6 70.13275408505241 0.04447802769372675
7 70.13275408505247 0.06646001290778879
8 70.13275408505251 0.04315677928011872
9 70.13275408505254 0.022316745032021062
10 95.24446445999995 0.02914540386358837
11 95.24446445999997 0.03574339182776051
12 95.24446446 0.03450501314700358
14 95.24446446000005 0.04012641922410788
15 136.58744815494745 0.04973540159650751
16 136.58744815494745 0.07648238548774836
17 136.58744815494748 0.048748958335648455
18 136.5874481549475 0.05471626588958527
19 136.58744815494754 0.044602408859669464
20 142.33184782836526 0.023126185858204876
21 142.33184782836534 0.01620969222222884
24 142.3318478283657 0.015551679466531191
26 142.33184782836594 0.021796195846159376
34 287.3398299716341 0.0199053790564892
35 287.3398299716342 0.013028905434943956
37 287.3398299716342 0.013005712788998133
38 287.3398299716342 0.011651846494563084
39 287.3398299716342 0.015175028277094089
40 287.33982997163423 0.01921274388606086

