1 0.0 1  0.0 9.635640551289123e-30
1 0.0 2  32.76 0.2954184187859244
1 0.0 3  32.76 0.29541841878592323
1 0.0 4  32.76 0.29541841878592834
1 0.0 5  66.74 0.03646513380860793
1 0.0 6  66.74 0.03646513380860767
1 0.0 7  66.74 0.03646513380860765
1 0.0 8  67.83 5.505606565327969e-27
1 0.0 9  67.83 6.969708430621625e-27
1 0.0 10  67.83 2.1764879730451594e-29
1 0.0 11  67.83 7.631032564295111e-30
1 0.0 12  67.83 4.059730369246885e-26
1 0.0 13  89.36 1.1781237921313153e-31
1 0.0 14  89.36 1.6812524763138567e-30
1 0.0 15  89.36 1.6707658161517044e-31
1 0.0 16  89.36 2.76537176526689e-31
1 0.0 17  89.36 3.019053703052785e-31
1 0.0 18  91.18 4.644153121037936e-31
1 0.0 19  92.16 2.501116414902114e-32
1 0.0 20  92.16 3.082739901067833e-32
1 0.0 21  92.16 1.6051084187058208e-32
1 0.0 22  92.16 7.298068687885217e-31
1 0.0 23  92.16 1.4765525655974559e-31
1 0.0 24  99.97 1.0042158627818001e-30
1 0.0 25  99.97 1.5639509836449747e-31
1 0.0 26  99.97 2.475820856234303e-31
1 0.0 27  119.57 5.345111772647485e-32
1 0.0 28  119.57 3.2457840440171444e-32
1 0.0 29  119.57 2.5222778999862545e-32
1 0.0 30  119.57 5.16726558579786e-32
1 0.0 31  119.57 9.796549689920793e-33
1 0.0 32  119.57 6.058713026014299e-32
1 0.0 33  119.57 4.6794681028643336e-32
1 0.0 34  127.71 8.323907987230821e-31
1 0.0 35  127.71 1.9640127219515431e-31
1 0.0 36  127.71 9.258328626323588e-31
1 0.0 37  127.71 4.890577766687804e-31
1 0.0 38  127.71 2.1870721700706855e-31
1 0.0 39  129.81 1.107142231294212e-5
1 0.0 40  129.81 1.1071422312943655e-5
1 0.0 41  129.81 1.1071422312943384e-5
1 0.0 42  133.02 2.2682011176918804e-31
1 0.0 43  134.76 9.296552811905551e-32
1 0.0 44  134.76 5.306279483914574e-33
1 0.0 45  134.76 1.2754573700455742e-32
1 0.0 46  134.76 3.06037258059746e-32
1 0.0 47  134.76 4.265927837319285e-31
1 0.0 48  140.52 2.732277418818348e-31
1 0.0 49  140.52 5.834535656360395e-31
1 0.0 50  140.52 3.3475680502655334e-31
1 0.0 51  140.52 6.772005906905266e-31
1 0.0 52  140.52 4.158355232207131e-31
1 0.0 53  145.8 1.415335049604562e-31
1 0.0 54  145.8 3.75321433447771e-31
1 0.0 55  145.8 7.026822635209385e-33
1 0.0 56  145.8 2.2243865562037474e-31
1 0.0 57  145.8 2.0906125411730553e-32
1 0.0 58  145.8 1.2954222305810553e-31
1 0.0 59  145.8 1.8685067054126616e-32
1 0.0 60  148.61 2.758562843471438e-32
1 0.0 61  148.61 1.2971182178590655e-31
1 0.0 62  148.61 2.4796686704069257e-31
1 0.0 63  148.61 5.5752695536946765e-33
1 0.0 64  148.61 4.6747106732426695e-33
1 0.0 65  148.61 1.7919440973750655e-32
1 0.0 66  148.61 1.120633632656042e-30
1 0.0 67  152.73 0.00032135400639903645
1 0.0 68  152.73 0.00032135400639903645
1 0.0 69  152.73 0.0003213540063990417
1 0.0 70  156.27 5.283001119264673e-31
1 0.0 71  156.27 6.211650429002898e-32
1 0.0 72  156.27 1.0087976865549366e-32
1 0.0 73  156.27 1.6201056519355964e-32
1 0.0 74  156.27 1.4009797690496423e-32
1 0.0 75  156.27 1.9471654732040797e-32
1 0.0 76  156.27 5.235048957729699e-32
1 0.0 77  156.47 6.789270056944716e-32
1 0.0 78  156.47 8.573861028516393e-33
1 0.0 79  156.47 4.0207900661518654e-31
1 0.0 80  157.59 5.219546123475532e-32
1 0.0 81  157.59 2.5967927788284884e-30
1 0.0 82  157.59 1.9994416534204877e-31
1 0.0 83  157.59 1.4018818538435297e-30
1 0.0 84  157.59 4.662911034448945e-31
1 0.0 85  159.93 1.1210394082754864e-32
1 0.0 86  159.93 5.726454343112814e-31
1 0.0 87  159.93 7.030824938169931e-33
1 0.0 88  159.93 6.428870657827639e-30
1 0.0 89  159.93 4.9458125830111115e-31
1 0.0 90  161.66 3.6193873061495485e-5
1 0.0 91  161.66 3.619387306149583e-5
1 0.0 92  161.66 3.6193873061495844e-5
1 0.0 93  175.79 4.6888679195948565e-32
1 0.0 94  175.79 8.975615085422873e-32
1 0.0 95  175.79 6.351667313365784e-32
1 0.0 96  175.79 2.336402010744788e-32
1 0.0 97  175.79 2.9406028829810365e-32
1 0.0 98  175.79 6.976578770776005e-32
1 0.0 99  175.79 5.444141098029306e-33
1 0.0 100  175.79 1.7479064400296403e-33
2 32.76 2  0.0 1.5693233037139832e-31
2 32.76 3  0.0 5.939822112002089e-31
2 32.76 4  0.0 2.5775986181942784e-27
2 32.76 5  33.99 1.4503987263357374e-25
2 32.76 6  33.99 5.150484972511758e-27
2 32.76 7  33.99 1.0080407392869971e-26
2 32.76 8  35.07 0.04012148819278627
2 32.76 9  35.07 0.05624658170312045
2 32.76 10  35.07 0.05342309472611355
2 32.76 11  35.07 0.03154953072213958
2 32.76 12  35.07 0.13076311173223604
2 32.76 13  56.61 0.011489817761459908
2 32.76 14  56.61 0.011683950786738038
2 32.76 15  56.61 0.0135977246226521
2 32.76 16  56.61 0.01162540437717616
2 32.76 17  56.61 0.011668858569434904
2 32.76 18  58.42 0.006722835528354803
2 32.76 19  59.4 3.428326454181478e-30
2 32.76 20  59.4 1.3627669950835995e-30
2 32.76 21  59.4 6.873070862373691e-30
2 32.76 22  59.4 2.649735453618263e-27
2 32.76 23  59.4 3.3163181646904717e-29
2 32.76 24  67.21 0.012420851649608522
2 32.76 25  67.21 0.017792488845508596
2 32.76 26  67.21 0.013085576774638449
2 32.76 27  86.82 5.219906526214932e-30
2 32.76 28  86.82 2.4545848662203863e-29
2 32.76 29  86.82 1.3391380220850327e-29
2 32.76 30  86.82 1.548075371065611e-30
2 32.76 31  86.82 2.980113563169849e-30
2 32.76 32  86.82 9.416376900910038e-29
2 32.76 33  86.82 8.657879188714774e-29
2 32.76 34  94.96 0.022596893635442296
2 32.76 35  94.96 0.036403421354412796
2 32.76 36  94.96 0.006411582812047783
2 32.76 37  94.96 0.026671880174123145
2 32.76 38  94.96 0.04598410682797505
2 32.76 39  97.05 3.9215908856370305e-29
2 32.76 40  97.05 3.2448379112354854e-29
2 32.76 41  97.05 8.793416277540882e-29
2 32.76 42  100.27 0.0014966876820484377
2 32.76 43  102.0 5.5709032869817804e-30
2 32.76 44  102.0 6.678341814410724e-30
2 32.76 45  102.0 1.502313230234396e-29
2 32.76 46  102.0 3.622718207701275e-29
2 32.76 47  102.0 8.981429644309106e-29
2 32.76 48  107.76 0.02221427030930685
2 32.76 49  107.76 0.00928541464457474
2 32.76 50  107.76 0.015935494221363124
2 32.76 51  107.76 0.02004246617585871
2 32.76 52  107.76 0.011713706922810107
2 32.76 53  113.05 1.0114293767328647e-29
2 32.76 54  113.05 4.066426629774752e-30
2 32.76 55  113.05 1.0785516837600357e-30
2 32.76 56  113.05 1.5487143604696798e-30
2 32.76 57  113.05 1.7917228291031635e-30
2 32.76 58  113.05 3.7148633988463846e-29
2 32.76 59  113.05 1.4742187638820707e-29
2 32.76 60  115.85 1.3809104852153568e-30
2 32.76 61  115.85 1.6888813678120744e-29
2 32.76 62  115.85 2.2313193166181577e-29
2 32.76 63  115.85 2.5864043160846875e-29
2 32.76 64  115.85 1.2181819430184435e-29
2 32.76 65  115.85 2.7523466114320567e-31
2 32.76 66  115.85 1.8969068596347737e-29
2 32.76 67  119.98 1.2467408366813077e-29
2 32.76 68  119.98 1.868020480357268e-29
2 32.76 69  119.98 2.3051550505879818e-29
2 32.76 70  123.52 1.2036248989802116e-27
2 32.76 71  123.52 1.7437688794972364e-29
2 32.76 72  123.52 7.017609554845748e-27
2 32.76 73  123.52 7.55126487563367e-27
2 32.76 74  123.52 3.8216665445482808e-28
2 32.76 75  123.52 7.841411913409092e-30
2 32.76 76  123.52 1.6198671109292238e-27
2 32.76 77  123.71 0.0002602929727988514
2 32.76 78  123.71 0.00024138786458190935
2 32.76 79  123.71 0.00040615208506834604
2 32.76 80  124.83 0.011659471954808579
2 32.76 81  124.83 0.002354253364266226
2 32.76 82  124.83 0.009102117802031602
2 32.76 83  124.83 0.017015426120381198
2 32.76 84  124.83 0.011171303647311755
2 32.76 85  127.18 4.972866340417072e-29
2 32.76 86  127.18 3.0958296294132485e-28
2 32.76 87  127.18 4.0470895393452317e-29
2 32.76 88  127.18 2.2926701590393876e-27
2 32.76 89  127.18 3.0561573111390106e-29
2 32.76 90  128.91 2.408746558995489e-28
2 32.76 91  128.91 1.4032869137254125e-29
2 32.76 92  128.91 1.3042831423981107e-29
2 32.76 93  143.03 1.0988434181377796e-30
2 32.76 94  143.03 7.260332946746038e-32
2 32.76 95  143.03 1.1284554203119167e-30
2 32.76 96  143.03 4.2095437835276574e-32
2 32.76 97  143.03 1.5495499119491325e-32
2 32.76 98  143.03 1.4528674677228038e-29
2 32.76 99  143.03 7.0873563345007555e-31
2 32.76 100  143.03 3.550423330596173e-32
3 32.76 3  0.0 1.4631916405862499e-30
3 32.76 4  0.0 4.659386940750146e-27
3 32.76 5  33.99 3.9964690363246507e-26
3 32.76 6  33.99 9.943730297067386e-27
3 32.76 7  33.99 9.073224376995345e-27
3 32.76 8  35.07 0.07719563529356063
3 32.76 9  35.07 0.051028337996813874
3 32.76 10  35.07 0.02310351408015369
3 32.76 11  35.07 0.12794976884749848
3 32.76 12  35.07 0.036559369614894754
3 32.76 13  56.61 0.01692764382256991
3 32.76 14  56.61 0.014028299621864034
3 32.76 15  56.61 0.01348567250484698
3 32.76 16  56.61 0.015311333558114596
3 32.76 17  56.61 0.008537067386000127
3 32.76 18  58.42 0.006722835528355597
3 32.76 19  59.4 1.490259233762752e-30
3 32.76 20  59.4 2.425310652632359e-30
3 32.76 21  59.4 2.415562027500546e-30
3 32.76 22  59.4 1.943074180066523e-27
3 32.76 23  59.4 2.329127413102975e-29
3 32.76 24  67.21 0.009467852997452977
3 32.76 25  67.21 0.02087970703136205
3 32.76 26  67.21 0.012978453218023543
3 32.76 27  86.82 1.4905827945225448e-29
3 32.76 28  86.82 1.6306229889509948e-29
3 32.76 29  86.82 1.3388404412090405e-28
3 32.76 30  86.82 1.3230430090031009e-30
3 32.76 31  86.82 1.8359763025151288e-30
3 32.76 32  86.82 9.335634711543919e-29
3 32.76 33  86.82 2.773597342652609e-29
3 32.76 34  94.96 0.032557140496321114
3 32.76 35  94.96 0.007379197398661883
3 32.76 36  94.96 0.06229385844510224
3 32.76 37  94.96 0.031080163179510126
3 32.76 38  94.96 0.003869001392987822
3 32.76 39  97.05 6.336539574636779e-29
3 32.76 40  97.05 3.692291392305245e-29
3 32.76 41  97.05 7.996382019712065e-29
3 32.76 42  100.27 0.001496687682048402
3 32.76 43  102.0 2.6316842855585027e-30
3 32.76 44  102.0 1.623657718445135e-29
3 32.76 45  102.0 7.963145455912246e-30
3 32.76 46  102.0 3.1214433891194316e-28
3 32.76 47  102.0 1.6817912426532933e-28
3 32.76 48  107.76 0.012868978746770255
3 32.76 49  107.76 0.005362197118544597
3 32.76 50  107.76 0.02116043737532079
3 32.76 51  107.76 0.01827937498799223
3 32.76 52  107.76 0.02104879565461251
3 32.76 53  113.05 1.2612874812828601e-29
3 32.76 54  113.05 8.635088526628034e-30
3 32.76 55  113.05 1.757341354349853e-30
3 32.76 56  113.05 6.2503698868936686e-30
3 32.76 57  113.05 1.386752728285977e-30
3 32.76 58  113.05 3.1331354478138535e-29
3 32.76 59  113.05 1.8938139130562415e-29
3 32.76 60  115.85 4.26749088984888e-31
3 32.76 61  115.85 9.843211190362034e-30
3 32.76 62  115.85 1.7096315866112214e-29
3 32.76 63  115.85 3.2279696504866614e-29
3 32.76 64  115.85 6.938516029791694e-30
3 32.76 65  115.85 4.299235195327458e-31
3 32.76 66  115.85 2.0826073255623184e-29
3 32.76 67  119.98 4.7659949477878425e-30
3 32.76 68  119.98 9.263009531663501e-29
3 32.76 69  119.98 2.96694458101831e-29
3 32.76 70  123.52 1.9832561231284245e-27
3 32.76 71  123.52 4.054518679098304e-29
3 32.76 72  123.52 2.0660081085259666e-27
3 32.76 73  123.52 2.021528789407966e-27
3 32.76 74  123.52 1.9723916073163531e-28
3 32.76 75  123.52 9.290268036437759e-30
3 32.76 76  123.52 1.2242964368338345e-27
3 32.76 77  123.71 0.000267236429027033
3 32.76 78  123.71 0.0002736534114091077
3 32.76 79  123.71 0.0003651917001636118
3 32.76 80  124.83 0.0037052610932019328
3 32.76 81  124.83 0.019885289008675925
3 32.76 82  124.83 0.008942300418858172
3 32.76 83  124.83 0.0070161765150093735
3 32.76 84  124.83 0.010234333709329042
3 32.76 85  127.18 8.290404407656724e-29
3 32.76 86  127.18 2.464141351994492e-28
3 32.76 87  127.18 3.755764540987264e-29
3 32.76 88  127.18 1.1073265233231404e-27
3 32.76 89  127.18 1.6311867126581866e-28
3 32.76 90  128.91 1.5266778256269403e-28
3 32.76 91  128.91 1.2786562853908742e-28
3 32.76 92  128.91 1.412053320475045e-29
3 32.76 93  143.03 1.0698465094091349e-30
3 32.76 94  143.03 5.175825571458712e-32
3 32.76 95  143.03 1.4790440137610415e-30
3 32.76 96  143.03 7.350665044745005e-33
3 32.76 97  143.03 1.2209603000779695e-32
3 32.76 98  143.03 6.873039577751292e-30
3 32.76 99  143.03 6.928361077013329e-31
3 32.76 100  143.03 2.7885057021195005e-33
4 32.76 4  0.0 3.7186588591638446e-27
4 32.76 5  33.99 2.4160174894845075e-26
4 32.76 6  33.99 7.904968187906934e-27
4 32.76 7  33.99 1.6544268488840946e-26
4 32.76 8  35.07 0.05800134838801027
4 32.76 9  35.07 0.09246322771580225
4 32.76 10  35.07 0.10555544494759056
4 32.76 11  35.07 0.03677153453989339
4 32.76 12  35.07 0.023440600523990784
4 32.76 13  56.61 0.011384273303649608
4 32.76 14  56.61 0.013097637907474244
4 32.76 15  56.61 0.016349633729212124
4 32.76 16  56.61 0.011968562634351407
4 32.76 17  56.61 0.020786342947167694
4 32.76 18  58.42 0.006722835528355135
4 32.76 19  59.4 3.2284289387149116e-27
4 32.76 20  59.4 1.917603124675101e-27
4 32.76 21  59.4 3.831689788615873e-27
4 32.76 22  59.4 7.204968001274733e-27
4 32.76 23  59.4 6.58021494241152e-27
4 32.76 24  67.21 0.019923352151004152
4 32.76 25  67.21 0.0036067551309616995
4 32.76 26  67.21 0.019847116044884018
4 32.76 27  86.82 3.462662853518597e-27
4 32.76 28  86.82 1.646885343750908e-27
4 32.76 29  86.82 2.2674820315317026e-27
4 32.76 30  86.82 1.9788727766931508e-27
4 32.76 31  86.82 2.095846942908736e-27
4 32.76 32  86.82 1.5944840017516165e-27
4 32.76 33  86.82 5.79726206687298e-28
4 32.76 34  94.96 0.026599122161094817
4 32.76 35  94.96 0.040763614775912
4 32.76 36  94.96 0.006688883383866181
4 32.76 37  94.96 0.03091649264974899
4 32.76 38  94.96 0.033386627134475745
4 32.76 39  97.05 4.9399105511417104e-29
4 32.76 40  97.05 3.900846977880751e-29
4 32.76 41  97.05 7.171712376889179e-29
4 32.76 42  100.27 0.0014966876820480574
4 32.76 43  102.0 2.636335559762261e-28
4 32.76 44  102.0 9.822922152055224e-28
4 32.76 45  102.0 5.554502695799278e-28
4 32.76 46  102.0 5.403960999048857e-28
4 32.76 47  102.0 5.219496539232286e-28
4 32.76 48  107.76 0.011233992402547301
4 32.76 49  107.76 0.030544079161803767
4 32.76 50  107.76 0.012099490005198789
4 32.76 51  107.76 0.011159095007485161
4 32.76 52  107.76 0.014298530388921066
4 32.76 53  113.05 3.5396568504987066e-28
4 32.76 54  113.05 2.837712847025192e-28
4 32.76 55  113.05 4.573629704772462e-28
4 32.76 56  113.05 7.217594606043025e-28
4 32.76 57  113.05 4.939646919947843e-28
4 32.76 58  113.05 2.9470777121429156e-28
4 32.76 59  113.05 4.203978927697887e-28
4 32.76 60  115.85 8.614795787758074e-31
4 32.76 61  115.85 1.408101428646567e-29
4 32.76 62  115.85 2.68156744895401e-29
4 32.76 63  115.85 1.7616899172137816e-29
4 32.76 64  115.85 2.212734152093647e-29
4 32.76 65  115.85 1.2687021587543257e-30
4 32.76 66  115.85 7.932053509904214e-30
4 32.76 67  119.98 3.6445090114205705e-29
4 32.76 68  119.98 4.6691374632717956e-29
4 32.76 69  119.98 3.526956066715226e-29
4 32.76 70  123.52 3.430793758307187e-27
4 32.76 71  123.52 2.8206557403579327e-27
4 32.76 72  123.52 9.920332424474702e-27
4 32.76 73  123.52 3.139208364908319e-27
4 32.76 74  123.52 2.8951627004162044e-27
4 32.76 75  123.52 2.283359818174802e-27
4 32.76 76  123.52 2.08662031912361e-27
4 32.76 77  123.71 0.0003892217312744232
4 32.76 78  123.71 0.0004084580809613424
4 32.76 79  123.71 0.00011095562984263093
4 32.76 80  124.83 0.014268503330465355
4 32.76 81  124.83 0.00845048311565903
4 32.76 82  124.83 0.013366584335693153
4 32.76 83  124.83 0.008606359615954842
4 32.76 84  124.83 0.010573898445236629
4 32.76 85  127.18 6.508975880319235e-29
4 32.76 86  127.18 3.2866404513826916e-28
4 32.76 87  127.18 2.0438608713522674e-29
4 32.76 88  127.18 7.170271699242068e-28
4 32.76 89  127.18 1.598876009669486e-28
4 32.76 90  128.91 8.931080185558965e-29
4 32.76 91  128.91 8.201008814291561e-29
4 32.76 92  128.91 3.010795279749456e-29
4 32.76 93  143.03 8.94529910704551e-31
4 32.76 94  143.03 1.3988898158557943e-31
4 32.76 95  143.03 1.0578837875701727e-30
4 32.76 96  143.03 5.167104784278704e-32
4 32.76 97  143.03 1.4539327535239972e-32
4 32.76 98  143.03 1.2707482692795573e-29
4 32.76 99  143.03 8.533724564560076e-31
4 32.76 100  143.03 8.977595091065519e-34
5 66.74 5  0.0 3.466466045161299e-28
5 66.74 6  0.0 1.8954117954226473e-28
5 66.74 7  0.0 8.180594864765688e-29
5 66.74 8  1.09 0.00016124702930268603
5 66.74 9  1.09 8.566634826105417e-5
5 66.74 10  1.09 0.00010944309986257978
5 66.74 11  1.09 8.644735697775994e-5
5 66.74 12  1.09 0.00011786575233888548
5 66.74 13  22.62 0.04038030251302491
5 66.74 14  22.62 0.08024777231807906
5 66.74 15  22.62 0.028040857758069315
5 66.74 16  22.62 0.07787630693395901
5 66.74 17  22.62 0.04941337939757458
5 66.74 18  24.44 0.09153454466256196
5 66.74 19  25.41 1.0085153805546803e-25
5 66.74 20  25.41 5.578548974635541e-26
5 66.74 21  25.41 8.271307759541744e-26
5 66.74 22  25.41 6.381064738996213e-26
5 66.74 23  25.41 5.0793820394693887e-26
5 66.74 24  33.23 0.1128454058033891
5 66.74 25  33.23 0.11057288669713317
5 66.74 26  33.23 0.05920088760451242
5 66.74 27  52.83 4.1672544867315486e-26
5 66.74 28  52.83 4.695355079710078e-26
5 66.74 29  52.83 1.3115838021780706e-26
5 66.74 30  52.83 2.2429315235189494e-26
5 66.74 31  52.83 3.798631356737635e-26
5 66.74 32  52.83 1.467378553381495e-26
5 66.74 33  52.83 6.395147633779815e-26
5 66.74 34  60.97 0.0009367819038661656
5 66.74 35  60.97 0.00031505738485460846
5 66.74 36  60.97 0.0017358268395782277
5 66.74 37  60.97 0.0010325249453135915
5 66.74 38  60.97 0.0009975779867244041
5 66.74 39  63.07 6.797826699544168e-29
5 66.74 40  63.07 4.860590102956522e-29
5 66.74 41  63.07 5.107549360894468e-29
5 66.74 42  66.28 0.014766809379500628
5 66.74 43  68.01 9.006051903797537e-27
5 66.74 44  68.01 5.089445789509783e-27
5 66.74 45  68.01 4.7119179631552904e-27
5 66.74 46  68.01 1.6616252535425166e-26
5 66.74 47  68.01 7.076416125088676e-27
5 66.74 48  73.78 0.04602990997079719
5 66.74 49  73.78 0.01575222165012544
5 66.74 50  73.78 0.043396373567542695
5 66.74 51  73.78 0.05652584151604191
5 66.74 52  73.78 0.03448222885153995
5 66.74 53  79.06 2.750883816307204e-27
5 66.74 54  79.06 1.1842195016106031e-26
5 66.74 55  79.06 7.679238099455285e-27
5 66.74 56  79.06 4.422834209698905e-27
5 66.74 57  79.06 9.170178237441444e-27
5 66.74 58  79.06 9.942770017519484e-27
5 66.74 59  79.06 8.33862428714381e-27
5 66.74 60  81.87 5.639536116899268e-31
5 66.74 61  81.87 2.0346245352563243e-29
5 66.74 62  81.87 2.3044311593830762e-29
5 66.74 63  81.87 7.16625265605475e-29
5 66.74 64  81.87 1.0308732398084701e-29
5 66.74 65  81.87 3.147911316694084e-31
5 66.74 66  81.87 2.3910769141924456e-29
5 66.74 67  85.99 9.166558383634412e-29
5 66.74 68  85.99 2.299944107034533e-28
5 66.74 69  85.99 3.418669277220163e-28
5 66.74 70  89.53 5.811372064310255e-26
5 66.74 71  89.53 1.3768047225235062e-26
5 66.74 72  89.53 2.2732082293921416e-26
5 66.74 73  89.53 3.607194141309159e-26
5 66.74 74  89.53 5.775571522927351e-27
5 66.74 75  89.53 2.216942404511439e-26
5 66.74 76  89.53 3.539253697725165e-26
5 66.74 77  89.73 1.114928284171609e-5
5 66.74 78  89.73 1.0817444968089052e-5
5 66.74 79  89.73 1.5699486892957708e-5
5 66.74 80  90.85 0.01102518280792338
5 66.74 81  90.85 0.013193354535046586
5 66.74 82  90.85 0.0017512824252961718
5 66.74 83  90.85 0.005157024937186944
5 66.74 84  90.85 0.01093957572749343
5 66.74 85  93.19 7.88037667193233e-28
5 66.74 86  93.19 1.0435306618277052e-27
5 66.74 87  93.19 5.214398872031473e-28
5 66.74 88  93.19 7.816248784017663e-28
5 66.74 89  93.19 8.510062787312548e-28
5 66.74 90  94.92 1.969890652597237e-28
5 66.74 91  94.92 3.3216296280452415e-28
5 66.74 92  94.92 7.136160387964484e-29
5 66.74 93  109.05 1.9538229184123294e-30
5 66.74 94  109.05 8.305687716507534e-32
5 66.74 95  109.05 2.4313160902607784e-31
5 66.74 96  109.05 3.056191907313081e-32
5 66.74 97  109.05 4.71608352151447e-32
5 66.74 98  109.05 2.1498802823983541e-29
5 66.74 99  109.05 5.302144886149355e-31
5 66.74 100  109.05 3.175970536173408e-32
6 66.74 6  0.0 3.063874001766518e-29
6 66.74 7  0.0 6.926038333101722e-29
6 66.74 8  1.09 7.699127599453381e-5
6 66.74 9  1.09 0.00015829169532835053
6 66.74 10  1.09 0.0001273458124634486
6 66.74 11  1.09 3.969340643696497e-5
6 66.74 12  1.09 0.00016347661039359506
6 66.74 13  22.62 0.03936580839796068
6 66.74 14  22.62 0.043624890088204166
6 66.74 15  22.62 0.09619915023315652
6 66.74 16  22.62 0.08755969452075957
6 66.74 17  22.62 0.09005184966105738
6 66.74 18  24.44 0.09153454466256834
6 66.74 19  25.41 6.908847804312232e-27
6 66.74 20  25.41 3.6501737516819286e-27
6 66.74 21  25.41 7.921878430754475e-27
6 66.74 22  25.41 5.110624453841869e-26
6 66.74 23  25.41 1.4508144287660743e-26
6 66.74 24  33.23 0.08654832445731513
6 66.74 25  33.23 0.10891396126793532
6 66.74 26  33.23 0.08744079224345719
6 66.74 27  52.83 7.156391758329022e-27
6 66.74 28  52.83 3.904403501265785e-27
6 66.74 29  52.83 4.694969678328208e-27
6 66.74 30  52.83 4.07432410821026e-27
6 66.74 31  52.83 5.199581162429864e-27
6 66.74 32  52.83 3.513635443302597e-27
6 66.74 33  52.83 1.2243724112349408e-27
6 66.74 34  60.97 0.0006175987305688691
6 66.74 35  60.97 0.0019939862325518407
6 66.74 36  60.97 0.0006468495578237074
6 66.74 37  60.97 0.0005970640631934295
6 66.74 38  60.97 0.001235070853309251
6 66.74 39  63.07 3.534665123964853e-29
6 66.74 40  63.07 4.2452825797308343e-29
6 66.74 41  63.07 3.8765772149358375e-30
6 66.74 42  66.28 0.014766809379500602
6 66.74 43  68.01 4.692000413089922e-28
6 66.74 44  68.01 1.7575512961288932e-27
6 66.74 45  68.01 1.0011449922265042e-27
6 66.74 46  68.01 1.1444325579740818e-27
6 66.74 47  68.01 7.754081567993475e-28
6 66.74 48  73.78 0.05114591007009661
6 66.74 49  73.78 0.03582491729808712
6 66.74 50  73.78 0.026558610050417895
6 66.74 51  73.78 0.013728790074455969
6 66.74 52  73.78 0.06342921170515199
6 66.74 53  79.06 8.242830814625263e-28
6 66.74 54  79.06 5.141051572572769e-28
6 66.74 55  79.06 1.0197197836441633e-27
6 66.74 56  79.06 1.5242234412443788e-27
6 66.74 57  79.06 1.0540438091304359e-27
6 66.74 58  79.06 2.6658879586863054e-28
6 66.74 59  79.06 1.3574044284508323e-27
6 66.74 60  81.87 1.8552838656527854e-30
6 66.74 61  81.87 2.390400965845798e-29
6 66.74 62  81.87 2.863994014159845e-29
6 66.74 63  81.87 3.266101389806265e-29
6 66.74 64  81.87 1.6202906942359766e-29
6 66.74 65  81.87 1.4681135208299638e-30
6 66.74 66  81.87 7.342427205066855e-29
6 66.74 67  85.99 3.1069117520676713e-29
6 66.74 68  85.99 3.0869199928448226e-29
6 66.74 69  85.99 1.6192710639789046e-28
6 66.74 70  89.53 1.8053008124036606e-27
6 66.74 71  89.53 4.980465501379326e-27
6 66.74 72  89.53 6.758757228426171e-27
6 66.74 73  89.53 7.9897641930173e-27
6 66.74 74  89.53 3.3023683577140835e-27
6 66.74 75  89.53 3.712072565122914e-27
6 66.74 76  89.53 2.523150488316858e-27
6 66.74 77  89.73 8.306746691315446e-6
6 66.74 78  89.73 1.584323023698488e-5
6 66.74 79  89.73 1.317500735849728e-5
6 66.74 80  90.85 0.0069697363350794345
6 66.74 81  90.85 0.007078468645534985
6 66.74 82  90.85 0.00920471521629504
6 66.74 83  90.85 0.01475036218247855
6 66.74 84  90.85 0.00409380067468571
6 66.74 85  93.19 1.095714186257381e-28
6 66.74 86  93.19 1.8958263385625368e-28
6 66.74 87  93.19 7.991258234349813e-29
6 66.74 88  93.19 2.1881580997995506e-27
6 66.74 89  93.19 6.603137823893645e-29
6 66.74 90  94.92 3.4107179170206734e-28
6 66.74 91  94.92 8.210558728214807e-29
6 66.74 92  94.92 4.3040885055329756e-29
6 66.74 93  109.05 2.8526022238793218e-30
6 66.74 94  109.05 8.776491379057308e-32
6 66.74 95  109.05 4.154270333130266e-31
6 66.74 96  109.05 9.751473959377673e-32
6 66.74 97  109.05 5.015126089548281e-32
6 66.74 98  109.05 5.937031009033561e-30
6 66.74 99  109.05 8.73428928476542e-31
6 66.74 100  109.05 3.9015981256484974e-32
7 66.74 7  0.0 5.561200712188669e-29
7 66.74 8  1.09 0.00010124784651937684
7 66.74 9  1.09 8.106177173030866e-5
7 66.74 10  1.09 9.746463935071305e-5
7 66.74 11  1.09 0.00022872291229760752
7 66.74 12  1.09 6.0723446488691256e-5
7 66.74 13  22.62 0.12132919937852063
7 66.74 14  22.62 0.06679913329444778
7 66.74 15  22.62 0.06875864847866614
7 66.74 16  22.62 0.030762573302461863
7 66.74 17  22.62 0.056540892382166905
7 66.74 18  24.44 0.09153454466256498
7 66.74 19  25.41 6.2486390398294e-27
7 66.74 20  25.41 1.7093334394505405e-26
7 66.74 21  25.41 5.2596865178584406e-27
7 66.74 22  25.41 5.1368664455966205e-26
7 66.74 23  25.41 1.435995333295686e-26
7 66.74 24  33.23 0.08692426163338085
7 66.74 25  33.23 0.06564919671900944
7 66.74 26  33.23 0.1295686771590696
7 66.74 27  52.83 1.684312015816289e-27
7 66.74 28  52.83 3.5192199863801554e-27
7 66.74 29  52.83 2.742275404034728e-27
7 66.74 30  52.83 5.378967698616656e-27
7 66.74 31  52.83 6.753019500427717e-27
7 66.74 32  52.83 9.965632583220884e-27
7 66.74 33  52.83 8.755107474821828e-27
7 66.74 34  60.97 0.0015170645812332523
7 66.74 35  60.97 0.0005756995385867193
7 66.74 36  60.97 0.0007485874600917003
7 66.74 37  60.97 0.0014645416474017338
7 66.74 38  60.97 0.0007406350711390894
7 66.74 39  63.07 2.5851610201335133e-29
7 66.74 40  63.07 2.3288664779499233e-29
7 66.74 41  63.07 3.2054558380209245e-29
7 66.74 42  66.28 0.014766809379500251
7 66.74 43  68.01 5.6343035483045865e-28
7 66.74 44  68.01 1.2319111242003051e-27
7 66.74 45  68.01 2.1509633936760212e-27
7 66.74 46  68.01 1.0104949850651114e-27
7 66.74 47  68.01 3.751304979985862e-27
7 66.74 48  73.78 0.017452230658472692
7 66.74 49  73.78 0.06216785627949937
7 66.74 50  73.78 0.04982074187349944
7 66.74 51  73.78 0.048256494190340685
7 66.74 52  73.78 0.018458225642679287
7 66.74 53  79.06 1.735672085447583e-27
7 66.74 54  79.06 7.967593566783445e-28
7 66.74 55  79.06 7.261737616035614e-28
7 66.74 56  79.06 7.4398317133776775e-28
7 66.74 57  79.06 8.939765310062618e-28
7 66.74 58  79.06 1.5469192872535823e-27
7 66.74 59  79.06 3.146142068211574e-27
7 66.74 60  81.87 1.2056423521853063e-30
7 66.74 61  81.87 3.014976715106865e-29
7 66.74 62  81.87 2.966150336146299e-29
7 66.74 63  81.87 6.601724740489154e-29
7 66.74 64  81.87 1.0857524551405535e-29
7 66.74 65  81.87 8.185232500889638e-31
7 66.74 66  81.87 2.468461466546516e-29
7 66.74 67  85.99 6.671948546308023e-29
7 66.74 68  85.99 8.689967572737134e-29
7 66.74 69  85.99 1.3679513603427385e-28
7 66.74 70  89.53 3.9665635941040395e-28
7 66.74 71  89.53 3.965433771412424e-27
7 66.74 72  89.53 1.6706443269052273e-26
7 66.74 73  89.53 6.85984971661113e-27
7 66.74 74  89.53 4.230398701819558e-27
7 66.74 75  89.53 3.324665987205219e-27
7 66.74 76  89.53 9.197868220876146e-27
7 66.74 77  89.73 1.675454632689031e-5
7 66.74 78  89.73 1.0909637411961837e-5
7 66.74 79  89.73 9.865304447234815e-6
7 66.74 80  90.85 0.007974694484190971
7 66.74 81  90.85 0.006190472152529084
7 66.74 82  90.85 0.015361218877012521
7 66.74 83  90.85 0.005011346355376293
7 66.74 84  90.85 0.010888722693135431
7 66.74 85  93.19 8.732131929674825e-29
7 66.74 86  93.19 4.330157708720077e-28
7 66.74 87  93.19 6.483471335169633e-29
7 66.74 88  93.19 5.090708223457613e-28
7 66.74 89  93.19 5.959530337193144e-29
7 66.74 90  94.92 1.6365463320352807e-28
7 66.74 91  94.92 7.474840709157163e-29
7 66.74 92  94.92 5.550040711187782e-29
7 66.74 93  109.05 7.903642157115312e-31
7 66.74 94  109.05 3.7887066118155194e-32
7 66.74 95  109.05 3.722528855669757e-31
7 66.74 96  109.05 6.677567987153665e-32
7 66.74 97  109.05 4.209514595787817e-32
7 66.74 98  109.05 8.49966053856909e-30
7 66.74 99  109.05 5.539877688972023e-31
7 66.74 100  109.05 5.679224044654942e-32
8 67.83 8  0.0 1.390103881440234e-29
8 67.83 9  0.0 5.758764072305475e-29
8 67.83 10  0.0 3.283636606693957e-29
8 67.83 11  0.0 3.514718024967003e-30
8 67.83 12  0.0 2.155222469132882e-28
8 67.83 13  21.53 5.4368341620105326e-27
8 67.83 14  21.53 1.0394446758712709e-26
8 67.83 15  21.53 1.3614557848571137e-26
8 67.83 16  21.53 1.1908353329603767e-26
8 67.83 17  21.53 1.355187374002225e-26
8 67.83 18  23.35 4.665511106403849e-26
8 67.83 19  24.32 0.0536652598444791
8 67.83 20  24.32 0.029543541254581102
8 67.83 21  24.32 0.06111153745140798
8 67.83 22  24.32 0.0494920624973472
8 67.83 23  24.32 0.10715969669563992
8 67.83 24  32.14 1.1515679102825122e-26
8 67.83 25  32.14 1.7915088327565026e-26
8 67.83 26  32.14 1.2420401338787658e-26
8 67.83 27  51.74 0.05434383758038827
8 67.83 28  51.74 0.026946327271150143
8 67.83 29  51.74 0.03602861366571263
8 67.83 30  51.74 0.03164342586044409
8 67.83 31  51.74 0.035722934595154854
8 67.83 32  51.74 0.027573410919512965
8 67.83 33  51.74 0.008567477806859052
8 67.83 34  59.88 1.1009830885313316e-28
8 67.83 35  59.88 2.7096387603785743e-28
8 67.83 36  59.88 1.341261332507092e-28
8 67.83 37  59.88 3.8053858374741294e-29
8 67.83 38  59.88 2.1823354899422134e-28
8 67.83 39  61.98 1.9666027164369242e-5
8 67.83 40  61.98 3.5330815696277764e-5
8 67.83 41  61.98 2.6133130333376363e-5
8 67.83 42  65.19 2.167741865529303e-27
8 67.83 43  66.93 0.003992248856709785
8 67.83 44  66.93 0.01415358561629736
8 67.83 45  66.93 0.007721296808637367
8 67.83 46  66.93 0.008630290982406471
8 67.83 47  66.93 0.0050168642455179265
8 67.83 48  72.69 9.402329207766122e-27
8 67.83 49  72.69 5.4580937952908514e-27
8 67.83 50  72.69 2.791939025220593e-27
8 67.83 51  72.69 2.863877011103803e-27
8 67.83 52  72.69 8.328695651559856e-27
8 67.83 53  77.97 0.006567995570579272
8 67.83 54  77.97 0.004175431833129646
8 67.83 55  77.97 0.007528381649104062
8 67.83 56  77.97 0.012489952655658804
8 67.83 57  77.97 0.00845042175222803
8 67.83 58  77.97 0.0024519657742257664
8 67.83 59  77.97 0.007867640702346378
8 67.83 60  80.78 3.706796471289337e-29
8 67.83 61  80.78 4.894756341032009e-29
8 67.83 62  80.78 7.986577937170024e-29
8 67.83 63  80.78 1.09359795554126e-28
8 67.83 64  80.78 1.1995227165865258e-29
8 67.83 65  80.78 9.876682961671336e-29
8 67.83 66  80.78 2.559515044111215e-29
8 67.83 67  84.9 0.0001768177135709112
8 67.83 68  84.9 0.0002170806768779256
8 67.83 69  84.9 0.00023706197710344216
8 67.83 70  88.44 0.010405902995592856
8 67.83 71  88.44 0.039400419278579166
8 67.83 72  88.44 0.017934620890696286
8 67.83 73  88.44 0.037666049966851974
8 67.83 74  88.44 0.026932497458262115
8 67.83 75  88.44 0.03266897959021887
8 67.83 76  88.44 0.010012848070419739
8 67.83 77  88.64 2.7868241330909706e-26
8 67.83 78  88.64 1.7265534515067508e-26
8 67.83 79  88.64 3.1788645327698303e-26
8 67.83 80  89.76 7.121471644615852e-27
8 67.83 81  89.76 1.6432915990934433e-27
8 67.83 82  89.76 2.67627943528065e-27
8 67.83 83  89.76 1.3095912442181894e-26
8 67.83 84  89.76 1.783186724014687e-27
8 67.83 85  92.1 0.00029919734854298106
8 67.83 86  92.1 0.0004713441886894798
8 67.83 87  92.1 0.0004034978593030988
8 67.83 88  92.1 0.00021063815254805
8 67.83 89  92.1 0.0006534784696594102
8 67.83 90  93.83 0.0001450939449193249
8 67.83 91  93.83 0.00010129852009139254
8 67.83 92  93.83 0.00013646935867486903
8 67.83 93  107.96 4.645132493806026e-30
8 67.83 94  107.96 9.062540774349083e-30
8 67.83 95  107.96 7.510117872165184e-30
8 67.83 96  107.96 4.095314550353798e-31
8 67.83 97  107.96 8.673067632121217e-31
8 67.83 98  107.96 4.767465897661461e-30
8 67.83 99  107.96 1.4893198393679103e-30
8 67.83 100  107.96 2.2912756919652865e-31
9 67.83 9  0.0 5.384101981278813e-29
9 67.83 10  0.0 2.593700091450468e-29
9 67.83 11  0.0 4.6931418488873774e-29
9 67.83 12  0.0 8.638676032517998e-29
9 67.83 13  21.53 2.2824650284021608e-26
9 67.83 14  21.53 1.2916173115246495e-26
9 67.83 15  21.53 1.2248031905301072e-26
9 67.83 16  21.53 6.15376275508725e-27
9 67.83 17  21.53 1.0873697913443106e-26
9 67.83 18  23.35 4.1378901169739823e-26
9 67.83 19  24.32 0.03504072240878047
9 67.83 20  24.32 0.09510938555374068
9 67.83 21  24.32 0.03272351332437115
9 67.83 22  24.32 0.05578024703317118
9 67.83 23  24.32 0.08886184242739686
9 67.83 24  32.14 1.867927187302034e-26
9 67.83 25  32.14 1.0256601392752386e-26
9 67.83 26  32.14 2.5130086131913378e-26
9 67.83 27  51.74 0.007789761889781262
9 67.83 28  51.74 0.020361489369406953
9 67.83 29  51.74 0.015468080699852428
9 67.83 30  51.74 0.030938162571193584
9 67.83 31  51.74 0.03782854454033005
9 67.83 32  51.74 0.057686971352684795
9 67.83 33  51.74 0.049793999705712536
9 67.83 34  59.88 4.73475686965958e-28
9 67.83 35  59.88 1.7463729427879152e-28
9 67.83 36  59.88 2.077362066818549e-28
9 67.83 37  59.88 2.1608656342857716e-28
9 67.83 38  59.88 3.3791325770326836e-28
9 67.83 39  61.98 4.705352145860769e-5
9 67.83 40  61.98 1.3974521721872386e-5
9 67.83 41  61.98 2.0374309944898707e-5
9 67.83 42  65.19 4.2784184600701025e-27
9 67.83 43  66.93 0.0036243275466504663
9 67.83 44  66.93 0.005494064028099456
9 67.83 45  66.93 0.01313958124035825
9 67.83 46  66.93 0.005319059761306911
9 67.83 47  66.93 0.01180895442924714
9 67.83 48  72.69 3.412817430274931e-27
9 67.83 49  72.69 1.327026120568047e-26
9 67.83 50  72.69 9.077266907298954e-27
9 67.83 51  72.69 8.567811852116289e-27
9 67.83 52  72.69 3.463626513653187e-27
9 67.83 53  77.97 0.008951516312583493
9 67.83 54  77.97 0.004453880148532029
9 67.83 55  77.97 0.004157104179033195
9 67.83 56  77.97 0.0037931747340565975
9 67.83 57  77.97 0.004951553634020688
9 67.83 58  77.97 0.008177517263394688
9 67.83 59  77.97 0.015316571707604863
9 67.83 60  80.78 5.290891547184122e-29
9 67.83 61  80.78 7.23661807190551e-29
9 67.83 62  80.78 1.2189392147038675e-29
9 67.83 63  80.78 4.134081745011393e-29
9 67.83 64  80.78 1.6349391221487283e-29
9 67.83 65  80.78 1.1200473390425185e-28
9 67.83 66  80.78 7.203375809346777e-29
9 67.83 67  84.9 0.00030867434077710775
9 67.83 68  84.9 0.00014636281551703046
9 67.83 69  84.9 0.00013375720312349014
9 67.83 70  88.44 0.006834523924481415
9 67.83 71  88.44 0.021788917528970705
9 67.83 72  88.44 0.029663081756190618
9 67.83 73  88.44 0.021939399780698723
9 67.83 74  88.44 0.033803092073279695
9 67.83 75  88.44 0.017794393600432265
9 67.83 76  88.44 0.031212933470224167
9 67.83 77  88.64 7.891517196449129e-26
9 67.83 78  88.64 1.168178603254883e-26
9 67.83 79  88.64 2.5297268157424517e-26
9 67.83 80  89.76 2.453387535086784e-26
9 67.83 81  89.76 5.342734960547623e-28
9 67.83 82  89.76 3.532787681316098e-27
9 67.83 83  89.76 1.1118243532085617e-26
9 67.83 84  89.76 8.515108690173198e-27
9 67.83 85  92.1 0.0003115405705180698
9 67.83 86  92.1 0.00023708844249463768
9 67.83 87  92.1 0.0004107211508569255
9 67.83 88  92.1 0.0006691011646583719
9 67.83 89  92.1 0.00039496097281032624
9 67.83 90  93.83 0.0001475541933214643
9 67.83 91  93.83 6.309974227533224e-5
9 67.83 92  93.83 0.0001733345632741512
9 67.83 93  107.96 2.7444642552933544e-30
9 67.83 94  107.96 4.151173023420402e-30
9 67.83 95  107.96 2.4184425358875046e-30
9 67.83 96  107.96 4.9783466020951285e-31
9 67.83 97  107.96 9.602354912773753e-31
9 67.83 98  107.96 9.615949706547054e-31
9 67.83 99  107.96 6.510423124464157e-31
9 67.83 100  107.96 2.970191009866123e-31
10 67.83 10  0.0 1.5186348342262017e-30
10 67.83 11  0.0 5.864553195787702e-30
10 67.83 12  0.0 1.4918005279719207e-28
10 67.83 13  21.53 4.4100637536174484e-29
10 67.83 14  21.53 9.074489781871352e-28
10 67.83 15  21.53 5.307864709031083e-29
10 67.83 16  21.53 6.786608511063968e-29
10 67.83 17  21.53 2.339950706066196e-28
10 67.83 18  23.35 3.9965601772195363e-26
10 67.83 19  24.32 0.02903553920459369
10 67.83 20  24.32 0.061243525400856466
10 67.83 21  24.32 0.061498894285414774
10 67.83 22  24.32 0.1122438210966883
10 67.83 23  24.32 0.03906830856452119
10 67.83 24  32.14 5.527323907281424e-29
10 67.83 25  32.14 4.980140042887277e-29
10 67.83 26  32.14 7.212200685211826e-29
10 67.83 27  51.74 0.02619512271914201
10 67.83 28  51.74 0.029904092879969632
10 67.83 29  51.74 0.04524766880905504
10 67.83 30  51.74 0.040199713879071536
10 67.83 31  51.74 0.014468723775650437
10 67.83 32  51.74 0.036715003174032416
10 67.83 33  51.74 0.024567750728795325
10 67.83 34  59.88 6.037214248699557e-29
10 67.83 35  59.88 1.0415121423582792e-29
10 67.83 36  59.88 1.2098080031325421e-28
10 67.83 37  59.88 1.9031951406162525e-29
10 67.83 38  59.88 1.7704259405332018e-29
10 67.83 39  61.98 1.8828197794371712e-5
10 67.83 40  61.98 3.637673404961864e-5
10 67.83 41  61.98 2.646758305124344e-5
10 67.83 42  65.19 1.8217011231020605e-28
10 67.83 43  66.93 0.011348742028874089
10 67.83 44  66.93 0.007129597214798335
10 67.83 45  66.93 0.007949136767346201
10 67.83 46  66.93 0.00803876491765023
10 67.83 47  66.93 0.004961831884843589
10 67.83 48  72.69 4.4384201363442246e-29
10 67.83 49  72.69 6.568347616638662e-29
10 67.83 50  72.69 8.746528618343254e-30
10 67.83 51  72.69 3.665762947183042e-30
10 67.83 52  72.69 8.68458523837986e-29
10 67.83 53  77.97 0.010843884663410498
10 67.83 54  77.97 0.0038921049912316696
10 67.83 55  77.97 0.007998613348476237
10 67.83 56  77.97 0.004975800054240689
10 67.83 57  77.97 0.009958886180612978
10 67.83 58  77.97 0.009999772889630984
10 67.83 59  77.97 0.00320115848681962
10 67.83 60  80.78 4.3947820838821483e-29
10 67.83 61  80.78 1.0231757989971096e-28
10 67.83 62  80.78 7.431947674764136e-30
10 67.83 63  80.78 1.0404746988611685e-29
10 67.83 64  80.78 1.5292274456434246e-29
10 67.83 65  80.78 8.032264528841288e-29
10 67.83 66  80.78 7.775991043998284e-29
10 67.83 67  84.9 0.0002894180888665885
10 67.83 68  84.9 0.00013129658249415432
10 67.83 69  84.9 0.00021203416848990331
10 67.83 70  88.44 0.01499818583530513
10 67.83 71  88.44 0.03149429064103277
10 67.83 72  88.44 0.027667946438372656
10 67.83 73  88.44 0.015070515237438593
10 67.83 74  88.44 0.0311755837315731
10 67.83 75  88.44 0.018883959578729646
10 67.83 76  88.44 0.0177996300499003
10 67.83 77  88.64 5.0646555392128883e-26
10 67.83 78  88.64 7.900990449977271e-27
10 67.83 79  88.64 4.594162707257832e-26
10 67.83 80  89.76 1.4408551473758148e-26
10 67.83 81  89.76 9.091787056642528e-28
10 67.83 82  89.76 8.58523997060654e-28
10 67.83 83  89.76 6.637406288072175e-27
10 67.83 84  89.76 1.9888123252308865e-27
10 67.83 85  92.1 0.00032614578632552847
10 67.83 86  92.1 0.00036459213806175095
10 67.83 87  92.1 8.951277889540894e-5
10 67.83 88  92.1 0.0008145349654896068
10 67.83 89  92.1 0.0004202587697256299
10 67.83 90  93.83 0.00016695941559316857
10 67.83 91  93.83 7.926101904471197e-5
10 67.83 92  93.83 0.00013646297235095988
10 67.83 93  107.96 2.885390141263162e-30
10 67.83 94  107.96 1.0106983568192854e-30
10 67.83 95  107.96 6.004901386813308e-30
10 67.83 96  107.96 8.521580101379047e-31
10 67.83 97  107.96 8.663488807436183e-31
10 67.83 98  107.96 3.9183301404679855e-30
10 67.83 99  107.96 8.824847213246949e-31
10 67.83 100  107.96 4.440203539303504e-31
11 67.83 11  0.0 1.0151118818431244e-30
11 67.83 12  0.0 8.14333602468803e-29
11 67.83 13  21.53 1.336319783982927e-29
11 67.83 14  21.53 3.2760745829192994e-28
11 67.83 15  21.53 1.199553324211732e-29
11 67.83 16  21.53 2.8452835962609736e-29
11 67.83 17  21.53 4.0976083743640596e-29
11 67.83 18  23.35 1.949752583779065e-26
11 67.83 19  24.32 0.09223088335818706
11 67.83 20  24.32 0.06514588117702813
11 67.83 21  24.32 0.06697778982681732
11 67.83 22  24.32 0.05096067640308866
11 67.83 23  24.32 0.021322283136971654
11 67.83 24  32.14 2.0290331394860634e-29
11 67.83 25  32.14 2.7612307512017637e-29
11 67.83 26  32.14 1.2473061963675316e-29
11 67.83 27  51.74 0.02868618691785411
11 67.83 28  51.74 0.03762306648309465
11 67.83 29  51.74 0.046754574641509984
11 67.83 30  51.74 0.03160978609902502
11 67.83 31  51.74 0.036830819924236036
11 67.83 32  51.74 0.019720453947132028
11 67.83 33  51.74 0.014351217702312579
11 67.83 34  59.88 3.882170740890297e-29
11 67.83 35  59.88 3.7948294037090164e-29
11 67.83 36  59.88 1.3648550254857038e-28
11 67.83 37  59.88 1.6074401288500812e-29
11 67.83 38  59.88 2.6567072651514406e-29
11 67.83 39  61.98 2.5516782931990545e-5
11 67.83 40  61.98 2.8194987174052184e-5
11 67.83 41  61.98 2.767985448192634e-5
11 67.83 42  65.19 3.16671042097715e-28
11 67.83 43  66.93 0.011480414317666183
11 67.83 44  66.93 0.007865408124073029
11 67.83 45  66.93 0.005447461079622672
11 67.83 46  66.93 0.002668212405123647
11 67.83 47  66.93 0.011726696564867979
11 67.83 48  72.69 1.4243120873694218e-29
11 67.83 49  72.69 5.222757278390305e-29
11 67.83 50  72.69 9.245581284126326e-30
11 67.83 51  72.69 1.6320840369182734e-29
11 67.83 52  72.69 3.517120315731709e-29
11 67.83 53  77.97 0.006466065627632375
11 67.83 54  77.97 0.011699078603683839
11 67.83 55  77.97 0.008712067461527674
11 67.83 56  77.97 0.010176721362328573
11 67.83 57  77.97 0.003891046564014557
11 67.83 58  77.97 0.005933375977502396
11 67.83 59  77.97 0.0021501271322676837
11 67.83 60  80.78 1.2202305659226697e-29
11 67.83 61  80.78 1.1551382572560532e-28
11 67.83 62  80.78 3.571852048408271e-29
11 67.83 63  80.78 4.146953727208492e-29
11 67.83 64  80.78 3.116967740958434e-29
11 67.83 65  80.78 6.280134221859367e-29
11 67.83 66  80.78 7.171294337466646e-29
11 67.83 67  84.9 0.00017594331463741995
11 67.83 68  84.9 0.00028239448155503873
11 67.83 69  84.9 0.00025877374097878637
11 67.83 70  88.44 0.03610377274877519
11 67.83 71  88.44 0.014448072327391258
11 67.83 72  88.44 0.02014069128021588
11 67.83 73  88.44 0.018017386719153435
11 67.83 74  88.44 0.021402744863848525
11 67.83 75  88.44 0.028709553550007875
11 67.83 76  88.44 0.03018354906929339
11 67.83 77  88.64 6.348463182259598e-26
11 67.83 78  88.64 1.154429218575948e-26
11 67.83 79  88.64 9.574335887480679e-26
11 67.83 80  89.76 1.650340854635331e-26
11 67.83 81  89.76 2.2555993227765216e-27
11 67.83 82  89.76 8.327301429036247e-28
11 67.83 83  89.76 5.212516802241209e-27
11 67.83 84  89.76 3.006767428947434e-27
11 67.83 85  92.1 0.00025708858633539787
11 67.83 86  92.1 0.0007153203268640026
11 67.83 87  92.1 0.0006281177799548724
11 67.83 88  92.1 0.00017970930515962615
11 67.83 89  92.1 0.00021644985459583763
11 67.83 90  93.83 4.2671829999036025e-5
11 67.83 91  93.83 0.00022148231634278053
11 67.83 92  93.83 0.00012183036303455956
11 67.83 93  107.96 1.8479996815229128e-30
11 67.83 94  107.96 6.720243302470646e-30
11 67.83 95  107.96 4.348031107165536e-30
11 67.83 96  107.96 1.1425198400200905e-30
11 67.83 97  107.96 3.2150494192271394e-30
11 67.83 98  107.96 3.2411289888232665e-30
11 67.83 99  107.96 2.885020477095361e-30
11 67.83 100  107.96 6.214288361271511e-31
12 67.83 12  0.0 4.077407473833938e-28
12 67.83 13  21.53 4.398740024023027e-26
12 67.83 14  21.53 8.946108848392533e-26
12 67.83 15  21.53 3.068934966229316e-26
12 67.83 16  21.53 8.654904392877347e-26
12 67.83 17  21.53 5.216405812443439e-26
12 67.83 18  23.35 1.1264753893085642e-25
12 67.83 19  24.32 0.09016267339012529
12 67.83 20  24.32 0.05025125529947855
12 67.83 21  24.32 0.07613186019812973
12 67.83 22  24.32 0.0325061700955027
12 67.83 23  24.32 0.04554939663041588
12 67.83 24  32.14 1.2033596796948438e-25
12 67.83 25  32.14 1.2617637452320625e-25
12 67.83 26  32.14 7.068927647484221e-26
12 67.83 27  51.74 0.03768850448406475
12 67.83 28  51.74 0.04134105145078948
12 67.83 29  51.74 0.012507461417996657
12 67.83 30  51.74 0.020977197217554432
12 67.83 31  51.74 0.03293695919861818
12 67.83 32  51.74 0.013632131966458013
12 67.83 33  51.74 0.05854442199217202
12 67.83 34  59.88 1.2767437644705075e-27
12 67.83 35  59.88 5.0646638847893675e-28
12 67.83 36  59.88 1.854694000667587e-27
12 67.83 37  59.88 1.3850704682364576e-27
12 67.83 38  59.88 1.1133764384131776e-27
12 67.83 39  61.98 2.514443280365251e-5
12 67.83 40  61.98 2.231605205947409e-5
12 67.83 41  61.98 3.3819167513321014e-5
12 67.83 42  65.19 1.7369688591952443e-26
12 67.83 43  66.93 0.008657511072010945
12 67.83 44  66.93 0.004855644960664117
12 67.83 45  66.93 0.004995401077451777
12 67.83 46  66.93 0.014531811687929469
12 67.83 47  66.93 0.005961152414638949
12 67.83 48  72.69 5.545587775719992e-26
12 67.83 49  72.69 1.669949486612931e-26
12 67.83 50  72.69 4.7577582945340954e-26
12 67.83 51  72.69 6.141821052334786e-26
12 67.83 52  72.69 3.598974322756004e-26
12 67.83 53  77.97 0.0026610995457926187
12 67.83 54  77.97 0.010881862261534501
12 67.83 55  77.97 0.007174990499881296
12 67.83 56  77.97 0.004159500611805287
12 67.83 57  77.97 0.008456683216412967
12 67.83 58  77.97 0.009014206294879562
12 67.83 59  77.97 0.007168393666927283
12 67.83 60  80.78 1.5831969514901155e-29
12 67.83 61  80.78 9.931490054907333e-29
12 67.83 62  80.78 2.913156094077465e-29
12 67.83 63  80.78 3.5117212518654984e-29
12 67.83 64  80.78 2.183537622714778e-29
12 67.83 65  80.78 2.3334201323836506e-29
12 67.83 66  80.78 5.478538168153376e-29
12 67.83 67  84.9 0.00010491035747284684
12 67.83 68  84.9 0.00028020489181983645
12 67.83 69  84.9 0.00020490235147511493
12 67.83 70  88.44 0.050513613708992905
12 67.83 71  88.44 0.012476304558236725
12 67.83 72  88.44 0.02458153001687698
12 67.83 73  88.44 0.0264851353968392
12 67.83 74  88.44 0.006098490374672647
12 67.83 75  88.44 0.020340369380578104
12 67.83 76  88.44 0.02992809012525725
12 67.83 77  88.64 8.075361138341467e-26
12 67.83 78  88.64 2.700429171665131e-26
12 67.83 79  88.64 1.4098857037894748e-25
12 67.83 80  89.76 1.5616656778195636e-26
12 67.83 81  89.76 1.8908557556594383e-26
12 67.83 82  89.76 2.817962187054541e-27
12 67.83 83  89.76 2.0074995629374308e-26
12 67.83 84  89.76 1.8133384541983535e-26
12 67.83 85  92.1 0.0008323238086687913
12 67.83 86  92.1 0.00023119228409738512
12 67.83 87  92.1 0.00048770433278419163
12 67.83 88  92.1 0.0001508500944183294
12 67.83 89  92.1 0.00034891559160962207
12 67.83 90  93.83 0.00013271505019144808
12 67.83 91  93.83 0.00017272892298564367
12 67.83 92  93.83 7.681237129432563e-5
12 67.83 93  107.96 7.097316923763626e-30
12 67.83 94  107.96 3.18029364888647e-30
12 67.83 95  107.96 5.4651478360132005e-30
12 67.83 96  107.96 2.000450028782477e-31
12 67.83 97  107.96 1.3301489002212326e-30
12 67.83 98  107.96 6.2486021972649864e-30
12 67.83 99  107.96 1.8032610161493875e-30
12 67.83 100  107.96 3.116886270694721e-31
13 89.36 13  0.0 2.0931878590049178e-30
13 89.36 14  0.0 2.366039857172485e-28
13 89.36 15  0.0 4.063813430657056e-30
13 89.36 16  0.0 1.9671251678665988e-29
13 89.36 17  0.0 6.832262389591352e-29
13 89.36 18  1.82 1.3774693353710895e-26
13 89.36 19  2.79 0.039533492045518745
13 89.36 20  2.79 0.019860210513673496
13 89.36 21  2.79 0.028330355470852317
13 89.36 22  2.79 0.037640580656070996
13 89.36 23  2.79 0.017603223058417886
13 89.36 24  10.61 3.48752546120344e-30
13 89.36 25  10.61 3.251949533495743e-30
13 89.36 26  10.61 3.4382142605550436e-30
13 89.36 27  30.21 0.012642544798871003
13 89.36 28  30.21 0.019932480423795737
13 89.36 29  30.21 0.013982735456683801
13 89.36 30  30.21 0.008982467383165233
13 89.36 31  30.21 0.027307125761659112
13 89.36 32  30.21 0.00877476866879473
13 89.36 33  30.21 0.01882331768851562
13 89.36 34  38.35 1.4640018301163937e-29
13 89.36 35  38.35 2.4381439843510833e-29
13 89.36 36  38.35 3.310320960524424e-29
13 89.36 37  38.35 2.459764139148374e-29
13 89.36 38  38.35 4.524672818101804e-29
13 89.36 39  40.45 0.0011741696459266538
13 89.36 40  40.45 0.0025738618371098716
13 89.36 41  40.45 0.0010977073168931097
13 89.36 42  43.66 4.944703472555218e-29
13 89.36 43  45.4 0.003695270050132417
13 89.36 44  45.4 0.004797463219826023
13 89.36 45  45.4 0.005517433528854282
13 89.36 46  45.4 0.002015838674510403
13 89.36 47  45.4 0.0018272914206139792
13 89.36 48  51.16 3.4868589463959487e-29
13 89.36 49  51.16 2.1302738061069827e-29
13 89.36 50  51.16 3.2631775568283207e-29
13 89.36 51  51.16 8.232545087693405e-30
13 89.36 52  51.16 5.868617294178494e-29
13 89.36 53  56.44 0.044686610506099844
13 89.36 54  56.44 0.041710861162662344
13 89.36 55  56.44 0.03449769260118929
13 89.36 56  56.44 0.02249346892748063
13 89.36 57  56.44 0.007245691594916538
13 89.36 58  56.44 0.0419209621664669
13 89.36 59  56.44 0.015449400402595345
13 89.36 60  59.25 4.829566849609585e-30
13 89.36 61  59.25 4.519260034784413e-29
13 89.36 62  59.25 4.9309590791954135e-29
13 89.36 63  59.25 3.9346839828481414e-29
13 89.36 64  59.25 1.0759139103822814e-29
13 89.36 65  59.25 1.3901506990094648e-29
13 89.36 66  59.25 1.3666457667462374e-28
13 89.36 67  63.37 0.0003698582329930874
13 89.36 68  63.37 0.0008539294218119296
13 89.36 69  63.37 0.0005890160557731739
13 89.36 70  66.91 0.002518128643946112
13 89.36 71  66.91 0.0009729976389706957
13 89.36 72  66.91 0.0017098693036927122
13 89.36 73  66.91 0.0014741018201859962
13 89.36 74  66.91 0.000617261325957462
13 89.36 75  66.91 0.0015830949154546133
13 89.36 76  66.91 0.0009840539445407533
13 89.36 77  67.11 4.251748108279495e-27
13 89.36 78  67.11 1.1297068461192585e-27
13 89.36 79  67.11 7.04575506450166e-27
13 89.36 80  68.23 1.0536970813580778e-27
13 89.36 81  68.23 2.4028731667034475e-28
13 89.36 82  68.23 4.78355904733887e-29
13 89.36 83  68.23 1.540845437991649e-27
13 89.36 84  68.23 3.3549349663851997e-28
13 89.36 85  70.57 0.009933568965208125
13 89.36 86  70.57 0.012603242553459858
13 89.36 87  70.57 0.011684282017727247
13 89.36 88  70.57 0.007406999837825197
13 89.36 89  70.57 0.012087833607294016
13 89.36 90  72.3 0.0042813015636382346
13 89.36 91  72.3 0.00673885758507628
13 89.36 92  72.3 0.004404564189641112
13 89.36 93  86.43 4.8440444854789654e-30
13 89.36 94  86.43 2.821585112076147e-29
13 89.36 95  86.43 5.719153851853095e-30
13 89.36 96  86.43 4.841734418485992e-30
13 89.36 97  86.43 4.392905393827194e-30
13 89.36 98  86.43 1.2133908280909543e-29
13 89.36 99  86.43 1.924635794973708e-29
13 89.36 100  86.43 5.898711038671473e-30
14 89.36 14  0.0 2.9273176568409114e-28
14 89.36 15  0.0 3.711743363187184e-29
14 89.36 16  0.0 2.931159781922839e-28
14 89.36 17  0.0 5.38717210533331e-28
14 89.36 18  1.82 1.5807306039037773e-26
14 89.36 19  2.79 0.024684623458390183
14 89.36 20  2.79 0.04251224139155027
14 89.36 21  2.79 0.014493849706918813
14 89.36 22  2.79 0.04177022557681754
14 89.36 23  2.79 0.025918460900910524
14 89.36 24  10.61 1.4430052922061896e-29
14 89.36 25  10.61 1.372385006047696e-29
14 89.36 26  10.61 2.5678943272210425e-29
14 89.36 27  30.21 0.0169833263428013
14 89.36 28  30.21 0.00446112813453375
14 89.36 29  30.21 0.009725932138629994
14 89.36 30  30.21 0.013987476514986148
14 89.36 31  30.21 0.009952065849849465
14 89.36 32  30.21 0.030802488447655787
14 89.36 33  30.21 0.02506682307508934
14 89.36 34  38.35 1.3660545414463548e-28
14 89.36 35  38.35 8.893255922031726e-29
14 89.36 36  38.35 5.731405936336359e-29
14 89.36 37  38.35 1.5264254400961612e-28
14 89.36 38  38.35 6.244714236499242e-29
14 89.36 39  40.45 0.0020541102936176853
14 89.36 40  40.45 0.0016540391093189263
14 89.36 41  40.45 0.0011162327907710352
14 89.36 42  43.66 8.12814206955351e-29
14 89.36 43  45.4 0.0007377573038327844
14 89.36 44  45.4 0.004271026720373387
14 89.36 45  45.4 0.005201647168479542
14 89.36 46  45.4 0.005763809834514286
14 89.36 47  45.4 0.0019872237567915545
14 89.36 48  51.16 6.14929661606519e-29
14 89.36 49  51.16 1.7883894851874628e-28
14 89.36 50  51.16 2.6307329706354695e-28
14 89.36 51  51.16 7.918758932422758e-29
14 89.36 52  51.16 4.1871745054671906e-29
14 89.36 53  56.44 0.040577843993312226
14 89.36 54  56.44 0.006822425126513765
14 89.36 55  56.44 0.009751742600773121
14 89.36 56  56.44 0.03965446014179514
14 89.36 57  56.44 0.03631762640796054
14 89.36 58  56.44 0.04267940190849976
14 89.36 59  56.44 0.029093383201400237
14 89.36 60  59.25 9.437636091952465e-29
14 89.36 61  59.25 2.228910015944874e-28
14 89.36 62  59.25 3.7491183015148825e-28
14 89.36 63  59.25 1.2015084134071485e-28
14 89.36 64  59.25 3.966644504160259e-29
14 89.36 65  59.25 9.862434938039865e-29
14 89.36 66  59.25 6.296040482417203e-28
14 89.36 67  63.37 0.0004468282700292687
14 89.36 68  63.37 0.000615010691890307
14 89.36 69  63.37 0.0005010733129370435
14 89.36 70  66.91 0.0006582812966273123
14 89.36 71  66.91 0.0021843436026775177
14 89.36 72  66.91 0.0003107010048704636
14 89.36 73  66.91 0.001117604028301583
14 89.36 74  66.91 0.001955083844656068
14 89.36 75  66.91 0.002166687886954306
14 89.36 76  66.91 0.0014208317165280788
14 89.36 77  67.11 3.989129866665673e-27
14 89.36 78  67.11 8.833668786912284e-28
14 89.36 79  67.11 2.4981138186816924e-27
14 89.36 80  68.23 3.0769179526670316e-28
14 89.36 81  68.23 3.6723382525547675e-28
14 89.36 82  68.23 6.020329144024265e-29
14 89.36 83  68.23 9.211683117742182e-28
14 89.36 84  68.23 2.8513376468721458e-28
14 89.36 85  70.57 0.01452397486184961
14 89.36 86  70.57 0.0024252144982251445
14 89.36 87  70.57 0.009764526098308943
14 89.36 88  70.57 0.0094107149489017
14 89.36 89  70.57 0.017232957730664657
14 89.36 90  72.3 0.0075953710652603345
14 89.36 91  72.3 0.0017842404582178234
14 89.36 92  72.3 0.005998465284430014
14 89.36 93  86.43 3.2056723912569465e-30
14 89.36 94  86.43 1.307919702757454e-29
14 89.36 95  86.43 5.16480624893948e-30
14 89.36 96  86.43 5.0325814692260244e-30
14 89.36 97  86.43 3.073157987669992e-30
14 89.36 98  86.43 1.0542805896516381e-29
14 89.36 99  86.43 2.659608298291184e-29
14 89.36 100  86.43 2.0060501138779828e-30
15 89.36 15  0.0 5.975987013220394e-30
15 89.36 16  0.0 5.775326640364574e-30
15 89.36 17  0.0 7.233849640137272e-29
15 89.36 18  1.82 1.8369761673718922e-27
15 89.36 19  2.79 0.040971133348453107
15 89.36 20  2.79 0.027383556573137006
15 89.36 21  2.79 0.03276287267599096
15 89.36 22  2.79 0.0050034916381737566
15 89.36 23  2.79 0.03807297477142129
15 89.36 24  10.61 2.192549429460436e-30
15 89.36 25  10.61 4.606086208769437e-30
15 89.36 26  10.61 1.0959417855924396e-29
15 89.36 27  30.21 0.010556302911781862
15 89.36 28  30.21 0.01786327737900348
15 89.36 29  30.21 0.014357190283490936
15 89.36 30  30.21 0.01039082586955601
15 89.36 31  30.21 0.032093291965924774
15 89.36 32  30.21 0.010056979786066856
15 89.36 33  30.21 0.016046262562947246
15 89.36 34  38.35 1.6449588964591305e-29
15 89.36 35  38.35 1.4052463590547063e-29
15 89.36 36  38.35 6.219547663246894e-29
15 89.36 37  38.35 2.095364336319747e-29
15 89.36 38  38.35 1.8908260470657775e-29
15 89.36 39  40.45 0.002165446590770355
15 89.36 40  40.45 0.00042440324480927556
15 89.36 41  40.45 0.0022012869351984666
15 89.36 42  43.66 2.051472096624277e-28
15 89.36 43  45.4 0.0034148019539525037
15 89.36 44  45.4 0.002125564620196086
15 89.36 45  45.4 0.0020197170589392062
15 89.36 46  45.4 0.0030507936423391805
15 89.36 47  45.4 0.007233719420532797
15 89.36 48  51.16 1.4957372745557086e-29
15 89.36 49  51.16 4.147362958354015e-30
15 89.36 50  51.16 2.8917378743155566e-29
15 89.36 51  51.16 1.2299586676597568e-29
15 89.36 52  51.16 3.754307534744329e-29
15 89.36 53  56.44 0.010312031374507457
15 89.36 54  56.44 0.03601014005738378
15 89.36 55  56.44 0.03730599889963295
15 89.36 56  56.44 0.020031528731838583
15 89.36 57  56.44 0.021334763881228333
15 89.36 58  56.44 0.01946824903614543
15 89.36 59  56.44 0.057643408929722625
15 89.36 60  59.25 1.4517205644113408e-29
15 89.36 61  59.25 1.0810223247309249e-28
15 89.36 62  59.25 2.3087759393232017e-28
15 89.36 63  59.25 5.668850983573992e-29
15 89.36 64  59.25 1.7884459464918756e-29
15 89.36 65  59.25 1.8070913339106348e-29
15 89.36 66  59.25 1.2798718715465317e-28
15 89.36 67  63.37 0.0009356864327844971
15 89.36 68  63.37 0.000529312523988825
15 89.36 69  63.37 0.00016393035828215076
15 89.36 70  66.91 0.0007564368080177498
15 89.36 71  66.91 0.0009951119595746857
15 89.36 72  66.91 0.001693763069499608
15 89.36 73  66.91 0.0013832803832849049
15 89.36 74  66.91 0.0011792513224040528
15 89.36 75  66.91 0.0012415556180894129
15 89.36 76  66.91 0.002610338322358276
15 89.36 77  67.11 4.2841499941366346e-27
15 89.36 78  67.11 9.513574151024414e-28
15 89.36 79  67.11 2.2801360486366722e-27
15 89.36 80  68.23 1.0030239777730576e-27
15 89.36 81  68.23 1.6624186387934532e-28
15 89.36 82  68.23 1.0178166240344274e-28
15 89.36 83  68.23 1.8975796086105304e-27
15 89.36 84  68.23 6.200267674965321e-28
15 89.36 85  70.57 0.015580560606988982
15 89.36 86  70.57 0.011213086190638067
15 89.36 87  70.57 0.015649730977065582
15 89.36 88  70.57 0.008870475815775377
15 89.36 89  70.57 0.0032732516655557277
15 89.36 90  72.3 0.0017711982779121643
15 89.36 91  72.3 0.006075917330561405
15 89.36 92  72.3 0.007549936682331526
15 89.36 93  86.43 6.797742517820038e-30
15 89.36 94  86.43 2.4835847614981375e-29
15 89.36 95  86.43 1.9387633517618302e-30
15 89.36 96  86.43 2.757601351568448e-30
15 89.36 97  86.43 2.234499357277467e-30
15 89.36 98  86.43 7.045228220582076e-30
15 89.36 99  86.43 3.1998419803540735e-29
15 89.36 100  86.43 2.4045137152982706e-30
16 89.36 16  0.0 3.95785985241665e-29
16 89.36 17  0.0 2.085538246756357e-28
16 89.36 18  1.82 1.1433597434764855e-26
16 89.36 19  2.79 0.012693962696183884
16 89.36 20  2.79 0.03427121475118613
16 89.36 21  2.79 0.013347485224255003
16 89.36 22  2.79 0.030165719357691613
16 89.36 23  2.79 0.05584307219433106
16 89.36 24  10.61 8.831700304743809e-30
16 89.36 25  10.61 3.082903054924907e-30
16 89.36 26  10.61 1.31127520484748e-29
16 89.36 27  30.21 0.020664130413952566
16 89.36 28  30.21 0.020199686118217004
16 89.36 29  30.21 0.02488998265066142
16 89.36 30  30.21 0.015590951078607512
16 89.36 31  30.21 0.00647456615449004
16 89.36 32  30.21 0.00901500756910042
16 89.36 33  30.21 0.014888631656821923
16 89.36 34  38.35 1.605142986640337e-29
16 89.36 35  38.35 3.496783035779335e-29
16 89.36 36  38.35 5.574551687216336e-29
16 89.36 37  38.35 1.7350158252983735e-29
16 89.36 38  38.35 3.0170377783192864e-29
16 89.36 39  40.45 0.0015017278674521201
16 89.36 40  40.45 0.0023607663645818
16 89.36 41  40.45 0.0009434616411303051
16 89.36 42  43.66 1.0729454710628621e-28
16 89.36 43  45.4 0.0027152893122876147
16 89.36 44  45.4 0.0060269454673365745
16 89.36 45  45.4 0.003541900231718561
16 89.36 46  45.4 0.0012204494346710832
16 89.36 47  45.4 0.00442257926675582
16 89.36 48  51.16 3.232779231585554e-29
16 89.36 49  51.16 2.3289927201515467e-29
16 89.36 50  51.16 3.355734484868469e-29
16 89.36 51  51.16 2.11193562990707e-29
16 89.36 52  51.16 2.2769267127316754e-29
16 89.36 53  56.44 0.02105646220963036
16 89.36 54  56.44 0.02017652772220361
16 89.36 55  56.44 0.047962102302302106
16 89.36 56  56.44 0.05362486638792042
16 89.36 57  56.44 0.037167085712286135
16 89.36 58  56.44 0.011103668544257799
16 89.36 59  56.44 0.01685311451150064
16 89.36 60  59.25 2.771921221083047e-29
16 89.36 61  59.25 2.451007849483349e-28
16 89.36 62  59.25 2.1134734427029286e-28
16 89.36 63  59.25 1.0463097758067041e-28
16 89.36 64  59.25 1.8018007270371238e-29
16 89.36 65  59.25 1.431589268790888e-29
16 89.36 66  59.25 9.284782383824555e-29
16 89.36 67  63.37 0.0003980514503326516
16 89.36 68  63.37 0.000657141401342192
16 89.36 69  63.37 0.0006235918402243749
16 89.36 70  66.91 0.0015869651133100077
16 89.36 71  66.91 0.0016515305819195442
16 89.36 72  66.91 0.002114134291091585
16 89.36 73  66.91 0.0010462677244810667
16 89.36 74  66.91 0.0009889801045177482
16 89.36 75  66.91 0.0018011113198651975
16 89.36 76  66.91 0.000752889938965283
16 89.36 77  67.11 2.6570149139311296e-27
16 89.36 78  67.11 6.751808131447707e-28
16 89.36 79  67.11 4.6033670810263e-27
16 89.36 80  68.23 9.605044278515361e-28
16 89.36 81  68.23 1.342740955109523e-28
16 89.36 82  68.23 1.9137137238606213e-28
16 89.36 83  68.23 4.268981627026096e-27
16 89.36 84  68.23 4.2120554391801695e-28
16 89.36 85  70.57 0.004051900632677725
16 89.36 86  70.57 0.012539253966386008
16 89.36 87  70.57 0.0065549984660192954
16 89.36 88  70.57 0.015209923411120747
16 89.36 89  70.57 0.015524275004470702
16 89.36 90  72.3 0.006402750306640129
16 89.36 91  72.3 0.005505497534919549
16 89.36 92  72.3 0.0034568357759652284
16 89.36 93  86.43 4.8413136807933425e-30
16 89.36 94  86.43 2.025429129396207e-29
16 89.36 95  86.43 6.666603993795945e-30
16 89.36 96  86.43 2.8493973378357758e-30
16 89.36 97  86.43 7.272304381682566e-30
16 89.36 98  86.43 1.3329901058544336e-29
16 89.36 99  86.43 1.8904038554988912e-29
16 89.36 100  86.43 7.71103884350326e-30
17 89.36 17  0.0 2.524206870831338e-28
17 89.36 18  1.82 1.8788942609619145e-26
17 89.36 19  2.79 0.02422142602130313
17 89.36 20  2.79 0.018727536098426256
17 89.36 21  2.79 0.03214762120883278
17 89.36 22  2.79 0.05160847267478151
17 89.36 23  2.79 0.024865609126825807
17 89.36 24  10.61 1.354181843223294e-29
17 89.36 25  10.61 1.1252529658581211e-29
17 89.36 26  10.61 1.9887344082124498e-29
17 89.36 27  30.21 0.017092723673182084
17 89.36 28  30.21 0.02206542901934338
17 89.36 29  30.21 0.015332958249528891
17 89.36 30  30.21 0.027693166856812303
17 89.36 31  30.21 0.0016382727332417105
17 89.36 32  30.21 0.021602572298793345
17 89.36 33  30.21 0.0052201163215425525
17 89.36 34  38.35 5.706482926897465e-29
17 89.36 35  38.35 9.86392888812896e-29
17 89.36 36  38.35 1.414765217331474e-28
17 89.36 37  38.35 6.884176957233693e-29
17 89.36 38  38.35 6.365478767213415e-29
17 89.36 39  40.45 0.0011698856543439413
17 89.36 40  40.45 0.0019045023750621846
17 89.36 41  40.45 0.0017507421351573244
17 89.36 42  43.66 1.3870126909407204e-28
17 89.36 43  45.4 0.004234301549139421
17 89.36 44  45.4 0.0026713615672721795
17 89.36 45  45.4 0.002892308793558297
17 89.36 46  45.4 0.0029921475357249892
17 89.36 47  45.4 0.005213004825239023
17 89.36 48  51.16 1.4558510276636336e-28
17 89.36 49  51.16 5.350078072385856e-29
17 89.36 50  51.16 4.0803652125002136e-29
17 89.36 51  51.16 3.8666586758063876e-29
17 89.36 52  51.16 1.0778717222973576e-28
17 89.36 53  56.44 0.016493847671719124
17 89.36 54  56.44 0.03629009788418591
17 89.36 55  56.44 0.03990301164254985
17 89.36 56  56.44 0.03785589226861094
17 89.36 57  56.44 0.030842345088994375
17 89.36 58  56.44 0.026278353649932088
17 89.36 59  56.44 0.02307333818252481
17 89.36 60  59.25 5.4352411034558855e-30
17 89.36 61  59.25 1.0993176765643115e-28
17 89.36 62  59.25 1.5881467762501903e-28
17 89.36 63  59.25 1.013733010016753e-28
17 89.36 64  59.25 3.1696522735617357e-29
17 89.36 65  59.25 4.066745156209446e-29
17 89.36 66  59.25 3.2905748960939043e-28
17 89.36 67  63.37 0.0008222083933299074
17 89.36 68  63.37 0.0004535060367369612
17 89.36 69  63.37 0.0004363421180103406
17 89.36 70  66.91 0.0013489554618067651
17 89.36 71  66.91 0.001201488288760672
17 89.36 72  66.91 0.002249719843715324
17 89.36 73  66.91 0.000783576350329554
17 89.36 74  66.91 0.002087515547879886
17 89.36 75  66.91 0.0008255785330498649
17 89.36 76  66.91 0.0012790870959728897
17 89.36 77  67.11 3.264149976443558e-27
17 89.36 78  67.11 4.0201857526472733e-28
17 89.36 79  67.11 4.059564143463768e-27
17 89.36 80  68.23 1.1782491898376166e-27
17 89.36 81  68.23 1.4762239331441222e-28
17 89.36 82  68.23 9.481924988277408e-29
17 89.36 83  68.23 3.1528003521341543e-27
17 89.36 84  68.23 7.302134714983079e-28
17 89.36 85  70.57 0.007297403772825586
17 89.36 86  70.57 0.013013162842080163
17 89.36 87  70.57 0.005329394033908476
17 89.36 88  70.57 0.023267018656516772
17 89.36 89  70.57 0.005068483316046779
17 89.36 90  72.3 0.005948349696729886
17 89.36 91  72.3 0.005146811249400392
17 89.36 92  72.3 0.00428171866248891
17 89.36 93  86.43 9.96609330009905e-30
17 89.36 94  86.43 2.540432532168374e-29
17 89.36 95  86.43 1.0190587234156188e-29
17 89.36 96  86.43 1.0543265710366745e-29
17 89.36 97  86.43 8.530466695208084e-30
17 89.36 98  86.43 1.825525206668338e-29
17 89.36 99  86.43 4.334671288250262e-29
17 89.36 100  86.43 1.0895767261105928e-29
18 91.18 18  0.0 9.03373528889835e-31
18 91.18 19  0.97 3.463836902491241e-29
18 91.18 20  0.97 5.239373871355551e-29
18 91.18 21  0.97 3.3671300511370135e-29
18 91.18 22  0.97 7.822019781178406e-29
18 91.18 23  0.97 3.405338024728027e-29
18 91.18 24  8.79 5.489072653223521e-28
18 91.18 25  8.79 7.273767703733189e-28
18 91.18 26  8.79 9.877079598338956e-28
18 91.18 27  28.39 9.458954895833989e-29
18 91.18 28  28.39 5.05946723806179e-29
18 91.18 29  28.39 2.807588663114534e-29
18 91.18 30  28.39 1.0038190078584572e-28
18 91.18 31  28.39 6.463862159642005e-29
18 91.18 32  28.39 2.2781848162563995e-28
18 91.18 33  28.39 1.0154435905221575e-28
18 91.18 34  36.53 1.4079115526635217e-26
18 91.18 35  36.53 5.531962293803029e-27
18 91.18 36  36.53 3.551840535537411e-27
18 91.18 37  36.53 5.1181866308818574e-27
18 91.18 38  36.53 6.56061177877786e-27
18 91.18 39  38.63 0.11847018332967314
18 91.18 40  38.63 0.11847018332967177
18 91.18 41  38.63 0.11847018332967847
18 91.18 42  41.84 5.269683534322591e-29
18 91.18 43  43.58 5.268049166171927e-29
18 91.18 44  43.58 5.957325528066217e-28
18 91.18 45  43.58 5.675960212445882e-29
18 91.18 46  43.58 2.556011784907625e-28
18 91.18 47  43.58 4.6498026178813375e-28
18 91.18 48  49.34 6.489461157089239e-27
18 91.18 49  49.34 6.818194209404736e-27
18 91.18 50  49.34 7.892615221516723e-27
18 91.18 51  49.34 5.4217937897978406e-27
18 91.18 52  49.34 4.3026393361557424e-27
18 91.18 53  54.62 6.518206764347467e-29
18 91.18 54  54.62 9.05612143350135e-29
18 91.18 55  54.62 5.887793510275796e-29
18 91.18 56  54.62 1.152659499141312e-28
18 91.18 57  54.62 7.054610179681652e-29
18 91.18 58  54.62 8.224229686662338e-29
18 91.18 59  54.62 4.295929419683239e-29
18 91.18 60  57.43 3.1621302404645015e-27
18 91.18 61  57.43 1.9240296744351447e-27
18 91.18 62  57.43 2.8358741088218404e-27
18 91.18 63  57.43 4.0867199342302145e-27
18 91.18 64  57.43 9.675047823100285e-28
18 91.18 65  57.43 5.125371166897183e-27
18 91.18 66  57.43 2.7042044037763046e-27
18 91.18 67  61.55 0.028397361348971074
18 91.18 68  61.55 0.0283973613489708
18 91.18 69  61.55 0.02839736134897213
18 91.18 70  65.09 6.057841184189036e-29
18 91.18 71  65.09 3.2542441323888904e-30
18 91.18 72  65.09 4.098477465427885e-30
18 91.18 73  65.09 8.309818905194726e-30
18 91.18 74  65.09 4.388922746226033e-30
18 91.18 75  65.09 3.025840220516952e-30
18 91.18 76  65.09 5.7643663818251924e-30
18 91.18 77  65.29 1.5000271669639838e-27
18 91.18 78  65.29 6.849711255591511e-28
18 91.18 79  65.29 7.266313108531222e-28
18 91.18 80  66.41 1.1966592043624678e-27
18 91.18 81  66.41 4.763914327054447e-28
18 91.18 82  66.41 1.2836595462783389e-27
18 91.18 83  66.41 1.8738336875843833e-27
18 91.18 84  66.41 1.5455125227977732e-27
18 91.18 85  68.75 3.827852011278118e-29
18 91.18 86  68.75 4.192602781460194e-28
18 91.18 87  68.75 6.102978462457043e-29
18 91.18 88  68.75 5.1442109284167326e-27
18 91.18 89  68.75 2.856613792771093e-28
18 91.18 90  70.48 0.02625081467618072
18 91.18 91  70.48 0.02625081467618126
18 91.18 92  70.48 0.02625081467618178
18 91.18 93  84.61 4.55919045555165e-30
18 91.18 94  84.61 5.675954235044374e-30
18 91.18 95  84.61 1.2798762012921746e-29
18 91.18 96  84.61 1.987360094806747e-30
18 91.18 97  84.61 4.2984580781217105e-30
18 91.18 98  84.61 6.819644780553219e-30
18 91.18 99  84.61 7.406992493714832e-31
18 91.18 100  84.61 1.8269795841722697e-30
19 92.16 19  0.0 2.2842049049295375e-29
19 92.16 20  0.0 1.0313975035457298e-29
19 92.16 21  0.0 6.772084139302697e-30
19 92.16 22  0.0 3.1296833169526323e-28
19 92.16 23  0.0 7.269019509711465e-29
19 92.16 24  7.81 0.003040351591205647
19 92.16 25  7.81 0.0022399019487902
19 92.16 26  7.81 0.0009576520468625961
19 92.16 27  27.42 1.0247984231650753e-29
19 92.16 28  27.42 8.291531550975198e-30
19 92.16 29  27.42 6.882439318144039e-29
19 92.16 30  27.42 4.253934636652164e-30
19 92.16 31  27.42 2.4687364020351543e-30
19 92.16 32  27.42 2.2864418348012234e-29
19 92.16 33  27.42 3.67245224201438e-29
19 92.16 34  35.56 0.010033225915851408
19 92.16 35  35.56 0.008815662522550543
19 92.16 36  35.56 0.021913467780454735
19 92.16 37  35.56 0.031729372582535914
19 92.16 38  35.56 0.01926728072883656
19 92.16 39  37.65 3.4175018423360225e-29
19 92.16 40  37.65 2.7686686189458326e-29
19 92.16 41  37.65 7.819151609842726e-29
19 92.16 42  40.87 1.3419821103362435e-29
19 92.16 43  42.6 2.4539829473686723e-30
19 92.16 44  42.6 3.896485924395613e-29
19 92.16 45  42.6 1.740303770031266e-29
19 92.16 46  42.6 1.039293656403479e-28
19 92.16 47  42.6 6.083375540546667e-29
19 92.16 48  48.37 0.008225236961591614
19 92.16 49  48.37 0.008995515399242381
19 92.16 50  48.37 0.014982032828779333
19 92.16 51  48.37 0.03252264767287759
19 92.16 52  48.37 0.017149797912311516
19 92.16 53  53.65 1.5821406666943465e-29
19 92.16 54  53.65 5.716684448677752e-30
19 92.16 55  53.65 8.137556538262243e-30
19 92.16 56  53.65 4.639011281971112e-29
19 92.16 57  53.65 4.7591409644485707e-29
19 92.16 58  53.65 3.568178846322121e-29
19 92.16 59  53.65 4.864802420994123e-29
19 92.16 60  56.45 0.013650678792210949
19 92.16 61  56.45 0.0026971358890453025
19 92.16 62  56.45 0.009027659815087095
19 92.16 63  56.45 0.002701765370389871
19 92.16 64  56.45 0.012626196581207184
19 92.16 65  56.45 0.004311350297212453
19 92.16 66  56.45 0.009969101012084177
19 92.16 67  60.58 3.104730855451399e-29
19 92.16 68  60.58 5.646875725172455e-29
19 92.16 69  60.58 7.411125593350734e-29
19 92.16 70  64.12 9.650658556587307e-27
19 92.16 71  64.12 1.5214303182490832e-28
19 92.16 72  64.12 1.3748371649942902e-27
19 92.16 73  64.12 3.724719025145598e-27
19 92.16 74  64.12 1.3844763666993114e-28
19 92.16 75  64.12 3.2967903061057603e-29
19 92.16 76  64.12 1.4701381601713458e-27
19 92.16 77  64.31 0.0007379196600989079
19 92.16 78  64.31 0.003800268762063931
19 92.16 79  64.31 0.0029869669895624448
19 92.16 80  65.43 0.002125555477448369
19 92.16 81  65.43 0.003019321781776941
19 92.16 82  65.43 0.0034699592807651827
19 92.16 83  65.43 0.002257262695815206
19 92.16 84  65.43 0.006791601970607656
19 92.16 85  67.78 5.596054606183576e-29
19 92.16 86  67.78 2.694900068425203e-28
19 92.16 87  67.78 9.292037403790425e-30
19 92.16 88  67.78 2.7217242839661878e-28
19 92.16 89  67.78 1.6784305589783118e-29
19 92.16 90  69.51 3.903770464426787e-29
19 92.16 91  69.51 5.61341985725823e-29
19 92.16 92  69.51 2.0360896311759038e-29
19 92.16 93  83.64 2.3729117246482953e-30
19 92.16 94  83.64 1.2603881960449536e-30
19 92.16 95  83.64 3.54699032235037e-30
19 92.16 96  83.64 2.7730349507487514e-30
19 92.16 97  83.64 1.8960875372620745e-30
19 92.16 98  83.64 5.4311422238793226e-30
19 92.16 99  83.64 1.1325136043687731e-30
19 92.16 100  83.64 2.9418743212108843e-30
20 92.16 20  0.0 3.1745616943751805e-30
20 92.16 21  0.0 7.660336526002054e-30
20 92.16 22  0.0 3.6217235267766356e-28
20 92.16 23  0.0 4.472367488771443e-29
20 92.16 24  7.81 0.0027142757523836085
20 92.16 25  7.81 0.001401855140089402
20 92.16 26  7.81 0.0021310539824792637
20 92.16 27  27.42 2.4048949960503703e-30
20 92.16 28  27.42 3.9243491501501886e-29
20 92.16 29  27.42 5.90777422201736e-29
20 92.16 30  27.42 2.4442921262565628e-30
20 92.16 31  27.42 5.130096098353031e-30
20 92.16 32  27.42 5.19717539667998e-29
20 92.16 33  27.42 1.6532215417901735e-29
20 92.16 34  35.56 0.018682103673690546
20 92.16 35  35.56 0.03147224083292587
20 92.16 36  35.56 0.015469343126571916
20 92.16 37  35.56 0.010266171881183167
20 92.16 38  35.56 0.014444128908648041
20 92.16 39  37.65 7.437114955463163e-29
20 92.16 40  37.65 6.725654611249783e-29
20 92.16 41  37.65 3.8403475539357237e-29
20 92.16 42  40.87 2.0286531470403405e-29
20 92.16 43  42.6 5.3966595116054186e-30
20 92.16 44  42.6 2.2711484191552895e-29
20 92.16 45  42.6 4.596869951852754e-30
20 92.16 46  42.6 1.1930455236214442e-28
20 92.16 47  42.6 5.703737387710012e-29
20 92.16 48  48.37 0.021421817943424792
20 92.16 49  48.37 0.018299783319979772
20 92.16 50  48.37 0.01596420304502648
20 92.16 51  48.37 0.008313323812993897
20 92.16 52  48.37 0.017223474808799766
20 92.16 53  53.65 1.314500365372625e-29
20 92.16 54  53.65 1.4484832064017915e-29
20 92.16 55  53.65 1.8988452461736392e-30
20 92.16 56  53.65 2.169702203292182e-29
20 92.16 57  53.65 1.136205256061004e-28
20 92.16 58  53.65 3.350105116159812e-29
20 92.16 59  53.65 1.7334558204850272e-29
20 92.16 60  56.45 0.011828377881819223
20 92.16 61  56.45 0.005458811538200811
20 92.16 62  56.45 0.00924720093052207
20 92.16 63  56.45 0.012866979941078605
20 92.16 64  56.45 0.009437397788696176
20 92.16 65  56.45 0.005997078379652089
20 92.16 66  56.45 0.005466816169441626
20 92.16 67  60.58 5.051958839536531e-29
20 92.16 68  60.58 2.6772775412601405e-29
20 92.16 69  60.58 1.587189261304937e-29
20 92.16 70  64.12 8.589365815716277e-27
20 92.16 71  64.12 1.1899593920272202e-28
20 92.16 72  64.12 2.300308599028241e-27
20 92.16 73  64.12 4.732169697194323e-27
20 92.16 74  64.12 1.9600340003364093e-28
20 92.16 75  64.12 1.0597152057529748e-29
20 92.16 76  64.12 6.698044309026011e-27
20 92.16 77  64.31 0.0026937734849335677
20 92.16 78  64.31 0.0025153488202765313
20 92.16 79  64.31 0.0022054807064568627
20 92.16 80  65.43 0.003588703093636779
20 92.16 81  65.43 0.0035427228874221695
20 92.16 82  65.43 0.0043353081284760245
20 92.16 83  65.43 0.003716152122550079
20 92.16 84  65.43 0.002014550571841931
20 92.16 85  67.78 3.317468371033805e-29
20 92.16 86  67.78 5.601542543773686e-29
20 92.16 87  67.78 1.566643629121258e-29
20 92.16 88  67.78 4.688019698592079e-28
20 92.16 89  67.78 1.6842233396008296e-29
20 92.16 90  69.51 2.339967770682131e-29
20 92.16 91  69.51 6.144878698692714e-29
20 92.16 92  69.51 7.82669965889897e-30
20 92.16 93  83.64 3.6914972738160154e-30
20 92.16 94  83.64 1.1532732058823043e-30
20 92.16 95  83.64 3.163581224508794e-30
20 92.16 96  83.64 1.0280479879348898e-30
20 92.16 97  83.64 7.835709446952538e-31
20 92.16 98  83.64 6.705531841702428e-30
20 92.16 99  83.64 4.267426536134451e-31
20 92.16 100  83.64 1.3196833286929e-30
21 92.16 21  0.0 2.5052748596977668e-30
21 92.16 22  0.0 1.1182484984585748e-28
21 92.16 23  0.0 1.0723825977151788e-28
21 92.16 24  7.81 0.000729209922824867
21 92.16 25  7.81 0.004127888307693557
21 92.16 26  7.81 0.0013690892107588557
21 92.16 27  27.42 3.903483753746371e-30
21 92.16 28  27.42 3.356102694231588e-29
21 92.16 29  27.42 1.4886598314217932e-29
21 92.16 30  27.42 4.587156587772254e-30
21 92.16 31  27.42 6.488686406306068e-30
21 92.16 32  27.42 6.584972600645339e-29
21 92.16 33  27.42 2.838692111542951e-29
21 92.16 34  35.56 0.012265210549354123
21 92.16 35  35.56 0.017881993235761354
21 92.16 36  35.56 0.013427478708784923
21 92.16 37  35.56 0.02442973335159254
21 92.16 38  35.56 0.02552248760106053
21 92.16 39  37.65 6.352324720510244e-29
21 92.16 40  37.65 8.945136619236599e-29
21 92.16 41  37.65 1.0458261125907316e-28
21 92.16 42  40.87 3.439684277861252e-29
21 92.16 43  42.6 7.276216454738624e-30
21 92.16 44  42.6 1.2229002502781148e-29
21 92.16 45  42.6 2.384006238484917e-30
21 92.16 46  42.6 4.8200061242478023e-29
21 92.16 47  42.6 9.936904893705898e-29
21 92.16 48  48.37 0.0074680484008202135
21 92.16 49  48.37 0.018877014840599796
21 92.16 50  48.37 0.01840746787116758
21 92.16 51  48.37 0.02047018093365226
21 92.16 52  48.37 0.017707796616287373
21 92.16 53  53.65 1.9717753199782123e-29
21 92.16 54  53.65 6.335063111707576e-30
21 92.16 55  53.65 6.351143816322165e-30
21 92.16 56  53.65 3.771705618773854e-29
21 92.16 57  53.65 3.2018285545746317e-29
21 92.16 58  53.65 8.861155904566041e-29
21 92.16 59  53.65 1.589421229364018e-29
21 92.16 60  56.45 0.004610603898572333
21 92.16 61  56.45 0.00960700192373504
21 92.16 62  56.45 0.007317506877534071
21 92.16 63  56.45 0.010568964819145958
21 92.16 64  56.45 0.007269961884825609
21 92.16 65  56.45 0.013895934153757204
21 92.16 66  56.45 0.008080865123032181
21 92.16 67  60.58 2.564548707728274e-29
21 92.16 68  60.58 2.6540598580305666e-29
21 92.16 69  60.58 1.9647932016022887e-29
21 92.16 70  64.12 1.1723147153561158e-26
21 92.16 71  64.12 2.315730219934534e-28
21 92.16 72  64.12 2.553630891779252e-27
21 92.16 73  64.12 1.3390700135270568e-27
21 92.16 74  64.12 1.121430596656152e-28
21 92.16 75  64.12 1.1012260330591893e-29
21 92.16 76  64.12 2.3410494221132687e-27
21 92.16 77  64.31 0.0013460576868354005
21 92.16 78  64.31 0.0026329608354186238
21 92.16 79  64.31 0.0035639494543392002
21 92.16 80  65.43 0.00460414651600383
21 92.16 81  65.43 0.004390274351186392
21 92.16 82  65.43 0.0039843250578471875
21 92.16 83  65.43 0.001245770985635914
21 92.16 84  65.43 0.0031327850055434133
21 92.16 85  67.78 9.472795230890673e-30
21 92.16 86  67.78 6.816770278781583e-29
21 92.16 87  67.78 3.3709438746863574e-29
21 92.16 88  67.78 1.550452511518802e-28
21 92.16 89  67.78 5.510257145674174e-29
21 92.16 90  69.51 4.705148827788784e-29
21 92.16 91  69.51 1.2799531584622976e-28
21 92.16 92  69.51 1.3372170755670446e-29
21 92.16 93  83.64 4.273085143690626e-30
21 92.16 94  83.64 1.0792364870920612e-30
21 92.16 95  83.64 2.210084728236938e-30
21 92.16 96  83.64 9.214009726695182e-31
21 92.16 97  83.64 1.9752745414335923e-30
21 92.16 98  83.64 8.221922605290743e-30
21 92.16 99  83.64 2.1912749894455487e-30
21 92.16 100  83.64 5.1988791886397584e-30
22 92.16 22  0.0 5.731545970047925e-28
22 92.16 23  0.0 3.5528610358545324e-28
22 92.16 24  7.81 0.001493120829723781
22 92.16 25  7.81 0.00206032107147182
22 92.16 26  7.81 0.0027145734381111234
22 92.16 27  27.42 1.0718184733353395e-28
22 92.16 28  27.42 7.893826609200567e-29
22 92.16 29  27.42 3.983985869975314e-29
22 92.16 30  27.42 1.0028888020507818e-28
22 92.16 31  27.42 5.855963431375048e-29
22 92.16 32  27.42 9.841067846668867e-29
22 92.16 33  27.42 1.1117217654037318e-28
22 92.16 34  35.56 0.03814261367203978
22 92.16 35  35.56 0.01572306934540286
22 92.16 36  35.56 0.008190107807399535
22 92.16 37  35.56 0.012961115012545169
22 92.16 38  35.56 0.017850564239605
22 92.16 39  37.65 4.230098643642981e-26
22 92.16 40  37.65 4.349970033773507e-26
22 92.16 41  37.65 4.5345724480361617e-26
22 92.16 42  40.87 1.1778627792089049e-29
22 92.16 43  42.6 5.577024366308037e-30
22 92.16 44  42.6 8.954576697718383e-29
22 92.16 45  42.6 5.654743760404555e-29
22 92.16 46  42.6 7.023811601470894e-29
22 92.16 47  42.6 2.409647237467843e-29
22 92.16 48  48.37 0.015761179669362593
22 92.16 49  48.37 0.020078556723239563
22 92.16 50  48.37 0.02021189590537043
22 92.16 51  48.37 0.015066677703118068
22 92.16 52  48.37 0.010085616471289596
22 92.16 53  53.65 2.896435168318684e-28
22 92.16 54  53.65 1.1070845536594692e-28
22 92.16 55  53.65 9.188528437053189e-29
22 92.16 56  53.65 3.5855578299199336e-28
22 92.16 57  53.65 2.752183774567573e-28
22 92.16 58  53.65 4.755390111610483e-28
22 92.16 59  53.65 2.4413303923345115e-28
22 92.16 60  56.45 0.008588398921507617
22 92.16 61  56.45 0.005631429683998773
22 92.16 62  56.45 0.007595934458849188
22 92.16 63  56.45 0.011008310491954129
22 92.16 64  56.45 0.0025147691990831168
22 92.16 65  56.45 0.014098988729347898
22 92.16 66  56.45 0.008337735051989145
22 92.16 67  60.58 1.1011811900097148e-26
22 92.16 68  60.58 9.933858822471027e-27
22 92.16 69  60.58 9.764220626379879e-27
22 92.16 70  64.12 8.339314797698354e-27
22 92.16 71  64.12 1.08159162445853e-28
22 92.16 72  64.12 1.838349219388489e-27
22 92.16 73  64.12 1.5412092428967791e-27
22 92.16 74  64.12 2.0287423034781733e-28
22 92.16 75  64.12 3.8265374142192965e-29
22 92.16 76  64.12 1.008861740192984e-26
22 92.16 77  64.31 0.0039398196435703695
22 92.16 78  64.31 0.0018072187589208708
22 92.16 79  64.31 0.0017478788449881353
22 92.16 80  65.43 0.0034293384902269767
22 92.16 81  65.43 0.0032954777376247796
22 92.16 82  65.43 0.0034931140484488945
22 92.16 83  65.43 0.0034883999116727556
22 92.16 84  65.43 0.0032341708455670888
22 92.16 85  67.78 1.2066892118815869e-28
22 92.16 86  67.78 1.5426206746343831e-28
22 92.16 87  67.78 7.022481240512394e-29
22 92.16 88  67.78 6.940427636041565e-28
22 92.16 89  67.78 2.0879841414343524e-28
22 92.16 90  69.51 9.983229821003211e-27
22 92.16 91  69.51 9.575347730759153e-27
22 92.16 92  69.51 9.300019192773216e-27
22 92.16 93  83.64 3.0131571221235504e-30
22 92.16 94  83.64 1.9953185280825945e-31
22 92.16 95  83.64 1.5077391570874773e-30
22 92.16 96  83.64 4.773986661945935e-31
22 92.16 97  83.64 1.3481256182857403e-30
22 92.16 98  83.64 8.684776800276837e-30
22 92.16 99  83.64 1.1078856876689506e-30
22 92.16 100  83.64 3.220218177333994e-30
23 92.16 23  0.0 3.288904802310485e-29
23 92.16 24  7.81 0.0020714747113026485
23 92.16 25  7.81 0.0009292515020505327
23 92.16 26  7.81 0.0032424945974564323
23 92.16 27  27.42 3.7232869322823946e-29
23 92.16 28  27.42 5.866925506266027e-29
23 92.16 29  27.42 8.751521910758722e-29
23 92.16 30  27.42 6.393373279316891e-29
23 92.16 31  27.42 1.337276294857664e-29
23 92.16 32  27.42 1.03567499610464e-28
23 92.16 33  27.42 6.211916767569425e-29
23 92.16 34  35.56 0.01392443852762158
23 92.16 35  35.56 0.017664032819616773
23 92.16 36  35.56 0.033247059356354566
23 92.16 37  35.56 0.012785760291987042
23 92.16 38  35.56 0.01672739849443
23 92.16 39  37.65 7.368383603487785e-29
23 92.16 40  37.65 9.599292126587156e-29
23 92.16 41  37.65 4.1149113653038444e-29
23 92.16 42  40.87 2.933445420110633e-29
23 92.16 43  42.6 2.4312266924378064e-29
23 92.16 44  42.6 9.996050681019158e-30
23 92.16 45  42.6 1.4584251578475795e-29
23 92.16 46  42.6 2.0898811573335116e-28
23 92.16 47  42.6 1.4311496791239966e-28
23 92.16 48  48.37 0.026778677131926935
23 92.16 49  48.37 0.015664349992942958
23 92.16 50  48.37 0.012691095132076535
23 92.16 51  48.37 0.006168026506943317
23 92.16 52  48.37 0.02082587348976931
23 92.16 53  53.65 4.236990884545694e-29
23 92.16 54  53.65 8.892652166489778e-29
23 92.16 55  53.65 4.8735668937887906e-29
23 92.16 56  53.65 4.173618091595593e-29
23 92.16 57  53.65 1.1847063393220983e-28
23 92.16 58  53.65 2.489072931984824e-28
23 92.16 59  53.65 4.6677863731152536e-29
23 92.16 60  56.45 0.0044428501053572515
23 92.16 61  56.45 0.019025916423147153
23 92.16 62  56.45 0.00744399434937688
23 92.16 63  56.45 0.0053095780035719966
23 92.16 64  56.45 0.009278700249568882
23 92.16 65  56.45 0.003833142002753429
23 92.16 66  56.45 0.009385788291414683
23 92.16 67  60.58 1.95775667876786e-29
23 92.16 68  60.58 5.0482407484543137e-29
23 92.16 69  60.58 4.077857200049285e-29
23 92.16 70  64.12 9.45488479404042e-27
23 92.16 71  64.12 9.123169872671185e-29
23 92.16 72  64.12 1.8878095484634e-27
23 92.16 73  64.12 3.0835804682924754e-27
23 92.16 74  64.12 1.9646552349978569e-28
23 92.16 75  64.12 3.526852702647912e-30
23 92.16 76  64.12 8.784153632997198e-27
23 92.16 77  64.31 0.0036442550811984177
23 92.16 78  64.31 0.0014353658352139855
23 92.16 79  64.31 0.002343718122171157
23 92.16 80  65.43 0.0035802322538626714
23 92.16 81  65.43 0.003248891801450434
23 92.16 82  65.43 0.0016964414377599402
23 92.16 83  65.43 0.006287721728066363
23 92.16 84  65.43 0.0022056567200419435
23 92.16 85  67.78 5.677893905181703e-29
23 92.16 86  67.78 2.0650321453292166e-28
23 92.16 87  67.78 3.2557297432888563e-29
23 92.16 88  67.78 9.648992282742835e-28
23 92.16 89  67.78 2.3106754346454405e-29
23 92.16 90  69.51 2.0204038464382237e-28
23 92.16 91  69.51 2.495928719140332e-29
23 92.16 92  69.51 3.6240399386630785e-29
23 92.16 93  83.64 5.4369291750366566e-30
23 92.16 94  83.64 9.942839850917271e-31
23 92.16 95  83.64 3.6714368439912565e-30
23 92.16 96  83.64 5.1977837803816586e-30
23 92.16 97  83.64 1.0086110664653671e-30
23 92.16 98  83.64 5.6593694381468884e-30
23 92.16 99  83.64 8.38918220433854e-31
23 92.16 100  83.64 5.45103328889498e-30
24 99.97 24  0.0 9.713602521046532e-30
24 99.97 25  0.0 2.770282442627797e-30
24 99.97 26  0.0 2.0549692237180974e-30
24 99.97 27  19.6 3.182314864443264e-30
24 99.97 28  19.6 1.6544340301526324e-30
24 99.97 29  19.6 9.938014089466855e-30
24 99.97 30  19.6 5.709468736403747e-29
24 99.97 31  19.6 2.016988973818608e-30
24 99.97 32  19.6 1.8298563987519899e-29
24 99.97 33  19.6 1.719518195601001e-29
24 99.97 34  27.74 1.434399898266473e-29
24 99.97 35  27.74 2.4492331461831218e-30
24 99.97 36  27.74 2.402654449220149e-28
24 99.97 37  27.74 2.779016381904272e-29
24 99.97 38  27.74 1.2059624921160286e-29
24 99.97 39  29.84 0.011102739768234041
24 99.97 40  29.84 0.032088255999893
24 99.97 41  29.84 0.03603301134158622
24 99.97 42  33.05 1.0584796864041222e-27
24 99.97 43  34.79 0.01631993956066144
24 99.97 44  34.79 0.05995654144172607
24 99.97 45  34.79 0.018094371124157724
24 99.97 46  34.79 0.03294135500402242
24 99.97 47  34.79 0.04132997474876181
24 99.97 48  40.55 2.087708500720506e-30
24 99.97 49  40.55 6.31649855147244e-30
24 99.97 50  40.55 5.061310056641614e-30
24 99.97 51  40.55 4.4271896811983786e-29
24 99.97 52  40.55 1.2040648336387337e-28
24 99.97 53  45.83 3.328065799702574e-30
24 99.97 54  45.83 5.291798710837954e-30
24 99.97 55  45.83 3.5173234978973395e-30
24 99.97 56  45.83 2.1886417570721486e-30
24 99.97 57  45.83 2.8669715026236785e-30
24 99.97 58  45.83 1.5243926387618905e-29
24 99.97 59  45.83 1.9442907607695867e-30
24 99.97 60  48.64 5.57810955080086e-30
24 99.97 61  48.64 5.616783884849696e-30
24 99.97 62  48.64 2.8637990106678745e-30
24 99.97 63  48.64 1.7123420449127923e-30
24 99.97 64  48.64 7.05797489949089e-31
24 99.97 65  48.64 5.100835938934788e-30
24 99.97 66  48.64 1.3157445546142554e-28
24 99.97 67  52.76 0.000701297568482331
24 99.97 68  52.76 0.0002799832994965383
24 99.97 69  52.76 0.0007267688047096702
24 99.97 70  56.3 5.338364659231457e-29
24 99.97 71  56.3 2.8579730678908473e-30
24 99.97 72  56.3 3.06282220570235e-29
24 99.97 73  56.3 7.059997932601958e-30
24 99.97 74  56.3 1.496803288758293e-29
24 99.97 75  56.3 1.0859016504512557e-30
24 99.97 76  56.3 3.2633004800818587e-29
24 99.97 77  56.5 3.2258018419700665e-29
24 99.97 78  56.5 1.9152192118663866e-29
24 99.97 79  56.5 5.946059150798375e-30
24 99.97 80  57.62 2.7124941440864306e-30
24 99.97 81  57.62 6.245156444305294e-29
24 99.97 82  57.62 3.8375889066315976e-30
24 99.97 83  57.62 5.981638845736896e-29
24 99.97 84  57.62 9.822439522144162e-29
24 99.97 85  59.96 0.0028354093606811947
24 99.97 86  59.96 0.0026153983703440034
24 99.97 87  59.96 0.0016880267618709943
24 99.97 88  59.96 0.00032991692177343176
24 99.97 89  59.96 0.0031739550478539665
24 99.97 90  61.7 5.040557742867932e-6
24 99.97 91  61.7 5.174359742142887e-6
24 99.97 92  61.7 4.039590243950229e-6
24 99.97 93  75.82 1.0525863649952857e-29
24 99.97 94  75.82 1.923273363304448e-29
24 99.97 95  75.82 3.331361171555429e-30
24 99.97 96  75.82 6.284851773483871e-30
24 99.97 97  75.82 2.1097454001328523e-29
24 99.97 98  75.82 9.70435802538474e-30
24 99.97 99  75.82 2.5719121665174925e-29
24 99.97 100  75.82 1.0417464659212621e-29
25 99.97 25  0.0 2.4144313924251026e-31
25 99.97 26  0.0 7.31232417748452e-31
25 99.97 27  19.6 3.027352984970627e-30
25 99.97 28  19.6 5.718724111082557e-30
25 99.97 29  19.6 4.885389258525456e-30
25 99.97 30  19.6 3.4190338392584096e-29
25 99.97 31  19.6 1.3270813477952547e-30
25 99.97 32  19.6 5.450848981406945e-29
25 99.97 33  19.6 2.1120660052928215e-29
25 99.97 34  27.74 3.01571107079286e-29
25 99.97 35  27.74 6.967549313599851e-30
25 99.97 36  27.74 1.1476372576458123e-28
25 99.97 37  27.74 4.2905010316988684e-29
25 99.97 38  27.74 1.1370646163203331e-29
25 99.97 39  29.84 0.03326992669423821
25 99.97 40  29.84 0.028969363409146735
25 99.97 41  29.84 0.01655232175545763
25 99.97 42  33.05 5.405955260238039e-28
25 99.97 43  34.79 0.060195479675111845
25 99.97 44  34.79 0.020702101580386927
25 99.97 45  34.79 0.03735972249216374
25 99.97 46  34.79 0.03154184283891301
25 99.97 47  34.79 0.02036207789393713
25 99.97 48  40.55 6.836592615490541e-30
25 99.97 49  40.55 2.72259804612258e-30
25 99.97 50  40.55 4.395194304392021e-30
25 99.97 51  40.55 1.8696528258240676e-29
25 99.97 52  40.55 1.621862993632381e-28
25 99.97 53  45.83 8.499863792962491e-30
25 99.97 54  45.83 9.643897983706219e-30
25 99.97 55  45.83 2.141369898674244e-30
25 99.97 56  45.83 3.166932293251903e-30
25 99.97 57  45.83 1.0654414967451489e-29
25 99.97 58  45.83 4.5741543750322054e-30
25 99.97 59  45.83 2.7311031985957236e-30
25 99.97 60  48.64 4.02132382707888e-30
25 99.97 61  48.64 2.5274308021030426e-30
25 99.97 62  48.64 5.481504961485943e-30
25 99.97 63  48.64 2.910861575879598e-30
25 99.97 64  48.64 2.9590799215084517e-30
25 99.97 65  48.64 3.377750353539414e-30
25 99.97 66  48.64 2.6265170568551166e-29
25 99.97 67  52.76 0.00015721594481938488
25 99.97 68  52.76 0.0007081899326178861
25 99.97 69  52.76 0.0007698506471806597
25 99.97 70  56.3 2.3478771199517333e-29
25 99.97 71  56.3 8.726645937703361e-31
25 99.97 72  56.3 5.759000960463515e-29
25 99.97 73  56.3 1.577818727122718e-29
25 99.97 74  56.3 3.819565183840041e-30
25 99.97 75  56.3 2.2480503763060558e-30
25 99.97 76  56.3 3.5457851321332177e-29
25 99.97 77  56.5 2.607899444529001e-29
25 99.97 78  56.5 1.4151291659301012e-29
25 99.97 79  56.5 7.483246529663227e-30
25 99.97 80  57.62 4.332168767599574e-30
25 99.97 81  57.62 3.0292546622189196e-29
25 99.97 82  57.62 3.349921441765726e-30
25 99.97 83  57.62 1.5060750398289158e-28
25 99.97 84  57.62 1.3508175686867542e-28
25 99.97 85  59.96 0.00042039254255943446
25 99.97 86  59.96 0.002715848501060015
25 99.97 87  59.96 0.0038939748212633864
25 99.97 88  59.96 0.0014479029843499623
25 99.97 89  59.96 0.002366901356081299
25 99.97 90  61.7 2.928002739846969e-6
25 99.97 91  61.7 7.125278586448329e-6
25 99.97 92  61.7 4.220470217035212e-6
25 99.97 93  75.82 2.600770804142385e-30
25 99.97 94  75.82 6.1658923518288375e-30
25 99.97 95  75.82 3.0195723117292847e-30
25 99.97 96  75.82 1.6211804863027788e-30
25 99.97 97  75.82 5.6330539679390646e-30
25 99.97 98  75.82 2.567531318214932e-30
25 99.97 99  75.82 6.708513972944022e-30
25 99.97 100  75.82 1.2461312346517565e-29
26 99.97 26  0.0 6.4540807051342015e-31
26 99.97 27  19.6 2.8645715970127436e-30
26 99.97 28  19.6 1.221588232450732e-30
26 99.97 29  19.6 1.1222726391624619e-29
26 99.97 30  19.6 2.3320392339308408e-29
26 99.97 31  19.6 1.1129471729467475e-30
26 99.97 32  19.6 4.766513324266629e-29
26 99.97 33  19.6 1.0494365880336655e-29
26 99.97 34  27.74 3.828883602145788e-29
26 99.97 35  27.74 6.59854510273981e-30
26 99.97 36  27.74 2.0931588873016046e-28
26 99.97 37  27.74 4.65798811499953e-29
26 99.97 38  27.74 3.1256608369607644e-29
26 99.97 39  29.84 0.03490340736893731
26 99.97 40  29.84 0.018233227262464756
26 99.97 41  29.84 0.026337774982726575
26 99.97 42  33.05 1.0951371242419313e-27
26 99.97 43  34.79 0.024865019444455037
26 99.97 44  34.79 0.021508338822754776
26 99.97 45  34.79 0.046679980620213
26 99.97 46  34.79 0.03713104466741208
26 99.97 47  34.79 0.040020216740576126
26 99.97 48  40.55 1.0618382901509495e-29
26 99.97 49  40.55 8.054547577796376e-30
26 99.97 50  40.55 7.837851341439328e-30
26 99.97 51  40.55 8.810178698656815e-30
26 99.97 52  40.55 2.079452360310805e-28
26 99.97 53  45.83 5.392081162623345e-30
26 99.97 54  45.83 1.1659139525926266e-29
26 99.97 55  45.83 1.2976652667787503e-30
26 99.97 56  45.83 9.301659506327472e-31
26 99.97 57  45.83 8.981783614563402e-31
26 99.97 58  45.83 1.046433484615778e-29
26 99.97 59  45.83 3.702002176308473e-30
26 99.97 60  48.64 2.0066709578085792e-29
26 99.97 61  48.64 1.8570054260612137e-29
26 99.97 62  48.64 7.302182155754398e-30
26 99.97 63  48.64 5.57417251650651e-30
26 99.97 64  48.64 5.9384539267965646e-30
26 99.97 65  48.64 4.155705175525969e-30
26 99.97 66  48.64 9.362549200913965e-29
26 99.97 67  52.76 0.0007585073003833016
26 99.97 68  52.76 0.0006297668460617627
26 99.97 69  52.76 0.00012231198078072817
26 99.97 70  56.3 2.290494358950469e-29
26 99.97 71  56.3 5.1001114451622486e-30
26 99.97 72  56.3 1.2999033983415377e-29
26 99.97 73  56.3 2.9570643081714795e-29
26 99.97 74  56.3 2.1705725253324638e-29
26 99.97 75  56.3 1.9145718265400254e-30
26 99.97 76  56.3 1.4837880077653338e-29
26 99.97 77  56.5 2.9142997749076746e-29
26 99.97 78  56.5 1.0886715914873186e-29
26 99.97 79  56.5 5.7210782117217025e-30
26 99.97 80  57.62 3.913942971489562e-30
26 99.97 81  57.62 2.2938786702435978e-29
26 99.97 82  57.62 7.181129945696224e-30
26 99.97 83  57.62 5.101076619467219e-28
26 99.97 84  57.62 5.295262577800016e-29
26 99.97 85  59.96 0.003183078095305571
26 99.97 86  59.96 0.0010914524599124422
26 99.97 87  59.96 0.0008479542842340908
26 99.97 88  59.96 0.004688409603372977
26 99.97 89  59.96 0.0009300022415538098
26 99.97 90  61.7 6.3169658074898485e-6
26 99.97 91  61.7 1.9544067902704552e-6
26 99.97 92  61.7 6.026287788061524e-6
26 99.97 93  75.82 5.6181587631778965e-30
26 99.97 94  75.82 8.279450606818813e-30
26 99.97 95  75.82 7.892385175998325e-30
26 99.97 96  75.82 7.560459158142007e-30
26 99.97 97  75.82 9.61728426344447e-30
26 99.97 98  75.82 5.239750100568474e-30
26 99.97 99  75.82 1.854927821498814e-29
26 99.97 100  75.82 7.943769769540945e-30
