1 23.57 1 0.0 1.851803068232007e-30
1 23.57 2 0.0 3.0809150732692616e-30
1 23.57 3 0.0 3.398093549154244e-30
1 23.57 4 16.17 0.16510245225789394
1 23.57 5 16.17 0.23035378376336052
1 23.57 6 16.17 0.08112910821516683
1 23.57 7 45.85 0.03345735596476365
1 23.57 8 45.85 0.053815013144568935
1 23.57 9 45.85 0.05236296505253134
1 23.57 10 45.85 0.10648498679557934
1 23.57 11 45.85 0.08115051303973879
1 23.57 12 62.65 0.0008140174788418206
1 23.57 13 65.05 0.007467744927794011
1 23.57 14 65.05 0.007042979164203348
1 23.57 15 65.05 0.004461309416000992
1 23.57 16 70.21 9.684658938405106e-29
1 23.57 17 70.21 9.641286792081895e-28
1 23.57 18 70.21 5.0397525934750146e-30
1 23.57 19 70.21 2.2332094427178338e-29
1 23.57 20 70.21 1.9105172885018156e-28
1 23.57 21 72.31 0.03078114950196003
1 23.57 22 72.31 0.030243093611376455
1 23.57 23 72.31 0.02406660825364732
1 23.57 24 72.31 0.02219094737570642
1 23.57 25 72.31 0.058337035528611414
1 23.57 26 77.13 3.2253764929990804e-30
1 23.57 27 77.13 1.4923253134993159e-29
1 23.57 28 77.13 2.3915340332152642e-28
1 23.57 29 82.52 1.646428744212558e-29
1 23.57 30 96.73 4.547448497624419e-30
1 23.57 31 96.73 9.004687493913377e-31
1 23.57 32 96.73 7.241656583435544e-31
1 23.57 33 96.73 7.864353654033765e-30
1 23.57 34 96.73 7.701050014410726e-30
1 23.57 35 96.73 8.997146031016381e-32
1 23.57 36 96.73 6.234114201301162e-30
1 23.57 37 107.66 1.020691951573993e-30
1 23.57 38 107.66 1.76426484399118e-30
1 23.57 39 107.66 1.1513979039862968e-30
1 23.57 40 110.51 1.790105522189209e-31
1 23.57 41 110.51 1.6316965615222716e-30
1 23.57 42 110.51 1.5260738255710359e-31
1 23.57 43 110.51 5.865699896197799e-31
1 23.57 44 110.51 1.092799982591464e-30
1 23.57 45 118.09 2.3135345634562952e-31
1 23.57 46 118.09 2.0629878009505985e-31
1 23.57 47 118.09 1.2774019479373886e-30
1 23.57 48 118.09 9.476361242575845e-31
1 23.57 49 118.09 3.5798387340822943e-31
1 23.57 50 118.09 2.5575874857246933e-31
1 23.57 51 118.09 1.000401481804871e-31
1 23.57 52 118.39 1.9689878270777645e-31
1 23.57 53 118.39 3.513334782775589e-31
1 23.57 54 118.39 9.689171474560481e-31
1 23.57 55 118.39 8.209824365802617e-31
1 23.57 56 118.39 8.633233822485076e-32
1 23.57 57 126.55 6.232158383211992e-31
1 23.57 58 126.55 1.753367756506561e-31
1 23.57 59 126.55 4.88506827403956e-31
1 23.57 60 126.55 3.4894599008855013e-32
1 23.57 61 126.55 3.3320478438849626e-32
1 23.57 62 126.55 1.1507223139488115e-31
1 23.57 63 126.55 1.8927435591012876e-31
1 23.57 64 128.47 2.841094457420869e-30
1 23.57 65 128.47 9.377957597753375e-31
1 23.57 66 128.47 3.495974258817134e-31
1 23.57 67 133.68 0.0004406885591426969
1 23.57 68 133.68 0.0004531402312892191
1 23.57 69 133.68 6.979893234734168e-5
1 23.57 70 136.45 0.0001794070074319169
1 23.57 71 136.45 9.232956727076601e-5
1 23.57 72 136.45 0.00023214374784367184
1 23.57 73 136.45 0.00011338926460606345
1 23.57 74 136.45 0.00011407965152730696
1 23.57 75 136.64 4.8857422338653855e-27
1 23.57 76 136.64 1.0324165318472014e-28
1 23.57 77 136.64 5.509703919221086e-29
1 23.57 78 138.34 1.3000053623164784e-29
1 23.57 79 138.34 3.41041750460034e-30
1 23.57 80 138.34 3.0126099402023004e-30
1 23.57 81 138.34 9.307663163477887e-31
1 23.57 82 138.34 4.4590408407731435e-31
1 23.57 83 140.63 1.3209528505126977e-30
1 23.57 84 140.63 8.404608324098107e-31
1 23.57 85 140.63 3.845457538549321e-30
1 23.57 86 140.63 1.466500544096479e-30
1 23.57 87 140.63 9.1321491619513e-32
1 23.57 88 140.63 5.87487054292316e-31
1 23.57 89 140.63 5.212151541772251e-32
1 23.57 90 144.04 1.1356567139129297e-5
1 23.57 91 144.04 7.97171712361903e-6
1 23.57 92 144.04 3.4324133269238176e-6
1 23.57 93 146.73 9.551088882668059e-33
1 23.57 94 146.73 6.313816592680294e-32
1 23.57 95 146.73 1.338414584171306e-31
1 23.57 96 146.73 4.9930033621559054e-31
1 23.57 97 146.73 1.4008608035734008e-31
1 23.57 98 146.73 1.2168045531793736e-32
1 23.57 99 146.73 3.1406519278622133e-32
1 23.57 100 153.46 4.2055103577205625e-31
2 23.57 2 0.0 4.4370818830900756e-30
2 23.57 3 0.0 3.687190053305017e-30
2 23.57 4 16.17 0.16020995959012757
2 23.57 5 16.17 0.08952121750113051
2 23.57 6 16.17 0.22718153670637195
2 23.57 7 45.85 0.07525756687307963
2 23.57 8 45.85 0.08346370700273416
2 23.57 9 45.85 0.07896613945322256
2 23.57 10 45.85 0.0060913312905292935
2 23.57 11 45.85 0.09147557141146774
2 23.57 12 62.65 0.0008140174788418923
2 23.57 13 65.05 0.007371751240779576
2 23.57 14 65.05 0.006424653548183375
2 23.57 15 65.05 0.004900910729168095
2 23.57 16 70.21 1.1739246310899343e-28
2 23.57 17 70.21 2.202274869344912e-28
2 23.57 18 70.21 4.958207345427549e-30
2 23.57 19 70.21 5.002084124655963e-29
2 23.57 20 70.21 4.643876627636905e-28
2 23.57 21 72.31 0.028200895993432198
2 23.57 22 72.31 0.041922474891934056
2 23.57 23 72.31 0.03946178291001694
2 23.57 24 72.31 0.04067222189290619
2 23.57 25 72.31 0.014812238979400053
2 23.57 26 77.13 8.717716206960367e-30
2 23.57 27 77.13 6.769666870399057e-29
2 23.57 28 77.13 3.664762234273105e-28
2 23.57 29 82.52 5.182746937995385e-30
2 23.57 30 96.73 4.838797452200697e-30
2 23.57 31 96.73 2.6995273882969244e-32
2 23.57 32 96.73 3.163451840050275e-32
2 23.57 33 96.73 1.2886125091360073e-29
2 23.57 34 96.73 4.707338141969613e-30
2 23.57 35 96.73 3.099333352649429e-32
2 23.57 36 96.73 3.987045102044425e-30
2 23.57 37 107.66 2.2764143803233395e-31
2 23.57 38 107.66 1.5575543833375403e-30
2 23.57 39 107.66 2.969881985255822e-31
2 23.57 40 110.51 8.205018033816913e-31
2 23.57 41 110.51 1.1340107675126592e-30
2 23.57 42 110.51 9.392531668423801e-31
2 23.57 43 110.51 1.5509860933050824e-30
2 23.57 44 110.51 2.3675925606656743e-30
2 23.57 45 118.09 9.788483290784447e-32
2 23.57 46 118.09 1.9403611743235903e-32
2 23.57 47 118.09 2.3071674120788414e-30
2 23.57 48 118.09 8.54502791502512e-31
2 23.57 49 118.09 7.536220625123051e-32
2 23.57 50 118.09 1.3438894622005289e-31
2 23.57 51 118.09 5.685239307778191e-32
2 23.57 52 118.39 6.32115375306411e-31
2 23.57 53 118.39 3.0671196897542546e-31
2 23.57 54 118.39 5.473797083231377e-31
2 23.57 55 118.39 5.300809289980816e-31
2 23.57 56 118.39 3.5444375780923805e-31
2 23.57 57 126.55 1.1044600516636602e-30
2 23.57 58 126.55 4.204158674518328e-31
2 23.57 59 126.55 8.660370450863848e-31
2 23.57 60 126.55 2.8813693926375507e-32
2 23.57 61 126.55 8.655140874045472e-33
2 23.57 62 126.55 5.127881262917767e-32
2 23.57 63 126.55 1.9189094002223298e-31
2 23.57 64 128.47 1.362033756793266e-30
2 23.57 65 128.47 4.406780447954065e-31
2 23.57 66 128.47 9.466731225162265e-31
2 23.57 67 133.68 0.0002238738411625673
2 23.57 68 133.68 0.0002639007594957194
2 23.57 69 133.68 0.00048208207877619173
2 23.57 70 136.45 0.00017421042643542354
2 23.57 71 136.45 0.0001627772241910077
2 23.57 72 136.45 6.542184056173965e-5
2 23.57 73 136.45 0.00024872595673955877
2 23.57 74 136.45 9.816099390203361e-5
2 23.57 75 136.64 1.3570103639573589e-27
2 23.57 76 136.64 2.328665628060347e-29
2 23.57 77 136.64 1.1800683986260444e-28
2 23.57 78 138.34 3.530645610998695e-30
2 23.57 79 138.34 3.487030239418806e-30
2 23.57 80 138.34 1.3665596560984011e-30
2 23.57 81 138.34 2.777322050207037e-31
2 23.57 82 138.34 6.475131057375661e-31
2 23.57 83 140.63 2.202068001969545e-30
2 23.57 84 140.63 1.6860630745407582e-30
2 23.57 85 140.63 1.2571311928575855e-30
2 23.57 86 140.63 1.5392912724519621e-30
2 23.57 87 140.63 5.943618439216555e-32
2 23.57 88 140.63 5.8394216137838245e-31
2 23.57 89 140.63 2.1505927415785813e-32
2 23.57 90 144.04 6.207763376340579e-6
2 23.57 91 144.04 7.162621289968735e-6
2 23.57 92 144.04 9.724273850664635e-6
2 23.57 93 146.73 3.9015368075870145e-32
2 23.57 94 146.73 2.01343404605951e-31
2 23.57 95 146.73 1.4430118818888482e-31
2 23.57 96 146.73 1.0960461397324776e-31
2 23.57 97 146.73 6.916793836801849e-31
2 23.57 98 146.73 5.719276121706803e-32
2 23.57 99 146.73 7.63624942309712e-32
2 23.57 100 153.46 3.452090499770292e-31
3 23.57 3 0.0 2.060297072556267e-30
3 23.57 4 16.17 0.15350167937909776
3 23.57 5 16.17 0.15498916745541308
3 23.57 6 16.17 0.16968922953102475
3 23.57 7 45.85 0.09031956782601686
3 23.57 8 45.85 0.06159523271825912
3 23.57 9 45.85 0.06720724824037666
3 23.57 10 45.85 0.0860801322247069
3 23.57 11 45.85 0.02675034775025779
3 23.57 12 62.65 0.0008140174788417214
3 23.57 13 65.05 0.003916658336761431
3 23.57 14 65.05 0.005282861364455389
3 23.57 15 65.05 0.009316914015867516
3 23.57 16 70.21 1.256882774925589e-28
3 23.57 17 70.21 4.85346665915091e-28
3 23.57 18 70.21 7.935560996241317e-30
3 23.57 19 70.21 2.67541272893569e-29
3 23.57 20 70.21 4.198564710787634e-28
3 23.57 21 72.31 0.04013168113028903
3 23.57 22 72.31 0.02752057175303834
3 23.57 23 72.31 0.03544444770071532
3 23.57 24 72.31 0.03724427384869111
3 23.57 25 72.31 0.02652625553141466
3 23.57 26 77.13 1.1727682749376554e-29
3 23.57 27 77.13 5.707278890736022e-29
3 23.57 28 77.13 3.9745075893771473e-28
3 23.57 29 82.52 3.473135321066002e-29
3 23.57 30 96.73 2.829679995277031e-30
3 23.57 31 96.73 7.348497529940697e-31
3 23.57 32 96.73 9.8630046770063e-31
3 23.57 33 96.73 8.115765761305162e-30
3 23.57 34 96.73 1.0832409465440981e-29
3 23.57 35 96.73 2.327766483271668e-31
3 23.57 36 96.73 4.379088066995235e-30
3 23.57 37 107.66 9.770010458783071e-31
3 23.57 38 107.66 9.577612225462767e-31
3 23.57 39 107.66 6.947942347717395e-31
3 23.57 40 110.51 1.8483620691559644e-31
3 23.57 41 110.51 1.6571429618035823e-30
3 23.57 42 110.51 1.2298595329078016e-31
3 23.57 43 110.51 7.781620419513744e-31
3 23.57 44 110.51 8.403774862699934e-31
3 23.57 45 118.09 1.9860353385062196e-31
3 23.57 46 118.09 3.5385640039404778e-31
3 23.57 47 118.09 5.1576297227283835e-31
3 23.57 48 118.09 1.6196297440942994e-30
3 23.57 49 118.09 5.313404251252999e-31
3 23.57 50 118.09 5.307387044484152e-31
3 23.57 51 118.09 7.402702960491793e-32
3 23.57 52 118.39 4.719712994062609e-31
3 23.57 53 118.39 1.853330317336049e-31
3 23.57 54 118.39 5.069000389308449e-31
3 23.57 55 118.39 3.1126614742822016e-31
3 23.57 56 118.39 3.0221488120961745e-31
3 23.57 57 126.55 8.14461163374979e-31
3 23.57 58 126.55 2.6248926769430566e-31
3 23.57 59 126.55 1.619886625950374e-30
3 23.57 60 126.55 1.3444429221836403e-32
3 23.57 61 126.55 8.841221257950179e-33
3 23.57 62 126.55 1.6415901359823863e-31
3 23.57 63 126.55 8.264091863391857e-32
3 23.57 64 128.47 1.7064547861666834e-30
3 23.57 65 128.47 1.0558789191800663e-30
3 23.57 66 128.47 3.5177082002871596e-31
3 23.57 67 133.68 0.0003005923819619022
3 23.57 68 133.68 0.0002527183327940889
3 23.57 69 133.68 0.0004131415980937023
3 23.57 70 136.45 7.976408536033443e-5
3 23.57 71 136.45 0.00017796884787298208
3 23.57 72 136.45 0.00013517198765674224
3 23.57 73 136.45 6.936210503147549e-5
3 23.57 74 136.45 0.00021880547236401802
3 23.57 75 136.64 2.888787137530659e-27
3 23.57 76 136.64 5.650611843986718e-29
3 23.57 77 136.64 1.322979653467914e-28
3 23.57 78 138.34 5.870645014073706e-30
3 23.57 79 138.34 2.4971975842554004e-30
3 23.57 80 138.34 5.703035129391075e-30
3 23.57 81 138.34 4.4787251411355915e-31
3 23.57 82 138.34 2.50284553885424e-31
3 23.57 83 140.63 1.093788233240403e-30
3 23.57 84 140.63 2.848797429359481e-30
3 23.57 85 140.63 3.998019191710815e-30
3 23.57 86 140.63 4.898654490148108e-31
3 23.57 87 140.63 1.285670874284813e-31
3 23.57 88 140.63 2.632015351211625e-31
3 23.57 89 140.63 6.134791335631927e-32
3 23.57 90 144.04 5.3270636529855585e-6
3 23.57 91 144.04 7.930145872894266e-6
3 23.57 92 144.04 9.9165963169679e-6
3 23.57 93 146.73 5.073572715146831e-32
3 23.57 94 146.73 9.734256327265616e-32
3 23.57 95 146.73 6.83135484904796e-32
3 23.57 96 146.73 2.6628435857317456e-31
3 23.57 97 146.73 2.0045879748603585e-31
3 23.57 98 146.73 5.391797707074021e-32
3 23.57 99 146.73 6.914562666544925e-32
3 23.57 100 153.46 4.841101926834528e-31
4 39.74 4 0.0 1.9079666826993223e-30
4 39.74 5 0.0 1.5540361728412736e-30
4 39.74 6 0.0 3.1474443182425175e-30
4 39.74 7 29.67 5.1106602242432906e-30
4 39.74 8 29.67 3.810458597826349e-30
4 39.74 9 29.67 1.4136426241292587e-30
4 39.74 10 29.67 4.512763920841092e-31
4 39.74 11 29.67 5.474634981491348e-30
4 39.74 12 46.47 5.322974849648475e-30
4 39.74 13 48.88 1.325063280986961e-29
4 39.74 14 48.88 1.0146340113892945e-29
4 39.74 15 48.88 1.1104456554659024e-30
4 39.74 16 54.03 0.03415596156687477
4 39.74 17 54.03 0.0092108458111623
4 39.74 18 54.03 0.04714470159509034
4 39.74 19 54.03 0.03045474264065569
4 39.74 20 54.03 0.02296170555452104
4 39.74 21 56.14 5.2885083995231146e-30
4 39.74 22 56.14 9.656231543193794e-29
4 39.74 23 56.14 9.8871975998106e-30
4 39.74 24 56.14 3.4001579948481077e-28
4 39.74 25 56.14 1.62664880804584e-28
4 39.74 26 60.96 0.0002200906666970726
4 39.74 27 60.96 0.00014026656256669213
4 39.74 28 60.96 0.00014912942153345597
4 39.74 29 66.35 0.011518877293956863
4 39.74 30 80.56 1.34410796870582e-29
4 39.74 31 80.56 5.205257642015858e-30
4 39.74 32 80.56 1.1414495379645676e-29
4 39.74 33 80.56 1.8509154424195146e-29
4 39.74 34 80.56 1.9701861454390533e-30
4 39.74 35 80.56 1.0450413472917631e-29
4 39.74 36 80.56 1.7108119097334807e-29
4 39.74 37 91.49 0.0010539166861294087
4 39.74 38 91.49 0.0009540947330990123
4 39.74 39 91.49 0.0009908309087040094
4 39.74 40 94.34 0.05131094580778571
4 39.74 41 94.34 0.03746305169544622
4 39.74 42 94.34 0.038851586598516286
4 39.74 43 94.34 0.02778159137107136
4 39.74 44 94.34 0.06827825928980388
4 39.74 45 101.92 6.633527897209463e-26
4 39.74 46 101.92 4.480912389221484e-27
4 39.74 47 101.92 2.2166730095840863e-26
4 39.74 48 101.92 6.475050054837875e-26
4 39.74 49 101.92 5.5407868466474145e-28
4 39.74 50 101.92 2.298228833605568e-25
4 39.74 51 101.92 1.5625626992880948e-28
4 39.74 52 102.22 0.0360597632435416
4 39.74 53 102.22 0.017332691939806796
4 39.74 54 102.22 0.024711540006932584
4 39.74 55 102.22 0.012570449601394513
4 39.74 56 102.22 0.023479027928850798
4 39.74 57 110.37 2.47862031061327e-29
4 39.74 58 110.37 4.0585950966655884e-29
4 39.74 59 110.37 1.7137253654753097e-29
4 39.74 60 110.37 8.051865909955397e-31
4 39.74 61 110.37 2.2230725934052044e-30
4 39.74 62 110.37 4.657464486644051e-30
4 39.74 63 110.37 6.347934727028232e-30
4 39.74 64 112.3 8.604808794201001e-7
4 39.74 65 112.3 1.2328589075223637e-6
4 39.74 66 112.3 1.7219480160341158e-6
4 39.74 67 117.51 8.661534010490533e-30
4 39.74 68 117.51 1.3443961293498675e-29
4 39.74 69 117.51 4.40731389959024e-30
4 39.74 70 120.28 1.0137241255898114e-28
4 39.74 71 120.28 2.225629612441815e-29
4 39.74 72 120.28 9.123696789425664e-27
4 39.74 73 120.28 9.933151815758071e-29
4 39.74 74 120.28 9.451026849333178e-28
4 39.74 75 120.46 0.00045003976487523515
4 39.74 76 120.46 0.000541307765009211
4 39.74 77 120.46 0.0008377047364528745
4 39.74 78 122.17 0.0015841203495353267
4 39.74 79 122.17 0.0047174208800747335
4 39.74 80 122.17 0.004337746908823911
4 39.74 81 122.17 0.009935085594077126
4 39.74 82 122.17 0.004110923455528322
4 39.74 83 124.45 3.149070947182223e-27
4 39.74 84 124.45 3.0584619128378727e-29
4 39.74 85 124.45 5.592417894130711e-29
4 39.74 86 124.45 1.3138477882703058e-28
4 39.74 87 124.45 1.7655954664694248e-30
4 39.74 88 124.45 5.736273160349755e-29
4 39.74 89 124.45 1.9957568828851507e-30
4 39.74 90 127.87 6.868253535840617e-30
4 39.74 91 127.87 4.6714861072023014e-30
4 39.74 92 127.87 4.272718941847542e-30
4 39.74 93 130.56 1.8952447630490466e-32
4 39.74 94 130.56 8.730877103628514e-31
4 39.74 95 130.56 3.159180119645339e-30
4 39.74 96 130.56 1.1706179922844386e-29
4 39.74 97 130.56 6.877664432555636e-30
4 39.74 98 130.56 1.024231700996623e-30
4 39.74 99 130.56 1.9314033669844056e-29
4 39.74 100 137.29 1.1216302470382191e-30
5 39.74 5 0.0 2.91897825336748e-31
5 39.74 6 0.0 2.324247346488966e-31
5 39.74 7 29.67 5.397221218877518e-30
5 39.74 8 29.67 1.0309141675502016e-30
5 39.74 9 29.67 3.5385546060355802e-31
5 39.74 10 29.67 2.5414645248764284e-30
5 39.74 11 29.67 1.7222031518238414e-30
5 39.74 12 46.47 2.7610363372555277e-29
5 39.74 13 48.88 9.264655333018102e-30
5 39.74 14 48.88 6.773040085485925e-30
5 39.74 15 48.88 4.1863920795872614e-30
5 39.74 16 54.03 0.033441730754190255
5 39.74 17 54.03 0.033958144767039164
5 39.74 18 54.03 0.026807347805807694
5 39.74 19 54.03 0.038260958550872436
5 39.74 20 54.03 0.017185170127802622
5 39.74 21 56.14 1.602397858962084e-30
5 39.74 22 56.14 1.1154588684746698e-28
5 39.74 23 56.14 1.817899981305071e-29
5 39.74 24 56.14 2.17213606700477e-28
5 39.74 25 56.14 5.2491810449366125e-28
5 39.74 26 60.96 0.00015655801163722986
5 39.74 27 60.96 0.00021634592713207554
5 39.74 28 60.96 0.0001914287149820828
5 39.74 29 66.35 0.011518877293957022
5 39.74 30 80.56 2.2818895521130032e-30
5 39.74 31 80.56 1.478437729838641e-29
5 39.74 32 80.56 7.042905733743535e-30
5 39.74 33 80.56 3.678624952683772e-29
5 39.74 34 80.56 6.783738443246634e-31
5 39.74 35 80.56 1.4817271072694276e-29
5 39.74 36 80.56 3.5950470581608643e-29
5 39.74 37 91.49 0.0009192026641367402
5 39.74 38 91.49 0.0007494232185971501
5 39.74 39 91.49 0.0013306939569506123
5 39.74 40 94.34 0.050166534392036485
5 39.74 41 94.34 0.02669602581216632
5 39.74 42 94.34 0.04264796619582832
5 39.74 43 94.34 0.0550409026482481
5 39.74 44 94.34 0.04390174648729446
5 39.74 45 101.92 1.1312444776201874e-25
5 39.74 46 101.92 2.979874689084922e-27
5 39.74 47 101.92 4.462959114051123e-26
5 39.74 48 101.92 2.1021773847093416e-26
5 39.74 49 101.92 2.1708688386956923e-28
5 39.74 50 101.92 1.0334025961781965e-25
5 39.74 51 101.92 7.463262806378888e-29
5 39.74 52 102.22 0.015700449196383706
5 39.74 53 102.22 0.031228135118087967
5 39.74 54 102.22 0.02319635543283431
5 39.74 55 102.22 0.03329587522919517
5 39.74 56 102.22 0.010166845016886599
5 39.74 57 110.37 1.7284612493968634e-29
5 39.74 58 110.37 2.2733360378706504e-29
5 39.74 59 110.37 5.765618382930449e-29
5 39.74 60 110.37 1.0934201299807036e-30
5 39.74 61 110.37 2.0274365162188135e-30
5 39.74 62 110.37 3.891006927193197e-30
5 39.74 63 110.37 1.9501241339107407e-30
5 39.74 64 112.3 1.3154060782231254e-6
5 39.74 65 112.3 6.876713428504678e-7
5 39.74 66 112.3 1.8087198877029984e-6
5 39.74 67 117.51 4.5339909842011244e-30
5 39.74 68 117.51 1.001862276024077e-29
5 39.74 69 117.51 6.884916724030798e-30
5 39.74 70 120.28 5.628330541476321e-29
5 39.74 71 120.28 2.219827066140771e-29
5 39.74 72 120.28 1.7085458281485323e-26
5 39.74 73 120.28 7.26325819824268e-29
5 39.74 74 120.28 4.785996064732381e-28
5 39.74 75 120.46 0.0006203963668634572
5 39.74 76 120.46 0.00042742162305418413
5 39.74 77 120.46 0.0007873740052780865
5 39.74 78 122.17 0.005968038498254108
5 39.74 79 122.17 0.0037146313054727317
5 39.74 80 122.17 0.007052925738262791
5 39.74 81 122.17 0.0007279884707091355
5 39.74 82 122.17 0.006972029326009966
5 39.74 83 124.45 2.4060127905285757e-28
5 39.74 84 124.45 2.022912073111315e-29
5 39.74 85 124.45 1.0882206224975433e-28
5 39.74 86 124.45 8.61096520127537e-29
5 39.74 87 124.45 7.828391760954973e-31
5 39.74 88 124.45 1.3941521883538043e-29
5 39.74 89 124.45 6.914382220363936e-31
5 39.74 90 127.87 3.32362960314804e-30
5 39.74 91 127.87 5.4964081135212726e-30
5 39.74 92 127.87 1.2934550646029044e-29
5 39.74 93 130.56 1.155611649047895e-32
5 39.74 94 130.56 7.798160860687748e-31
5 39.74 95 130.56 1.969946291072046e-30
5 39.74 96 130.56 1.2369298773242651e-29
5 39.74 97 130.56 1.843343309839999e-29
5 39.74 98 130.56 2.4039341973460934e-30
5 39.74 99 130.56 3.0015164038851596e-29
5 39.74 100 137.29 2.510106839777549e-30
6 39.74 6 0.0 5.329858389302281e-32
6 39.74 7 29.67 6.682745262300132e-31
6 39.74 8 29.67 4.2761349515460084e-30
6 39.74 9 29.67 5.820094357532401e-31
6 39.74 10 29.67 2.9526487611913577e-30
6 39.74 11 29.67 1.7858688225862027e-30
6 39.74 12 46.47 2.9188089690495166e-29
6 39.74 13 48.88 1.7783172835106262e-29
6 39.74 14 48.88 1.0848368806838494e-29
6 39.74 15 48.88 3.78149604826888e-30
6 39.74 16 54.03 0.019607548564049913
6 39.74 17 54.03 0.04406247829901826
6 39.74 18 54.03 0.01326869616681767
6 39.74 19 54.03 0.018766225609124536
6 39.74 20 54.03 0.047396124415587035
6 39.74 21 56.14 2.0249609207433715e-30
6 39.74 22 56.14 6.312204096064357e-29
6 39.74 23 56.14 1.4120105384631724e-29
6 39.74 24 56.14 5.446228607860552e-28
6 39.74 25 56.14 8.400375922734523e-28
6 39.74 26 60.96 0.00014633159747251063
6 39.74 27 60.96 0.00016556670346856865
6 39.74 28 60.96 0.0001806807943591689
6 39.74 29 66.35 0.011518877293957015
6 39.74 30 80.56 8.019548170576615e-30
6 39.74 31 80.56 9.806387122399503e-30
6 39.74 32 80.56 8.342798196533352e-30
6 39.74 33 80.56 2.915328442105501e-29
6 39.74 34 80.56 1.2402523434971022e-30
6 39.74 35 80.56 1.2774843348805467e-29
6 39.74 36 80.56 1.577841543031934e-29
6 39.74 37 91.49 0.0010277065431776565
6 39.74 38 91.49 0.0012957836874241946
6 39.74 39 91.49 0.0006717388872233751
6 39.74 40 94.34 0.031086132213997
6 39.74 41 94.34 0.06851902552193928
6 39.74 42 94.34 0.05097601194237725
6 39.74 43 94.34 0.04963204457764907
6 39.74 44 94.34 0.020298852494129237
6 39.74 45 101.92 7.815160189279046e-26
6 39.74 46 101.92 1.6021240768670927e-27
6 39.74 47 101.92 3.861547424978463e-26
6 39.74 48 101.92 2.722302641830794e-26
6 39.74 49 101.92 3.723873999306539e-28
6 39.74 50 101.92 3.3194043352736974e-25
6 39.74 51 101.92 5.341262276302505e-29
6 39.74 52 102.22 0.016519138753642856
6 39.74 53 102.22 0.019672348047716625
6 39.74 54 102.22 0.020257172598568064
6 39.74 55 102.22 0.022378089553805644
6 39.74 56 102.22 0.03473926829584166
6 39.74 57 110.37 1.6397564178636624e-29
6 39.74 58 110.37 1.9965138056270893e-29
6 39.74 59 110.37 2.526370670022803e-29
6 39.74 60 110.37 7.939208304259463e-31
6 39.74 61 110.37 3.612194989404621e-30
6 39.74 62 110.37 6.213227867931402e-30
6 39.74 63 110.37 4.691248183937994e-30
6 39.74 64 112.3 1.6395219155151575e-6
6 39.74 65 112.3 1.894450158426535e-6
6 39.74 66 112.3 2.861877893650145e-7
6 39.74 67 117.51 3.2693045317352036e-30
6 39.74 68 117.51 2.634759521650808e-29
6 39.74 69 117.51 4.942221030265094e-30
6 39.74 70 120.28 1.6867422568712139e-28
6 39.74 71 120.28 1.824665042215403e-29
6 39.74 72 120.28 1.2183211356292683e-26
6 39.74 73 120.28 8.112012732146591e-29
6 39.74 74 120.28 9.002949562816584e-29
6 39.74 75 120.46 0.0007611340025447798
6 39.74 76 120.46 0.0008638761826695779
6 39.74 77 120.46 0.0002112151869075503
6 39.74 78 122.17 0.007203619743253936
6 39.74 79 122.17 0.006383907416287615
6 39.74 80 122.17 0.0033891025616879906
6 39.74 81 122.17 0.004095461381731006
6 39.74 82 122.17 0.00370343834746305
6 39.74 83 124.45 1.337791917488898e-27
6 39.74 84 124.45 8.584532008901242e-30
6 39.74 85 124.45 1.8090917042362442e-28
6 39.74 86 124.45 1.2853370124836368e-28
6 39.74 87 124.45 3.226610832264047e-30
6 39.74 88 124.45 2.0384677675168542e-29
6 39.74 89 124.45 1.5042891670431079e-30
6 39.74 90 127.87 4.4717866430058596e-30
6 39.74 91 127.87 6.853005534920892e-30
6 39.74 92 127.87 9.384482746306571e-30
6 39.74 93 130.56 1.575695685558809e-32
6 39.74 94 130.56 1.5728748882309924e-30
6 39.74 95 130.56 4.1726074619301185e-30
6 39.74 96 130.56 1.7579784837654224e-29
6 39.74 97 130.56 3.3879801460139716e-30
6 39.74 98 130.56 1.0277717322222861e-30
6 39.74 99 130.56 1.591998836218608e-29
6 39.74 100 137.29 3.9983091858042844e-30
7 69.41 7 0.0 3.779956639587138e-30
7 69.41 8 0.0 4.814241775346113e-30
7 69.41 9 0.0 1.170231927830655e-30
7 69.41 10 0.0 4.0106562364871056e-30
7 69.41 11 0.0 5.669304427671053e-30
7 69.41 12 16.8 2.7294424081723973e-29
7 69.41 13 19.2 2.289889348320566e-29
7 69.41 14 19.2 1.6046468746306578e-29
7 69.41 15 19.2 4.581385418918463e-30
7 69.41 16 24.36 0.03002336544458136
7 69.41 17 24.36 0.03695082902411508
7 69.41 18 24.36 0.04678617714111858
7 69.41 19 24.36 0.04391313324563842
7 69.41 20 24.36 0.03586963421236384
7 69.41 21 26.47 8.371869615125497e-30
7 69.41 22 26.47 9.946690628323716e-29
7 69.41 23 26.47 2.3254196806642205e-28
7 69.41 24 26.47 4.070543686228655e-28
7 69.41 25 26.47 5.999729168067866e-28
7 69.41 26 31.29 0.011019582481237872
7 69.41 27 31.29 0.008239450486600741
7 69.41 28 31.29 0.011718046889383384
7 69.41 29 36.67 6.604886061781144e-30
7 69.41 30 50.88 0.028327253583433593
7 69.41 31 50.88 0.06917071129337253
7 69.41 32 50.88 0.06195594744913984
7 69.41 33 50.88 0.042595165337871554
7 69.41 34 50.88 0.0306564430076708
7 69.41 35 50.88 0.010037494327128419
7 69.41 36 50.88 0.08584086236209384
7 69.41 37 61.81 2.5798409631769586e-6
7 69.41 38 61.81 1.3805419501121979e-6
7 69.41 39 61.81 8.915405360261801e-7
7 69.41 40 64.66 0.000749289395305287
7 69.41 41 64.66 0.0018675421866763652
7 69.41 42 64.66 0.0014566392875793464
7 69.41 43 64.66 0.0009698149164154673
7 69.41 44 64.66 0.0004406406564762835
7 69.41 45 72.24 0.007921206872008675
7 69.41 46 72.24 0.013546848302554173
7 69.41 47 72.24 0.005753516644621546
7 69.41 48 72.24 0.006360923675690489
7 69.41 49 72.24 0.021865261330980754
7 69.41 50 72.24 0.012238329678387286
7 69.41 51 72.24 0.004847794139103285
7 69.41 52 72.54 0.013995826090876866
7 69.41 53 72.54 0.0062290494142408556
7 69.41 54 72.54 0.020085162904315286
7 69.41 55 72.54 0.013753150664203087
7 69.41 56 72.54 0.009178335274535852
7 69.41 57 80.7 9.565682744977272e-30
7 69.41 58 80.7 9.312116242055919e-30
7 69.41 59 80.7 1.0125550600207255e-29
7 69.41 60 80.7 8.002688805131161e-31
7 69.41 61 80.7 2.1960548339997014e-30
7 69.41 62 80.7 5.997826561520542e-30
7 69.41 63 80.7 5.81172184512214e-30
7 69.41 64 82.63 0.0001171107514607816
7 69.41 65 82.63 0.00013610749746400727
7 69.41 66 82.63 0.00012969562724687698
7 69.41 67 87.83 1.5865587128694573e-29
7 69.41 68 87.83 2.0005245644586212e-29
7 69.41 69 87.83 7.381693561623097e-30
7 69.41 70 90.6 3.964038914654518e-29
7 69.41 71 90.6 7.632602813865931e-29
7 69.41 72 90.6 1.3528909773801984e-26
7 69.41 73 90.6 1.4120304896263065e-28
7 69.41 74 90.6 6.011324642040507e-28
7 69.41 75 90.79 0.0005817192513896318
7 69.41 76 90.79 0.0005421932426524086
7 69.41 77 90.79 0.0007535319523643918
7 69.41 78 92.49 0.0036211693393279694
7 69.41 79 92.49 0.0026011798330927626
7 69.41 80 92.49 0.001545011545965262
7 69.41 81 92.49 0.002804601375632405
7 69.41 82 92.49 0.0015881679483588434
7 69.41 83 94.78 0.004079793208807322
7 69.41 84 94.78 0.005584690289278896
7 69.41 85 94.78 0.0029500608969828465
7 69.41 86 94.78 0.001983881067128726
7 69.41 87 94.78 0.005336719296677074
7 69.41 88 94.78 0.003937536701890849
7 69.41 89 94.78 0.0030327526762567248
7 69.41 90 98.2 1.251186225829965e-29
7 69.41 91 98.2 1.1608148296865016e-29
7 69.41 92 98.2 3.884231140640305e-29
7 69.41 93 100.88 1.8671340359842136e-30
7 69.41 94 100.88 5.929945105791767e-30
7 69.41 95 100.88 2.418184386071329e-29
7 69.41 96 100.88 8.455642592265547e-30
7 69.41 97 100.88 1.1536707485655706e-29
7 69.41 98 100.88 1.0543911436274589e-30
7 69.41 99 100.88 1.402060226510604e-29
7 69.41 100 107.61 2.285802010257002e-30
8 69.41 8 0.0 3.6847986033521174e-30
8 69.41 9 0.0 9.446983280294317e-30
8 69.41 10 0.0 1.599140334439947e-29
8 69.41 11 0.0 1.276847926216581e-29
8 69.41 12 16.8 6.826736824111398e-29
8 69.41 13 19.2 3.9103317796769467e-29
8 69.41 14 19.2 2.2880619101461027e-29
8 69.41 15 19.2 1.3771508972767314e-29
8 69.41 16 24.36 0.030668739921869408
8 69.41 17 24.36 0.05118635363312611
8 69.41 18 24.36 0.024836948907850077
8 69.41 19 24.36 0.05600150513622239
8 69.41 20 24.36 0.026286556533017792
8 69.41 21 26.47 1.8405450820859937e-29
8 69.41 22 26.47 2.2286993491570277e-28
8 69.41 23 26.47 1.4890794082866652e-28
8 69.41 24 26.47 3.706466091113355e-28
8 69.41 25 26.47 9.30288927630239e-28
8 69.41 26 31.29 0.014885085415485815
8 69.41 27 31.29 0.006940150498394281
8 69.41 28 31.29 0.012118107597901943
8 69.41 29 36.67 1.3624841726167102e-29
8 69.41 30 50.88 0.09059732299942588
8 69.41 31 50.88 0.031675947749963684
8 69.41 32 50.88 0.05514851427540274
8 69.41 33 50.88 0.02121097759991389
8 69.41 34 50.88 0.053269119151359075
8 69.41 35 50.88 0.028985733140816258
8 69.41 36 50.88 0.029913142582799063
8 69.41 37 61.81 1.4493713643024576e-6
8 69.41 38 61.81 2.1109230335450907e-6
8 69.41 39 61.81 1.2853706769432713e-6
8 69.41 40 64.66 0.0009106977137830952
8 69.41 41 64.66 0.0011939932943061662
8 69.41 42 64.66 0.0011393180355539663
8 69.41 43 64.66 0.0007762112124271131
8 69.41 44 64.66 0.0013970887515586607
8 69.41 45 72.24 0.006549117709901577
8 69.41 46 72.24 0.018500211196965714
8 69.41 47 72.24 0.008899858036598738
8 69.41 48 72.24 0.0070681306247928665
8 69.41 49 72.24 0.006962962294538657
8 69.41 50 72.24 0.008398893993151274
8 69.41 51 72.24 0.015131210276625909
8 69.41 52 72.54 0.016329591847789596
8 69.41 53 72.54 0.013897172689280961
8 69.41 54 72.54 0.004510741657259147
8 69.41 55 72.54 0.010019257827694545
8 69.41 56 72.54 0.018251872043549087
8 69.41 57 80.7 1.6256797577632543e-29
8 69.41 58 80.7 4.375451455657335e-30
8 69.41 59 80.7 8.200238837181288e-29
8 69.41 60 80.7 8.760866528962451e-31
8 69.41 61 80.7 5.742349414745513e-30
8 69.41 62 80.7 2.7930822870182704e-29
8 69.41 63 80.7 1.1512846137557588e-29
8 69.41 64 82.63 0.00016482582645408378
8 69.41 65 82.63 0.00013902882928182837
8 69.41 66 82.63 7.913814929073048e-5
8 69.41 67 87.83 6.704587340445643e-30
8 69.41 68 87.83 1.240022717998811e-29
8 69.41 69 87.83 1.6355818166216783e-29
8 69.41 70 90.6 1.1498854746122305e-28
8 69.41 71 90.6 6.928181144247218e-29
8 69.41 72 90.6 1.562524665994342e-26
8 69.41 73 90.6 8.326639569911859e-29
8 69.41 74 90.6 2.5878357181292926e-28
8 69.41 75 90.79 0.0006979997847921706
8 69.41 76 90.79 0.0007138723374637196
8 69.41 77 90.79 0.00046992483870859724
8 69.41 78 92.49 0.001376775785654509
8 69.41 79 92.49 0.00328293805220598
8 69.41 80 92.49 0.0026097066852148474
8 69.41 81 92.49 0.003870584435294617
8 69.41 82 92.49 0.0010912796462144586
8 69.41 83 94.78 0.0010628408344529998
8 69.41 84 94.78 0.004681754576639616
8 69.41 85 94.78 0.005720128356252605
8 69.41 86 94.78 0.005248059561008174
8 69.41 87 94.78 0.0033044806382401854
8 69.41 88 94.78 0.003893065214282499
8 69.41 89 94.78 0.0038877454388164434
8 69.41 90 98.2 1.0824484130180423e-29
8 69.41 91 98.2 2.4192146159151837e-29
8 69.41 92 98.2 4.549920242115929e-29
8 69.41 93 100.88 2.0889109108579397e-30
8 69.41 94 100.88 2.6489595116130683e-30
8 69.41 95 100.88 5.759880080561412e-30
8 69.41 96 100.88 6.326177661446447e-30
8 69.41 97 100.88 3.1717850970738245e-30
8 69.41 98 100.88 1.366169163673416e-30
8 69.41 99 100.88 1.1652663150392215e-29
8 69.41 100 107.61 4.980404329786366e-30
9 69.41 9 0.0 9.850696926099346e-32
9 69.41 10 0.0 2.5166340799945104e-30
9 69.41 11 0.0 6.891718441968325e-30
9 69.41 12 16.8 2.0214196201375362e-29
9 69.41 13 19.2 3.3427869690489934e-29
9 69.41 14 19.2 2.961480708287114e-29
9 69.41 15 19.2 7.3890576948061e-30
9 69.41 16 24.36 0.049597464357514595
9 69.41 17 24.36 0.0326275731626147
9 69.41 18 24.36 0.03516634506793569
9 69.41 19 24.36 0.04402522723664808
9 69.41 20 24.36 0.024980703247584862
9 69.41 21 26.47 6.316637063218477e-30
9 69.41 22 26.47 1.656119847332002e-28
9 69.41 23 26.47 1.7592859992493309e-28
9 69.41 24 26.47 4.373237989793121e-28
9 69.41 25 26.47 6.92819682968355e-28
9 69.41 26 31.29 0.013935934813661604
9 69.41 27 31.29 0.011402489573626063
9 69.41 28 31.29 0.009666190137194018
9 69.41 29 36.67 6.88629083220337e-30
9 69.41 30 50.88 0.04765900992502048
9 69.41 31 50.88 0.02298422126310047
9 69.41 32 50.88 0.034207039846130466
9 69.41 33 50.88 0.06181262878987734
9 69.41 34 50.88 0.05872814612620736
9 69.41 35 50.88 0.06365888536729805
9 69.41 36 50.88 0.04228499132080771
9 69.41 37 61.81 1.3964583825756073e-6
9 69.41 38 61.81 2.0451331910123666e-6
9 69.41 39 61.81 1.4100598949020575e-6
9 69.41 40 64.66 0.00093863342600432
9 69.41 41 64.66 0.0010874683495714409
9 69.41 42 64.66 0.0009643349248323686
9 69.41 43 64.66 0.0009544795685850622
9 69.41 44 64.66 0.0014552835028338927
9 69.41 45 72.24 0.014586314651277339
9 69.41 46 72.24 0.009054266291319458
9 69.41 47 72.24 0.004914618622958084
9 69.41 48 72.24 0.01235548037925708
9 69.41 49 72.24 0.012747364828612221
9 69.41 50 72.24 0.012130277999891729
9 69.41 51 72.24 0.007746771261843718
9 69.41 52 72.54 0.018602573361353437
9 69.41 53 72.54 0.007624473650579559
9 69.41 54 72.54 0.004242615461520204
9 69.41 55 72.54 0.01623288802562623
9 69.41 56 72.54 0.016205271280148842
9 69.41 57 80.7 1.631054032453955e-29
9 69.41 58 80.7 7.083774142102995e-30
9 69.41 59 80.7 4.36156391858878e-29
9 69.41 60 80.7 1.1615111716825262e-30
9 69.41 61 80.7 3.3965401530692704e-30
9 69.41 62 80.7 2.4715761088631256e-29
9 69.41 63 80.7 7.5688891597743e-30
9 69.41 64 82.63 0.00017070891944629806
9 69.41 65 82.63 0.00010575311678596156
9 69.41 66 82.63 0.00010646183738345673
9 69.41 67 87.83 4.128136774222296e-30
9 69.41 68 87.83 4.861770050494968e-30
9 69.41 69 87.83 1.3709471827746392e-29
9 69.41 70 90.6 1.332926740543602e-28
9 69.41 71 90.6 7.1484921728915e-30
9 69.41 72 90.6 1.4968865306971297e-26
9 69.41 73 90.6 1.089470947916219e-28
9 69.41 74 90.6 2.9227062018991324e-28
9 69.41 75 90.79 0.0007750025285976414
9 69.41 76 90.79 0.0005194569668253287
9 69.41 77 90.79 0.0005857061606375944
9 69.41 78 92.49 0.0012066615010768043
9 69.41 79 92.49 0.0031430223190448718
9 69.41 80 92.49 0.002801610226896585
9 69.41 81 92.49 0.002236632158273445
9 69.41 82 92.49 0.0027670111806333336
9 69.41 83 94.78 0.003919144930054625
9 69.41 84 94.78 0.00201050404039933
9 69.41 85 94.78 0.003343054939785272
9 69.41 86 94.78 0.002141202756426407
9 69.41 87 94.78 0.003577268630861209
9 69.41 88 94.78 0.004172011381698759
9 69.41 89 94.78 0.007171750805507926
9 69.41 90 98.2 1.3212951158123434e-29
9 69.41 91 98.2 5.4478528759682615e-30
9 69.41 92 98.2 4.7497066968979375e-29
9 69.41 93 100.88 9.127308871044824e-31
9 69.41 94 100.88 2.6974058952324378e-30
9 69.41 95 100.88 2.2134842990811866e-29
9 69.41 96 100.88 2.1048748228915292e-30
9 69.41 97 100.88 2.2673953135161566e-30
9 69.41 98 100.88 1.7357218484257805e-30
9 69.41 99 100.88 1.9655936474955912e-29
9 69.41 100 107.61 2.54250006448411e-30
10 69.41 10 0.0 9.142614154618004e-30
10 69.41 11 0.0 2.306282026269666e-30
10 69.41 12 16.8 3.158395617197402e-29
10 69.41 13 19.2 3.0731540943128157e-29
10 69.41 14 19.2 6.451435157758611e-30
10 69.41 15 19.2 1.0805042037900114e-29
10 69.41 16 24.36 0.040641364580343044
10 69.41 17 24.36 0.05585427346681356
10 69.41 18 24.36 0.04697322329111592
10 69.41 19 24.36 0.02714935714878174
10 69.41 20 24.36 0.020806782577330027
10 69.41 21 26.47 5.715899391019524e-30
10 69.41 22 26.47 1.9634731976860075e-28
10 69.41 23 26.47 1.09782343120331e-28
10 69.41 24 26.47 3.2315285798263667e-28
10 69.41 25 26.47 8.746381648168463e-28
10 69.41 26 31.29 0.00578078743401397
10 69.41 27 31.29 0.021786761008192334
10 69.41 28 31.29 0.008073760069034902
10 69.41 29 36.67 1.0018384366899065e-28
10 69.41 30 50.88 0.028405075001002845
10 69.41 31 50.88 0.04972542018141401
10 69.41 32 50.88 0.04297283678104043
10 69.41 33 50.88 0.0330221579322785
10 69.41 34 50.88 0.04915961199108966
10 69.41 35 50.88 0.04470581923786271
10 69.41 36 50.88 0.042583152093535886
10 69.41 37 61.81 1.914034855833552e-6
10 69.41 38 61.81 9.258782764004986e-7
10 69.41 39 61.81 2.0278403810900114e-6
10 69.41 40 64.66 0.0007029357151836354
10 69.41 41 64.66 0.0007521841229446659
10 69.41 42 64.66 0.0009143615202300808
10 69.41 43 64.66 0.001995159678159132
10 69.41 44 64.66 0.0011026814237812413
10 69.41 45 72.24 0.011892661172544582
10 69.41 46 72.24 0.005018189648997843
10 69.41 47 72.24 0.02025496564370608
10 69.41 48 72.24 0.017925926077049736
10 69.41 49 72.24 0.0027699695108115907
10 69.41 50 72.24 0.008654348984103093
10 69.41 51 72.24 0.007498239585800599
10 69.41 52 72.54 0.006107164240713961
10 69.41 53 72.54 0.013643134291534085
10 69.41 54 72.54 0.022970686262174297
10 69.41 55 72.54 0.01082863599849146
10 69.41 56 72.54 0.009231084954468952
10 69.41 57 80.7 2.3816440730684414e-30
10 69.41 58 80.7 1.496679603478821e-29
10 69.41 59 80.7 3.9516020200527914e-29
10 69.41 60 80.7 1.855249411702601e-30
10 69.41 61 80.7 3.262207706999239e-30
10 69.41 62 80.7 3.0416305321838534e-29
10 69.41 63 80.7 4.264212302794388e-30
10 69.41 64 82.63 2.5791405881544212e-5
10 69.41 65 82.63 0.00011491268973870044
10 69.41 66 82.63 0.0002420071746539501
10 69.41 67 87.83 1.7964022125654414e-29
10 69.41 68 87.83 2.4286362887957781e-29
10 69.41 69 87.83 1.2380633409392402e-29
10 69.41 70 90.6 5.942345902818122e-29
10 69.41 71 90.6 6.756711281444206e-29
10 69.41 72 90.6 4.0403457755038546e-27
10 69.41 73 90.6 1.9108179257279437e-28
10 69.41 74 90.6 7.917284430287176e-28
10 69.41 75 90.79 0.00016295548931076338
10 69.41 76 90.79 0.0006455212358252258
10 69.41 77 90.79 0.0010702946820164588
10 69.41 78 92.49 0.005172235323787491
10 69.41 79 92.49 0.002166282535405291
10 69.41 80 92.49 0.0009830556699687736
10 69.41 81 92.49 0.0015875222114545872
10 69.41 82 92.49 0.0022279919527193773
10 69.41 83 94.78 0.004831473381623937
10 69.41 84 94.78 0.0033255032454242526
10 69.41 85 94.78 0.006014347679204425
10 69.41 86 94.78 0.006237983728009402
10 69.41 87 94.78 0.003091642604814972
10 69.41 88 94.78 0.002500572113979711
10 69.41 89 94.78 0.0010557567113118449
10 69.41 90 98.2 1.4691231850322998e-29
10 69.41 91 98.2 4.9185533753590884e-30
10 69.41 92 98.2 3.439496713528185e-29
10 69.41 93 100.88 1.0847980232540962e-30
10 69.41 94 100.88 2.4577117620866218e-30
10 69.41 95 100.88 1.7937654208278797e-29
10 69.41 96 100.88 1.696849713381378e-29
10 69.41 97 100.88 1.2311289377384209e-29
10 69.41 98 100.88 3.4540389793936808e-31
10 69.41 99 100.88 8.040186154497466e-30
10 69.41 100 107.61 3.655362606158746e-30
11 69.41 11 0.0 3.022036050225705e-31
11 69.41 12 16.8 1.5504668566847032e-29
11 69.41 13 19.2 5.472339428730853e-29
11 69.41 14 19.2 2.877179053772005e-29
11 69.41 15 19.2 9.741974352345536e-30
11 69.41 16 24.36 0.03824768479250224
11 69.41 17 24.36 0.02229991830159024
11 69.41 18 24.36 0.0341429628436139
11 69.41 19 24.36 0.019585200995779282
11 69.41 20 24.36 0.08051955859632835
11 69.41 21 26.47 9.187167370028315e-30
11 69.41 22 26.47 4.785578688826703e-29
11 69.41 23 26.47 1.5326844483141142e-28
11 69.41 24 26.47 7.555127271579929e-28
11 69.41 25 26.47 3.0417775908552795e-28
11 69.41 26 31.29 0.010407535754717857
11 69.41 27 31.29 0.012588652940669652
11 69.41 28 31.29 0.013915320356259567
11 69.41 29 36.67 1.907442192195503e-29
11 69.41 30 50.88 0.032300313094841944
11 69.41 31 50.88 0.045597757672671616
11 69.41 32 50.88 0.0399397167502141
11 69.41 33 50.88 0.07732945184842367
11 69.41 34 50.88 0.028435229254723794
11 69.41 35 50.88 0.08406091194430027
11 69.41 36 50.88 0.017197125052821713
11 69.41 37 61.81 7.479351339858789e-7
11 69.41 38 61.81 1.6457194100212674e-6
11 69.41 39 61.81 2.454803557384185e-6
11 69.41 40 64.66 0.0021432843436161404
11 69.41 41 64.66 0.0006292046344917306
11 69.41 42 64.66 0.0011003522925858047
11 69.41 43 64.66 0.0007167123775688581
11 69.41 44 64.66 0.0008910408448288495
11 69.41 45 72.24 0.013088271012704256
11 69.41 46 72.24 0.0056091788399349335
11 69.41 47 72.24 0.01040720919749556
11 69.41 48 72.24 0.01176408376162297
11 69.41 49 72.24 0.006920563811546066
11 69.41 50 72.24 0.009198058798189395
11 69.41 51 72.24 0.01717233241637764
11 69.41 52 72.54 0.006931401768878593
11 69.41 53 72.54 0.020776155602459684
11 69.41 54 72.54 0.012448152964324314
11 69.41 55 72.54 0.015084131008506864
11 69.41 56 72.54 0.008541524793375506
11 69.41 57 80.7 6.652343441379912e-30
11 69.41 58 80.7 2.277202031271557e-29
11 69.41 59 80.7 6.670842372031006e-29
11 69.41 60 80.7 3.0115656485818016e-30
11 69.41 61 80.7 3.581556505277155e-30
11 69.41 62 80.7 1.457962900552549e-29
11 69.41 63 80.7 1.0033206805292273e-29
11 69.41 64 82.63 0.00017030655182609622
11 69.41 65 82.63 0.00015773335478837353
11 69.41 66 82.63 5.5166761021034344e-5
11 69.41 67 87.83 1.3802261944421603e-29
11 69.41 68 87.83 1.718693824121435e-29
11 69.41 69 87.83 1.4411986727698365e-29
11 69.41 70 90.6 5.318163794802315e-29
11 69.41 71 90.6 4.8904938541312906e-29
11 69.41 72 90.6 1.7450170326924477e-26
11 69.41 73 90.6 5.226898162269627e-29
11 69.41 74 90.6 2.5078687078020753e-28
11 69.41 75 90.79 0.000952673558571332
11 69.41 76 90.79 0.0008222933057253942
11 69.41 77 90.79 0.0001002987913719138
11 69.41 78 92.49 0.0015098255069226274
11 69.41 79 92.49 0.0010999684554593367
11 69.41 80 92.49 0.004026922988085506
11 69.41 81 92.49 0.0010949144289648448
11 69.41 82 92.49 0.004639385972419481
11 69.41 83 94.78 0.00475328095488567
11 69.41 84 94.78 0.003181807573736103
11 69.41 85 94.78 0.00225251589602303
11 69.41 86 94.78 0.002281769807443031
11 69.41 87 94.78 0.0045787419415304394
11 69.41 88 94.78 0.005607058159024617
11 69.41 89 94.78 0.003760426140465428
11 69.41 90 98.2 6.815217485904945e-30
11 69.41 91 98.2 6.994687497819502e-30
11 69.41 92 98.2 5.782223935359048e-29
11 69.41 93 100.88 1.791509926863694e-30
11 69.41 94 100.88 5.988861182626491e-30
11 69.41 95 100.88 1.8775372553137606e-29
11 69.41 96 100.88 5.1682219249067755e-30
11 69.41 97 100.88 8.280553109705138e-30
11 69.41 98 100.88 1.48122444023758e-30
11 69.41 99 100.88 2.346811977847723e-29
11 69.41 100 107.61 4.6427382728303715e-30
12 86.21 12 0.0 2.34047060305899e-29
12 86.21 13 2.4 1.008150917769125e-28
12 86.21 14 2.4 1.2917309731270314e-28
12 86.21 15 2.4 2.3011501364145656e-29
12 86.21 16 7.56 1.875761655449799e-27
12 86.21 17 7.56 1.69307848160548e-27
12 86.21 18 7.56 7.972493070466655e-28
12 86.21 19 7.56 1.4404033727647103e-27
12 86.21 20 7.56 1.3358602562729512e-27
12 86.21 21 9.67 2.3198278297327933e-29
12 86.21 22 9.67 2.74744312255949e-29
12 86.21 23 9.67 1.6921322175403123e-27
12 86.21 24 9.67 3.9583646287481956e-29
12 86.21 25 9.67 1.463289674201653e-29
12 86.21 26 14.49 0.13474881328223387
12 86.21 27 14.49 0.13474881328223084
12 86.21 28 14.49 0.13474881328224475
12 86.21 29 19.87 5.928295959750545e-27
12 86.21 30 34.09 2.8618367294422096e-29
12 86.21 31 34.09 1.842554555156316e-30
12 86.21 32 34.09 2.818371236705541e-30
12 86.21 33 34.09 1.737695126112012e-28
12 86.21 34 34.09 2.694281881460549e-29
12 86.21 35 34.09 3.576714948532225e-30
12 86.21 36 34.09 1.1371733053704154e-28
12 86.21 37 45.01 0.1398235684027702
12 86.21 38 45.01 0.13982356840277768
12 86.21 39 45.01 0.13982356840277874
12 86.21 40 47.86 2.241470958832398e-28
12 86.21 41 47.86 2.7781990948294588e-27
12 86.21 42 47.86 1.4752007334121656e-28
12 86.21 43 47.86 7.430927995110414e-28
12 86.21 44 47.86 9.371993706129042e-29
12 86.21 45 55.44 2.640208898151051e-29
12 86.21 46 55.44 5.540706743875315e-30
12 86.21 47 55.44 1.6818419817923648e-29
12 86.21 48 55.44 3.007488301119717e-29
12 86.21 49 55.44 1.7136997980823207e-29
12 86.21 50 55.44 8.04051347600814e-30
12 86.21 51 55.44 1.1565485110504564e-29
12 86.21 52 55.74 8.222956178094374e-28
12 86.21 53 55.74 2.3886807259506288e-27
12 86.21 54 55.74 1.1252353659747958e-27
12 86.21 55 55.74 1.4633561927300843e-27
12 86.21 56 55.74 1.4516510594977303e-27
12 86.21 57 63.9 9.643972366055134e-29
12 86.21 58 63.9 9.769944302254107e-30
12 86.21 59 63.9 9.31591433408462e-28
12 86.21 60 63.9 9.115513673017605e-30
12 86.21 61 63.9 9.439954588158233e-30
12 86.21 62 63.9 3.5732000027004424e-29
12 86.21 63 63.9 1.3386007970267181e-29
12 86.21 64 65.83 0.02261273753203526
12 86.21 65 65.83 0.022612737532035757
12 86.21 66 65.83 0.022612737532036506
12 86.21 67 71.03 2.1762817725724642e-29
12 86.21 68 71.03 5.696634951308717e-29
12 86.21 69 71.03 1.456227981211393e-29
12 86.21 70 73.8 2.1114112931487567e-28
12 86.21 71 73.8 1.0962503527004183e-28
12 86.21 72 73.8 7.073993486601508e-25
12 86.21 73 73.8 4.507476012426671e-27
12 86.21 74 73.8 2.330015353361717e-26
12 86.21 75 73.99 0.034423675837436704
12 86.21 76 73.99 0.03442367583743339
12 86.21 77 73.99 0.034423675837431875
12 86.21 78 75.69 2.7573401577937733e-26
12 86.21 79 75.69 1.6806049831092896e-27
12 86.21 80 75.69 4.758332635611225e-27
12 86.21 81 75.69 2.3409342352626072e-27
12 86.21 82 75.69 1.3695032949717162e-27
12 86.21 83 77.98 6.712962763407257e-30
12 86.21 84 77.98 3.681020522999476e-30
12 86.21 85 77.98 6.413225721309165e-29
12 86.21 86 77.98 5.337696874685763e-30
12 86.21 87 77.98 1.4346642526985836e-29
12 86.21 88 77.98 1.1999541858909818e-28
12 86.21 89 77.98 5.73759705619031e-30
12 86.21 90 81.4 7.145995971572705e-29
12 86.21 91 81.4 5.273640942606628e-29
12 86.21 92 81.4 5.0010753274325667e-29
12 86.21 93 84.08 1.6271438677526856e-30
12 86.21 94 84.08 2.0972367172010226e-31
12 86.21 95 84.08 2.213406680180564e-30
12 86.21 96 84.08 1.1340712150092416e-29
12 86.21 97 84.08 4.158796905509244e-29
12 86.21 98 84.08 5.684636871914776e-31
12 86.21 99 84.08 2.9201396874388118e-30
12 86.21 100 90.81 1.463507813830364e-29
13 88.62 13 0.0 8.973834611529692e-29
13 88.62 14 0.0 2.191247292852321e-28
13 88.62 15 0.0 1.3940738850220552e-28
13 88.62 16 5.16 0.025850444517431615
13 88.62 17 5.16 0.03710855813484778
13 88.62 18 5.16 0.03140950329192858
13 88.62 19 5.16 0.025201170684931443
13 88.62 20 5.16 0.04945965072276357
13 88.62 21 7.26 2.9119196329796625e-29
13 88.62 22 7.26 1.5894201293055188e-28
13 88.62 23 7.26 2.83947748716305e-28
13 88.62 24 7.26 4.100672163660331e-28
13 88.62 25 7.26 8.309638229057305e-28
13 88.62 26 12.08 0.054010025567601025
13 88.62 27 12.08 0.06905038350794754
13 88.62 28 12.08 0.018880926186908866
13 88.62 29 17.47 0.14517551867604675
13 88.62 30 31.68 2.525469715679749e-29
13 88.62 31 31.68 1.1180644986267906e-29
13 88.62 32 31.68 7.892531937746862e-30
13 88.62 33 31.68 7.908104563721798e-30
13 88.62 34 31.68 1.6002372167875393e-29
13 88.62 35 31.68 1.4005104879644864e-29
13 88.62 36 31.68 4.8544078546450834e-30
13 88.62 37 42.61 0.012200476108174327
13 88.62 38 42.61 0.0358743408460024
13 88.62 39 42.61 0.025884885859250036
13 88.62 40 45.46 0.005426153353621671
13 88.62 41 45.46 0.005977779158834833
13 88.62 42 45.46 0.004094316412565699
13 88.62 43 45.46 0.004351648652282599
13 88.62 44 45.46 0.004365435057708838
13 88.62 45 53.04 4.6880509411716625e-26
13 88.62 46 53.04 7.43722107683889e-27
13 88.62 47 53.04 2.9540952609382715e-26
13 88.62 48 53.04 3.6895472020691374e-26
13 88.62 49 53.04 3.5699719196189343e-28
13 88.62 50 53.04 3.877162458689647e-25
13 88.62 51 53.04 8.764340827854339e-29
13 88.62 52 53.34 0.05197904101916814
13 88.62 53 53.34 0.015722886502711426
13 88.62 54 53.34 0.03663862788667703
13 88.62 55 53.34 0.020253925744888053
13 88.62 56 53.34 0.03919853706068239
13 88.62 57 61.5 5.747199484931594e-29
13 88.62 58 61.5 9.040047176338761e-29
13 88.62 59 61.5 8.72431444468382e-29
13 88.62 60 61.5 8.740497304980415e-30
13 88.62 61 61.5 4.572467569580195e-29
13 88.62 62 61.5 8.1060494412747e-29
13 88.62 63 61.5 5.284653982938317e-29
13 88.62 64 63.42 0.0005246047760841506
13 88.62 65 63.42 0.0005842249986411105
13 88.62 66 63.42 0.000662182887627132
13 88.62 67 68.63 4.5955382881267916e-29
13 88.62 68 68.63 9.358869287101994e-29
13 88.62 69 68.63 1.6646436981971443e-29
13 88.62 70 71.4 1.4370941266662912e-27
13 88.62 71 71.4 2.185173742455169e-28
13 88.62 72 71.4 2.335481555369689e-25
13 88.62 73 71.4 5.679866990409488e-28
13 88.62 74 71.4 7.666788986116881e-27
13 88.62 75 71.58 0.011877532656303902
13 88.62 76 71.58 0.0170490611276666
13 88.62 77 71.58 0.01385572607907717
13 88.62 78 73.29 0.053619649642016556
13 88.62 79 73.29 0.043952890014697696
13 88.62 80 73.29 0.044674932740455725
13 88.62 81 73.29 0.04119034080589515
13 88.62 82 73.29 0.03193758073802245
13 88.62 83 75.57 1.331352039866969e-26
13 88.62 84 75.57 1.786687849167691e-28
13 88.62 85 75.57 1.1207990765949488e-27
13 88.62 86 75.57 1.0061938293444873e-27
13 88.62 87 75.57 1.7727649319780398e-29
13 88.62 88 75.57 2.0379341175499343e-28
13 88.62 89 75.57 1.4715275848236126e-29
13 88.62 90 78.99 6.590926750595184e-29
13 88.62 91 78.99 4.9273756637230853e-29
13 88.62 92 78.99 7.926048918737852e-29
13 88.62 93 81.68 2.0249183790146296e-30
13 88.62 94 81.68 1.147169056179328e-29
13 88.62 95 81.68 2.2977297532214453e-29
13 88.62 96 81.68 6.847234292043688e-29
13 88.62 97 81.68 4.010003269564458e-29
13 88.62 98 81.68 9.316658944036261e-30
13 88.62 99 81.68 1.636409086148875e-28
13 88.62 100 88.41 2.732035371677888e-29
14 88.62 14 0.0 6.425033425308263e-29
14 88.62 15 0.0 7.057119928338993e-29
14 88.62 16 5.16 0.03242065146636644
14 88.62 17 5.16 0.023797031440278543
14 88.62 18 5.16 0.0524282263166104
14 88.62 19 5.16 0.039507565765281374
14 88.62 20 5.16 0.016329815116862045
14 88.62 21 7.26 1.0953295080526578e-29
14 88.62 22 7.26 1.1207877700326373e-28
14 88.62 23 7.26 7.617238909857839e-28
14 88.62 24 7.26 2.3209169617237415e-28
14 88.62 25 7.26 3.0529284013385464e-28
14 88.62 26 12.08 0.05367509322892894
14 88.62 27 12.08 0.021673906238776512
14 88.62 28 12.08 0.063273017373077
14 88.62 29 17.47 0.14517551867604614
14 88.62 30 31.68 1.844513670362677e-29
14 88.62 31 31.68 1.5430023816769432e-29
14 88.62 32 31.68 1.5468640371103342e-29
14 88.62 33 31.68 6.773861546632263e-29
14 88.62 34 31.68 5.027016448375978e-30
14 88.62 35 31.68 3.598153655157761e-30
14 88.62 36 31.68 1.6685906208514604e-29
14 88.62 37 42.61 0.02559797107330344
14 88.62 38 42.61 0.026186960726649063
14 88.62 39 42.61 0.022079914774421734
14 88.62 40 45.46 0.005300563594869908
14 88.62 41 45.46 0.004093000539546129
14 88.62 42 45.46 0.004570095605418215
14 88.62 43 45.46 0.003926507421593695
14 88.62 44 45.46 0.006466652453584547
14 88.62 45 53.04 1.5172211742994107e-25
14 88.62 46 53.04 3.93951688222434e-27
14 88.62 47 53.04 6.115517447188818e-26
14 88.62 48 53.04 7.526633170065027e-26
14 88.62 49 53.04 5.356290254418067e-28
14 88.62 50 53.04 2.2985455686142726e-25
14 88.62 51 53.04 1.45612189677569e-28
14 88.62 52 53.34 0.027518499918551525
14 88.62 53 53.34 0.032244456695691516
14 88.62 54 53.34 0.03889804208634213
14 88.62 55 53.34 0.043201292789319216
14 88.62 56 53.34 0.022734898089024288
14 88.62 57 61.5 3.2791639922596825e-29
14 88.62 58 61.5 1.0110741822979023e-28
14 88.62 59 61.5 4.634257465770643e-29
14 88.62 60 61.5 2.5012096797091477e-30
14 88.62 61 61.5 1.2099505348490103e-29
14 88.62 62 61.5 1.612011854686022e-29
14 88.62 63 61.5 3.1320628807106844e-29
14 88.62 64 63.42 0.0005194503380157553
14 88.62 65 63.42 0.0006248403415994101
14 88.62 66 63.42 0.0006245909977316017
14 88.62 67 68.63 4.8574370601447337e-29
14 88.62 68 68.63 8.135275527732586e-29
14 88.62 69 68.63 2.1681173872485786e-29
14 88.62 70 71.4 7.154511623497453e-28
14 88.62 71 71.4 2.4903152934784373e-28
14 88.62 72 71.4 2.254216263439819e-25
14 88.62 73 71.4 2.3793146105219295e-27
14 88.62 74 71.4 1.0217986829419973e-26
14 88.62 75 71.58 0.011391737600289081
14 88.62 76 71.58 0.01615370409359794
14 88.62 77 71.58 0.015233944126254905
14 88.62 78 73.29 0.03218803734672695
14 88.62 79 73.29 0.040188790525890514
14 88.62 80 73.29 0.053307200386494134
14 88.62 81 73.29 0.02647788862259464
14 88.62 82 73.29 0.06227745607046025
14 88.62 83 75.57 8.487813651608277e-27
14 88.62 84 75.57 2.382656433200346e-28
14 88.62 85 75.57 7.001291882945598e-28
14 88.62 86 75.57 1.1681400581560809e-27
14 88.62 87 75.57 1.4063294433122798e-29
14 88.62 88 75.57 2.047588493232067e-28
14 88.62 89 75.57 9.730600476425805e-30
14 88.62 90 78.99 7.334753745491914e-29
14 88.62 91 78.99 5.478264686345551e-29
14 88.62 92 78.99 5.646353036470584e-29
14 88.62 93 81.68 5.681214750435207e-31
14 88.62 94 81.68 9.151326526585113e-30
14 88.62 95 81.68 1.9670572347445913e-29
14 88.62 96 81.68 5.680353083689186e-29
14 88.62 97 81.68 3.670966780938754e-29
14 88.62 98 81.68 1.4777307897381098e-29
14 88.62 99 81.68 2.8358753566395996e-28
14 88.62 100 88.41 1.5491723074685552e-29
15 88.62 15 0.0 3.383548222818911e-29
15 88.62 16 5.16 0.042081881776187054
15 88.62 17 5.16 0.03960605640594096
15 88.62 18 5.16 0.01757982545789051
15 88.62 19 5.16 0.034610130259769015
15 88.62 20 5.16 0.03254440466387323
15 88.62 21 7.26 5.374877195002586e-30
15 88.62 22 7.26 1.2038955830689015e-28
15 88.62 23 7.26 7.450629804080774e-28
15 88.62 24 7.26 5.502130240528965e-28
15 88.62 25 7.26 6.979174017452777e-28
15 88.62 26 12.08 0.030164063388805198
15 88.62 27 12.08 0.05078224049784827
15 88.62 28 12.08 0.05944936026434169
15 88.62 29 17.47 0.14517551867604525
15 88.62 30 31.68 3.137054940616644e-29
15 88.62 31 31.68 8.700755891319445e-29
15 88.62 32 31.68 4.452361599354634e-29
15 88.62 33 31.68 4.27109154869963e-29
15 88.62 34 31.68 6.56659003130765e-29
15 88.62 35 31.68 3.403611070012518e-29
15 88.62 36 31.68 4.18283845878346e-29
15 88.62 37 42.61 0.03562314829669168
15 88.62 38 42.61 0.01180255990225566
15 88.62 39 42.61 0.0265397219109223
15 88.62 40 45.46 0.003977823861472833
15 88.62 41 45.46 0.0044853794712015355
15 88.62 42 45.46 0.005859607061975365
15 88.62 43 45.46 0.006378438493235324
15 88.62 44 45.46 0.0037092238681845713
15 88.62 45 53.04 1.7496013809984491e-25
15 88.62 46 53.04 2.2016416622667265e-27
15 88.62 47 53.04 6.064932808933194e-26
15 88.62 48 53.04 4.866927199318505e-26
15 88.62 49 53.04 6.232621082974399e-28
15 88.62 50 53.04 3.1852082750409147e-25
15 88.62 51 53.04 2.231796475185424e-28
15 88.62 52 53.34 0.018462980207254592
15 88.62 53 53.34 0.05056645643420785
15 88.62 54 53.34 0.02384608139529379
15 88.62 55 53.34 0.03491692170684153
15 88.62 56 53.34 0.03560810190209272
15 88.62 57 61.5 2.1015236965065448e-29
15 88.62 58 61.5 4.613402009129208e-29
15 88.62 59 61.5 4.312761807457612e-29
15 88.62 60 61.5 1.0154210747678223e-29
15 88.62 61 61.5 1.949930117404742e-29
15 88.62 62 61.5 3.333573969210825e-29
15 88.62 63 61.5 4.2019748631706777e-29
15 88.62 64 63.42 0.0007193622956348977
15 88.62 65 63.42 0.0005377596757029506
15 88.62 66 63.42 0.000508233464373984
15 88.62 67 68.63 1.3273269929357632e-29
15 88.62 68 68.63 6.209655479683652e-29
15 88.62 69 68.63 2.3538569982442542e-29
15 88.62 70 71.4 7.229695272984564e-28
15 88.62 71 71.4 1.163020819823602e-28
15 88.62 72 71.4 4.239974634381709e-25
15 88.62 73 71.4 3.0239367016243787e-27
15 88.62 74 71.4 1.2543734696759954e-26
15 88.62 75 71.58 0.01962929478567059
15 88.62 76 71.58 0.009139662481884582
15 88.62 77 71.58 0.013855290146506192
15 88.62 78 73.29 0.045916834287508555
15 88.62 79 73.29 0.04304873110038025
15 88.62 80 73.29 0.03197729372511064
15 88.62 81 73.29 0.059719446670558396
15 88.62 82 73.29 0.033385550912135215
15 88.62 83 75.57 1.9335001485652038e-26
15 88.62 84 75.57 1.0622818142129413e-28
15 88.62 85 75.57 8.30516280003858e-28
15 88.62 86 75.57 9.661808856759936e-28
15 88.62 87 75.57 1.931060162966932e-29
15 88.62 88 75.57 3.454124993058445e-28
15 88.62 89 75.57 1.332348149957218e-29
15 88.62 90 78.99 4.691298161607006e-29
15 88.62 91 78.99 1.972213297247045e-29
15 88.62 92 78.99 4.946405158283646e-29
15 88.62 93 81.68 9.864421750158912e-32
15 88.62 94 81.68 7.55173857086059e-30
15 88.62 95 81.68 2.379557832978839e-29
15 88.62 96 81.68 6.835569567427094e-29
15 88.62 97 81.68 1.959891024415691e-29
15 88.62 98 81.68 1.0880226129488126e-29
15 88.62 99 81.68 1.4981197308599334e-28
15 88.62 100 88.41 2.5587719173426904e-29
16 93.77 16 0.0 1.3448321016962974e-28
16 93.77 17 0.0 6.60459316861886e-28
16 93.77 18 0.0 8.031884912797657e-29
16 93.77 19 0.0 1.088959293363256e-28
16 93.77 20 0.0 2.1228609938779213e-28
16 93.77 21 2.11 0.02425410900615491
16 93.77 22 2.11 0.008487767079206938
16 93.77 23 2.11 0.014868254217268572
16 93.77 24 2.11 0.019819162334777977
16 93.77 25 2.11 0.021343419774728416
16 93.77 26 6.93 5.581718897584712e-29
16 93.77 27 6.93 9.952453034050455e-29
16 93.77 28 6.93 2.6194531850365047e-28
16 93.77 29 12.31 2.968677191080747e-30
16 93.77 30 26.53 8.35809987278791e-30
16 93.77 31 26.53 2.535305652980129e-29
16 93.77 32 26.53 1.4905128659949192e-29
16 93.77 33 26.53 2.3481405996145631e-29
16 93.77 34 26.53 1.2265918726224905e-29
16 93.77 35 26.53 1.6680087678495508e-29
16 93.77 36 26.53 3.733665315880405e-29
16 93.77 37 37.45 7.863086397000613e-30
16 93.77 38 37.45 2.654853726539486e-30
16 93.77 39 37.45 1.1307215208056577e-30
16 93.77 40 40.3 1.3714533357741817e-28
16 93.77 41 40.3 2.305730024605742e-28
16 93.77 42 40.3 1.1514668736383e-28
16 93.77 43 40.3 1.0539224635623849e-28
16 93.77 44 40.3 1.5485085069606949e-28
16 93.77 45 47.88 2.904099593407866e-29
16 93.77 46 47.88 1.0881212247270197e-28
16 93.77 47 47.88 9.347252162554834e-29
16 93.77 48 47.88 1.003456032203699e-28
16 93.77 49 47.88 1.2969916885374853e-28
16 93.77 50 47.88 2.860666354182959e-29
16 93.77 51 47.88 7.001875130606466e-29
16 93.77 52 48.18 3.1447456970791717e-29
16 93.77 53 48.18 7.371901272776041e-30
16 93.77 54 48.18 1.0182383738898892e-29
16 93.77 55 48.18 1.5779258671156398e-29
16 93.77 56 48.18 3.678437238390682e-30
16 93.77 57 56.34 0.03544299193501442
16 93.77 58 56.34 0.027539084614504605
16 93.77 59 56.34 0.020670254033641478
16 93.77 60 56.34 0.029627639175329942
16 93.77 61 56.34 0.014849736262827196
16 93.77 62 56.34 0.05801914337627017
16 93.77 63 56.34 0.01503767956542091
16 93.77 64 58.27 1.8429629907371495e-29
16 93.77 65 58.27 8.403742261373122e-29
16 93.77 66 58.27 6.6793390386642975e-28
16 93.77 67 63.47 7.330541849138424e-5
16 93.77 68 63.47 0.00010207925198111329
16 93.77 69 63.47 2.8743918536592543e-5
16 93.77 70 66.24 0.002219934075513893
16 93.77 71 66.24 0.0015486652650187
16 93.77 72 66.24 0.0015854359790252633
16 93.77 73 66.24 0.00039746174279030197
16 93.77 74 66.24 0.0015509690349226057
16 93.77 75 66.43 3.366312129979793e-26
16 93.77 76 66.43 7.776451756891446e-28
16 93.77 77 66.43 1.0098861690165406e-27
16 93.77 78 68.13 1.3348487603119326e-28
16 93.77 79 68.13 4.9010191250249675e-29
16 93.77 80 68.13 1.0791230101162908e-28
16 93.77 81 68.13 3.1803723154489705e-29
16 93.77 82 68.13 1.9424003349330244e-29
16 93.77 83 70.42 3.238282947503239e-29
16 93.77 84 70.42 3.100986478124403e-29
16 93.77 85 70.42 1.5698010278011333e-28
16 93.77 86 70.42 8.328708529163982e-29
16 93.77 87 70.42 2.6128890037997175e-29
16 93.77 88 70.42 1.062979180849002e-28
16 93.77 89 70.42 3.41491902180584e-29
16 93.77 90 73.84 0.003195683908875318
16 93.77 91 73.84 0.0019509087991012193
16 93.77 92 73.84 0.002482179928538002
16 93.77 93 76.52 0.0024408437192039176
16 93.77 94 76.52 0.002871590168059189
16 93.77 95 76.52 0.0015305011419868625
16 93.77 96 76.52 0.00314534196086255
16 93.77 97 76.52 0.0009588935158421135
16 93.77 98 76.52 0.001661468167525456
16 93.77 99 76.52 0.001992424935039341
16 93.77 100 83.25 1.7594676625481467e-29
17 93.77 17 0.0 2.63695016032499e-28
17 93.77 18 0.0 3.5914307602927137e-28
17 93.77 19 0.0 1.733551086814024e-28
17 93.77 20 0.0 8.958488989373094e-28
17 93.77 21 2.11 0.016855726058795817
17 93.77 22 2.11 0.020674416148709376
17 93.77 23 2.11 0.017598175741290953
17 93.77 24 2.11 0.01906808429642161
17 93.77 25 2.11 0.01421949371158708
17 93.77 26 6.93 1.122010536302722e-28
17 93.77 27 6.93 9.311721241965164e-28
17 93.77 28 6.93 1.0382056782803233e-27
17 93.77 29 12.31 4.3388266674806083e-29
17 93.77 30 26.53 4.590485652552177e-29
17 93.77 31 26.53 5.283291840877376e-29
17 93.77 32 26.53 1.524815159255029e-28
17 93.77 33 26.53 8.125091388147355e-29
17 93.77 34 26.53 1.532910096291341e-28
17 93.77 35 26.53 9.403684401501204e-29
17 93.77 36 26.53 3.804688778949613e-29
17 93.77 37 37.45 1.489241255691964e-28
17 93.77 38 37.45 1.1550849641628832e-28
17 93.77 39 37.45 7.423900847164407e-29
17 93.77 40 40.3 1.4954788737651693e-27
17 93.77 41 40.3 1.6797299599429517e-28
17 93.77 42 40.3 9.381479062187251e-28
17 93.77 43 40.3 5.771091219444159e-28
17 93.77 44 40.3 6.689319908913192e-28
17 93.77 45 47.88 5.686650548690335e-28
17 93.77 46 47.88 5.446238107250981e-28
17 93.77 47 47.88 8.086780685116839e-28
17 93.77 48 47.88 3.234223066694178e-28
17 93.77 49 47.88 5.518755955906055e-28
17 93.77 50 47.88 2.1482832835744797e-28
17 93.77 51 47.88 4.3385187712092105e-28
17 93.77 52 48.18 7.255367728105528e-29
17 93.77 53 48.18 6.851445356976757e-29
17 93.77 54 48.18 2.844950092092044e-29
17 93.77 55 48.18 6.466436642427271e-29
17 93.77 56 48.18 4.543612657767864e-29
17 93.77 57 56.34 0.055414808503025575
17 93.77 58 56.34 0.02973428626855946
17 93.77 59 56.34 0.039155650678601786
17 93.77 60 56.34 0.012234301998696951
17 93.77 61 56.34 0.025230635581231727
17 93.77 62 56.34 0.01718406935265166
17 93.77 63 56.34 0.02565940992549154
17 93.77 64 58.27 1.2865610211629833e-28
17 93.77 65 58.27 9.319254504935848e-29
17 93.77 66 58.27 1.1428943626647877e-27
17 93.77 67 63.47 5.3815252217714805e-5
17 93.77 68 63.47 8.896967581623175e-5
17 93.77 69 63.47 5.902425152551171e-5
17 93.77 70 66.24 0.0008152382267014198
17 93.77 71 66.24 0.0013838663017478004
17 93.77 72 66.24 0.0005108246651802091
17 93.77 73 66.24 0.001835688414943363
17 93.77 74 66.24 0.002707405866447653
17 93.77 75 66.43 1.2370008560002576e-26
17 93.77 76 66.43 7.373089005787468e-28
17 93.77 77 66.43 1.3111969832171834e-27
17 93.77 78 68.13 3.53136039724642e-29
17 93.77 79 68.13 5.105243533495637e-29
17 93.77 80 68.13 8.896226454943692e-29
17 93.77 81 68.13 7.570380079604404e-29
17 93.77 82 68.13 1.0234187491944573e-28
17 93.77 83 70.42 2.5048565630942906e-28
17 93.77 84 70.42 1.3060125694064313e-28
17 93.77 85 70.42 8.359246495444632e-29
17 93.77 86 70.42 2.538006241556114e-28
17 93.77 87 70.42 4.549992619618611e-28
17 93.77 88 70.42 3.457518913378402e-28
17 93.77 89 70.42 3.7069370746388155e-28
17 93.77 90 73.84 0.0028721582812961445
17 93.77 91 73.84 0.002803672245651193
17 93.77 92 73.84 0.001989046652789005
17 93.77 93 76.52 0.0015376888950308877
17 93.77 94 76.52 0.0005497543612861271
17 93.77 95 76.52 0.0016317478642098975
17 93.77 96 76.52 0.0011136298909084096
17 93.77 97 76.52 0.0025283858224967
17 93.77 98 76.52 0.0019674919459503094
17 93.77 99 76.52 0.005052898310646186
17 93.77 100 83.25 8.860372871070382e-30
18 93.77 18 0.0 2.7000308054649435e-30
18 93.77 19 0.0 2.417018032597228e-29
18 93.77 20 0.0 2.482192377442984e-28
18 93.77 21 2.11 0.018393739500652238
18 93.77 22 2.11 0.01741073722310303
18 93.77 23 2.11 0.014424264858357754
18 93.77 24 2.11 0.01884754653240447
18 93.77 25 2.11 0.020182112171064137
18 93.77 26 6.93 1.964822319657282e-29
18 93.77 27 6.93 3.0335774717774753e-29
18 93.77 28 6.93 1.6346672556211125e-28
18 93.77 29 12.31 1.936267370283352e-29
18 93.77 30 26.53 3.861442707614717e-30
18 93.77 31 26.53 2.7203757593428386e-30
18 93.77 32 26.53 4.262116669770991e-30
18 93.77 33 26.53 6.001396736924998e-30
18 93.77 34 26.53 3.815435390718754e-30
18 93.77 35 26.53 1.1163590420534629e-30
18 93.77 36 26.53 3.3942958600572264e-30
18 93.77 37 37.45 1.8678419484313284e-30
18 93.77 38 37.45 6.726161995321313e-30
18 93.77 39 37.45 5.160612388312452e-31
18 93.77 40 40.3 2.752494615399949e-29
18 93.77 41 40.3 4.3764157281750644e-30
18 93.77 42 40.3 2.4087448712485042e-29
18 93.77 43 40.3 6.893233046766244e-30
18 93.77 44 40.3 1.5249184716196672e-29
18 93.77 45 47.88 9.285117040948421e-30
18 93.77 46 47.88 6.811825424662053e-30
18 93.77 47 47.88 3.176522527621819e-29
18 93.77 48 47.88 1.1238821831022105e-30
18 93.77 49 47.88 1.2383190089546111e-29
18 93.77 50 47.88 1.78975238725323e-29
18 93.77 51 47.88 2.969251142751061e-29
18 93.77 52 48.18 5.653309753524386e-30
18 93.77 53 48.18 2.625999849062547e-30
18 93.77 54 48.18 3.377926044984229e-30
18 93.77 55 48.18 1.8383670414005789e-29
18 93.77 56 48.18 5.4288454401394645e-30
18 93.77 57 56.34 0.020133492077974165
18 93.77 58 56.34 0.03288331303388732
18 93.77 59 56.34 0.023335214677941425
18 93.77 60 56.34 0.07403961500019066
18 93.77 61 56.34 0.02574228767146761
18 93.77 62 56.34 0.005754274670595516
18 93.77 63 56.34 0.019770130572380258
18 93.77 64 58.27 2.54107598690388e-29
18 93.77 65 58.27 1.5743769070503002e-28
18 93.77 66 58.27 8.325035615045044e-28
18 93.77 67 63.47 2.0130487226676887e-5
18 93.77 68 63.47 0.00010987412241689006
18 93.77 69 63.47 7.508455670657621e-5
18 93.77 70 66.24 0.0020678918488884353
18 93.77 71 66.24 0.0016866970112829104
18 93.77 72 66.24 0.0013536754885136873
18 93.77 73 66.24 0.0009960647721222698
18 93.77 74 66.24 0.001265177936226871
18 93.77 75 66.43 2.7976534601111264e-26
18 93.77 76 66.43 4.163581354764097e-28
18 93.77 77 66.43 7.7172881803849e-28
18 93.77 78 68.13 7.751671442215721e-29
18 93.77 79 68.13 1.3326311132413883e-28
18 93.77 80 68.13 8.041634067798728e-29
18 93.77 81 68.13 1.1631441290616332e-29
18 93.77 82 68.13 6.358128771170224e-30
18 93.77 83 70.42 2.1224117374036123e-29
18 93.77 84 70.42 4.8514510283701337e-29
18 93.77 85 70.42 1.934259739627504e-29
18 93.77 86 70.42 3.0718459575286e-29
18 93.77 87 70.42 5.863367135555715e-30
18 93.77 88 70.42 7.373820389478585e-29
18 93.77 89 70.42 8.419111177522128e-30
18 93.77 90 73.84 0.0007403842145951029
18 93.77 91 73.84 0.004653968009005101
18 93.77 92 73.84 0.002367151627839218
18 93.77 93 76.52 0.0015757026870700742
18 93.77 94 76.52 0.0024744409994040275
18 93.77 95 76.52 0.001805964357520021
18 93.77 96 76.52 0.001372896548693144
18 93.77 97 76.52 0.0026469971335874214
18 93.77 98 76.52 0.003004928847582362
18 93.77 99 76.52 0.0014974194772750158
18 93.77 100 83.25 6.290235322337732e-30
19 93.77 19 0.0 1.7411026131358925e-29
19 93.77 20 0.0 1.7445644786935895e-28
19 93.77 21 2.11 0.017024752481355064
19 93.77 22 2.11 0.029188523606246297
19 93.77 23 2.11 0.02053324117739867
19 93.77 24 2.11 0.012565673868207915
19 93.77 25 2.11 0.009021077921343003
19 93.77 26 6.93 3.552187568233211e-29
19 93.77 27 6.93 3.3603153130126654e-29
19 93.77 28 6.93 1.6188565816182324e-28
19 93.77 29 12.31 1.6238651125258465e-29
19 93.77 30 26.53 4.652033152985107e-30
19 93.77 31 26.53 3.9705936518419524e-30
19 93.77 32 26.53 1.8277336910068822e-29
19 93.77 33 26.53 2.6044538700510224e-29
19 93.77 34 26.53 4.1828104333157784e-30
19 93.77 35 26.53 8.620869469207168e-30
19 93.77 36 26.53 1.682801300237125e-29
19 93.77 37 37.45 4.6803147108881796e-30
19 93.77 38 37.45 1.6440150616713268e-30
19 93.77 39 37.45 3.1141170170080757e-30
19 93.77 40 40.3 7.283698748957321e-29
19 93.77 41 40.3 2.67685496659403e-29
19 93.77 42 40.3 4.7302420501092395e-29
19 93.77 43 40.3 1.3702813453765433e-29
19 93.77 44 40.3 3.3731794626256916e-29
19 93.77 45 47.88 1.949893356086162e-29
19 93.77 46 47.88 1.4432535306664204e-29
19 93.77 47 47.88 7.212079032093204e-29
19 93.77 48 47.88 2.529669191391235e-29
19 93.77 49 47.88 1.5966587126236798e-29
19 93.77 50 47.88 7.506706330801532e-29
19 93.77 51 47.88 6.13471542810897e-29
19 93.77 52 48.18 1.7173271178092134e-29
19 93.77 53 48.18 3.3827549073548404e-30
19 93.77 54 48.18 1.0846891816850303e-29
19 93.77 55 48.18 2.809728169429033e-29
19 93.77 56 48.18 7.882853468509138e-30
19 93.77 57 56.34 0.01597040742633126
19 93.77 58 56.34 0.03307443709424754
19 93.77 59 56.34 0.026612570814456168
19 93.77 60 56.34 0.01942481344163706
19 93.77 61 56.34 0.029739330961018356
19 93.77 62 56.34 0.035050485684870375
19 93.77 63 56.34 0.0402012444489382
19 93.77 64 58.27 1.8805900715593927e-29
19 93.77 65 58.27 6.00385049986146e-29
19 93.77 66 58.27 9.4568404125746e-28
19 93.77 67 63.47 0.00010150369237946265
19 93.77 68 63.47 2.2261414106718177e-5
19 93.77 69 63.47 8.071542759095033e-5
19 93.77 70 66.24 0.0008057060121321062
19 93.77 71 66.24 0.0007932690267464036
19 93.77 72 66.24 0.0028435525885987132
19 93.77 73 66.24 0.0022597651674943634
19 93.77 74 66.24 0.0008865258923516015
19 93.77 75 66.43 6.068131930028696e-26
19 93.77 76 66.43 9.171805053389667e-28
19 93.77 77 66.43 9.032828863844675e-28
19 93.77 78 68.13 1.1932222750920847e-28
19 93.77 79 68.13 3.1824616527028954e-29
19 93.77 80 68.13 2.99110739484361e-29
19 93.77 81 68.13 8.000179695796282e-30
19 93.77 82 68.13 8.078054017972554e-30
19 93.77 83 70.42 1.055140348777531e-28
19 93.77 84 70.42 3.4621629633266413e-29
19 93.77 85 70.42 3.876904018165175e-29
19 93.77 86 70.42 4.2681059213823304e-29
19 93.77 87 70.42 1.5184301376118144e-29
19 93.77 88 70.42 3.9077382845980547e-29
19 93.77 89 70.42 1.4957095459713426e-29
19 93.77 90 73.84 0.0037291206899898142
19 93.77 91 73.84 0.001265361086450906
19 93.77 92 73.84 0.002832768258156082
19 93.77 93 76.52 0.002230345251458405
19 93.77 94 76.52 0.0027100635707674853
19 93.77 95 76.52 0.0030645333909065835
19 93.77 96 76.52 0.001328605891006939
19 93.77 97 76.52 0.0012360157421225223
19 93.77 98 76.52 0.0024873424965017243
19 93.77 99 76.52 0.000569522980581249
19 93.77 100 83.25 1.8103579769336227e-29
20 93.77 20 0.0 2.4890842559631134e-28
20 93.77 21 2.11 0.0119872123486298
20 93.77 22 2.11 0.012732943545667771
20 93.77 23 2.11 0.02181066437011321
20 93.77 24 2.11 0.01580499745013692
20 93.77 25 2.11 0.025935553573765157
20 93.77 26 6.93 8.015396332846783e-28
20 93.77 27 6.93 2.787793888658714e-29
20 93.77 28 6.93 5.414152346442728e-28
20 93.77 29 12.31 1.0762075706154073e-28
20 93.77 30 26.53 1.9319604264714936e-28
20 93.77 31 26.53 1.022939896017053e-28
20 93.77 32 26.53 1.4185023525914448e-28
20 93.77 33 26.53 4.1853504633472066e-29
20 93.77 34 26.53 6.769039952737639e-29
20 93.77 35 26.53 7.949075336207231e-29
20 93.77 36 26.53 5.127399054784556e-29
20 93.77 37 37.45 2.1907747717308716e-30
20 93.77 38 37.45 2.2936976639216142e-29
20 93.77 39 37.45 2.2733274070035393e-29
20 93.77 40 40.3 6.906200404583624e-28
20 93.77 41 40.3 3.7436842774677334e-28
20 93.77 42 40.3 8.028947610483507e-28
20 93.77 43 40.3 1.626950941945085e-28
20 93.77 44 40.3 9.15750567709066e-28
20 93.77 45 47.88 1.7365741937391692e-28
20 93.77 46 47.88 3.753219808376526e-28
20 93.77 47 47.88 2.2544292562178136e-28
20 93.77 48 47.88 2.097616112777353e-28
20 93.77 49 47.88 2.3378861353615464e-28
20 93.77 50 47.88 6.043871959964133e-28
20 93.77 51 47.88 3.215250672688511e-28
20 93.77 52 48.18 2.559911289664209e-29
20 93.77 53 48.18 5.469333368750685e-29
20 93.77 54 48.18 3.495336554197759e-29
20 93.77 55 48.18 6.159847333867139e-29
20 93.77 56 48.18 1.3347833096871915e-29
20 93.77 57 56.34 0.017056649680350942
20 93.77 58 56.34 0.022933166792249486
20 93.77 59 56.34 0.03392650019976451
20 93.77 60 56.34 0.008744597714708344
20 93.77 61 56.34 0.0421492628643748
20 93.77 62 56.34 0.02919016111101378
20 93.77 63 56.34 0.046083359357790746
20 93.77 64 58.27 3.940333759320495e-29
20 93.77 65 58.27 1.749296455138923e-28
20 93.77 66 58.27 1.3023809211214425e-27
20 93.77 67 63.47 9.843630946854e-5
20 93.77 68 63.47 1.5014064141761698e-5
20 93.77 69 63.47 9.100754457448631e-5
20 93.77 70 66.24 0.0015220335624824873
20 93.77 71 66.24 0.0021540010831130447
20 93.77 72 66.24 0.001357021587975273
20 93.77 73 66.24 0.001801373805450697
20 93.77 74 66.24 0.0011130454002287258
20 93.77 75 66.43 2.8472425621368865e-26
20 93.77 76 66.43 6.989463716800123e-28
20 93.77 77 66.43 1.1362504696231997e-27
20 93.77 78 68.13 1.4662572476082008e-28
20 93.77 79 68.13 5.290022387479591e-29
20 93.77 80 68.13 1.146044683189572e-28
20 93.77 81 68.13 1.5502091673206558e-28
20 93.77 82 68.13 6.79457774404817e-29
20 93.77 83 70.42 1.4227046567959596e-28
20 93.77 84 70.42 3.605947934681043e-28
20 93.77 85 70.42 1.4141912906933588e-28
20 93.77 86 70.42 3.488090480137231e-28
20 93.77 87 70.42 2.9001397615477867e-28
20 93.77 88 70.42 2.164438226438242e-28
20 93.77 89 70.42 2.297789291471482e-29
20 93.77 90 73.84 0.0028438476030965484
20 93.77 91 73.84 0.002299157008260283
20 93.77 92 73.84 0.0027306763235819386
20 93.77 93 76.52 0.002428367089104279
20 93.77 94 76.52 0.0015305726932548073
20 93.77 95 76.52 0.0023190500600904695
20 93.77 96 76.52 0.0030345743442643154
20 93.77 97 76.52 0.0024742980211283536
20 93.77 98 76.52 0.001077859192212044
20 93.77 99 76.52 0.000865591899573286
20 93.77 100 83.25 6.365735456382495e-30
21 95.88 21 0.0 1.8839029360554625e-29
21 95.88 22 0.0 7.750732797412117e-29
21 95.88 23 0.0 3.08484229770414e-28
21 95.88 24 0.0 2.2116452284266398e-28
21 95.88 25 0.0 3.514602762368382e-28
21 95.88 26 4.82 0.028514352333439172
21 95.88 27 4.82 0.03969447079931747
21 95.88 28 4.82 0.027160236537854283
21 95.88 29 10.21 3.8261329438028684e-30
21 95.88 30 24.42 0.007904547209813349
21 95.88 31 24.42 0.002992025040408154
21 95.88 32 24.42 0.007025231398533751
21 95.88 33 24.42 0.00342025963906371
21 95.88 34 24.42 0.005262723045598888
21 95.88 35 24.42 0.0060161491182355985
21 95.88 36 24.42 0.002069549756913117
21 95.88 37 35.35 5.1960443304781254e-5
21 95.88 38 35.35 4.959189754164355e-5
21 95.88 39 35.35 4.650796342827247e-5
21 95.88 40 38.2 0.03019156761479589
21 95.88 41 38.2 0.049064789257307645
21 95.88 42 38.2 0.02560907919600154
21 95.88 43 38.2 0.061629381921687855
21 95.88 44 38.2 0.05357907512190244
21 95.88 45 45.77 0.044370758901736154
21 95.88 46 45.77 0.01362993034675937
21 95.88 47 45.77 0.005836772219417486
21 95.88 48 45.77 0.05140130021802026
21 95.88 49 45.77 0.010515857707601238
21 95.88 50 45.77 0.02751623331602722
21 95.88 51 45.77 0.018194125806681113
21 95.88 52 46.08 0.00169359893929124
21 95.88 53 46.08 0.0009065073930843389
21 95.88 54 46.08 0.0017660573802909928
21 95.88 55 46.08 0.0015258436175870443
21 95.88 56 46.08 0.0013218980011811892
21 95.88 57 54.23 3.917791891235848e-30
21 95.88 58 54.23 7.192760462521257e-29
21 95.88 59 54.23 2.2349699637765698e-29
21 95.88 60 54.23 5.765736477203485e-30
21 95.88 61 54.23 5.557481185264074e-30
21 95.88 62 54.23 4.742407730427881e-29
21 95.88 63 54.23 1.1983175162523503e-29
21 95.88 64 56.16 0.00014945307237132635
21 95.88 65 56.16 9.590991155149654e-5
21 95.88 66 56.16 0.0001328824288895454
21 95.88 67 61.37 2.0288060517649052e-29
21 95.88 68 61.37 9.191597527226386e-30
21 95.88 69 61.37 2.6597776297550784e-29
21 95.88 70 64.14 1.9535221265264535e-28
21 95.88 71 64.14 7.804679842780994e-29
21 95.88 72 64.14 4.1048731745772535e-26
21 95.88 73 64.14 5.152588771454395e-28
21 95.88 74 64.14 7.032730192323434e-28
21 95.88 75 64.32 0.0018601333080931173
21 95.88 76 64.32 0.0013127259691998162
21 95.88 77 64.32 0.0018576468927986975
21 95.88 78 66.03 0.003734346154350479
21 95.88 79 66.03 0.001961625140306171
21 95.88 80 66.03 0.0017874436610439068
21 95.88 81 66.03 0.0005105971545430502
21 95.88 82 66.03 0.003852789544613497
21 95.88 83 68.31 0.026086368398469967
21 95.88 84 68.31 0.008759187329728343
21 95.88 85 68.31 0.00848865438278307
21 95.88 86 68.31 0.00736464230088384
21 95.88 87 68.31 0.012436385534722441
21 95.88 88 68.31 0.02054859062866529
21 95.88 89 68.31 0.0223377051471746
21 95.88 90 71.73 3.105947251269166e-29
21 95.88 91 71.73 3.5590946633225675e-29
21 95.88 92 71.73 1.9977526528747784e-28
21 95.88 93 74.41 7.063581631870038e-30
21 95.88 94 74.41 1.0711376206313015e-29
21 95.88 95 74.41 8.350191032508591e-29
21 95.88 96 74.41 2.6739935389471073e-29
21 95.88 97 74.41 2.11701972907636e-29
21 95.88 98 74.41 2.547939191776957e-30
21 95.88 99 74.41 2.13010425149209e-29
21 95.88 100 81.15 1.5239942239837137e-29
22 95.88 22 0.0 3.6092684761942036e-29
22 95.88 23 0.0 7.532380606495677e-28
22 95.88 24 0.0 1.6678567790308577e-28
22 95.88 25 0.0 5.519649380270072e-28
22 95.88 26 4.82 0.013784697712707322
22 95.88 27 4.82 0.03244956087831127
22 95.88 28 4.82 0.03860224053831687
22 95.88 29 10.21 1.1348471613095136e-29
22 95.88 30 24.42 0.0014178123661836221
22 95.88 31 24.42 0.006243631968341013
22 95.88 32 24.42 0.003054896521374132
22 95.88 33 24.42 0.00934836088434468
22 95.88 34 24.42 0.0035571236902367785
22 95.88 35 24.42 0.005047322276154709
22 95.88 36 24.42 0.00821053142857917
22 95.88 37 35.35 6.550475751064366e-5
22 95.88 38 35.35 4.684691686250815e-5
22 95.88 39 35.35 3.5556541243457154e-5
22 95.88 40 38.2 0.03432508150794698
22 95.88 41 38.2 0.07933546569533304
22 95.88 42 38.2 0.018205184463658156
22 95.88 43 38.2 0.049693017384243504
22 95.88 44 38.2 0.03732247225270117
22 95.88 45 45.77 0.010479473363778632
22 95.88 46 45.77 0.029806624437847203
22 95.88 47 45.77 0.035613827410670984
22 95.88 48 45.77 0.021902178085803276
22 95.88 49 45.77 0.033495431962011324
22 95.88 50 45.77 0.007981044903989324
22 95.88 51 45.77 0.03206986500186147
22 95.88 52 46.08 0.0013330027695137427
22 95.88 53 46.08 0.0009746441009004313
22 95.88 54 46.08 0.001565373448281253
22 95.88 55 46.08 0.00052285496152099
22 95.88 56 46.08 0.0028175652869542826
22 95.88 57 54.23 1.143024564123182e-28
22 95.88 58 54.23 1.7486011757008745e-28
22 95.88 59 54.23 5.343930521235068e-29
22 95.88 60 54.23 1.1102756793148557e-28
22 95.88 61 54.23 7.915776353679352e-29
22 95.88 62 54.23 1.437864492806667e-28
22 95.88 63 54.23 3.8927767191858607e-29
22 95.88 64 56.16 9.67112760856147e-5
22 95.88 65 56.16 0.00018353500193599154
22 95.88 66 56.16 9.904592552095978e-5
22 95.88 67 61.37 5.737180222471263e-29
22 95.88 68 61.37 1.4252606802269222e-29
22 95.88 69 61.37 2.874379078105114e-30
22 95.88 70 64.14 2.4594061907135155e-28
22 95.88 71 64.14 1.8436479851228462e-28
22 95.88 72 64.14 3.1089233405490353e-26
22 95.88 73 64.14 3.4960411669910574e-28
22 95.88 74 64.14 8.832950485118937e-28
22 95.88 75 64.32 0.001395100951095696
22 95.88 76 64.32 0.002613687523385471
22 95.88 77 64.32 0.0010283875644501895
22 95.88 78 66.03 0.0038378096348354387
22 95.88 79 66.03 0.004265806080922701
22 95.88 80 66.03 0.0012575145750981492
22 95.88 81 66.03 0.0005206132567150517
22 95.88 82 66.03 0.0019576076377263896
22 95.88 83 68.31 0.010539426104606116
22 95.88 84 68.31 0.01109566503636819
22 95.88 85 68.31 0.04332770810998343
22 95.88 86 68.31 0.012329314065158796
22 95.88 87 68.31 0.005295737012079386
22 95.88 88 68.31 0.014421345859640049
22 95.88 89 68.31 0.0075235182272944704
22 95.88 90 71.73 5.82849890853429e-29
22 95.88 91 71.73 1.109359315996112e-28
22 95.88 92 71.73 9.607820242600898e-29
22 95.88 93 74.41 5.55104186934941e-30
22 95.88 94 74.41 1.4042786126858477e-29
22 95.88 95 74.41 5.813866898928894e-29
22 95.88 96 74.41 3.1222411946964904e-29
22 95.88 97 74.41 3.598461797605129e-29
22 95.88 98 74.41 6.558816354255522e-30
22 95.88 99 74.41 1.8958199629423678e-29
22 95.88 100 81.15 9.281334723663026e-30
23 95.88 23 0.0 5.741600912846206e-28
23 95.88 24 0.0 6.023402432905931e-28
23 95.88 25 0.0 5.903707890111183e-28
23 95.88 26 4.82 0.05395542013107484
23 95.88 27 4.82 0.019754470285484525
23 95.88 28 4.82 0.02602113405981043
23 95.88 29 10.21 2.1513326741801085e-29
23 95.88 30 24.42 0.004247807629775727
23 95.88 31 24.42 0.008245723673491736
23 95.88 32 24.42 0.0021759583559224525
23 95.88 33 24.42 0.0028111432963475757
23 95.88 34 24.42 0.006071616678976175
23 95.88 35 24.42 0.0032190977424788984
23 95.88 36 24.42 0.00962537030295321
23 95.88 37 35.35 4.0241022543832635e-5
23 95.88 38 35.35 6.17600782127499e-5
23 95.88 39 35.35 4.592046446047276e-5
23 95.88 40 38.2 0.0169382052247838
23 95.88 41 38.2 0.05000401153725357
23 95.88 42 38.2 0.075512336795218
23 95.88 43 38.2 0.0637345103061354
23 95.88 44 38.2 0.021365563532052816
23 95.88 45 45.77 0.023526971934609994
23 95.88 46 45.77 0.019868646813193298
23 95.88 47 45.77 0.03980511610017122
23 95.88 48 45.77 0.012030755746243323
23 95.88 49 45.77 0.03152664967872698
23 95.88 50 45.77 0.023267786545502107
23 95.88 51 45.77 0.018024602532699746
23 95.88 52 46.08 0.0016228627115896113
23 95.88 53 46.08 0.0011701349579710798
23 95.88 54 46.08 0.002069538600377327
23 95.88 55 46.08 0.001741446259257927
23 95.88 56 46.08 0.0007057659903134141
23 95.88 57 54.23 1.4908682724401578e-29
23 95.88 58 54.23 1.5025801721994965e-29
23 95.88 59 54.23 7.064435715851312e-29
23 95.88 60 54.23 1.7255118773858996e-29
23 95.88 61 54.23 1.629882651837574e-29
23 95.88 62 54.23 7.012035976047381e-29
23 95.88 63 54.23 1.0373003822339332e-29
23 95.88 64 56.16 0.00021106930508618256
23 95.88 65 56.16 1.829465064420091e-5
23 95.88 66 56.16 0.00014846046556484392
23 95.88 67 61.37 1.254646422032405e-28
23 95.88 68 61.37 4.954995400036397e-28
23 95.88 69 61.37 3.42778890301205e-28
23 95.88 70 64.14 3.610832040683209e-28
23 95.88 71 64.14 5.451905087284711e-28
23 95.88 72 64.14 4.8163092939900665e-26
23 95.88 73 64.14 5.13000017284942e-28
23 95.88 74 64.14 1.5873784299156251e-27
23 95.88 75 64.32 0.002564704478847332
23 95.88 76 64.32 8.624558183376361e-5
23 95.88 77 64.32 0.0023690794424777507
23 95.88 78 66.03 0.0024336149191606137
23 95.88 79 66.03 0.002350421566712113
23 95.88 80 66.03 0.002294299287309649
23 95.88 81 66.03 0.0044570750359905495
23 95.88 82 66.03 0.00042333536361593413
23 95.88 83 68.31 0.023631520739028498
23 95.88 84 68.31 0.018514416853118217
23 95.88 85 68.31 0.006907854849624253
23 95.88 86 68.31 0.011078930409882497
23 95.88 87 68.31 0.017261065717182125
23 95.88 88 68.31 0.005829466260051261
23 95.88 89 68.31 0.022110027159688107
23 95.88 90 71.73 1.4821839798737448e-29
23 95.88 91 71.73 1.8524500900369967e-28
23 95.88 92 71.73 2.660045600283015e-28
23 95.88 93 74.41 3.850019359975173e-30
23 95.88 94 74.41 8.1183400326671e-30
23 95.88 95 74.41 7.552167021928615e-29
23 95.88 96 74.41 1.57644600090311e-29
23 95.88 97 74.41 5.361828389239998e-29
23 95.88 98 74.41 1.1610529637161235e-30
23 95.88 99 74.41 1.2162049397580548e-29
23 95.88 100 81.15 1.9774084496128504e-29
24 95.88 24 0.0 2.7580018236668976e-28
24 95.88 25 0.0 8.134213349713665e-28
24 95.88 26 4.82 0.05039842625195221
24 95.88 27 4.82 0.011270481722595328
24 95.88 28 4.82 0.02883395558596011
24 95.88 29 10.21 9.50563830694693e-30
24 95.88 30 24.42 0.010665482777536745
24 95.88 31 24.42 0.006247794452731969
24 95.88 32 24.42 0.005008249427956151
24 95.88 33 24.42 0.0036193795348292922
24 95.88 34 24.42 0.002491224268045978
24 95.88 35 24.42 0.006009192232820277
24 95.88 36 24.42 0.0031447194395371426
24 95.88 37 35.35 4.1420742321619e-5
24 95.88 38 35.35 8.079525716814103e-5
24 95.88 39 35.35 2.5790302146476908e-5
24 95.88 40 38.2 0.04949232520655167
24 95.88 41 38.2 0.03273183244889434
24 95.88 42 38.2 0.05373083534768387
24 95.88 43 38.2 0.011920682172122578
24 95.88 44 38.2 0.07791743154579427
24 95.88 45 45.77 0.017999611651919347
24 95.88 46 45.77 0.030840290414242206
24 95.88 47 45.77 0.014084055026446558
24 95.88 48 45.77 0.018033297426867996
24 95.88 49 45.77 0.014422563531860909
24 95.88 50 45.77 0.05141907344308115
24 95.88 51 45.77 0.027978700780672522
24 95.88 52 46.08 0.001806687228485183
24 95.88 53 46.08 0.0021748679275582833
24 95.88 54 46.08 0.000474535382866606
24 95.88 55 46.08 0.0018705379188271901
24 95.88 56 46.08 0.0009733029453969034
24 95.88 57 54.23 3.1421301255749486e-28
24 95.88 58 54.23 3.6562252071947243e-28
24 95.88 59 54.23 6.886057282426382e-28
24 95.88 60 54.23 7.322652386495093e-29
24 95.88 61 54.23 3.892712724940809e-28
24 95.88 62 54.23 5.61744799417278e-28
24 95.88 63 54.23 4.956524676458299e-28
24 95.88 64 56.16 0.00010497543577278047
24 95.88 65 56.16 0.0001771333170131549
24 95.88 66 56.16 9.648886774915678e-5
24 95.88 67 61.37 4.8126297259112104e-29
24 95.88 68 61.37 1.7041809246186517e-29
24 95.88 69 61.37 1.1587662373878164e-29
24 95.88 70 64.14 3.0156691506477207e-28
24 95.88 71 64.14 2.6057049123109197e-28
24 95.88 72 64.14 1.895289839142254e-26
24 95.88 73 64.14 3.861477559320071e-28
24 95.88 74 64.14 1.3615610012466076e-27
24 95.88 75 64.32 0.0010394488938846739
24 95.88 76 64.32 0.0021212619700117005
24 95.88 77 64.32 0.0018625605014816091
24 95.88 78 66.03 0.00035503039949998734
24 95.88 79 66.03 0.001786207175280358
24 95.88 80 66.03 0.00240491286998846
24 95.88 81 66.03 0.005086508114663853
24 95.88 82 66.03 0.002483685415682869
24 95.88 83 68.31 0.0057970778672748365
24 95.88 84 68.31 0.030104642590411346
24 95.88 85 68.31 0.011885482870560744
24 95.88 86 68.31 0.029454953149198437
24 95.88 87 68.31 0.01625822600268911
24 95.88 88 68.31 0.013401802681873048
24 95.88 89 68.31 0.0008692968891391243
24 95.88 90 71.73 4.9509054500662884e-30
24 95.88 91 71.73 3.092849628063413e-29
24 95.88 92 71.73 2.9597711242342457e-28
24 95.88 93 74.41 4.4808493955765554e-29
24 95.88 94 74.41 3.185976791386756e-29
24 95.88 95 74.41 5.415352863950285e-29
24 95.88 96 74.41 3.0965616967476906e-29
24 95.88 97 74.41 3.402440922758514e-29
24 95.88 98 74.41 8.010921832947142e-30
24 95.88 99 74.41 1.8407300788892615e-29
24 95.88 100 81.15 1.6727277121036657e-29
25 95.88 25 0.0 1.8369718816797187e-28
25 95.88 26 4.82 0.009133811687024014
25 95.88 27 4.82 0.053027623848936556
25 95.88 28 4.82 0.03599678147393043
25 95.88 29 10.21 3.304940719743071e-29
25 95.88 30 24.42 0.001999551464848189
25 95.88 31 24.42 0.0026124221495159037
25 95.88 32 24.42 0.009136664654208806
25 95.88 33 24.42 0.006959781909469685
25 95.88 34 24.42 0.008834178787433214
25 95.88 35 24.42 0.005753035498365519
25 95.88 36 24.42 0.0032407498163407877
25 95.88 37 35.35 4.927171842861583e-5
25 95.88 38 35.35 6.684070045376833e-6
25 95.88 39 35.35 9.2163164480978e-5
25 95.88 40 38.2 0.09175659823686855
25 95.88 41 38.2 0.011322918203179093
25 95.88 42 38.2 0.05011859411946345
25 95.88 43 38.2 0.036226837225299985
25 95.88 44 38.2 0.03333138444915697
25 95.88 45 45.77 0.026275669847887644
25 95.88 46 45.77 0.02885832586974712
25 95.88 47 45.77 0.027157203198782787
25 95.88 48 45.77 0.019038188845693912
25 95.88 49 45.77 0.033448884028205284
25 95.88 50 45.77 0.012596529143364382
25 95.88 51 45.77 0.026266373873716956
25 95.88 52 46.08 0.0008282810830376381
25 95.88 53 46.08 0.0019988472136802543
25 95.88 54 46.08 0.0014344287967777338
25 95.88 55 46.08 0.0015986490964066888
25 95.88 56 46.08 0.0014399620266834774
25 95.88 57 54.23 1.1850817798210662e-27
25 95.88 58 54.23 5.940396795896227e-28
25 95.88 59 54.23 1.0201865189261223e-27
25 95.88 60 54.23 2.307192404961499e-28
25 95.88 61 54.23 4.158933368551436e-28
25 95.88 62 54.23 4.508389375781946e-28
25 95.88 63 54.23 4.493894271806563e-28
25 95.88 64 56.16 6.533125106724451e-5
25 95.88 65 56.16 0.00015658751047319531
25 95.88 66 56.16 0.00015623556710242574
25 95.88 67 61.37 2.098283443449931e-29
25 95.88 68 61.37 8.87545784972022e-30
25 95.88 69 61.37 3.8893733071972744e-29
25 95.88 70 64.14 2.8589128541976714e-29
25 95.88 71 64.14 1.347373399106976e-28
25 95.88 72 64.14 3.103305016965115e-26
25 95.88 73 64.14 2.289221444912591e-28
25 95.88 74 64.14 1.479290204661481e-27
25 95.88 75 64.32 0.0014732181710326983
25 95.88 76 64.32 0.0022325481892537325
25 95.88 77 64.32 0.001299872904837976
25 95.88 78 66.03 0.0016644658343371388
25 95.88 79 66.03 0.001597793675752466
25 95.88 80 66.03 0.004180474708805835
25 95.88 81 66.03 0.0014525762065599175
25 95.88 82 66.03 0.0032145465983380557
25 95.88 83 68.31 0.009544839549825851
25 95.88 84 68.31 0.007115545875239554
25 95.88 85 68.31 0.004721162990226227
25 95.88 86 68.31 0.015792294574887646
25 95.88 87 68.31 0.024458739520202614
25 95.88 88 68.31 0.021547386905772015
25 95.88 89 68.31 0.022609231090793283
25 95.88 90 71.73 5.343570426351554e-29
25 95.88 91 71.73 7.949226341158319e-29
25 95.88 92 71.73 1.3055250783945425e-28
25 95.88 93 74.41 4.1248972853040233e-29
25 95.88 94 74.41 1.96260816501771e-29
25 95.88 95 74.41 6.854644975881479e-29
25 95.88 96 74.41 4.1879962509126834e-29
25 95.88 97 74.41 3.323064918594067e-29
25 95.88 98 74.41 3.403980146435798e-29
25 95.88 99 74.41 1.3954899347548279e-28
25 95.88 100 81.15 1.0463045096989485e-29
