#nmax= 3 NR= 11 Ntheta= 11 Nphi= 11
#jmax= 3 Nalpha= 11 Nphi= 11 Nchi= 11
#Ntrans= 20
#Nrot= 44

119.41475 23.56656016137091 109.34651
119.41475 23.56656016137098 109.34651
119.41475 23.56656016137098 109.34651
135.58727 39.73908909935545 125.51904
135.58727 39.739089099356306 125.51904
135.58727 39.73908909935757 125.51904
165.2622 69.41401016106474 155.19396
165.2622 69.41401016107137 155.19396
165.2622 69.41401016107176 155.19396
165.2622 69.41401016107201 155.19396
165.2622 69.41401016107204 155.19396
182.06173 86.21354070933477 171.99349
184.46622 88.61803716481639 174.39799
184.46622 88.61803716481681 174.39799
184.46622 88.6180371648185 174.39799
189.62161 93.77342231353903 179.55338
189.62161 93.77342231354038 179.55338
189.62161 93.77342231354102 179.55338
189.62161 93.77342231354288 179.55338
189.62161 93.7734223135432 179.55338
191.72926 95.88107126742891 181.66102
191.72926 95.88107126743311 181.66102
191.72926 95.8810712674336 181.66102
191.72926 95.88107126743368 181.66102
191.72926 95.88107126743392 181.66102
196.54911 100.70092700384245 186.48088
196.54911 100.70092700384404 186.48088
196.54911 100.70092700384467 186.48088
201.93636 106.0881764501761 191.86813
216.14692 120.29873865403071 206.07869
216.14692 120.29873865403458 206.07869
216.14692 120.29873865403479 206.07869
216.14692 120.29873865403702 206.07869
216.14692 120.29873865403712 206.07869
216.14692 120.29873865403817 206.07869
216.14692 120.29873865403901 206.07869
227.07599 131.22780529126456 217.00776
227.07599 131.22780529126496 217.00776
227.07599 131.2278052912688 217.00776
229.92445 134.07626095335064 219.85621
229.92445 134.07626095335374 219.85621
229.92445 134.07626095335453 219.85621
229.92445 134.0762609533546 219.85621
229.92445 134.0762609533574 219.85621
237.50239 141.65420826505505 227.43416
237.50239 141.65420826505655 227.43416
237.50239 141.65420826505667 227.43416
237.50239 141.6542082650568 227.43416
237.50239 141.65420826505795 227.43416
237.50239 141.65420826505908 227.43416
237.50239 141.65420826505917 227.43416
237.80454 141.95635788768138 227.73631
237.80454 141.95635788768266 227.73631
237.80454 141.95635788768308 227.73631
237.80454 141.95635788768377 227.73631
237.80454 141.95635788768405 227.73631
245.9615 150.1133122559021 235.89326
245.9615 150.11331225590223 235.89326
245.9615 150.11331225590226 235.89326
245.9615 150.1133122559031 235.89326
245.9615 150.11331225590354 235.89326
245.9615 150.1133122559055 235.89326
245.9615 150.11331225590618 235.89326
247.88804 152.03985134635207 237.8198
247.88804 152.0398513463556 237.8198
247.88804 152.0398513463589 237.8198
253.09554 157.24735616755032 243.02731
253.09554 157.24735616755186 243.02731
253.09554 157.24735616755504 243.02731
255.86604 160.01784925776366 245.7978
255.86604 160.0178492577646 245.7978
255.86604 160.01784925776465 245.7978
255.86604 160.0178492577648 245.7978
255.86604 160.0178492577679 245.7978
256.05038 160.20219209825186 245.98214
256.05038 160.20219209825333 245.98214
256.05038 160.20219209825382 245.98214
257.75597 161.9077820030055 247.68773
257.75597 161.9077820030088 247.68773
257.75597 161.90778200300915 247.68773
257.75597 161.90778200301105 247.68773
257.75597 161.90778200301142 247.68773
260.04069 164.19249948700184 249.97245
260.04069 164.1924994870028 249.97245
260.04069 164.1924994870038 249.97245
260.04069 164.19249948700417 249.97245
260.04069 164.1924994870045 249.97245
260.04069 164.19249948700613 249.97245
260.04069 164.19249948700627 249.97245
263.45848 167.61029548847569 253.39025
263.45848 167.61029548847733 253.39025
263.45848 167.61029548848055 253.39025
266.14399 170.2958088815751 256.07576
266.14399 170.29580888157787 256.07576
266.14399 170.29580888157835 256.07576
266.14399 170.29580888157983 256.07576
266.14399 170.29580888158 256.07576
266.14399 170.29580888158026 256.07576
266.14399 170.29580888158233 256.07576
272.87509 177.02690377967846 262.80686
272.87509 177.02690377967974 262.80686
272.87509 177.02690377968094 262.80686
272.87509 177.02690377968108 262.80686
272.87509 177.0269037796815 262.80686
272.87509 177.02690377968187 262.80686
272.87509 177.02690377968213 262.80686
272.87509 177.02690377968312 262.80686
272.87509 177.0269037796856 262.80686
280.72507 184.87688901805214 270.65684
280.72507 184.87688901805413 270.65684
280.72507 184.87688901805558 270.65684
280.72507 184.87688901805822 270.65684
280.72507 184.87688901805961 270.65684
286.91209 191.06389992189014 276.84385
286.91209 191.0638999218919 276.84385
286.91209 191.06389992189222 276.84385
286.91209 191.06389992189446 276.84385
286.91209 191.0638999218947 276.84385
287.90696 192.0587765685924 277.83873
287.90696 192.05877656859306 277.83873
287.90696 192.05877656859326 277.83873
287.90696 192.0587765685937 277.83873
287.90696 192.0587765685948 277.83873
287.90696 192.05877656859636 277.83873
287.90696 192.05877656859715 277.83873
290.99108 195.14289631841459 280.92285
293.96715 198.11896211866966 283.89891
293.96715 198.11896211867193 283.89891
293.96715 198.11896211867557 283.89891
298.57101 202.72282223874058 288.50277
298.57101 202.7228222387406 288.50277
298.57101 202.7228222387408 288.50277
298.57101 202.72282223874117 288.50277
298.57101 202.72282223874123 288.50277
298.57101 202.72282223874575 288.50277
298.57101 202.72282223874728 288.50277
301.80958 205.96139126342575 291.74134
301.80958 205.9613912634275 291.74134
301.80958 205.96139126342857 291.74134
301.80958 205.96139126342894 291.74134
301.80958 205.961391263429 291.74134
301.80958 205.96139126342928 291.74134
301.80958 205.96139126342985 291.74134
301.80958 205.96139126343004 291.74134
301.80958 205.96139126343095 291.74134
301.8562 206.0080163296281 291.78797
301.8562 206.00801632962938 291.78797
301.8562 206.00801632963135 291.78797
303.17452 207.32633058457296 293.10628
303.17452 207.3263305845767 293.10628
303.17452 207.32633058457694 293.10628
303.17452 207.32633058457841 293.10628
303.17452 207.32633058457952 293.10628
305.91285 210.06466530165272 295.84462
305.91285 210.06466530165352 295.84462
305.91285 210.06466530165372 295.84462
305.91285 210.0646653016543 295.84462
305.91285 210.06466530165508 295.84462
305.91285 210.06466530165775 295.84462
305.91285 210.06466530165986 295.84462
307.90084 212.05264917582588 297.8326
307.90084 212.05264917582727 297.8326
307.90084 212.05264917582818 297.8326
307.90084 212.0526491758284 297.8326
307.90084 212.05264917582852 297.8326
307.90084 212.05264917583057 297.8326
307.90084 212.05264917583145 297.8326
309.15802 213.30983513822912 299.08979
309.15802 213.3098351382293 299.08979
309.15802 213.30983513822983 299.08979
309.15802 213.30983513822986 299.08979
309.15802 213.30983513823082 299.08979
312.93925 217.09106120221142 302.87101
312.93925 217.09106120221247 302.87101
312.93925 217.09106120221324 302.87101
312.93925 217.0910612022138 302.87101
312.93925 217.0910612022139 302.87101
312.93925 217.09106120221426 302.87101
312.93925 217.09106120221438 302.87101
312.93925 217.09106120221438 302.87101
312.93925 217.09106120221531 302.87101
318.37343 222.52524431811148 308.3052
318.37343 222.52524431811176 308.3052
318.37343 222.52524431811386 308.3052
318.37343 222.52524431811545 308.3052
318.37343 222.52524431811577 308.3052
321.40547 225.55728884511552 311.33724
321.40547 225.5572888451159 311.33724
321.40547 225.55728884511646 311.33724
321.40547 225.55728884511674 311.33724
321.40547 225.5572888451195 311.33724
321.86254 226.014349434542 311.7943
322.39533 226.54714161535338 312.32709
326.09077 230.2425846474965 316.02254
326.09077 230.24258464749667 316.02254
326.09077 230.24258464749678 316.02254
326.09077 230.24258464749755 316.02254
326.09077 230.24258464749897 316.02254
326.09077 230.24258464749906 316.02254
326.09077 230.24258464749974 316.02254
