95.86548083330521 0.0
128.75404708634423 32.888566253039016
128.75404708634454 32.88856625303933
128.7540470863448 32.88856625303959
163.1350444263492 67.26956359304397
163.13504442634957 67.26956359304435
163.13504442635045 67.26956359304526
165.637472181008 69.7719913477028
165.63747218100823 69.77199134770301
165.63747218100846 69.77199134770325
165.63747218100863 69.77199134770342
165.63747218100886 69.77199134770366
187.40908389473285 91.54360306142763
187.4090838947335 91.54360306142829
187.4090838947338 91.54360306142858
187.4090838947341 91.54360306142888
187.4090838947344 91.54360306142921
189.37235177608972 93.50687094278446
189.37235177609008 93.50687094278487
189.37235177609028 93.50687094278506
189.37235177609037 93.50687094278516
189.3723517760904 93.50687094278517
190.00843583147133 94.14295499816613
196.0276742022466 100.16219336894139
196.02767420224723 100.162193368942
196.0276742022473 100.16219336894207
224.8811790036214 129.01569817031617
224.88117900362144 129.01569817031623
224.88117900362144 129.01569817031623
224.88117900362195 129.01569817031674
224.88117900362195 129.01569817031674
224.8811790036223 129.01569817031708
