#nmax= 2 NR= 11 Ntheta= 11 Nphi= 11
#jmax= 3 Nalpha= 11 Nphi= 11 Nchi= 11
#Ntrans= 10
#Nrot= 84
#Npara= 40
#Nportho= 44

0.1  0.0  0.15415806857284342  0.0
0.2  0.0  0.47052407574527755  0.0
0.3  0.0  0.4356041855850717  0.0
0.4  0.0  0.32728800149144816  0.0
0.5  0.0  0.2398637150566673  0.0
0.6  0.0  0.1788841096963261  0.0
0.7  0.0  0.13689265450067248  0.0
0.8  0.0  0.10743355304340836  0.0
0.9  0.0  0.08622824371518394  0.0
1.0  0.0  0.0705666716418173  0.0
1.1  0.0  0.05872310039931814  0.0
1.2  0.0  0.0495761185390838  0.0
1.3  0.0  0.042379213956042175  0.0
1.4  0.0  0.036623448727914655  0.0
1.5  3.1308419020355376e-10  0.03195429198044132  3.1308419020355376e-10
1.6  0.0  0.02812034884443285  0.0
1.7  1.6250044474232895e-10  0.024941128804336788  1.6250044474232895e-10
1.8  7.247319217674856e-11  0.022286369387703044  7.247319217674856e-11
1.9  1.0407230699287106e-9  0.020062449998728242  1.0407230699287106e-9
2.0  3.9331201394321454e-9  0.018203183916390357  3.9331201394321454e-9
2.1  1.2139999211974534e-8  0.01666333139695478  1.2139999211974534e-8
2.2  3.512494117366316e-8  0.015413809625960744  3.512494117366316e-8
2.3  9.254922541225088e-8  0.01443798686274306  9.254922541225088e-8
2.4  2.2339861488482743e-7  0.013728686298433816  2.2339861488482743e-7
2.5  5.016360129117419e-7  0.013285701575206544  5.016360129117419e-7
2.6  1.054852886993512e-6  0.013113692526508113  1.054852886993512e-6
2.7  2.093476734371376e-6  0.013220416993009347  2.093476734371376e-6
2.8  3.945639513619493e-6  0.013615243949339197  3.945639513619493e-6
2.9  7.100738265533953e-6  0.014307933103831598  7.100738265533953e-6
3.0  1.2259515906848104e-5  0.01530766243818924  1.2259515906848104e-5
3.1  2.0389599742256438e-5  0.016622273123983084  2.0389599742256438e-5
3.2  3.2784225736852974e-5  0.01825772156278577  3.2784225736852974e-5
3.3  5.112132237904335e-5  0.020217703621807165  5.112132237904335e-5
3.4  7.752142622844022e-5  0.022503435460815954  7.752142622844022e-5
3.5  0.00011460014215060741  0.025113558500157226  0.00011460014215060741
3.6  0.00016551414946517208  0.028044150420336034  0.00016551414946517208
3.7  0.0002339981918238227  0.03128881894378827  0.0002339981918238227
3.8  0.0003243898684564181  0.03483885725044454  0.0003243898684564181
3.9  0.0004416444166820408  0.03868344585899979  0.0004416444166820408
4.0  0.0005913359248773449  0.042809883989822536  0.0005913359248773449
4.1  0.0007796456774223436  0.04720384134405075  0.0007796456774223436
4.2  0.0010133391920515882  0.051849614831184304  0.0010133391920515882
4.3  0.00129973120508399  0.05673038868647071  0.00129973120508399
4.4  0.0016466420327336804  0.06182848626030819  0.0016466420327336804
4.5  0.0020623440380401125  0.06712561118018188  0.0020623440380401125
4.6  0.002555501016169407  0.07260307530991994  0.002555501016169407
4.7  0.003135103326522927  0.07824200801784517  0.003135103326522927
4.8  0.0038103990353179065  0.08402354952183154  0.0038103990353179065
4.9  0.004590821903737594  0.08992902369649876  0.004590821903737594
5.0  0.005485920910948477  0.09594009250566807  0.005485920910948477
5.1  0.006505287489532302  0.10203889116770926  0.006505287489532302
5.2  0.007658488769079838  0.10820814636695905  0.007658488769079838
5.3  0.008955000283325595  0.11443127489406688  0.00895500029168491
5.4  0.010404144337410832  0.1206924679400418  0.010404144313253103
5.5  0.012015032781210003  0.12697675807669281  0.012015032781210003
5.6  0.013796514184546362  0.1332700735518599  0.013796514184546362
5.7  0.01575712695424339  0.13955927782892996  0.01575712695424339
5.8  0.017905057449179827  0.14583219855000634  0.017905057449179827
5.9  0.020248104493276787  0.15207764441960245  0.02024810447978566
6.0  0.02279364838150198  0.15828541304  0.02279364838150198
6.1  0.025548626205179323  0.16444628954167942  0.02554862621780029
6.2  0.02851951173565678  0.17055203757570989  0.028519511747873903
6.3  0.03171230047731623  0.17659538353228105  0.0317123005128133
6.4  0.03513249939845976  0.18256999474536012  0.03513249943285623
6.5  0.03878512042217355  0.18847045270886106  0.03878512048886604
6.6  0.04267467873658815  0.1942922218315027  0.04267467885518065
6.7  0.04680519326496173  0.20003161472312883  0.04680519342711828
6.8  0.05118019159141682  0.2056857542637434  0.05118019183516748
6.9  0.05580271624101102  0.21125253353777712  0.05580271662077602
7.0  0.06067533494534189  0.21673057418613714  0.06067533547247344
7.1  0.06580015116835697  0.22211918277157727  0.06580015193693797
7.2  0.071178818056485  0.22741830698817772  0.07117881914358287
7.3  0.07681255220498423  0.23262849101338473  0.07681255372957323
7.4  0.08270214980519255  0.2377508311042105  0.082702151927773
7.5  0.0888480025912845  0.24278693096594336  0.08884800552175251
7.6  0.09525011564823667  0.24773885805874693  0.09525011964851597
7.7  0.10190812443380194  0.2526091005492844  0.10190812986353409
7.8  0.10882131258325535  0.25740052506695105  0.10882131988546552
7.9  0.11598862983817576  0.2621163359545201  0.11598863956781502
8.0  0.12340870986178745  0.2667600355792578  0.12340872273615179
8.1  0.1310798876809464  0.271335385937097  0.13107990461283142
8.2  0.1390002170071725  0.2758463723780626  0.1390002390671758
8.3  0.14716748722455403  0.2802971683940472  0.14716751583228674
8.4  0.15557923963387707  0.2846921021844049  0.15557927646985603
8.5  0.16423278353501228  0.2890356253257137  0.1642328306471412
8.6  0.1731252114941392  0.2933322827537025  0.17312527141022396
8.7  0.18225341413170867  0.2975866845765636  0.18225348988989262
8.8  0.1916140943665409  0.30180347996571544  0.1916141895986738
8.9  0.20120378075809478  0.3059873324653126  0.2012038998277159
9.0  0.21101884057784412  0.3101428971814152  0.21101898867536287
9.1  0.22105549186897752  0.31427479960622445  0.2210556751258762
9.2  0.2313098152706875  0.3183876160873739  0.2313100409343294
9.3  0.24177776461179443  0.32248585609472186  0.24177804116135101
9.4  0.25245517758770136  0.32657394574712  0.25245551492032586
9.5  0.2633377854834852  0.3306562129991276  0.2633381951355018
9.6  0.2744212221245723  0.3347368744722572  0.2744217174539282
9.7  0.2857010326615579  0.33882002334896455  0.28570162905549534
9.8  0.2971726814181095  0.342909618600226  0.29717339659576447
9.9  0.3088315597131028  0.34700947596916476  0.3088324139504263
10.0  0.32067299269776034  0.35112325941947625  0.32067400912167027
10.1  0.332692245916833  0.35525447446262937  0.33269345084593827
10.2  0.34488453150461074  0.35940646197717446  0.3448859547467004
10.3  0.3572450139661403  0.3635823932214788  0.3572466891915807
10.4  0.3697688152972729  0.36778526606900297  0.36977078042666717
10.5  0.38245102004810205  0.37201790180534183  0.3824533176451845
10.6  0.3952866798938562  0.3762829428096944  0.39528935758498507
10.7  0.4082708179926268  0.3805828511711558  0.4082739289252839
10.8  0.4213984328108191  0.3849199076886954  0.4214020361175398
10.9  0.43466450183855626  0.38929621207433074  0.4346686631460403
11.0  0.4480639852267501  0.3937136833062136  0.44806877715558246
11.1  0.4615918288017638  0.398174060640014  0.461597331496537
11.2  0.47524296698904733  0.40267890518052757  0.4752492687137586
11.3  0.48901232595416155  0.4072296021801389  0.4890195236196904
11.4  0.5028948257019493  0.4118273631715781  0.502903025493972
11.5  0.5168853830984848  0.41647322906811607  0.5168947010841126
11.6  0.530978913674106  0.42116807328811035  0.5309894764264281
11.7  0.5451703341445987  0.42591260535978  0.5451822793939817
11.8  0.5594545642937703  0.4307073745555504  0.559468041574874
11.9  0.5738265289314327  0.43555277414206955  0.5738417002531843
12.0  0.5882811598766745  0.4404490455278145  0.5882982004213483
12.1  0.6028133975841997  0.4453962826863959  0.6028324963575821
12.2  0.6174181929080175  0.45039443677921537  0.6174395534702476
12.3  0.6320905088163283  0.4554433209814036  0.6321143499275286
12.4  0.6468253219177772  0.46054261521593653  0.6468518782976783
12.5  0.6616176240078662  0.46569187109676846  0.6616471469808862
12.6  0.6764624236484869  0.4708905169802487  0.6764951818641358
12.7  0.6913547476753658  0.4761378629719431  0.6913910277879551
12.8  0.7062896424967764  0.481433106024093  0.7063297498570767
12.9  0.7212621758527719  0.4867753350885705  0.721306435165542
13.0  0.736267437873546  0.4921635360427235  0.7363161938659174
13.1  0.7513005429329973  0.4975965970099339  0.7513541610055765
13.2  0.7663566307029108  0.5030733132329402  0.7664154975478409
13.3  0.7814308678318991  0.5085923921673887  0.7814953920462965
13.4  0.7965184492635886  0.51415245846313  0.7965890619368107
13.5  0.8116145997131875  0.5197520589091389  0.8116917550059892
13.6  0.8267145750876911  0.5253896672138714  0.8267987507522484
13.7  0.841813663977263  0.5310636889057359  0.8419053618723423
13.8  0.8569071889904616  0.5367724659204053  0.8570069355629761
13.9  0.8719905084148485  0.5425142813065243  0.8720988551584007
14.0  0.8870590175315546  0.5482873637095123  0.8871765413908476
14.1  0.9021081501070404  0.5540898919289345  0.9022354538556775
14.2  0.9171333800139585  0.5599199990507667  0.9172710926049412
14.3  0.9321302225015528  0.5657757768664531  0.9322789993669444
14.4  0.9470942359445989  0.5716552798993972  0.9472547592480679
14.5  0.962021023140015  0.5775565295268544  0.962194002011404
14.6  0.9769062329146566  0.5834775177791928  0.9770924036181212
14.7  0.9917455616471298  0.5894162112009914  0.9919456877085755
14.8  1.0065347546872052  0.5953705545700401  1.0067496269915808
14.9  1.021269607949246  0.6013384743734201  1.021500044778214
15.0  1.0359459693039004  0.6073178823934069  1.0361928163237275
15.1  1.0505597401915805  0.6133066789170386  1.050823870407495
15.2  1.065106876979519  0.6193027560516797  1.0653891906236221
15.3  1.079583392528268  0.6253040007951182  1.0798848169173472
15.4  1.0939853575135845  0.6313082980330048  1.094306846856533
15.5  1.1083089020028714  0.6373135334413521  1.108651437134418
15.6  1.122550216749741  0.6433175962308361  1.1229148048504085
15.7  1.1367055546367872  0.6493183817724986  1.1370932288918691
15.8  1.1507712319992245  0.6553137941981911  1.1511830511942092
15.9  1.164743629992553  0.6613017487739123  1.1651806780826897
16.0  1.1786191958652512  0.6672801742276097  1.179082581494147
16.1  1.1923944442113503  0.673247014983532  1.1928853001774506
16.2  1.2060659582500117  0.6792002332528806  1.2065854409208856
16.3  1.219630390958129  0.68513781105228  1.2201796796705806
16.4  1.233084466289084  0.6910577520202441  1.233664762669551
16.5  1.246424980167625  0.6969580833397241  1.2470375074388154
16.6  1.2596488016766176  0.7028368573187537  1.2602948039120696
16.7  1.2727528739693754  0.7086921530606993  1.2734336153054677
16.8  1.2857342153171385  0.7145220779472593  1.2864509791405134
16.9  1.298589919982387  0.7203247690195667  1.299344008073164
17.0  1.311317159034781  0.7260983943432361  1.3121098906654456
17.1  1.3239131812504676  0.7318411542362268  1.324745892277345
17.2  1.3363753137661663  0.7375512823869695  1.3372493556728404
17.3  1.348700962874531  0.7432270469263866  1.3496177017926283
17.4  1.3608876145638473  0.7488667514078547  1.36184843025042
17.5  1.3729328351395764  0.7544687357147971  1.3739391199694506
17.6  1.3848342717514717  0.760031376882875  1.385887429633572
17.7  1.3965896527991515  0.7655530898175633  1.397691098124832
17.8  1.408196788393946  0.7710323280283622  1.4093479449213469
17.9  1.4196535706302416  0.776467584168536  1.420855870384679
18.0  1.4309579738544507  0.7818573906068654  1.4322128559933547
18.1  1.4421080549264125  0.7872003198985146  1.4434169646036974
18.2  1.4531019533061693  0.7924949851556483  1.454466340520091
18.3  1.463937891140392  0.7977400404433607  1.465359209573999
18.4  1.4746141733289313  0.8029341810272118  1.4760938791901632
18.5  1.485129187384243  0.8080761436107129  1.486668738224758
18.6  1.4954814034242385  0.813164706500757  1.4970822569793916
18.7  1.5056693739456564  0.8181986897497464  1.5073329869529817
18.8  1.5156917336134954  0.8231769551736359  1.5174195606419458
18.9  1.5255471989544935  0.8280984064494643  1.527340691240801
19.0  1.5352345680133492  0.8329619890029243  1.537095172296275
19.1  1.5447527199734525  0.8377666900191629  1.5466818773386017
19.2  1.554100614646389  0.8425115382272095  1.5560997593831563
19.3  1.5632772919756597  0.8471956038501025  1.5653478504351306
19.4  1.5722818714655755  0.8518179983328157  1.5744252609420808
19.5  1.5811135515578958  0.8563778741449223  1.5833311791739002
19.6  1.5897716088939493  0.8608744245099446  1.5920648705109537
19.7  1.598255397662209  0.8653068830861516  1.6006256768036327
19.8  1.6065643487649515  0.86967452366662  1.609013015557696
19.9  1.6146979690041663  0.8739766597694569  1.617226379133807
20.0  1.6226558401981803  0.8782126443028692  1.6252653338983098
20.1  1.6304376182707132  0.8823818690904962  1.633129519326581
20.2  1.638043032292135  0.8864837644666862  1.640818647066537
20.3  1.6454718834475355  0.8905177987938072  1.6483324999391904
20.4  1.652724044027283  0.8944834779727834  1.6556709309441306
20.5  1.659799456343467  0.898380344950595  1.6628338622085674
20.6  1.6666981315616642  0.9022079791485239  1.6698212838571014
20.7  1.6734201486383584  0.9059659959698578  1.6766332529488568
20.8  1.679965653066085  0.9096540462015514  1.6832698922842817
20.9  1.6863348557051656  0.913271815432428  1.6897313892456007
21.0  1.6925280315132512  0.9168190234911308  1.6960179945670677
21.1  1.698545518307127  0.9202954237965226  1.7021300211225139
21.2  1.704387715450284  0.9237008027840817  1.708067842643454
21.3  1.7100550825592484  0.927034979268319  1.713831892461437
21.4  1.715548138150691  0.9302978037812915  1.719422662191665
21.5  1.7208674583110466  0.9334891579436964  1.7248407004182131
21.6  1.7260136753224966  0.9366089538378541  1.7300866113693576
21.7  1.7309874762632367  0.9396571333052122  1.735161053544915
21.8  1.7357896016234655  0.9426336673175605  1.7400647383660632
21.9  1.7404208439093867  0.9455385552939886  1.7447984288057778
22.0  1.744882046208575  0.9483718244374475  1.7493629379979374
22.1  1.7491741007621722  0.9511335290667041  1.753759127831461
22.2  1.7532979475508963  0.9538237499197637  1.7579879075811538
22.3  1.7572545728432727  0.9564425935038378  1.7620502324754705
22.4  1.7610450077559474  0.9589901914034192  1.7659471022961217
22.5  1.7646703268274677  0.9614666996256795  1.7696795599836832
22.6  1.7681316465543973  0.9638722978941007  1.773248690207713
22.7  1.771430123978905  0.9662071890079772  1.7766556179752993
22.8  1.774566955217458  0.968471598157282  1.7799015072027917
22.9  1.7775433740772808  0.9706657722623865  1.7829875593530071
23.0  1.7803606505744214  0.9727899792981751  1.78591501199304
23.1  1.7830200895386945  0.9748445076620995  1.7886851374171626
23.2  1.7855230292324862  0.9768296655024732  1.791299241306278
23.3  1.7878708398893841  0.9787457800661085  1.7937586612809386
23.4  1.79006492236588  0.9805931970659416  1.7960647655988822
23.5  1.7921067067466083  0.9823722800364918  1.798218951770204
23.6  1.7939976509806768  0.9840834097302023  1.8002226452258683
23.7  1.7957392395194482  0.9857269834448897  1.8020772979885424
23.8  1.7973329819811532  0.9873034144496939  1.8037843873474306
23.9  1.7987804118401396  0.9888131313620478  1.8053454145913006
24.0  1.8000830851056193  0.9902565775359917  1.8067619036908598
24.1  1.8012425790258633  0.9916342105024739  1.8080354000350327
24.2  1.8022604908297308  0.9929465013363737  1.8091674692009017
24.3  1.8031384364796634  0.9941939341238669  1.8101596957181125
24.4  1.80387804940719  0.9953770053658899  1.811013681828144
24.5  1.8044809793321632  0.9964962234433732  1.811731046318602
24.6  1.8049488910454647  0.9975521080433836  1.8123134233426406
24.7  1.805283463250409  0.9985451896472659  1.8127624612535953
24.8  1.805486387404263  0.9994760089734743  1.813079821484219
24.9  1.805559366586029  1.0003451164745434  1.813267177418397
25.0  1.8055041144006878  1.0011530718167994  1.8133262133196597
25.1  1.8053223538944263  1.0019004433795196  1.8132586232604018
25.2  1.805015816455417  1.0025878077720576  1.81306611002992
25.3  1.8045862408432922  1.0032157493481029  1.812750384186028
25.4  1.8040353721185511  1.003784859715721  1.8123131629937428
25.5  1.8033649606701216  1.0042957373155807  1.81175616946295
25.6  1.8025767612497134  1.0047489869177844  1.811081131401161
25.7  1.8016725320345162  1.0051452192311114  1.8102897804775682
25.8  1.8006540336760744  1.0054850504386628  1.8093838512913607
25.9  1.7995230284605588  1.0057691017841683  1.8083650805335456
26.0  1.7982812793847052  1.0059979991575576  1.8072352060735346
26.1  1.796930549336865  1.0061723727149008  1.8059959661532614
26.2  1.795472600268311  1.0062928564418525  1.8046490985587726
26.3  1.7939091923914736  1.0063600878267909  1.803196339827025
26.4  1.792242083401139  1.0063747074399958  1.8016394244746987
26.5  1.7904730277399465  1.0063373586106028  1.7999800842701004
26.6  1.788603775855556  1.00624868703582  1.798220047487267
26.7  1.786636073509294  1.0061093404789807  1.79636103823322
26.8  1.7845716610752056  1.0059199684000015  1.7944047757318877
26.9  1.7824122729072973  1.0056812216595254  1.7923529737123722
27.0  1.7801596366968064  1.0053937521784806  1.790207339753573
27.1  1.7778154728558655  1.0050582126610306  1.7879695746795268
27.2  1.7753814939360837  1.0046752562718513  1.785641371978788
27.3  1.7728594040516221  1.0042455363726166  1.7832244172201797
27.4  1.7702508983619145  1.0037697062254132  1.7807203875430004
27.5  1.7675576624989076  1.003248418729793  1.7781309510859407
27.6  1.7647813721330443  1.00268232616943  1.7754577665412092
27.7  1.761923692432597  1.0020720799460041  1.7727024826295483
27.8  1.7589862776434342  1.0014183303539577  1.7698667376635218
27.9  1.7559707706254257  1.0007217263224264  1.7669521590914594
28.0  1.7528788024616695  0.9999829152213482  1.76396036309485
28.1  1.7497119920215076  0.9992025425945777  1.7608929541639042
28.2  1.7464719456306845  0.9983812519979344  1.7577515247488378
28.3  1.7431602566615465  0.9975196847685637  1.7545376548546572
28.4  1.739778505221744  0.9966184798312552  1.75125291172738
28.5  1.7363282578246775  0.9956782735218175  1.7478988495152608
28.6  1.7328110670829107  0.9946996993906029  1.7444770089646708
28.7  1.7292284714153427  0.9936833880456761  1.7409889171157682
28.8  1.7255819947840465  0.9926299669692631  1.7374360870394565
28.9  1.7218731464288368  0.9915400603754736  1.7338200175648644
29.0  1.7181034206657024  0.9904142890476554  1.7301421930710879
29.1  1.71427429659921  0.9892532701885934  1.7264040832002174
29.2  1.7103872379846923  0.9880576172915555  1.7226071427048124
29.3  1.706443692989796  0.9868279400009033  1.7187528112110335
29.4  1.7024450940503926  0.9855648439834745  1.7148425130658647
29.5  1.6983928576848326  0.9842689308183854  1.710877657143139
29.6  1.6942883843631829  0.9829407978631783  1.7068596367087476
29.7  1.6901330583570617  0.9815810381616258  1.7027898292664587
29.8  1.685928247632675  0.9801902403302308  1.6986695964353138
29.9  1.6816753037569774  0.9787689884751447  1.6945002838600662
30.0  1.6773755617480566  0.9773178620710922  1.690283221046748
