1.0 0.0004602093088191782
1.134 0.0005297928945582806
1.268 0.0006015621573429037
1.4020000000000001 0.0006755987968404
1.536 0.0007519887603391717
1.67 0.0008308226664940299
1.804 0.0009121960513757859
1.9380000000000002 0.0009962095763559158
2.072 0.0010829692467777933
2.206 0.0011725866576066672
2.34 0.0012651792707070444
2.474 0.0013608707246840419
2.608 0.0014597911773745079
2.742 0.0015620776812219589
2.8760000000000003 0.0016678745922250192
3.0100000000000002 0.0017773340136649019
3.144 0.0018906162763163586
3.278 0.0020078904573132637
3.412 0.0021293349402815784
3.5460000000000003 0.0022551380197810915
3.68 0.0023854985535265044
3.814 0.0025206266663001012
3.9480000000000004 0.0026607445099328525
4.082000000000001 0.0028060870842287595
4.216 0.0029569031242472578
4.35 0.0031134560599496
4.484 0.0032760250548673903
4.618 0.0034449061311734946
4.752000000000001 0.0036204133893392157
4.886 0.0038028803314579395
5.0200000000000005 0.003992661298317843
5.154 0.004190133031429796
5.288 0.004395696372478184
5.422000000000001 0.004609778114080808
5.556 0.004832833017343243
5.69 0.005065346013496062
5.824 0.005307834608942741
5.958 0.005560851515353398
6.0920000000000005 0.005824987529056238
6.226 0.006100874686950243
6.36 0.006389189729542236
6.494000000000001 0.006690657905562862
6.628 0.007006057157011363
6.7620000000000005 0.007336222728504278
6.896000000000001 0.007682052250559192
7.03 0.00804451135304954
7.164000000000001 0.008424639872659477
7.298 0.008823558726914659
7.432 0.009242477537458863
7.566000000000001 0.009682703096922266
7.7 0.010145648787257612
7.8340000000000005 0.010632845073136709
7.968 0.011145951212294392
8.102 0.011686768346052527
8.236 0.012257254158221098
8.370000000000001 0.012859539319840229
8.504000000000001 0.013495945971627284
8.638000000000002 0.014169008536528995
8.772 0.01488149720267615
8.906 0.01563644447378888
9.040000000000001 0.01643717525151636
9.174000000000001 0.017287340994563978
9.308 0.018190958595538313
9.442 0.019152454731665408
9.576 0.020176716584175653
9.71 0.021269149988537264
9.844000000000001 0.022435746280528492
9.978 0.023683159349776765
10.112 0.025018794713474533
10.246 0.026450912791991524
10.38 0.027988749022238774
10.514000000000001 0.029642654005947667
10.648 0.03142425758691784
10.782 0.03334666162056229
10.916 0.03542466728868035
11.05 0.03767504418514348
11.184000000000001 0.04011685013689844
11.318000000000001 0.04277181293925142
11.452 0.04566478802154476
11.586 0.04882430971640708
11.72 0.052283258550093484
11.854000000000001 0.056079673167983846
11.988000000000001 0.06025774366022935
12.122 0.06486903385472925
12.256 0.06997399457373608
12.39 0.07564384928523304
12.524000000000001 0.08196295998859537
12.658000000000001 0.08903181739353812
12.792000000000002 0.09697084961910196
12.926 0.10592531385731045
13.06 0.11607163482500804
13.194 0.12762569614822158
13.328000000000001 0.14085379721941194
13.462000000000002 0.15608729142147373
13.596 0.17374237387946267
13.73 0.19434717152035233
13.864 0.21857934150375238
13.998000000000001 0.24731903275267975
14.132000000000001 0.2817246935627774
14.266 0.3233434797489387
14.4 0.3742751010132176
14.534 0.43741993350453967
14.668000000000001 0.516862940073439
14.802000000000001 0.6184813922736817
14.936 0.7509294183545737
15.07 0.9272686220523924
15.204 1.1677161405499052
15.338000000000001 1.5042960899975542
15.472000000000001 1.9884730659977035
15.606000000000002 2.7020238169174493
15.74 3.7639055292955685
15.874 5.290667493693827
16.008000000000003 7.173533128576841
16.142000000000003 8.618039425660525
16.276000000000003 8.473496131457733
16.41 6.909526226217507
16.544 5.1066041241845905
16.678 3.6922007555342167
16.812 2.708737853776996
16.946 2.040003279790189
17.080000000000002 1.5790916119465503
17.214000000000002 1.25344007335837
17.348000000000003 1.0171077021560229
17.482 0.8411794222183787
17.616 0.7071665452969951
17.75 0.6029718098857563
17.884 0.5204824884243444
18.018 0.4541259531864483
18.152 0.399987484580087
18.286 0.35525967457276036
18.42 0.3178909389109424
18.554000000000002 0.28635612456123044
18.688000000000002 0.2595036266461874
18.822000000000003 0.2364514761807931
18.956 0.2165154123336788
19.09 0.1991582463234593
19.224 0.183953653328676
19.358 0.17055990481240954
19.492 0.15870055591359097
19.626 0.14815006944903036
19.76 0.138722990950533
19.894000000000002 0.13026571002406406
20.028000000000002 0.12265012738224994
20.162000000000003 0.11576874132801646
20.296 0.10953080229697859
20.43 0.10385927872555345
20.564 0.09868844474254145
20.698 0.09396194845486931
20.832 0.08963125461666933
20.966 0.08565438112131901
21.1 0.08199486771722053
21.234 0.07862092948611754
21.368000000000002 0.07550475825116945
21.502000000000002 0.0726219431342735
21.636000000000003 0.06995098762777327
21.77 0.06747290526909608
21.904 0.06517087966144883
22.038 0.06302997742928922
22.172 0.061036904926439206
22.306 0.05917980127107195
22.44 0.05744806167333496
22.574 0.05583218612972035
22.708000000000002 0.05432364944558555
22.842000000000002 0.052914789261055695
22.976000000000003 0.05159870933252924
23.110000000000003 0.05036919579055048
23.244 0.049220644476984786
23.378 0.048147997777544096
23.512 0.04714668962334006
23.646 0.04621259754806924
23.78 0.04534200086417288
23.914 0.04453154416871213
24.048000000000002 0.043778205513198186
24.182000000000002 0.04307926867565947
24.316000000000003 0.042432299061369
24.450000000000003 0.04183512283383096
24.584000000000003 0.04128580894223505
24.718 0.04078265376761648
24.852 0.040324168159082886
24.986 0.0399090666751065
25.12 0.03953625888424253
25.254 0.03920484261581483
25.388 0.0389140990850773
25.522000000000002 0.03866348985002108
25.656000000000002 0.03845265558924285
25.790000000000003 0.038281416722992914
25.924000000000003 0.038149775933613565
26.058 0.038057922678049715
26.192 0.03800623982508924
26.326 0.03799531259476042
26.46 0.03802594002838652
26.594 0.038099149277018206
26.728 0.03821621306556184
26.862000000000002 0.0383786707726536
26.996000000000002 0.03858835366567888
27.130000000000003 0.038847414950664176
27.264000000000003 0.0391583654436658
27.398000000000003 0.03952411585092797
27.532 0.03994802686881194
27.666 0.04043396859353967
27.8 0.04098639108139512
27.934 0.04161040834398536
28.068 0.042311898630307966
28.202 0.04309762457915553
28.336000000000002 0.043975377780884894
28.470000000000002 0.044954153552983954
28.604000000000003 0.04604436343816678
28.738000000000003 0.04725809527207954
28.872 0.048609433925705485
29.006 0.05011486034305091
29.14 0.051793752214538115
29.274 0.053669013628208855
29.408 0.05576784622015276
29.542 0.058122570276666244
29.676000000000002 0.06077106391527872
29.810000000000002 0.06375640035571553
29.944000000000003 0.06712911887913599
30.078000000000003 0.07095668229269293
30.212000000000003 0.07532743288726096
30.346 0.08034800862874421
30.48 0.08614850393477055
30.614 0.09289261094332749
30.748 0.10078987372346233
30.882 0.11011187361929416
31.016000000000002 0.12121509682826405
31.150000000000002 0.1345741279040284
31.284000000000002 0.15083076728175868
31.418000000000003 0.17086815627469032
31.552000000000003 0.1959250343899241
31.686000000000003 0.22777585187520505
31.82 0.26902130303595506
31.954 0.32356745010889837
32.088 0.3974301388452846
32.222 0.5000937499676011
32.356 0.6467478001892646
32.49 0.8615413623576055
32.624 1.1800786216548638
32.758 1.6400234771378879
32.892 2.2212959869337663
33.026 2.7048960578273995
33.160000000000004 2.718653320395021
33.294000000000004 2.254553291566316
33.428000000000004 1.680905735023385
33.562000000000005 1.2225056414719322
33.696000000000005 0.9037017903617527
33.830000000000005 0.6887097367260914
33.964 0.5427022983982102
34.098 0.4419733044464542
34.232 0.37180465646827066
34.366 0.3234233474693908
34.5 0.2919087003277301
34.634 0.2746929341874453
34.768 0.2693140590411676
34.902 0.26868209441977703
35.036 0.25951403127185996
35.17 0.23633484939844165
35.304 0.20737288137979928
35.438 0.1809290907819185
35.572 0.160182673153211
35.706 0.1448745364016684
35.84 0.13369395791625743
35.974000000000004 0.12546798255344246
36.108000000000004 0.11937858395228834
36.242000000000004 0.11488993846656836
36.376000000000005 0.11165373906749848
36.510000000000005 0.10944263476494819
36.644000000000005 0.10810904151017262
36.778 0.10756056980407706
36.912 0.10774568312037598
37.046 0.10864576718867028
37.18 0.11027150217903814
37.314 0.1126624927500982
37.448 0.11588981165075361
37.582 0.12006166037309765
37.716 0.12533290029290536
37.85 0.13191990620110638
37.984 0.14012322842057318
38.118 0.15036221424439844
38.252 0.16322854458454084
38.386 0.1795705085407278
38.52 0.2006284464921581
38.654 0.2282571396098432
38.788000000000004 0.26529790067755815
38.922000000000004 0.3162072587313738
39.056000000000004 0.38810338562165647
39.190000000000005 0.4923622580097742
39.324000000000005 0.6462593897729731
39.458000000000006 0.8706836695097357
39.592 1.1679586396125277
39.726 1.454445163756519
39.86 1.5345633178046019
39.994 1.3369482178119225
40.128 1.0351831424031324
40.262 0.7785091057885607
40.396 0.5974828916786544
40.53 0.4761603943647235
40.664 0.3950080280789261
40.798 0.3400602813414539
40.932 0.3024119112686187
41.066 0.2765025973469191
41.2 0.2588302332275212
41.334 0.2471499941894094
41.468 0.2399972302270399
41.602000000000004 0.23640374346548138
41.736000000000004 0.23572688133774689
41.870000000000005 0.23754487668811672
42.004000000000005 0.24159185418257811
42.138000000000005 0.24771723585950853
42.272000000000006 0.25586067569730325
42.406000000000006 0.2660373286326838
42.54 0.2783304316828538
42.674 0.2928895158381622
42.808 0.3099334551612098
42.942 0.32975821653424836
43.076 0.3527497432223671
43.21 0.37940299694640006
43.344 0.4103489011856717
43.478 0.446391899519814
43.612 0.48856224656084557
43.746 0.5381892641901044
43.88 0.5970050769679563
44.014 0.6672935524352962
44.148 0.752107632147845
44.282000000000004 0.8555922654764933
44.416000000000004 0.9834739039064951
44.550000000000004 1.143818534053498
44.684000000000005 1.3482323743491622
44.818000000000005 1.613807826498741
44.952000000000005 1.9663457991773148
45.086000000000006 2.4457784686168966
45.220000000000006 3.115308323386101
45.354 4.076228759154586
45.488 5.488228199882523
45.622 7.578089597352197
45.756 10.54417154640601
45.89 14.07912843824285
46.024 16.506997603701166
46.158 15.76781649573292
46.292 12.603258765970484
46.426 9.264594058744136
46.56 6.7360997119327015
46.694 5.006445247719915
46.828 3.8435295702183288
46.962 3.0526856724936215
47.096000000000004 2.505240466264064
47.230000000000004 2.120808410780588
47.364000000000004 1.849504860218358
47.498000000000005 1.6602250958643394
47.632000000000005 1.5336486243750522
47.766000000000005 1.4582098382759379
47.900000000000006 1.4278745285751804
48.034000000000006 1.4410779738050596
48.168000000000006 1.5005284165257962
48.302 1.613833189397685
48.436 1.7951451888112795
48.57 2.0683322974479608
48.704 2.4726032581219237
48.838 3.0719813441546044
48.972 3.9694349147679504
49.106 5.319139513907069
49.24 7.293015289777809
49.374 9.839676196037553
49.508 12.053863563600636
49.642 12.230691466476811
49.776 10.195257454648912
49.910000000000004 7.601442006977912
50.044000000000004 5.50984816969728
50.178000000000004 4.047950504101207
50.312000000000005 3.0560011184579703
50.446000000000005 2.375030550858269
50.580000000000005 1.8957327259636947
50.714000000000006 1.5489317190945513
50.848000000000006 1.2912785769763662
50.982000000000006 1.0952067700148918
51.116 0.942778605160553
51.25 0.8220263814567047
51.384 0.7247674271219653
51.518 0.6452767951097165
51.652 0.5794632717279694
51.786 0.5243460258650794
51.92 0.4777146678980506
52.054 0.43790367820193815
52.188 0.40363970375783753
52.322 0.37393624505528816
52.456 0.3480197666746462
52.59 0.32527702602700626
52.724000000000004 0.3052169740241697
52.858000000000004 0.28744282116428505
52.992000000000004 0.2716312904658892
53.126000000000005 0.2575169858499489
53.260000000000005 0.24488041851018325
53.394000000000005 0.23353897732114753
53.528000000000006 0.22334059144231566
53.662000000000006 0.21415847536374052
53.79600000000001 0.20588634625135385
53.93 0.19843518913386496
54.064 0.1917311806918254
54.198 0.1857143712543102
54.332 0.18033825909920156
54.466 0.1755705754893759
54.6 0.17139565182103608
54.734 0.16781803224718309
54.868 0.1648621824075766
55.002 0.1625431449529788
55.136 0.16074323368845683
55.27 0.1590406906366847
55.404 0.15702930939667312
55.538000000000004 0.15494883551448865
55.672000000000004 0.15327761430612613
55.806000000000004 0.15220577919575692
55.940000000000005 0.1517330354513993
56.074000000000005 0.15182653102355553
56.208000000000006 0.152470230754535
56.342000000000006 0.15367025780537147
56.476000000000006 0.1554522065137057
56.61000000000001 0.15785919623032704
56.744 0.1609517040235249
56.878 0.16480831064614956
57.012 0.16952487486183027
57.146 0.1752106192676968
57.28 0.1819981248027399
57.414 0.19008243084047705
57.548 0.1997313084926262
57.682 0.21127180351681635
57.816 0.2251109470301103
57.95 0.24177662358137972
58.084 0.2619683999713336
58.218 0.28662802145677313
58.352000000000004 0.317044567465607
58.486000000000004 0.3550160253711711
58.620000000000005 0.4031021777051727
58.754000000000005 0.4650237394013508
58.888000000000005 0.5462829526078997
59.022000000000006 0.6550839337481204
59.156000000000006 0.8037430499760765
59.290000000000006 1.0115796188744943
59.42400000000001 1.3097915408273404
59.55800000000001 1.7414607223255354
59.692 2.3366481107612835
59.826 3.022547257774391
59.96 3.540784018557764
60.094 3.739201856150281
60.228 3.8756644588308675
60.362 4.140265726578663
60.496 4.243588663796976
60.63 3.795502752684658
60.764 2.978491966987359
60.898 2.2072436501636608
61.032000000000004 1.6351245386066153
61.166000000000004 1.240236490988
61.300000000000004 0.9688186991395031
61.434000000000005 0.7785814978768894
61.568000000000005 0.6417561206533489
61.702000000000005 0.5407968571344471
61.836000000000006 0.46456256578384025
61.970000000000006 0.4058399753350505
62.104000000000006 0.3598494160275181
62.23800000000001 0.32335308428828324
62.37200000000001 0.2941178701535037
62.506 0.270585576197609
62.64 0.2516577886468084
62.774 0.2365130561012882
62.908 0.22438598747453853
63.042 0.21451175374291354
63.176 0.20660334769424923
63.31 0.20095310751073195
63.444 0.19791450702328908
63.578 0.1978579917461774
63.712 0.20141742678211821
63.846000000000004 0.20973951289474976
63.980000000000004 0.2247869859196039
64.114 0.24967950237948114
64.248 0.28850350661067
64.382 0.3430155292298647
64.516 0.4008116558924962
64.65 0.42500295112357395
64.784 0.3926644389401906
64.918 0.333338207848573
65.052 0.2808524578577463
65.186 0.244500895789293
65.32000000000001 0.2220560910800191
65.45400000000001 0.21001944008696552
65.58800000000001 0.20624332727136988
65.72200000000001 0.21012897072875145
65.85600000000001 0.2223730253040337
65.99000000000001 0.24399288145755063
66.12400000000001 0.2724355438747708
66.25800000000001 0.29417412945970856
66.39200000000001 0.29111748541504273
66.52600000000001 0.2675757333916602
66.66000000000001 0.24263080893472708
66.794 0.22559466715946724
66.928 0.21692716940307222
67.062 0.2150318843850268
67.196 0.21875445390235568
67.33 0.2277987630899495
67.464 0.24275859862858767
67.598 0.2652305792691373
67.732 0.2980201270378515
67.866 0.3450214583435791
68.0 0.40965700531575233
68.134 0.49160219637869457
68.268 0.5816390061210628
68.402 0.6490522909707332
68.536 0.649947608420753
68.67 0.5871369745300626
68.804 0.5128279535879114
68.938 0.46067896686678483
69.072 0.43563771909249804
69.206 0.43342288599998297
69.34 0.44738658063150316
69.474 0.4656507559607837
69.608 0.4758341809118811
69.742 0.4811797976362133
69.876 0.4934826636197839
70.01 0.5186636246486749
70.144 0.5583623860140575
70.278 0.6141638523022019
70.412 0.6893729032094273
70.546 0.7899789219143645
70.68 0.925964589243312
70.81400000000001 1.113453561042716
70.94800000000001 1.3775335724335707
71.08200000000001 1.7524812574195197
71.21600000000001 2.26338795307669
71.35000000000001 2.848192729042104
71.48400000000001 3.2537684822542
71.61800000000001 3.2568703070437572
71.75200000000001 3.0483358038669417
71.88600000000001 2.9402826446682835
72.02000000000001 3.0710769180576056
72.15400000000001 3.4925766716819457
72.28800000000001 4.275678672955945
72.42200000000001 5.551001092427359
72.556 7.489535614746772
72.69 10.098032851777027
72.824 12.600880231312162
72.958 13.211733451250128
73.092 11.33699448661805
73.226 8.59242994435442
73.36 6.288059939534353
73.494 4.669200745638668
73.628 3.586390706351457
73.762 2.8659538147733596
73.896 2.386053200432565
74.03 2.0711758486095126
74.164 1.8772606969701324
74.298 1.781289258789624
74.432 1.7759452533238262
74.566 1.8683598080717216
74.7 2.08242911305562
74.834 2.463988351812392
74.968 3.0831562084457826
75.102 4.004367231459032
75.236 5.133323833386474
75.37 5.924718267750374
75.504 5.67441340831876
75.638 4.602359466839284
75.772 3.4652260765582685
75.906 2.601476553881163
76.04 2.0095524607626642
76.174 1.610979557499951
76.308 1.3400057384465474
76.44200000000001 1.1540568342344384
76.57600000000001 1.0258809823672743
76.71000000000001 0.9362077124647284
76.84400000000001 0.8726752170925173
76.97800000000001 0.830938243277212
77.11200000000001 0.8099722160838725
77.24600000000001 0.8088883631565587
77.38000000000001 0.8275141435154822
77.51400000000001 0.8671505606160873
77.64800000000001 0.9310076679943414
77.78200000000001 1.0247741572542248
77.91600000000001 1.1576382707821484
78.05000000000001 1.3440897910091827
78.184 1.6070355242817835
78.318 1.9831041866686583
78.452 2.5312802431711057
78.586 3.3447455415550227
78.72 4.555958827593579
78.854 6.280859513127606
78.988 8.338906078088142
79.122 9.742624192944463
79.256 9.278494347073435
79.39 7.395311916473436
79.524 5.420617782560604
79.658 3.9253455043355983
79.792 2.8983328316993333
79.926 2.201950427879767
80.06 1.7215289609544968
80.194 1.3812544894287504
80.328 1.1335362436421055
80.462 0.9484919326617207
80.596 0.8070140657168444
80.73 0.6965884171042862
80.864 0.6088116059699558
80.998 0.5379032228321112
81.132 0.47979689008102494
81.266 0.4315724692236614
81.4 0.3910931838490021
81.534 0.35676851051913583
81.668 0.3273959679848103
81.802 0.30205346510036185
81.936 0.2800247081455312
82.07000000000001 0.26074663915308516
82.20400000000001 0.24377181830916644
82.33800000000001 0.22874111186740761
82.47200000000001 0.21536359672453548
82.60600000000001 0.2034015912980865
82.74000000000001 0.19265937656340376
82.87400000000001 0.18297460656234565
83.00800000000001 0.17421170186316282
83.14200000000001 0.16625672095357688
83.27600000000001 0.1590133443918085
83.41000000000001 0.15239970479230652
83.54400000000001 0.14634586556155352
83.67800000000001 0.14079180149530965
83.81200000000001 0.13568577081220218
83.946 0.13098299493526425
84.08 0.12664458194308265
84.214 0.122636643128971
84.348 0.11892955741950227
84.482 0.11549733060601698
84.616 0.11231701267096575
84.75 0.10936832947441184
84.884 0.1066336364718558
85.018 0.10409757565323878
85.152 0.10174654830242119
85.286 0.09956851318125064
85.42 0.09755289806412015
85.554 0.09569049527949294
85.688 0.09397336215990185
85.822 0.09239474471295103
85.956 0.09094903028004835
86.09 0.08963173255561262
86.224 0.08843951424502758
86.358 0.08737025664192832
86.492 0.08642319177103062
86.626 0.08559912297404242
86.76 0.08490077668120587
86.894 0.0843333559748652
87.028 0.08390541010880709
87.162 0.08363018668910517
87.296 0.08352761319946186
87.43 0.08362652512114643
87.56400000000001 0.08396404642368435
87.69800000000001 0.08457165383314794
87.83200000000001 0.08544502188484199
87.96600000000001 0.08658579918265488
88.10000000000001 0.08816068635614732
88.23400000000001 0.09049860267722011
88.36800000000001 0.09400462637708332
88.50200000000001 0.09916873711108946
88.63600000000001 0.10634466384731094
88.77000000000001 0.11466870881487126
88.90400000000001 0.12055732305320407
89.03800000000001 0.12061896344936096
89.17200000000001 0.11720179881114394
89.30600000000001 0.11468487443534361
89.44000000000001 0.11508231251439598
89.57400000000001 0.11899512512970667
89.708 0.12701509487702717
89.842 0.14021629202338964
89.976 0.1596366140318034
90.11 0.18335197851359647
90.244 0.20119081568095704
90.378 0.20036491005648596
90.512 0.1850218766226402
90.646 0.16953161163859998
90.78 0.16095854188320521
90.914 0.16027824752771888
91.048 0.16739440832058106
91.182 0.1825167779595198
91.316 0.20415327719221776
91.45 0.22366617214133258
91.584 0.22660572639918178
91.718 0.2121380367372384
91.852 0.19410778898701433
91.986 0.18129769301252174
92.12 0.17481371913465288
92.254 0.1734164985188191
92.388 0.17594903525497613
92.522 0.18178030507108137
92.656 0.19077606317788892
92.79 0.203262981489831
92.924 0.2200660207996976
93.058 0.24253893235357135
93.19200000000001 0.2721218517052854
93.32600000000001 0.3079191163266844
93.46000000000001 0.3414947350965098
93.59400000000001 0.3601155954653601
93.72800000000001 0.36609279735957867
93.86200000000001 0.37381307813106535
93.99600000000001 0.3915112711383798
94.13000000000001 0.42102058369892437
94.26400000000001 0.4628912634386542
94.39800000000001 0.5185315840770592
94.53200000000001 0.5908270822995765
94.66600000000001 0.6845951915640096
94.80000000000001 0.8073642232645749
94.93400000000001 0.9707729300859066
95.06800000000001 1.193005787191689
95.20200000000001 1.502935124977592
95.33600000000001 1.946803339150488
95.47 2.597083418295023
95.604 3.5546238729882678
95.738 4.89872054080913
95.872 6.460152523475688
96.006 7.4640383538993635
96.14 7.067261344588388
96.274 5.680232516456371
96.408 4.272088940083963
96.542 3.241095361049131
96.676 2.575585617036532
96.81 2.1812200184069774
96.944 1.9869865411844787
97.078 1.9583948047178519
97.212 2.094010464116474
97.346 2.4227714931050017
97.48 2.995031795612254
97.614 3.832953730486396
97.748 4.792479361594707
97.882 5.417500310968216
98.016 5.178859663278421
98.15 4.21481139571504
98.284 3.1578812377740317
98.418 2.340066284382845
98.552 1.7774555182512304
98.686 1.4029004024322265
98.82000000000001 1.1577934969745873
98.95400000000001 1.0051475350112464
99.08800000000001 0.9230028531110852
99.22200000000001 0.8894007938949025
99.35600000000001 0.859832600870482
99.49000000000001 0.7815722820461521
99.62400000000001 0.6620380697663768
99.75800000000001 0.5466616076461327
99.89200000000001 0.45577084820499764
100.02600000000001 0.3879630198965772
100.16000000000001 0.33705061364785616
100.29400000000001 0.2978679869026825
100.42800000000001 0.26689260697649253
100.56200000000001 0.24181241708077678
100.69600000000001 0.22109482173494902
100.83000000000001 0.20369802697472597
100.96400000000001 0.1888932651805591
101.098 0.17615645278009084
101.232 0.1651012045066711
101.366 0.15543644365072523
101.5 0.14693888449884146
101.634 0.13943472433845963
101.768 0.1327871941564912
101.902 0.12688794545513282
102.036 0.1216510295612896
102.17 0.11700869575206639
102.304 0.11290852942757439
102.438 0.10931164829871098
102.572 0.10619182006964792
102.706 0.10353549206909529
102.84 0.10134286054080077
102.974 0.09963028904201691
103.108 0.09843466286338745
103.242 0.0978207260220471
103.376 0.09789323968324608
103.51 0.09881717797840056
103.644 0.10085149548810429
103.778 0.10440531018912431
103.912 0.11012652826175584
104.046 0.11901341230595731
104.18 0.13241529691363843
104.31400000000001 0.1512939911491874
104.44800000000001 0.17330314325532034
104.58200000000001 0.18978228008351689
104.71600000000001 0.19537995801743893
104.85000000000001 0.19976912988677167
104.98400000000001 0.2149542431079556
105.11800000000001 0.24344309505424525
105.25200000000001 0.27273423017101683
105.38600000000001 0.27728913604784416
105.52000000000001 0.2515795076074773
105.65400000000001 0.2191182118694749
105.78800000000001 0.19714168812018823
105.92200000000001 0.18736969962197664
106.05600000000001 0.18369501876994915
106.19000000000001 0.18016825927742744
106.32400000000001 0.1781683774544954
106.45800000000001 0.1836942844420911
106.59200000000001 0.20128368080935094
106.72600000000001 0.2316071357983932
106.86 0.2660744141145915
106.994 0.28375839427229466
107.128 0.27619230486243795
107.262 0.264040938132175
107.396 0.26810689335265075
107.53 0.2940569966223181
107.664 0.3308333128600361
107.798 0.3471968511918431
107.932 0.320252470440541
108.066 0.2669387433342015
108.2 0.21491174557729315
108.334 0.17570899696684106
108.468 0.14885991211670555
108.602 0.13092264695283135
108.736 0.11897219496036399
108.87 0.11105481069865022
109.004 0.10594213064500423
109.138 0.10286925241295929
109.272 0.10135899296862638
109.406 0.10111551309919463
109.54 0.10196160480328376
109.674 0.10380203451696235
109.808 0.10660255020863312
109.94200000000001 0.11037872429053153
110.07600000000001 0.11519150472311432
110.21000000000001 0.12114798748937934
110.34400000000001 0.1284070372191415
110.47800000000001 0.13719031633866605
110.61200000000001 0.1478003081777669
110.74600000000001 0.16064832782514327
110.88000000000001 0.1762977355186059
111.01400000000001 0.19553131666933574
111.14800000000001 0.21945774581783653
111.28200000000001 0.2496799427815127
111.41600000000001 0.2885525027868611
111.55000000000001 0.3395147756593176
111.68400000000001 0.40722222743823566
111.81800000000001 0.4962646602610093
111.95200000000001 0.6066256647554548
112.08600000000001 0.7333001590713388
112.22000000000001 0.8878691024113169
112.35400000000001 1.1103672983550192
112.488 1.4455535143124614
112.622 1.9100934469065243
112.756 2.4150152815461317
112.89 2.723426556406549
113.024 2.7429150609028268
113.158 2.7285135138184056
113.292 2.905081450751321
113.426 3.19233386689418
113.56 3.220688275025015
113.694 2.77492538050874
113.828 2.1232676472220806
113.962 1.5590033405426678
114.096 1.1525507380998483
114.23 0.8733359081359922
114.364 0.6804968938960695
114.498 0.5442111268002431
114.632 0.4452476192751599
114.766 0.37147408206733606
114.9 0.3151521518557937
115.034 0.2712357660480276
115.168 0.23635088076306673
115.302 0.20818468717207375
115.436 0.18511435317053448
115.57000000000001 0.1659764795732136
115.70400000000001 0.14992059083751005
115.83800000000001 0.13631387374253073
115.97200000000001 0.12467787100634647
116.10600000000001 0.11464554216869488
116.24000000000001 0.10593158175934002
116.37400000000001 0.09831153930140073
116.50800000000001 0.0916068920986139
116.64200000000001 0.08567421376086429
116.77600000000001 0.08039720606860554
116.91000000000001 0.07568076244974362
117.04400000000001 0.0714464928747601
117.17800000000001 0.06762931350864441
117.31200000000001 0.0641748213854539
117.44600000000001 0.06103725430083027
117.58000000000001 0.05817789149894444
117.71400000000001 0.05556378959129898
117.84800000000001 0.05316677573933375
117.98200000000001 0.050962639946970464
118.11600000000001 0.04893048268679395
118.25 0.04705218461974132
118.384 0.04531197296151079
118.518 0.04369606486432391
118.652 0.042192372558341226
118.786 0.04079025831539267
118.92 0.039480329833007484
119.054 0.03825426858753849
119.188 0.037104685216328766
119.322 0.03602499716694777
119.456 0.03500932477553643
119.59 0.03405240266524636
119.724 0.03314950393400283
119.858 0.0322963750619448
119.992 0.03148917983847896
120.126 0.030724450906532273
120.26 0.029999047762412065
120.394 0.029310120245393468
120.528 0.02865507671088198
120.662 0.02803155621189231
120.796 0.02743740412126606
120.93 0.0268706507159769
121.06400000000001 0.02632949231857029
121.19800000000001 0.02581227465208029
121.33200000000001 0.025317478115916794
121.46600000000001 0.0248437047330387
121.60000000000001 0.02438966655469346
121.73400000000001 0.023954175339297876
121.86800000000001 0.023536133347629107
122.00200000000001 0.02313452511817863
122.13600000000001 0.02274841010494309
122.27000000000001 0.022376916075616052
122.40400000000001 0.022019233181544105
122.53800000000001 0.021674608622281495
122.67200000000001 0.021342341837420495
122.80600000000001 0.021021780166841374
122.94000000000001 0.02071231492782467
123.07400000000001 0.02041337786377429
123.20800000000001 0.02012443792475981
123.34200000000001 0.019844998344823075
123.47600000000001 0.019574593985111816
123.61000000000001 0.019312788915490584
123.74400000000001 0.01905917421040873
123.87800000000001 0.01881336593754246
124.012 0.018575003320125134
124.146 0.018343747055982528
124.28 0.018119277778139826
124.414 0.017901294643492566
124.548 0.017689514037470853
124.682 0.017483668383892155
124.816 0.01728350505031996
124.95 0.017088785340238295
125.084 0.016899283564233803
125.218 0.016714786183159257
125.352 0.01653509101694962
125.486 0.016360006513381774
125.62 0.01618935107162283
125.754 0.016022952415906455
125.888 0.015860647015119037
126.022 0.015702279544473154
126.156 0.015547702385801491
126.29 0.01539677516332281
126.424 0.015249364312018015
126.558 0.01510534267601252
126.69200000000001 0.014964589134592901
126.82600000000001 0.014826988253695416
126.96000000000001 0.014692429960893122
127.09400000000001 0.01456080924207864
127.22800000000001 0.014432025858194874
127.36200000000001 0.014305984080505178
127.49600000000001 0.014182592443021677
127.63000000000001 0.014061763510825604
127.76400000000001 0.013943413663117481
127.89800000000001 0.013827462889930643
128.032 0.013713834601527385
128.166 0.013602455449576346
128.3 0.013493255159280536
128.43400000000003 0.013386166371692303
128.568 0.013281124495509394
128.702 0.013178067567702517
128.836 0.013076936122373936
128.97000000000003 0.012977673067292412
129.104 0.012880223567591487
129.238 0.012784534936156902
129.372 0.012690556530263974
129.506 0.012598239654057798
129.64000000000001 0.01250753746649898
129.774 0.012418404894425267
129.90800000000002 0.012330798550403733
130.042 0.012244676655072468
130.17600000000002 0.012159998963690535
130.31 0.012076726696636163
130.44400000000002 0.011994822473609883
130.578 0.011914250251317322
130.71200000000002 0.011834975264420426
130.846 0.011756963969561617
130.98000000000002 0.011680183992277311
131.114 0.011604604076630559
131.24800000000002 0.011530194037402847
131.382 0.01145692471469667
131.51600000000002 0.011384767930809144
131.65 0.011313696449246855
131.78400000000002 0.011243683935759889
131.918 0.011174704921281323
132.05200000000002 0.011106734766664865
132.186 0.011039749629121284
132.32000000000002 0.010973726430259031
132.454 0.01090864282564185
132.588 0.010844477175780154
132.722 0.010781208518478972
132.856 0.01071881654246977
132.99 0.01065728156225735
133.124 0.010596584494117921
133.258 0.010536706833187573
133.392 0.010477630631584453
133.526 0.010419338477510833
133.66 0.010361813475284903
133.794 0.010305039226254543
133.928 0.010248999810548422
134.062 0.010193679769622096
134.196 0.010139064089559361
134.33 0.010085138185091188
134.464 0.010031887884296896
134.598 0.009979299413953794
134.732 0.00992735938550415
134.866 0.009876054781608773
