1.0 0.0017597283032983262
1.134 0.0015488243444573382
1.268 0.0013960340075076059
1.4020000000000001 0.0012833735640185608
1.536 0.0011991599039629015
1.67 0.0011356126877769418
1.804 0.0010874240772116438
1.9380000000000002 0.0010508905561200912
2.072 0.0010233742959861783
2.206 0.0010029612450843475
2.34 0.0009882391767043958
2.474 0.0009781505116063514
2.608 0.0009718927633031162
2.742 0.0009688499429387495
2.8760000000000003 0.0009685444839144487
3.0100000000000002 0.0009706030149851048
3.144 0.0009747316383788903
3.278 0.0009806978350303875
3.412 0.0009883170585109648
3.5460000000000003 0.0009974426918691822
3.68 0.001007958447541907
3.814 0.001019772563576333
3.9480000000000004 0.0010328133357221467
4.082000000000001 0.0010470256537793202
4.216 0.0010623683007840595
4.35 0.0010788118375168105
4.484 0.0010963369405973887
4.618 0.0011149330955815054
4.752000000000001 0.0011345975707208638
4.886 0.0011553346149601714
5.0200000000000005 0.001177154837101503
5.154 0.0012000747331217902
5.288 0.0012241163362712879
5.422000000000001 0.0012493069704461708
5.556 0.0012756790918770666
5.69 0.00130327020774378
5.824 0.0013321228631617752
5.958 0.001362284690273016
6.0920000000000005 0.0013938085150506947
6.226 0.0014267525190000767
6.36 0.0014611804542875321
6.494000000000001 0.0014971619120208472
6.628 0.0015347726444875929
6.7620000000000005 0.0015740949431770073
6.896000000000001 0.0016152180754005197
7.03 0.0016582387833188163
7.164000000000001 0.0017032618502084726
7.298 0.0017504007398873997
7.432 0.0017997783163942133
7.566000000000001 0.0018515276523125557
7.7 0.0019057929355802347
7.8340000000000005 0.001962730486261465
7.968 0.0020225098966306604
8.102 0.002085315310066858
8.236 0.002151346856746286
8.370000000000001 0.002220822267015114
8.504000000000001 0.002293978686706619
8.638000000000002 0.002371074722634846
8.772 0.002452392751170116
8.906 0.002538241528324165
9.040000000000001 0.002628959146322415
9.174000000000001 0.002724916389434213
9.308 0.0028265205511367416
9.442 0.002934219785836118
9.576 0.0030485080817702335
9.71 0.003169930957886087
9.844000000000001 0.003299092007061014
9.978 0.00343666043183106
10.112 0.0035833797478208155
10.246 0.003740077865633731
10.38 0.003907678805712605
10.514000000000001 0.004087216354734779
10.648 0.004279850039195453
10.782 0.004486883875491095
10.916 0.00470978846064865
11.05 0.0049502270998919426
11.184000000000001 0.005210086834450162
11.318000000000001 0.005491515445953704
11.452 0.0057969657865316136
11.586 0.006129249135292185
11.72 0.006491599737936445
11.854000000000001 0.006887753281919464
11.988000000000001 0.0073220428431456
12.122 0.007799516878724508
12.256 0.008326085227756724
12.39 0.00890870095126769
12.524000000000001 0.009555588382903043
12.658000000000001 0.010276531247463363
12.792000000000002 0.011083239533982764
12.926 0.011989820573046235
13.06 0.013013389344822919
13.194 0.014174866767735989
13.328000000000001 0.01550003463361876
13.462000000000002 0.017020945149936642
13.596 0.018777826762931663
13.73 0.020821694169521072
13.864 0.02321797243090177
13.998000000000001 0.026051604938967896
14.132000000000001 0.02943437007919618
14.266 0.03351554646792357
14.4 0.03849775555365906
14.534 0.044660977383486324
14.668000000000001 0.052399751746677325
14.802000000000001 0.06228212238145843
14.936 0.0751451882275394
15.07 0.09225331327291099
15.204 0.11556415453610526
15.338000000000001 0.14817587340398125
15.472000000000001 0.19504730656038935
15.606000000000002 0.263961504602387
15.74 0.36581582440431387
15.874 0.5094518757032694
16.008000000000003 0.6772558893195193
16.142000000000003 0.7844645668905528
16.276000000000003 0.7365986320816706
16.41 0.5797043477668812
16.544 0.4207206072301807
16.678 0.3018521773376984
16.812 0.2206229517127327
16.946 0.16568517995350457
17.080000000000002 0.1278616763276531
17.214000000000002 0.10113270619776826
17.348000000000003 0.0817282347204746
17.482 0.067282060069934
17.616 0.05628084163554329
17.75 0.047733066774663276
17.884 0.04097272019804472
18.018 0.035541598004598336
18.152 0.031117374911894265
18.286 0.027468638801283578
18.42 0.024426133130451284
18.554000000000002 0.021863954096201108
18.688000000000002 0.019686997332028645
18.822000000000003 0.017822412178450476
18.956 0.01621367812065851
19.09 0.014816429653907033
19.224 0.01359546772523981
19.358 0.012522589779154311
19.492 0.01157499323496912
19.626 0.010734086395462998
19.76 0.009984592690288016
19.894000000000002 0.009313868723811751
20.028000000000002 0.008711379958754333
20.162000000000003 0.008168293876082205
20.296 0.007677161565589693
20.43 0.007231666511934151
20.564 0.006826424892912455
20.698 0.006456825696287872
20.832 0.006118901857539139
20.966 0.005809225743475094
21.1 0.005524823876490971
21.234 0.005263106965269984
21.368000000000002 0.0050218121883892864
21.502000000000002 0.004798955344691335
21.636000000000003 0.004592790993777754
21.77 0.004401779101643863
21.904 0.004224557009545541
22.038 0.0040599157801944645
22.172 0.003906780160261728
22.306 0.003764191543839364
22.44 0.0036312934369135963
22.574 0.0035073190148123155
22.708000000000002 0.0033915804381560804
22.842000000000002 0.0032834596520140784
22.976000000000003 0.0031824004407833297
23.110000000000003 0.0030879015501257736
23.244 0.00299951071894723
23.378 0.0029168194903182597
23.512 0.002839458691549928
23.646 0.002767094491237409
23.78 0.0026994249556815154
23.914 0.0026361770392568373
24.048000000000002 0.002577103953468809
24.182000000000002 0.002521982867996854
24.316000000000003 0.002470612904251681
24.450000000000003 0.0024228133881241862
24.584000000000003 0.002378422333868917
24.718 0.0023372951356101035
24.852 0.0022993034469203683
24.986 0.002264334232416281
25.12 0.0022322889784405033
25.254 0.0022030830527442163
25.388 0.002176645205723531
25.522000000000002 0.002152917208271709
25.656000000000002 0.0021318536237540514
25.790000000000003 0.0021134217140626904
25.924000000000003 0.0020976014822349327
26.058 0.0020843858567973334
26.192 0.0020737810259136217
26.326 0.0020658069326648333
26.46 0.002060497946490692
26.594 0.0020579037301107182
26.728 0.0020580903262923662
26.862000000000002 0.0020611414948537537
26.996000000000002 0.0020671603375456526
27.130000000000003 0.0020762712572902076
27.264000000000003 0.0020886223090932333
27.398000000000003 0.002104388013350829
27.532 0.0021237727189617334
27.666 0.0021470146245797825
27.8 0.002174390592739817
27.934 0.0022062219251131705
28.068 0.002242881309995872
28.202 0.002284801208259844
28.336000000000002 0.0023324840154105484
28.470000000000002 0.0023865144305601454
28.604000000000003 0.0024475745855689506
28.738000000000003 0.002516462649776711
28.872 0.0025941158422751642
29.006 0.00268163907526518
29.14 0.002780340848268939
29.274 0.0028917785565308854
29.408 0.0030178161301860503
29.542 0.0031606979758147863
29.676000000000002 0.0033231446866454186
29.810000000000002 0.0035084781308194145
29.944000000000003 0.0037207866399633746
30.078000000000003 0.003965145603924182
30.212000000000003 0.0042479156261220246
30.346 0.004577150787247178
30.48 0.004963165601011745
30.614 0.005419334427018714
30.748 0.005963237390793024
30.882 0.006618332579759108
31.016000000000002 0.007416443684091663
31.150000000000002 0.008401538124118467
31.284000000000002 0.009635592765947781
31.418000000000003 0.011207911820527425
31.552000000000003 0.013250271307767705
31.686000000000003 0.015962048783009858
31.82 0.01965249680038901
31.954 0.024811488533195203
32.088 0.032221276214806575
32.222 0.04309441747215677
32.356 0.05904935773250546
32.49 0.08103814011160476
32.624 0.10509799257470054
32.758 0.1174203321432381
32.892 0.10728015592567552
33.026 0.08506998795030199
33.160000000000004 0.06503632777546191
33.294000000000004 0.05168090060695745
33.428000000000004 0.04454035882018816
33.562000000000005 0.04257014440486331
33.696000000000005 0.0450037379002101
33.830000000000005 0.05011325283557751
33.964 0.0529912694514079
34.098 0.04852835998751632
34.232 0.039019824240025806
34.366 0.029835073354940983
34.5 0.023030567481057
34.634 0.01843300062235768
34.768 0.015441707572091038
34.902 0.013509718858275607
35.036 0.012065387831741523
35.17 0.010610225368297713
35.304 0.009126474714022092
35.438 0.007846001639658763
35.572 0.006844104461426241
35.706 0.006076363779786163
35.84 0.005481125939298831
35.974000000000004 0.005010525931131761
36.108000000000004 0.004631485411099338
36.242000000000004 0.004321457959782193
36.376000000000005 0.0040648114148244315
36.510000000000005 0.003850430696189522
36.644000000000005 0.0036702089227761046
36.778 0.0035180957589779883
36.912 0.0033894851796913857
37.046 0.0032808115149522135
37.18 0.003189275960521802
37.314 0.003112656872135605
37.448 0.003049175253409927
37.582 0.0029973975049323977
37.716 0.00295616391132913
37.85 0.0029245352880265087
37.984 0.002901752695393988
38.118 0.002887206730786202
38.252 0.002880413965199671
38.386 0.002880998801755848
38.52 0.002888679520637858
38.654 0.0029032576158786513
38.788000000000004 0.002924609772162108
38.922000000000004 0.0029526820061303405
39.056000000000004 0.0029874856274960146
39.190000000000005 0.0030290947746619704
39.324000000000005 0.003077645357305086
39.458000000000006 0.00313333530139483
39.592 0.00319642604543904
39.726 0.0032672452842291383
39.86 0.0033461910010924955
39.994 0.003433736874326364
40.128 0.0035304391905891506
40.262 0.003636945450109146
40.396 0.0037540049084345997
40.53 0.0038824813703556655
40.664 0.004023368637564449
40.798 0.004177809117610063
40.932 0.004347116234238069
41.066 0.0045328014467871484
41.2 0.004736606900258231
41.334 0.00496054500316253
41.468 0.005206946587895684
41.602000000000004 0.005478519776369495
41.736000000000004 0.005778422290896584
41.870000000000005 0.006110350771128438
42.004000000000005 0.006478651758528244
42.138000000000005 0.006888460498858181
42.272000000000006 0.00734587574611599
42.406000000000006 0.007858181554069218
42.54 0.00843413094534103
42.674 0.009084311844958125
42.808 0.009821623495452597
42.942 0.010661902862156744
43.076 0.011624757034512323
43.21 0.012734682069748232
43.344 0.014022585474816787
43.478 0.01552788565999674
43.612 0.017301448904865038
43.746 0.019409762287319488
43.88 0.02194096326119363
44.014 0.02501371180760216
44.148 0.028790503632495284
44.282000000000004 0.03349807116193231
44.416000000000004 0.03945934731472791
44.550000000000004 0.04714470403624356
44.684000000000005 0.05725594258282062
44.818000000000005 0.07086661339231394
44.952000000000005 0.0896586428753633
45.086000000000006 0.11631485564562176
45.220000000000006 0.1551129873630806
45.354 0.21251624690800902
45.488 0.2962116824719524
45.622 0.4064431043145962
45.756 0.5101494558135845
45.89 0.5329665242758281
46.024 0.4527486552480087
46.158 0.3381862910435695
46.292 0.2427395580309984
46.426 0.17560042281714566
46.56 0.13021812547256875
46.694 0.09930486932877267
46.828 0.07774876129942056
46.962 0.06230611645605213
47.096000000000004 0.05094995577106881
47.230000000000004 0.04239732361463298
47.364000000000004 0.03581783632956654
47.498000000000005 0.030660508300448946
47.632000000000005 0.02655066529002795
47.766000000000005 0.02322757631940783
47.900000000000006 0.020505902423182433
48.034000000000006 0.0182513164651028
48.168000000000006 0.016364733338332414
48.302 0.014771888033256315
48.436 0.013416307913927878
48.57 0.012254484357094688
48.704 0.011252497670031779
48.838 0.010383620056602295
48.972 0.00962658817599527
49.106 0.008964341522858795
49.24 0.008383089782529007
49.374 0.007871615850492735
49.508 0.007420749996896391
49.642 0.007022970001244928
49.776 0.006672095280971274
49.910000000000004 0.006363052183518975
50.044000000000004 0.006091694054783844
50.178000000000004 0.005854664323363433
50.312000000000005 0.005649294244094256
50.446000000000005 0.0054735295352065574
50.580000000000005 0.005325882215279391
50.714000000000006 0.005205405725103659
50.848000000000006 0.00511169309836174
50.982000000000006 0.005044899713037643
51.116 0.0050057942294958494
51.25 0.004995843984586968
51.384 0.005017344770759188
51.518 0.0050736102054509905
51.652 0.005169243773661284
51.786 0.005310528713536666
51.92 0.005505989899458271
52.054 0.005767212350396613
52.188 0.006110050951855392
52.322 0.0065564496282549895
52.456 0.007137231171712254
52.59 0.007896468030191653
52.724000000000004 0.008898485122490342
52.858000000000004 0.010239330751084977
52.992000000000004 0.012065929196584405
53.126000000000005 0.014608378328719295
53.260000000000005 0.01823361965671959
53.394000000000005 0.023527262871251713
53.528000000000006 0.03137827040357212
53.662000000000006 0.04286553048943052
53.79600000000001 0.05812804556299477
53.93 0.07284887758195853
54.064 0.07672336809902221
54.198 0.06600194945199217
54.332 0.05000556933806627
54.466 0.036512975880353245
54.6 0.027002673519850834
54.734 0.020596268549959156
54.868 0.016268631974485255
55.002 0.013296868092340463
55.136 0.01122531465953719
55.27 0.00977515463657942
55.404 0.0087788708053347
55.538000000000004 0.008141559102880698
55.672000000000004 0.007821170676645433
55.806000000000004 0.007822162864732715
55.940000000000005 0.008199823690375767
56.074000000000005 0.009070964073662665
56.208000000000006 0.010606674231483988
56.342000000000006 0.012899575139967185
56.476000000000006 0.01545256585047511
56.61000000000001 0.01660603487246236
56.744 0.015107610880719302
56.878 0.012200131167703774
57.012 0.009533052228626143
57.146 0.007592013362022738
57.28 0.006270801598764385
57.414 0.0053815495043151125
57.548 0.004786060724350062
57.682 0.004401003583946085
57.816 0.0041838382679890125
57.95 0.004121249848412346
58.084 0.004214691868623011
58.218 0.004435736306796857
58.352000000000004 0.004625948207580921
58.486000000000004 0.004521670082900372
58.620000000000005 0.004115319491975336
58.754000000000005 0.0036599060970390427
58.888000000000005 0.0033047290716443144
59.022000000000006 0.0030636078350335127
59.156000000000006 0.0029102959582735792
59.290000000000006 0.0028123312151039316
59.42400000000001 0.002733095641912485
59.55800000000001 0.0026525234397036268
59.692 0.0025809465871350656
59.826 0.00253034537257341
59.96 0.002501953354977615
60.094 0.002493241224390544
60.228 0.00250246292396874
60.362 0.0025297895550281217
60.496 0.0025773792826608685
60.63 0.0026481439701527064
60.764 0.0027394717666123078
60.898 0.0028288879495320684
61.032000000000004 0.002880000982344784
61.166000000000004 0.002895771831948062
61.300000000000004 0.00291493227468507
61.434000000000005 0.002960155422580537
61.568000000000005 0.0030358518870257883
61.702000000000005 0.0031426449196754057
61.836000000000006 0.003283729057614226
61.970000000000006 0.003467008824172288
62.104000000000006 0.0037065320222209232
62.23800000000001 0.004022207996580959
62.37200000000001 0.004428172764450202
62.506 0.004884779383153155
62.64 0.005235435239806634
62.774 0.005343903580289062
62.908 0.005325614915904851
63.042 0.005360674839457822
63.176 0.005514619945768608
63.31 0.005790050780585187
63.444 0.006182843800708481
63.578 0.006698962693332861
63.712 0.007358003455513632
63.846000000000004 0.008196007652735506
63.980000000000004 0.009271370835190492
64.114 0.01067612354128562
64.248 0.012555623567261835
64.382 0.015139973797167127
64.516 0.018782525772489688
64.65 0.023950916168784447
64.784 0.030918226857782408
64.918 0.0385668194309064
65.052 0.043095348238312424
65.186 0.04177083054856463
65.32000000000001 0.03768791703774086
65.45400000000001 0.03484374361124453
65.58800000000001 0.03462669789864797
65.72200000000001 0.037230988163637756
65.85600000000001 0.04291944904208356
65.99000000000001 0.052454491057198814
66.12400000000001 0.06722584315602802
66.25800000000001 0.08911975247668764
66.39200000000001 0.11993274589907134
66.52600000000001 0.15880885810897855
66.66000000000001 0.19294761258330734
66.794 0.19638152918874677
66.928 0.1654110371447177
67.062 0.12546819400991205
67.196 0.09298416788930847
67.33 0.06957275336031402
67.464 0.05313068079556566
67.598 0.04179820823012782
67.732 0.033950809471785574
67.866 0.02820118978611437
68.0 0.023696433017260154
68.134 0.020166619179334468
68.268 0.017474729958204104
68.402 0.015442441842471016
68.536 0.013905441846440263
68.67 0.012741266110498636
68.804 0.011864639419064408
68.938 0.011217084307551832
69.072 0.010758711003596844
69.206 0.010462762971603588
69.34 0.010312180149168071
69.474 0.01029751679007459
69.608 0.010415789273797884
69.742 0.010670016924527608
69.876 0.011069351204166229
70.01 0.011629790979089998
70.144 0.012375578567879202
70.278 0.01334148682542078
70.412 0.014576370888172116
70.546 0.016148613704699128
70.68 0.018154517233891318
70.81400000000001 0.020731415280989422
70.94800000000001 0.024078553226005047
71.08200000000001 0.02849103492465597
71.21600000000001 0.03441613255048373
71.35000000000001 0.042548055656911
71.48400000000001 0.05398718957130358
71.61800000000001 0.07049555445994177
71.75200000000001 0.0948329919888786
71.88600000000001 0.13082585113068895
72.02000000000001 0.18139550478306524
72.15400000000001 0.23963547709313743
72.28800000000001 0.27496950314995355
72.42200000000001 0.2557971252560195
72.556 0.20040184093788913
72.69 0.14549874584599648
72.824 0.104729584430171
72.958 0.07690258460774094
73.092 0.058063234606840354
73.226 0.04506864128437423
73.36 0.03586555782087241
73.494 0.029168759245594113
73.628 0.02417105445189308
73.762 0.0203556275475125
73.896 0.017383457236953608
74.03 0.015026537473494025
74.164 0.013127817812886338
74.298 0.011576693850626946
74.432 0.010293670202544545
74.566 0.009220541600030469
74.7 0.008313966538072228
74.834 0.007541172835653583
74.968 0.00687703159073988
75.102 0.006302027277559992
75.236 0.0058008258810227295
75.37 0.005361249210518642
75.504 0.004973529638910002
75.638 0.004629761415923436
75.772 0.0043234917421287235
75.906 0.004049412527723046
76.04 0.0038031255813790205
76.174 0.0035809619689132735
76.308 0.003379841763283055
76.44200000000001 0.003197164215205927
76.57600000000001 0.0030307210510819344
76.71000000000001 0.002878627509119204
76.84400000000001 0.002739267093556861
76.97800000000001 0.002611247021121751
77.11200000000001 0.0024933620628794302
77.24600000000001 0.0023845650240506707
77.38000000000001 0.0022839425069082387
77.51400000000001 0.0021906949047168457
77.64800000000001 0.002104119804279779
77.78200000000001 0.002023598149998762
77.91600000000001 0.0019485826571921262
78.05000000000001 0.0018785880667932372
78.184 0.0018131829148573194
78.318 0.0017519825540202219
78.452 0.0016946432142700037
78.586 0.0016408569301878987
78.72 0.0015903471935180785
78.854 0.0015428652153084068
78.988 0.0014981867022855024
79.122 0.0014561090686333027
79.256 0.0014164490177455058
79.39 0.00137904043945045
79.524 0.001343732577156034
79.658 0.0013103884267214052
79.792 0.0012788833349386224
79.926 0.0012491037705456656
80.06 0.0012209462448869667
80.194 0.0011943163628456298
80.328 0.0011691279876188453
80.462 0.0011453025053971319
80.596 0.001122768178122575
80.73 0.0011014595743102358
80.864 0.001081317069477519
80.998 0.0010622864090872176
81.132 0.001044318328112604
81.266 0.0010273682224142219
81.4 0.0010113958681112318
81.534 0.0009963651860673964
81.668 0.0009822440495243676
81.802 0.0009690041338368379
81.936 0.000956620808232272
82.07000000000001 0.0009450730705762761
82.20400000000001 0.0009343435273266471
82.33800000000001 0.0009244184222726266
82.47200000000001 0.0009152877193694883
82.60600000000001 0.0009069452471103712
82.74000000000001 0.0008993889145876463
82.87400000000001 0.000892621012906295
83.00800000000001 0.0008866486202307543
83.14200000000001 0.0008814841349118432
83.27600000000001 0.0008771459694780225
83.41000000000001 0.0008736594496931383
83.54400000000001 0.0008710579787133617
83.67800000000001 0.0008693845485990126
83.81200000000001 0.0008686937130346117
83.946 0.0008690541806367007
84.08 0.0008705522547412898
84.214 0.0008732964441682477
84.348 0.0008774237179256043
84.482 0.0008831081040524639
84.616 0.0008905726866946363
84.75 0.0009001066168783902
84.884 0.0009120896602903862
85.018 0.0009270283033202928
85.152 0.0009456099614901938
85.286 0.0009687861701974086
85.42 0.0009979032277587694
85.554 0.0010349122293276897
85.688 0.001082714379747901
85.822 0.0011457389659017614
85.956 0.0012309160195668775
86.09 0.0013492681731521407
86.224 0.0015181963004768369
86.358 0.0017630948375878593
86.492 0.0021100123816863788
86.626 0.002541035573006319
86.76 0.0028919901380175463
86.894 0.0029004435278469774
87.028 0.002588052441287193
87.162 0.0022238624528759686
87.296 0.0019545021207771356
87.43 0.0017911232107987224
87.56400000000001 0.0017091133804377925
87.69800000000001 0.0016870488636700433
87.83200000000001 0.001712621973931378
87.96600000000001 0.0017813658248019273
88.10000000000001 0.0018953780964691142
88.23400000000001 0.002063371620431123
88.36800000000001 0.002302377290777013
88.50200000000001 0.002641613297589509
88.63600000000001 0.0031293684424288275
88.77000000000001 0.003843039862963007
88.90400000000001 0.004895575881756597
89.03800000000001 0.006398876024472338
89.17200000000001 0.0082532881270201
89.30600000000001 0.009689951839880112
89.44000000000001 0.009556068662314865
89.57400000000001 0.008024625445809216
89.708 0.006291987608719203
89.842 0.004969821507077484
89.976 0.004086986411192158
90.11 0.0035248897228279626
90.244 0.003179318004367996
90.378 0.002982507187564494
90.512 0.0028951227540094694
90.646 0.002897525502945418
90.78 0.0029845359401020795
90.914 0.0031619275879585544
91.048 0.003439448041401059
91.182 0.003815088001623189
91.316 0.004248525646401557
91.45 0.004600683669082124
91.584 0.004694199106386214
91.718 0.004602196294736368
91.852 0.004543571778819247
91.986 0.004619261615571238
92.12 0.004836400547594996
92.254 0.005184503079955359
92.388 0.0056646171891745435
92.522 0.0062928357145286135
92.656 0.007098836617515622
92.79 0.008128999998153625
92.924 0.00945329885006087
93.058 0.011176591461426624
93.19200000000001 0.013457519231155264
93.32600000000001 0.01654049426064316
93.46000000000001 0.02080986801019518
93.59400000000001 0.02687938641124987
93.72800000000001 0.03572440542678621
93.86200000000001 0.04879607177722623
93.99600000000001 0.06771094042241964
94.13000000000001 0.09201864001935983
94.26400000000001 0.11336418412617072
94.39800000000001 0.11600725513164635
94.53200000000001 0.09852050054524719
94.66600000000001 0.07649926164061158
94.80000000000001 0.05956049000038566
94.93400000000001 0.047600206070998095
95.06800000000001 0.03773414909885041
95.20200000000001 0.029181079131569247
95.33600000000001 0.022487032967352185
95.47 0.017613311468944865
95.604 0.014115174600541609
95.738 0.011569446801695075
95.872 0.00967567308415393
96.006 0.008235549353239663
96.14 0.007119169237229809
96.274 0.006240425302012336
96.408 0.005541547056068586
96.542 0.004983683408845088
96.676 0.004540563502343156
96.81 0.00419118528571859
96.944 0.0039060016804867994
97.078 0.003638935448684514
97.212 0.003366093620945083
97.346 0.0031102485273588245
97.48 0.0028926928555347586
97.614 0.0027146625841090446
97.748 0.002569966570625706
97.882 0.0024525284636593334
98.016 0.0023578908061297255
98.15 0.0022830327518567023
98.284 0.0022260115465537796
98.418 0.0021857163851939916
98.552 0.002161747440033645
98.686 0.002154401592043105
98.82000000000001 0.0021647633976558936
98.95400000000001 0.002194927128533605
99.08800000000001 0.0022484109204572817
99.22200000000001 0.002330863112079126
99.35600000000001 0.0024511460830642846
99.49000000000001 0.0026224902727829884
99.62400000000001 0.0028612963515226735
99.75800000000001 0.003174243778749009
99.89200000000001 0.0035216873348021534
100.02600000000001 0.003812504083559771
100.16000000000001 0.004015646928717698
100.29400000000001 0.004167172276109188
100.42800000000001 0.004310525370000905
100.56200000000001 0.004534296367592416
100.69600000000001 0.004914545011657804
100.83000000000001 0.005494458126181897
100.96400000000001 0.006320514241877741
101.098 0.007469575090282193
101.232 0.009069977271909465
101.366 0.011331568310360944
101.5 0.014594795204772767
101.634 0.019400124275987765
101.768 0.026527374263074353
101.902 0.03672054820071251
102.036 0.04918996017621032
102.17 0.05850199559440462
102.304 0.05688030799177705
102.438 0.04587693466524441
102.572 0.03366962292954178
102.706 0.024269195736877597
102.84 0.017796748241917237
102.974 0.013421369736808231
103.108 0.010418293475098091
103.242 0.008303806451257247
103.376 0.006774095012647786
103.51 0.005638847186793703
103.644 0.0047767896403767135
103.778 0.004108798572216037
103.912 0.0035819542198167456
104.046 0.003160007855908555
104.18 0.002817576149110943
104.31400000000001 0.0025365268645042944
104.44800000000001 0.0023036776098593194
104.58200000000001 0.0021092987700219138
104.71600000000001 0.0019461203166454043
104.85000000000001 0.0018086616951084025
104.98400000000001 0.0016927738570130227
105.11800000000001 0.001595324295852566
105.25200000000001 0.0015139816209364533
105.38600000000001 0.0014470725542609492
105.52000000000001 0.0013934952382984186
105.65400000000001 0.0013526808892282312
105.78800000000001 0.0013246028866080706
105.92200000000001 0.0013098399275505296
106.05600000000001 0.0013097097500624946
106.19000000000001 0.0013265049203812333
106.32400000000001 0.001363886981417952
106.45800000000001 0.001427538225550952
106.59200000000001 0.0015262462173785383
106.72600000000001 0.0016737287274022506
106.86 0.0018917220689923528
106.994 0.0022151156250110704
107.128 0.002699747337017754
107.262 0.0034302632441761145
107.396 0.004508098287256542
107.53 0.005939692096720253
107.664 0.007298200924992978
107.798 0.00760453687894325
107.932 0.006545525692521388
108.066 0.005019204021018083
108.2 0.0037407271452095762
108.334 0.0028372786860986375
108.468 0.002223390828297996
108.602 0.0018025045846922192
108.736 0.0015066894353959154
108.87 0.0012928048245069315
109.004 0.0011338868303396885
109.138 0.001012869819164481
109.272 0.0009187110707425835
109.406 0.0008440879451318148
109.54 0.0007840276161721937
109.674 0.0007350787601908169
109.808 0.0006948003604312848
109.94200000000001 0.0006614393756672977
110.07600000000001 0.0006337234362929973
110.21000000000001 0.0006107253756467642
110.34400000000001 0.0005917739058623608
110.47800000000001 0.0005763949699071271
110.61200000000001 0.0005642744641787399
110.74600000000001 0.0005552369275390945
110.88000000000001 0.0005492374811715145
111.01400000000001 0.0005463664492362706
111.14800000000001 0.0005468682093625423
111.28200000000001 0.0005511784444441571
111.41600000000001 0.0005599878097778252
111.55000000000001 0.0005743462283632037
111.68400000000001 0.0005958324431473054
111.81800000000001 0.0006268308301312205
111.95200000000001 0.0006709844194615801
112.08600000000001 0.0007339303077025368
112.22000000000001 0.0008244998921567412
112.35400000000001 0.0009568106438487225
112.488 0.0011534198338868907
112.622 0.0014461446010752854
112.756 0.0018602704990636838
112.89 0.002342827795939467
113.024 0.0026459667238144108
113.158 0.0025002059878628524
113.292 0.0020448479724652154
113.426 0.0015874550463651233
113.56 0.0012470155935122833
113.694 0.0010154643523947778
113.828 0.0008600381983522603
113.962 0.0007544141043865654
114.096 0.0006813755085431484
114.23 0.0006301766529038647
114.364 0.0005941160837495709
114.498 0.0005689636452660369
114.632 0.0005520226729742745
114.766 0.0005415850127993864
114.9 0.00053662288790704
115.034 0.0005366309615036656
115.168 0.0005415736240198734
115.302 0.0005518997136268443
115.436 0.000568494403068007
115.57000000000001 0.0005920081860847942
115.70400000000001 0.0006201334224984946
115.83800000000001 0.0006439251792328003
115.97200000000001 0.000655396097656772
116.10600000000001 0.0006609401038826084
116.24000000000001 0.0006709192533768648
116.37400000000001 0.0006891594528149793
116.50800000000001 0.0007157910938622381
116.64200000000001 0.000750468302168471
116.77600000000001 0.0007932924022148814
116.91000000000001 0.0008449162741562736
117.04400000000001 0.0009065262872924797
117.17800000000001 0.00097986565293867
117.31200000000001 0.0010673271309976544
117.44600000000001 0.0011721260854981675
117.58000000000001 0.0012985755092126848
117.71400000000001 0.00145250475470006
117.84800000000001 0.0016418946589042344
117.98200000000001 0.001877852112745421
118.11600000000001 0.002176133107682665
118.25 0.0025595741944405477
118.384 0.0030620603458225326
118.518 0.003735128752123683
118.652 0.004659088718578496
118.786 0.005961558119130505
118.92 0.007846213405558512
119.054 0.01062537291379671
119.188 0.014696756812379846
119.322 0.020206614712815544
119.456 0.025890328191962946
119.59 0.028229757352844522
119.724 0.025389431057405574
119.858 0.020282156626727887
119.992 0.01556046040492287
120.126 0.011702566394989353
120.26 0.008723434473173074
120.394 0.006574850358082795
120.528 0.005069740165044117
120.662 0.004008685630574171
120.796 0.003244523813876024
120.93 0.0026803256671748808
121.06400000000001 0.002253683229931703
121.19800000000001 0.0019240073093295023
121.33200000000001 0.0016643359142779327
121.46600000000001 0.0014563272852175986
121.60000000000001 0.0012872086800275449
121.73400000000001 0.0011478893276385994
121.86800000000001 0.0010317687294922396
122.00200000000001 0.0009339670425066913
122.13600000000001 0.0008508170045533176
122.27000000000001 0.0007795214730515666
122.40400000000001 0.0007179180822815161
122.53800000000001 0.0006643145967572946
122.67200000000001 0.0006173718119569347
122.80600000000001 0.0005760189999315303
122.94000000000001 0.000539391996511958
123.07400000000001 0.0005067872796022179
123.20800000000001 0.0004776275003591434
123.34200000000001 0.0004514353239558024
123.47600000000001 0.0004278133723420708
123.61000000000001 0.0004064286983912446
123.74400000000001 0.0003870006604296657
123.87800000000001 0.00036929137346658556
124.012 0.0003530981308850717
124.146 0.00033824734595414604
124.28 0.0003245896750546416
124.414 0.00031199606671292456
124.548 0.00030035454114995413
124.682 0.0002895675501457853
124.816 0.0002795498008481879
124.95 0.0002702264527341789
125.084 0.0002615316164219666
125.218 0.00025340709798476086
125.352 0.0002458013439701378
125.486 0.00023866855131059384
125.62 0.00023196791333728422
125.754 0.0002256629786377236
125.888 0.00021972110387284338
126.022 0.00021411298514869108
126.156 0.00020881225532027459
126.29 0.00020379513684037396
126.424 0.0001990401415703876
126.558 0.00019452781043316646
126.69200000000001 0.00019024048697894024
126.82600000000001 0.00018616211990935287
126.96000000000001 0.00018227809040408143
127.09400000000001 0.00017857506075324506
127.22800000000001 0.00017504084134359048
127.36200000000001 0.00017166427349856145
127.49600000000001 0.00016843512604888748
127.63000000000001 0.0001653440038248716
127.76400000000001 0.00016238226652522762
127.89800000000001 0.00015954195663895587
128.032 0.00015681573528363005
128.166 0.0001541968249815131
128.3 0.00015167895852889686
128.43400000000003 0.0001492563332280043
128.568 0.00014692356984787454
128.702 0.00014467567576365305
128.836 0.00014250801179477296
128.97000000000003 0.00014041626232355413
129.104 0.00013839640832826125
129.238 0.00013644470300996448
129.372 0.00013455764973170533
129.506 0.00013273198202238152
129.64000000000001 0.00013096464542719066
129.774 0.00012925278101209232
129.90800000000002 0.00012759371035202537
130.042 0.00012598492185211154
130.17600000000002 0.00012442405826808124
130.31 0.00012290890530709754
130.44400000000002 0.00012143738120321951
130.578 0.00012000752717328196
130.71200000000002 0.00011861749866907666
130.846 0.00011726555735067517
130.98000000000002 0.00011595006371361576
131.114 0.00011466947030966828
131.24800000000002 0.00011342231550706863
131.382 0.00011220721774161481
131.51600000000002 0.00011102287021488178
131.65 0.00010986803600016399
131.78400000000002 0.00010874154352060796
131.918 0.00010764228236745919
132.05200000000002 0.00010656919942941499
132.186 0.00010552129530684676
132.32000000000002 0.00010449762098710202
132.454 0.00010349727475933162
132.588 0.00010251939934925317
132.722 0.00010156317925606124
132.856 0.00010062783827529275
132.99 9.971263719290111e-5
133.124 9.881687163710619e-5
133.258 9.793987007575015e-5
133.392 9.70809919479665e-5
133.526 9.623962591992145e-5
133.66 9.541518825526293e-5
133.794 9.460712129169987e-5
133.928 9.381489201585252e-5
134.062 9.303799072916152e-5
134.196 9.227592979823737e-5
134.33 9.152824248356656e-5
134.464 9.07944818409858e-5
134.598 9.007421969077126e-5
134.732 8.936704564961085e-5
134.866 8.867256622108304e-5
