23.59 0.0 1.0132970593464278e-9
23.59 0.0 9.181892274412604e-11
23.59 0.0 3.537197626475415e-24
23.59 16.51 0.2422997301295186
23.59 16.51 4.497897326591725e-17
23.59 16.51 0.24225762620447452
23.59 48.33 0.12719219228201015
23.59 48.33 0.1272001754663404
23.59 48.33 2.5397865729078243e-17
23.59 51.41 5.150707309804716e-5
23.59 51.41 0.17130326459857909
23.59 79.17 0.0005983855758127863
23.59 81.28 0.006244401888211411
23.59 81.28 0.006245859417738429
23.59 81.28 5.982141592535396e-18
23.59 83.7 2.9465255858197714e-9
23.59 83.7 1.3992861631327432e-11
23.59 84.18 0.00832434685854476
23.59 84.18 0.01785430433831709
23.59 84.21 1.186982470222503e-18
23.59 84.21 0.00011662454998312426
23.59 84.21 1.6696279891385639e-9
23.59 86.56 0.023131987427541727
23.59 86.56 0.02313685000770785
23.59 86.56 3.4140746166466167e-18
23.59 92.88 6.130631541989639e-11
23.59 99.16 1.9695232119397304e-10
23.59 99.16 5.201744716066575e-10
23.59 99.16 5.537554576192707e-25
23.59 107.33 6.922504463051765e-10
23.59 109.12 3.2973747045219137e-12
23.59 109.12 7.885743925506972e-9
23.59 109.12 9.703638685643935e-25
23.59 109.27 1.1293167609677273e-9
23.59 109.27 9.77391828478e-10
23.59 109.27 1.2302643207108018e-24
23.59 117.6 4.463254348219091e-11
23.59 117.6 1.733219543325535e-24
23.59 117.6 2.7391502042847675e-12
23.59 118.93 1.4392403643241044e-11
23.59 118.93 1.6287217680288726e-13
23.59 135.08 4.75126265763449e-10
23.59 135.85 1.7101626901320047e-12
23.59 135.85 2.7619472753253258e-24
23.59 135.85 3.8896532007485475e-12
23.59 137.54 8.42914691741549e-11
23.59 137.54 2.378530533230003e-25
23.59 137.54 1.8312605477471653e-10
23.59 137.6 2.4834424157298777e-12
23.59 137.6 4.271666178835543e-13
23.59 137.74 1.1043439305490876e-10
23.59 137.74 3.0579293552836006e-25
23.59 137.75 1.6625019675476008e-10
23.59 138.23 4.339164965068333e-15
23.59 138.23 1.0425141583931921e-24
23.59 138.23 6.728045334962287e-11
23.59 145.88 1.028932192139006e-21
23.59 145.89 9.264995791030749e-6
23.59 145.89 9.325770531826198e-6
23.59 148.06 6.014504164762646e-6
23.59 148.06 6.925920612220766e-22
23.59 148.06 6.036513005016397e-6
23.59 149.78 9.759657419376416e-14
23.59 178.76 8.096118764193719e-7
23.59 178.76 7.933053768325176e-7
23.59 178.76 1.548987161188042e-22
23.59 178.78 2.477905094922462e-8
23.59 178.79 4.05910091473994e-8
23.59 178.79 4.687717572904592e-24
23.59 179.57 4.493456491726958e-12
23.59 187.34 1.299272927692613e-19
23.59 187.34 0.0008615051471174292
23.59 187.34 0.0008616005117683893
23.59 187.37 0.0001338680984910901
23.59 187.37 0.00012938214970889108
23.59 188.0 0.0002930082713829121
23.59 188.0 0.0002923131886738403
23.59 188.0 3.53752541115637e-20
23.59 188.39 9.815638951095033e-21
23.59 188.39 9.544447243399914e-5
23.59 188.39 9.487909152700906e-5
23.59 189.19 9.76232854360309e-5
23.59 189.21 2.6123758009297895e-21
23.59 189.24 4.14481314753982e-8
23.59 189.26 1.2781934449559443e-6
23.59 189.31 0.00014526582233817992
23.59 189.32 0.00010452416773250702
23.59 189.32 0.00010444945375699022
23.59 189.34 8.878453469685934e-21
23.59 190.27 1.3492610371920874e-5
23.59 190.29 3.449396114378035e-9
23.59 190.29 1.7710716092793394e-24
23.59 190.33 2.3013750106958645e-5
23.59 192.36 5.329366362481266e-11
23.59 193.89 1.966230578924024e-11
23.59 194.61 2.2480111252526593e-6
23.59 194.61 2.263030042594153e-6
23.59 194.61 2.6396623530913212e-22
23.59 195.48 2.0901174838110832e-22
23.59 195.48 1.8360789309146898e-6
23.59 195.48 1.8658804953559132e-6
23.59 195.73 4.39577341371406e-6
23.59 195.73 4.422244792948087e-6
23.59 195.73 5.393637733979864e-22
23.59 196.26 1.2229715232269816e-5
23.59 196.26 1.5523939364916992e-5
23.59 215.3 1.388209356760557e-10
23.59 215.3 4.4808158111564695e-26
23.59 215.3 4.7952613273438254e-11
23.59 0.0 4.200511187457571e-8
23.59 0.0 3.502367858873912e-8
23.59 16.51 0.24224724709515186
23.59 16.51 0.24228966953046044
23.59 16.51 6.31117184875127e-17
23.59 48.33 0.12722164985582415
23.59 48.33 1.7367633347225488e-17
23.59 48.33 0.12718897480916777
23.59 51.41 0.1310675988914861
23.59 51.41 0.04029278193414571
23.59 79.17 0.0005989850198364358
23.59 81.28 0.006247102534163264
23.59 81.28 5.0455102807380875e-18
23.59 81.28 0.006249074461528875
23.59 83.7 1.5933694480857804e-24
23.59 83.7 1.7762433985402453e-25
23.59 84.18 0.02589509075133404
23.59 84.18 0.00016193222191413333
23.59 84.21 2.1994258978420646e-8
23.59 84.21 0.00023682419291049182
23.59 84.21 6.107285335110102e-9
23.59 86.56 0.023131360724565963
23.59 86.56 3.5343326737168935e-18
23.59 86.56 0.023129397464685134
23.59 92.88 6.113904261205105e-27
23.59 99.16 1.0243636963849535e-10
23.59 99.16 6.328310388532071e-10
23.59 99.16 1.7009648037381417e-9
23.59 107.33 9.531554639177242e-26
23.59 109.12 2.2167214071150017e-9
23.59 109.12 1.5462690897596805e-8
23.59 109.12 1.4991216133745638e-9
23.59 109.27 1.0207918763829555e-9
23.59 109.27 2.0084129797479774e-8
23.59 109.27 6.376172329450452e-9
23.59 117.6 1.695042189537754e-8
23.59 117.6 1.742658764259667e-8
23.59 117.6 6.729282346075833e-10
23.59 118.93 3.460194222088731e-26
23.59 118.93 4.268584466828595e-27
23.59 135.08 4.921705445705207e-26
23.59 135.85 2.6207448439684862e-8
23.59 135.85 2.550583695424981e-8
23.59 135.85 2.460068941128792e-11
23.59 137.54 6.617920759210549e-9
23.59 137.54 4.5705146497337355e-9
23.59 137.54 1.4284429380805055e-10
23.59 137.6 2.3421852409215583e-26
23.59 137.6 2.1267612489893293e-26
23.59 137.74 2.2746307680253014e-10
23.59 137.74 1.3854356051868494e-9
23.59 137.75 6.7653016208993305e-12
23.59 138.23 8.760595090381302e-9
23.59 138.23 9.075073525192072e-9
23.59 138.23 1.0293903928806823e-9
23.59 145.88 9.306862031994979e-6
23.59 145.89 9.378047968570753e-6
23.59 145.89 1.3143033111443938e-21
23.59 148.06 5.999058741584838e-6
23.59 148.06 5.985543446251306e-6
23.59 148.06 7.616600145707478e-22
23.59 149.78 7.658536436707588e-12
23.59 178.76 7.820282841380146e-7
23.59 178.76 1.268831170706698e-22
23.59 178.76 8.025049455419448e-7
23.59 178.78 4.637997286114124e-8
23.59 178.79 5.058515795039797e-24
23.59 178.79 3.1347911133153896e-8
23.59 179.57 7.98783233707651e-12
23.59 187.34 0.0008605461169445933
23.59 187.34 0.0008600725489972845
23.59 187.34 3.6382636260076814e-19
23.59 187.37 0.00024457593139155787
23.59 187.37 1.8745307618268516e-5
23.59 188.0 0.0002952717017071915
23.59 188.0 2.991119607023367e-20
23.59 188.0 0.0002950294540929633
23.59 188.39 9.287029600381122e-5
23.59 188.39 1.2983627185252042e-20
23.59 188.39 9.428826399229202e-5
23.59 189.19 3.09927229588385e-5
23.59 189.21 2.3554896873234115e-5
23.59 189.24 2.813280025772994e-8
23.59 189.26 0.00016778477759117936
23.59 189.31 4.592151929816339e-5
23.59 189.32 0.0001040294319871796
23.59 189.32 1.713273816795679e-20
23.59 189.34 8.164951094062086e-5
23.59 190.27 7.887158230512456e-6
23.59 190.29 1.4021987216177184e-9
23.59 190.29 1.0685830440769498e-8
23.59 190.33 2.7858021750811076e-5
23.59 192.36 1.3122703056060063e-25
23.59 193.89 1.7928128340851206e-10
23.59 194.61 2.9201840060988446e-22
23.59 194.61 2.2649823640732835e-6
23.59 194.61 2.285801034409601e-6
23.59 195.48 1.9228629688162744e-6
23.59 195.48 1.8763809286423898e-6
23.59 195.48 2.1543726558196417e-22
23.59 195.73 4.396079916724748e-6
23.59 195.73 4.139807536785441e-22
23.59 195.73 4.417617664640781e-6
23.59 196.26 2.647605761165132e-5
23.59 196.26 1.0939202801767503e-6
23.59 215.3 1.7314887511294834e-12
23.59 215.3 5.936098913358465e-11
23.59 215.3 1.2818526858307099e-11
23.59 0.0 4.725800955398657e-8
23.59 16.5 5.3499787021521553e-17
23.59 16.51 0.24225307462902293
23.59 16.51 0.24227945885551808
23.59 48.33 2.43636043416039e-17
23.59 48.33 0.12720105257824835
23.59 48.33 0.12720814573718905
23.59 51.41 0.12592605365113743
23.59 51.41 0.04543774068381357
23.59 79.17 0.0005979723239506278
23.59 81.28 7.058193441488998e-19
23.59 81.28 0.0062465847502640994
23.59 81.28 0.006243453451943396
23.59 83.7 1.9273627585451086e-8
23.59 83.7 1.0656949597260906e-11
23.59 84.18 0.004857034664894942
23.59 84.18 0.021416971697672506
23.59 84.21 9.096214025957805e-8
23.59 84.21 2.057396546315536e-5
23.59 84.21 6.236295781667732e-19
23.59 86.56 2.975863322226121e-18
23.59 86.56 0.023130789621477632
23.59 86.56 0.023138492786105375
23.59 92.88 1.750461341665841e-14
23.59 99.16 2.5623812027972226e-24
23.59 99.16 8.955010906333406e-9
23.59 99.16 6.340013264847175e-9
23.59 107.33 6.770140945552062e-10
23.59 109.12 1.0317837480725101e-25
23.59 109.12 1.2080659041740837e-8
23.59 109.12 1.3715383872971873e-8
23.59 109.26 1.7778788236977982e-25
23.59 109.27 9.194861662301883e-9
23.59 109.27 1.4014140374286148e-8
23.59 117.6 2.0452664232770107e-8
23.59 117.6 1.5774970884781372e-8
23.59 117.6 1.2422469670962065e-25
23.59 118.93 7.724610170497512e-10
23.59 118.93 4.894029014724031e-12
23.59 135.08 1.926173434376808e-10
23.59 135.84 2.8547186738573625e-8
23.59 135.84 2.505709061193263e-8
23.59 135.85 5.772146362444251e-26
23.59 137.54 1.3719419236175538e-9
23.59 137.54 5.717098404699541e-10
23.59 137.54 1.565996117860845e-26
23.59 137.6 6.271358122897996e-10
23.59 137.6 5.919148679826557e-10
23.59 137.74 3.435892695321335e-9
23.59 137.74 3.82949335277249e-9
23.59 137.75 1.3802861056188665e-26
23.59 138.23 1.0920445293635978e-8
23.59 138.23 9.851739511189635e-9
23.59 138.23 1.9698504939157612e-25
23.59 145.88 9.39554441200683e-6
23.59 145.89 1.0307732478752574e-21
23.59 145.89 9.346151264323219e-6
23.59 148.06 6.582085212872572e-22
23.59 148.06 6.028769182812713e-6
23.59 148.06 5.955644205126975e-6
23.59 149.78 5.0674810098985986e-11
23.59 178.76 9.551667027505213e-23
23.59 178.76 8.056645408080237e-7
23.59 178.76 7.955615242513577e-7
23.59 178.78 2.185981939505314e-24
23.59 178.78 3.067200637236574e-8
23.59 178.79 3.8244093725098645e-8
23.59 179.57 3.303985003496444e-12
23.59 187.34 0.0008593580310650564
23.59 187.34 3.865479617139653e-19
23.59 187.34 0.0008595831485414982
23.59 187.37 1.649800699108799e-5
23.59 187.37 0.0002469534125133316
23.59 187.99 3.471646457821645e-20
23.59 187.99 0.00029510203890283424
23.59 187.99 0.0002967705009315037
23.59 188.38 9.246670246534943e-5
23.59 188.39 9.454931301313088e-5
23.59 188.39 1.0826535238402928e-20
23.59 189.19 2.113571761099253e-5
23.59 189.21 2.410854565857182e-5
23.59 189.23 3.5325915705696436e-24
23.59 189.26 0.00019808566169763318
23.59 189.31 2.5286663006501003e-5
23.59 189.32 1.5027114670304303e-20
23.59 189.32 0.00010458868387078477
23.59 189.34 8.083909063940129e-5
23.59 190.27 7.206782723670649e-6
23.59 190.29 3.4963907123433565e-25
23.59 190.29 1.800808609684555e-8
23.59 190.33 2.8665930248865674e-5
23.59 192.36 3.6268355347013542e-9
23.59 193.89 1.9674903883387428e-10
23.59 194.61 2.261579342811175e-6
23.59 194.61 2.519808704570349e-22
23.59 194.61 2.2997818716274705e-6
23.59 195.48 1.915199643118679e-6
23.59 195.48 2.1055512099492416e-22
23.59 195.48 1.8652675450598046e-6
23.59 195.73 4.0062076226108526e-22
23.59 195.73 4.390092468928364e-6
23.59 195.73 4.412932918772181e-6
23.59 196.26 2.717719671138278e-6
23.59 196.26 2.4797015725190234e-5
23.59 215.3 4.4041214874161024e-26
23.59 215.3 3.4962235084623203e-10
23.59 215.3 6.001337649262198e-10
40.1 0.0 1.4951503709264842e-12
40.1 0.0 4.753621068945608e-26
40.1 0.0 3.2209219390698776e-10
40.1 31.82 1.6252226165809505e-9
40.1 31.83 2.288917051161167e-9
40.1 31.83 1.818163710215702e-24
40.1 34.9 6.471864809418619e-8
40.1 34.9 2.367229127836805e-10
40.1 62.67 1.753057400543459e-8
40.1 64.77 2.5929541725765335e-8
40.1 64.77 7.583843672849495e-8
40.1 64.77 6.797751928385822e-23
40.1 67.2 0.08168064332937182
40.1 67.2 0.014157824052349922
40.1 67.67 0.0006355361265822969
40.1 67.67 1.5189277923371825e-5
40.1 67.71 6.758998998902474e-16
40.1 67.71 0.06816584703451935
40.1 67.71 0.06881449455648773
40.1 70.06 5.7564445301723e-9
40.1 70.06 2.5392959853285028e-8
40.1 70.06 1.1140781932978147e-23
40.1 76.37 0.008270972018557964
40.1 82.65 3.3957390725166706e-5
40.1 82.65 3.4007926973166624e-5
40.1 82.65 4.035361487855432e-21
40.1 90.82 6.880557110564333e-11
40.1 92.61 0.0007904169873890481
40.1 92.61 0.000791016538804157
40.1 92.62 3.149081247663317e-20
40.1 92.76 1.0151216017142572e-5
40.1 92.76 1.0850595262328159e-5
40.1 92.77 4.394534015728235e-22
40.1 101.1 0.06922276139570194
40.1 101.1 4.9629803464091184e-18
40.1 101.1 0.06922056512552481
40.1 102.42 0.036366670418403434
40.1 102.42 0.05180610965079235
40.1 118.58 1.7218863330158068e-11
40.1 119.34 0.0013966969712904125
40.1 119.34 7.370565905509698e-20
40.1 119.34 0.0013976972020933536
40.1 121.03 4.529505732102667e-6
40.1 121.03 3.527149543009036e-22
40.1 121.04 7.428283062187119e-6
40.1 121.1 0.0016381049557750692
40.1 121.1 0.015131073099312968
40.1 121.24 0.0002865333251399523
40.1 121.24 1.2668093735255782e-20
40.1 121.24 0.00029953480564366355
40.1 121.72 0.01217675754847072
40.1 121.73 1.1404194109793624e-18
40.1 121.73 0.012166400716020948
40.1 129.38 2.5087267722823444e-27
40.1 129.38 2.353305157928008e-9
40.1 129.39 1.0796323216937002e-10
40.1 131.55 6.22228430715019e-11
40.1 131.56 1.1128838355998942e-24
40.1 131.56 3.024806925970277e-10
40.1 133.27 2.4636214798786246e-11
40.1 162.26 1.2635555743435123e-10
40.1 162.26 4.653291457823858e-10
40.1 162.26 6.1331536142426384e-27
40.1 162.28 1.9834157771815499e-10
40.1 162.28 2.167142208114853e-12
40.1 162.28 9.181387290868882e-27
40.1 163.07 1.387444639233772e-11
40.1 170.83 8.294952909516508e-26
40.1 170.84 2.4011216672940526e-9
40.1 170.84 2.1821957673700034e-9
40.1 170.87 4.8184186088989804e-11
40.1 170.87 3.941700565928245e-10
40.1 171.49 1.788583655085074e-9
40.1 171.49 1.138836846603487e-9
40.1 171.49 3.1109451963991675e-25
40.1 171.88 1.3230256905667996e-25
40.1 171.88 3.528442329531366e-11
40.1 171.88 1.413873077636813e-10
40.1 172.68 3.634207139414431e-8
40.1 172.71 4.649934011348511e-25
40.1 172.73 8.080674944489962e-9
40.1 172.75 2.900923645110791e-10
40.1 172.8 5.286194554209273e-9
40.1 172.81 1.2548796627940098e-9
40.1 172.81 4.661063117082161e-10
40.1 172.83 1.138648083771123e-24
40.1 173.77 8.523950544543346e-6
40.1 173.78 1.1744586044589487e-5
40.1 173.78 3.914558996533461e-22
40.1 173.82 3.0291739479321816e-6
40.1 175.85 1.0376919433383029e-13
40.1 177.38 9.700994368357227e-9
40.1 178.11 2.9741320133528174e-9
40.1 178.11 2.008316405457726e-9
40.1 178.11 1.4107930441854714e-24
40.1 178.97 2.999354814612616e-24
40.1 178.97 3.608860840418492e-11
40.1 178.98 1.3747855556036784e-10
40.1 179.22 1.0303490981793761e-10
40.1 179.22 6.812767174397073e-10
40.1 179.22 2.4066458564596766e-27
40.1 179.75 1.5840623028370457e-8
40.1 179.75 1.0579810156593676e-8
40.1 198.8 7.585927692088217e-6
40.1 198.8 1.802161006539943e-21
40.1 198.8 7.565073327222723e-6
40.1 204.85 4.7121816944809015e-6
40.1 204.85 3.6246544473520994e-21
40.1 204.85 4.71603782097565e-6
40.1 208.29 1.6734888481272044e-5
40.1 208.29 5.160893787858649e-6
40.1 209.35 7.0255996855789594e-6
40.1 209.35 3.475373351753588e-6
40.1 209.43 3.7470236624181376e-7
40.1 209.43 1.585601127871678e-23
40.1 209.43 3.6967851416310283e-7
40.1 209.6 1.7827532714562753e-5
40.1 209.81 9.792094009198664e-7
40.1 209.81 4.4506544196321897e-23
40.1 209.81 9.787953010217176e-7
40.1 211.6 5.212951533880229e-5
40.1 211.6 2.0983493083599086e-6
40.1 212.23 3.1506350641018846e-21
40.1 212.23 6.133178528955254e-5
40.1 212.23 6.14261386485332e-5
40.1 214.81 1.836239692669425e-25
40.1 214.81 6.467378452080444e-9
40.1 214.81 7.008323432762673e-9
40.1 214.92 1.5456425106620332e-11
40.1 217.67 3.2934969325172284e-25
40.1 217.67 7.652456952974492e-10
40.1 217.67 2.53964309433096e-10
40.1 218.65 7.304112642884484e-9
40.1 218.65 3.136785734531484e-25
40.1 218.65 8.899178922685203e-9
40.1 218.73 2.2070370159025847e-8
40.1 218.73 2.2782648232430976e-24
40.1 218.73 2.3714877534066636e-8
40.1 219.1 1.7457381537476771e-6
40.1 219.1 1.7538686614283238e-6
40.1 219.1 7.226845040469688e-23
40.1 219.66 1.8040566139606843e-11
40.1 219.66 3.3399886992397765e-9
40.1 219.67 3.3289050653809533e-25
40.1 0.0 3.8687245425313734e-11
40.1 0.0 2.4407812964602175e-10
40.1 31.82 4.714193017509915e-25
40.1 31.82 4.023479367997057e-10
40.1 31.83 2.1443679667370414e-8
40.1 34.9 2.4046472980309314e-8
40.1 34.9 4.400097979199051e-10
40.1 62.66 1.687803205264086e-8
40.1 64.77 2.975462649005642e-24
40.1 64.77 3.8344743144780454e-10
40.1 64.77 6.84917000172046e-8
40.1 67.2 0.0015871000687981234
40.1 67.2 0.09424886990589434
40.1 67.67 0.0006355443939084556
40.1 67.67 1.517600730581456e-5
40.1 67.71 0.0688168508393982
40.1 67.71 0.06817277691181656
40.1 67.71 2.036120689479987e-15
40.1 70.06 7.711301464908482e-25
40.1 70.06 1.3093041203996325e-10
40.1 70.06 1.4685643217032894e-7
40.1 76.37 0.008267142016819683
40.1 82.65 9.592179634028853e-21
40.1 82.65 3.417051690728383e-5
40.1 82.65 3.4029360438869786e-5
40.1 90.82 5.438124964606609e-10
40.1 92.61 2.8647735020786716e-20
40.1 92.61 0.000792330484857948
40.1 92.61 0.0007930477849392196
40.1 92.76 3.4465087435160554e-22
40.1 92.76 9.05714905439287e-6
40.1 92.76 8.076253577649503e-6
40.1 101.1 0.06922245485087158
40.1 101.1 0.06922011683665873
40.1 101.1 2.1490747622389096e-18
40.1 102.42 0.010354900988116075
40.1 102.42 0.07781777186061063
40.1 118.57 1.3788826358350183e-9
40.1 119.34 0.0014017078770802236
40.1 119.34 0.0014004389232361637
40.1 119.34 4.251231947534851e-20
40.1 121.03 9.64160400966491e-6
40.1 121.03 7.68887686858675e-6
40.1 121.04 2.5148676566053726e-22
40.1 121.09 0.007447208234686518
40.1 121.1 0.0093256200144271
40.1 121.24 0.0002830423176750848
40.1 121.24 0.00028040268250744473
40.1 121.24 9.863982587089592e-21
40.1 121.72 0.01217163229957128
40.1 121.72 0.012178845130575216
40.1 121.73 1.3467885084418795e-18
40.1 129.38 6.98985175972077e-12
40.1 129.38 4.7080513980919306e-26
40.1 129.39 7.58653166264848e-9
40.1 131.55 2.1275138838871746e-26
40.1 131.56 4.562225411888956e-8
40.1 131.56 4.188861603947093e-9
40.1 133.27 5.518893756849519e-8
40.1 162.26 4.2239039139043685e-27
40.1 162.26 1.2459685807961159e-11
40.1 162.26 1.327799477417708e-10
40.1 162.28 1.7017343460034748e-26
40.1 162.28 2.7147949569955314e-11
40.1 162.28 3.0477023331694237e-10
40.1 163.07 6.736409916759819e-12
40.1 170.83 2.2330177952331334e-9
40.1 170.84 9.205389350069593e-26
40.1 170.84 2.849438307393094e-12
40.1 170.86 1.8095728165749424e-10
40.1 170.86 1.2394006534477333e-9
40.1 171.49 1.5433937520595835e-25
40.1 171.49 1.541776760641191e-10
40.1 171.49 9.519274385206305e-9
40.1 171.88 3.845946400119269e-9
40.1 171.88 7.948527764233228e-11
40.1 171.88 3.7570671627769585e-27
40.1 172.68 2.33482985452415e-9
40.1 172.71 3.7066418521259273e-10
40.1 172.73 3.7818842808582667e-25
40.1 172.75 5.593211770563478e-9
40.1 172.8 4.042731548433487e-8
40.1 172.81 5.975611013176586e-26
40.1 172.81 2.476178596440286e-11
40.1 172.83 4.013797930613853e-8
40.1 173.77 8.6242454864748e-6
40.1 173.78 3.588089450332738e-22
40.1 173.78 1.1617044877238015e-5
40.1 173.82 3.025207368891341e-6
40.1 175.85 9.979289996463678e-11
40.1 177.38 3.847154885719286e-8
40.1 178.1 1.0487018837833073e-11
40.1 178.11 6.779516142129976e-26
40.1 178.11 5.10848959607295e-8
40.1 178.97 1.0618879846859474e-7
40.1 178.97 7.660444192994712e-26
40.1 178.97 4.69758970483068e-11
40.1 179.22 1.618612592982637e-26
40.1 179.22 2.0952437264755778e-10
40.1 179.22 3.400226433407071e-11
40.1 179.75 6.851028082064688e-8
40.1 179.75 5.148876878368884e-8
40.1 198.79 6.709458498048449e-22
40.1 198.8 7.5756284752177984e-6
40.1 198.8 7.578006542104422e-6
40.1 204.85 4.700218656767842e-6
40.1 204.85 4.707129608229338e-6
40.1 204.85 4.175939521354424e-21
40.1 208.29 1.611919256729372e-5
40.1 208.29 5.837637588006055e-6
40.1 209.35 7.370093394616571e-8
40.1 209.35 1.0299748108162174e-5
40.1 209.43 1.7055275779483573e-23
40.1 209.43 3.789790540050882e-7
40.1 209.43 3.7315057882634185e-7
40.1 209.6 1.7931172132343425e-5
40.1 209.81 4.0720669841949897e-23
40.1 209.81 9.757070001560548e-7
40.1 209.81 9.768871341143082e-7
40.1 211.6 2.370259089516388e-5
40.1 211.6 3.047660769662484e-5
40.1 212.23 6.134479159270434e-5
40.1 212.23 6.134594907486408e-5
40.1 212.23 1.738904146125288e-21
40.1 214.81 6.650806882805883e-9
40.1 214.81 1.726415784618707e-25
40.1 214.81 6.594929677037609e-9
40.1 214.92 5.561686941615765e-12
40.1 217.66 1.3919403087724357e-8
40.1 217.67 1.0730512306023452e-26
40.1 217.67 3.2492676539829997e-12
40.1 218.65 8.297128638523198e-9
40.1 218.65 6.7640639168998946e-9
40.1 218.65 3.42281430761923e-25
40.1 218.73 2.3779448602748246e-8
40.1 218.73 2.4475910448965368e-8
40.1 218.73 1.0206664324138272e-24
40.1 219.1 5.834554660442804e-23
40.1 219.1 1.7502985847889038e-6
40.1 219.1 1.7339576754571955e-6
40.1 219.66 4.3448198071049085e-11
40.1 219.66 1.7746368122795661e-25
40.1 219.67 6.8140328494948155e-9
40.1 0.0 1.6995129047965802e-10
40.1 31.82 3.420937862127529e-9
40.1 31.82 1.1179890885180117e-9
40.1 31.83 6.60294277803886e-8
40.1 34.9 1.6229962943668505e-24
40.1 34.9 1.944029210682593e-26
40.1 62.66 8.1451318127101845e-25
40.1 64.77 2.5298883908279887e-8
40.1 64.77 7.100379495679579e-8
40.1 64.77 6.808979622678453e-8
40.1 67.2 0.060505934326871576
40.1 67.2 0.035341011083173085
40.1 67.67 2.4440181895659913e-20
40.1 67.67 1.3701644960798632e-21
40.1 67.71 0.06882001039001787
40.1 67.71 2.6281162781710478e-15
40.1 67.71 0.06881450302931481
40.1 70.06 6.732988500847984e-9
40.1 70.06 1.9223180804804954e-8
40.1 70.06 1.3503983362294345e-7
40.1 76.37 0.00826649635709313
40.1 82.65 3.4255042886884294e-5
40.1 82.65 6.3724507026023284e-21
40.1 82.65 3.414610579353063e-5
40.1 90.82 1.1101576528108122e-11
40.1 92.61 0.0007918671128495925
40.1 92.61 2.90836598002479e-20
40.1 92.61 0.0007877791593903821
40.1 92.76 9.632409288975506e-6
40.1 92.76 2.5119695844237995e-22
40.1 92.76 1.1946320159260862e-5
40.1 101.1 3.949967125104103e-18
40.1 101.1 0.06922000635404736
40.1 101.1 0.06922287586834835
40.1 102.42 0.0855349257193169
40.1 102.42 0.0026368894469636474
40.1 118.57 2.1213518865431016e-9
40.1 119.34 5.667089132566052e-20
40.1 119.34 0.0013980746022107266
40.1 119.34 0.0014009974130564293
40.1 121.03 3.9037503258388777e-22
40.1 121.03 5.986674691757307e-6
40.1 121.04 5.8187770052974945e-6
40.1 121.09 0.01607025610487662
40.1 121.09 0.0006989890297904201
40.1 121.24 7.341951673469459e-21
40.1 121.24 0.00028285215871533904
40.1 121.24 0.00029979263895231977
40.1 121.72 1.1489344402743797e-18
40.1 121.72 0.012182918156646072
40.1 121.72 0.012163477019297141
40.1 129.38 1.5635188557092554e-10
40.1 129.38 2.7722835863171765e-11
40.1 129.38 2.492765004753459e-10
40.1 131.55 5.557489467794146e-10
40.1 131.56 3.313603461009634e-9
40.1 131.56 6.085249659160102e-10
40.1 133.27 1.4720438694538042e-24
40.1 162.25 7.278816465514764e-11
40.1 162.26 4.613326635014785e-11
40.1 162.26 5.564329036773063e-11
40.1 162.28 8.328563353644823e-10
40.1 162.28 1.143829730899482e-10
40.1 162.28 2.2218133723642832e-10
40.1 163.07 7.317070984043886e-28
40.1 170.83 1.882059577997406e-9
40.1 170.84 2.4070321812229674e-9
40.1 170.84 1.894649335218577e-9
40.1 170.86 5.7439764576570416e-27
40.1 170.86 3.8222418295853984e-26
40.1 171.49 1.3472048673928705e-9
40.1 171.49 1.2835952540114675e-9
40.1 171.49 1.651168814136154e-9
40.1 171.88 1.9708881604576646e-9
40.1 171.88 3.990946823700248e-11
40.1 171.88 3.0675595225062236e-11
40.1 172.68 6.90505934341566e-25
40.1 172.71 2.111299176888748e-8
40.1 172.73 1.0426052303783564e-8
40.1 172.75 1.5261065149296455e-25
40.1 172.8 1.1756911864232283e-24
40.1 172.81 1.582830728625831e-9
40.1 172.81 4.105591560150026e-10
40.1 172.83 1.0389624717882747e-8
40.1 173.77 3.7618973061322586e-22
40.1 173.78 1.1699769089848359e-5
40.1 173.78 1.1641687851861731e-5
40.1 173.82 1.3315406650494923e-22
40.1 175.85 3.1583753744264356e-10
40.1 177.38 1.1968967222852382e-24
40.1 178.1 3.5737292733223557e-9
40.1 178.11 1.8396563502275922e-9
40.1 178.11 1.2250810668022861e-8
40.1 178.97 2.6136828904283347e-8
40.1 178.97 6.694150146923162e-11
40.1 178.97 7.63692869492528e-14
40.1 179.22 3.6736821107846793e-10
40.1 179.22 2.66005808031694e-11
40.1 179.22 5.760745911446225e-11
40.1 179.75 2.0968867819440445e-24
40.1 179.75 1.5596670271390496e-24
40.1 198.79 7.579674557646664e-6
40.1 198.79 7.577501879654822e-6
40.1 198.79 1.837600222649397e-21
40.1 204.85 2.0616747391382484e-22
40.1 204.85 4.708712479933792e-6
40.1 204.85 4.707489047263541e-6
40.1 208.29 8.948405378423648e-9
40.1 208.29 2.1827492894078423e-5
40.1 209.35 8.5826405251718e-6
40.1 209.35 1.934829987996018e-6
40.1 209.43 3.637222069629784e-7
40.1 209.43 3.652100388650709e-7
40.1 209.43 1.6276325803072612e-23
40.1 209.6 1.778496297157778e-5
40.1 209.81 9.824157547947129e-7
40.1 209.81 9.837355532199612e-7
40.1 209.81 5.459355350518091e-23
40.1 211.6 5.503075492395673e-6
40.1 211.6 4.879165219187067e-5
40.1 212.23 6.133135342061721e-5
40.1 212.23 3.1808294505957922e-21
40.1 212.23 6.143652125659068e-5
40.1 214.81 7.182671715496475e-9
40.1 214.81 6.404776697067774e-9
40.1 214.81 1.910866211772941e-25
40.1 214.92 3.983579091366319e-12
40.1 217.66 7.861119779395055e-10
40.1 217.67 4.714534301010273e-11
40.1 217.67 3.9281745610601046e-10
40.1 218.64 3.375475352542413e-25
40.1 218.65 7.4464381422142295e-9
40.1 218.65 7.243359591943095e-9
40.1 218.73 2.9953434242941082e-24
40.1 218.73 2.2514364953753473e-8
40.1 218.73 2.349078155482494e-8
40.1 219.1 1.7495702271934115e-6
40.1 219.1 6.616011821586777e-23
40.1 219.1 1.7491208346654376e-6
40.1 219.66 9.139638048927504e-11
40.1 219.66 3.0792944770436926e-9
40.1 219.67 6.48742792008857e-9
71.92 0.0 3.2018057597582596e-9
71.92 0.0 4.0610466858498317e-10
71.92 0.0 6.024947591453032e-25
71.92 3.08 1.659729009422572e-8
71.92 3.08 3.3844579731580213e-9
71.92 30.84 8.429628463883232e-9
71.92 32.95 2.3454954344131274e-8
71.92 32.95 4.118782218133472e-8
71.92 32.95 5.851332420772409e-23
71.92 35.37 0.017064375138697952
71.92 35.37 0.09837986750184297
71.92 35.85 0.00037953016799164256
71.92 35.85 9.168293652189664e-6
71.92 35.88 4.0748185536340394e-16
71.92 35.88 0.04054285246570433
71.92 35.88 0.04092373293647464
71.92 38.23 8.283840564372876e-9
71.92 38.24 2.3029994371483436e-9
71.92 38.24 6.1938242735811345e-24
71.92 44.55 1.5250235679423254e-10
71.92 50.83 0.01479041889189477
71.92 50.83 0.014766345921724749
71.92 50.83 1.3278437017833747e-18
71.92 59.0 0.09563221882830511
71.92 60.79 0.08059610639694395
71.92 60.79 0.08017699553242406
71.92 60.79 3.0955729209036237e-18
71.92 60.94 0.04746882400665723
71.92 60.94 0.04790233532114704
71.92 60.94 1.1543154290411941e-18
71.92 69.27 0.00016409974670761123
71.92 69.27 2.235231173528187e-21
71.92 69.27 0.00016288253888625348
71.92 70.6 0.0003436775021400298
71.92 70.6 0.00024221229416775426
71.92 86.75 0.0011905545742297969
71.92 87.52 0.0003252026362184019
71.92 87.52 7.349483470918513e-21
71.92 87.52 0.0003253730219249841
71.92 89.21 0.0007075039021345126
71.92 89.21 1.7546251755204955e-20
71.92 89.21 0.0006580244148530305
71.92 89.27 0.028299207727013588
71.92 89.27 0.0030662455563050216
71.92 89.41 0.0035935483998753084
71.92 89.42 8.928978332050653e-20
71.92 89.42 0.00365366181447098
71.92 89.9 0.0064917335450017846
71.92 89.9 3.65433541002888e-19
71.92 89.9 0.006468896077627953
71.92 97.56 3.511824785099408e-26
71.92 97.56 1.217979593180694e-9
71.92 97.56 7.461044057399182e-9
71.92 99.73 5.884616684845021e-11
71.92 99.73 2.178294742160468e-25
71.92 99.73 3.480300763113728e-9
71.92 101.45 1.0780935537023132e-8
71.92 130.43 3.806000740421642e-9
71.92 130.43 8.910910739083423e-10
71.92 130.43 3.725446127911188e-24
71.92 130.46 3.1117376457804906e-10
71.92 130.46 8.690753061835373e-12
71.92 130.46 1.8587013152869424e-25
71.92 131.24 3.119318444725571e-9
71.92 139.01 2.8102431635449e-22
71.92 139.01 5.355054887197584e-9
71.92 139.01 8.329338388329757e-9
71.92 139.04 1.4259036453381499e-8
71.92 139.04 2.073508532846974e-8
71.92 139.67 7.819400725337141e-8
71.92 139.67 2.5360196670994334e-8
71.92 139.67 3.098676984322882e-24
71.92 140.06 1.536268027092621e-24
71.92 140.06 1.3581194831344085e-8
71.92 140.06 6.494759386178011e-7
71.92 140.86 0.007789315597363423
71.92 140.88 2.466369074491272e-19
71.92 140.91 0.01444265866389766
71.92 140.93 7.49607259495397e-6
71.92 140.98 0.006743415204358841
71.92 140.99 9.046384586180757e-6
71.92 140.99 1.0927008086659897e-7
71.92 141.01 4.54408312187185e-20
71.92 141.94 0.017262169870607438
71.92 141.96 0.02296689195499704
71.92 141.96 5.52024692396165e-19
71.92 142.0 0.005618353795298361
71.92 144.03 0.02129606171620642
71.92 145.56 3.897484993015716e-7
71.92 146.28 1.373446011845125e-6
71.92 146.28 3.41158282792767e-7
71.92 146.28 2.119345634465498e-24
71.92 147.15 1.856941510981594e-24
71.92 147.15 3.700192833991108e-11
71.92 147.15 8.39975631975862e-9
71.92 147.4 6.68392891241152e-8
71.92 147.4 1.5003487375171074e-7
71.92 147.4 1.4515417047552938e-23
71.92 147.93 2.0303643351025027e-7
71.92 147.93 1.8128385665133414e-7
71.92 166.97 9.263049542864044e-5
71.92 166.97 8.786604887391313e-21
71.92 166.97 9.260439948227014e-5
71.92 173.02 1.955920461809862e-6
71.92 173.02 1.4489167330190531e-21
71.92 173.02 1.9337820642668448e-6
71.92 176.46 2.6803200927490567e-6
71.92 176.46 8.762524427133755e-6
71.92 177.53 1.1416626517538069e-7
71.92 177.53 2.2452273273721546e-7
71.92 177.61 6.84236854629531e-6
71.92 177.61 2.177745497520515e-22
71.92 177.61 6.8603945792766294e-6
71.92 177.78 9.41844268428759e-11
71.92 177.98 5.252115304732353e-6
71.92 177.99 9.472128067478036e-23
71.92 177.99 5.27462358197391e-6
71.92 179.77 2.9073437873114695e-6
71.92 179.77 7.151953111011047e-5
71.92 180.4 1.9353361609888738e-21
71.92 180.4 7.176495968059607e-5
71.92 180.4 7.191700427147828e-5
71.92 182.99 9.601936105248444e-22
71.92 182.99 0.00010012077333349538
71.92 182.99 0.00010055465859674584
71.92 183.1 0.0007743029702232927
71.92 185.84 5.741639297965149e-24
71.92 185.85 1.0098285388787233e-8
71.92 185.85 3.596418613604633e-7
71.92 186.82 0.0009284589508632095
71.92 186.82 1.8088735736446026e-20
71.92 186.83 0.0009299780994385461
71.92 186.9 0.0015126957426821377
71.92 186.9 1.847027936880961e-19
71.92 186.91 0.0015111940778730877
71.92 187.27 5.504633524550848e-5
71.92 187.27 5.507685747799968e-5
71.92 187.27 1.278933628978978e-21
71.92 187.84 3.6734064817944735e-8
71.92 187.84 2.8810961231176182e-8
71.92 187.84 4.022505107102612e-24
71.92 188.32 0.0010578262274182392
71.92 197.83 2.876020891713909e-10
71.92 197.83 4.499842192654953e-13
71.92 197.83 6.0602348589814515e-12
71.92 197.83 9.224203785546714e-27
71.92 197.83 1.2407562954563168e-10
71.92 198.54 2.1589540608953348e-10
71.92 199.48 6.619969410646539e-13
71.92 199.48 3.368851879815746e-10
71.92 199.48 7.326056630356787e-27
71.92 206.21 3.435790635089831e-12
71.92 206.21 4.5954457472732664e-10
71.92 206.61 5.968476326146254e-11
71.92 206.61 4.614444021654778e-11
71.92 206.62 1.3584167799639517e-26
71.92 207.64 3.386906733535724e-25
71.92 207.64 7.633567934466417e-12
71.92 207.64 4.5427381338320165e-11
71.92 209.54 6.450832423542671e-11
71.92 209.96 5.203330652403404e-12
71.92 211.93 6.61846755560659e-26
71.92 211.93 1.274830523774538e-11
71.92 211.94 3.848524485584376e-11
71.92 212.71 6.021156371632901e-10
71.92 212.71 4.777060256184476e-27
71.92 212.71 6.717089021664527e-10
71.92 217.16 1.6274467009477386e-11
71.92 217.16 2.3427910033505154e-13
71.92 217.29 2.1363586903573443e-26
71.92 217.29 1.0810825247624984e-9
71.92 217.29 1.100166353944371e-9
71.92 0.0 5.913415346405898e-10
71.92 0.0 1.1058711104291414e-8
71.92 3.08 4.421778955712849e-26
71.92 3.08 1.2684075939749477e-26
71.92 30.84 2.416093694692515e-24
71.92 32.95 2.3636960923929013e-8
71.92 32.95 5.288431661765483e-8
71.92 32.95 3.655381944673112e-8
71.92 35.37 0.042592164027367624
71.92 35.37 0.07285300758664365
71.92 35.85 2.0598209181512475e-21
71.92 35.85 3.5120257912282875e-22
71.92 35.88 0.04093029118523475
71.92 35.88 1.6174074894638008e-15
71.92 35.88 0.04092462319786499
71.92 38.23 1.2105388440067726e-9
71.92 38.23 4.291843486838733e-9
71.92 38.23 8.071107895026306e-8
71.92 44.55 2.103022660088141e-11
71.92 50.83 0.014790544103013148
71.92 50.83 3.952261996180223e-18
71.92 50.83 0.014774818036893334
71.92 59.0 0.09563277981291504
71.92 60.79 0.0812361810868633
71.92 60.79 9.248972576164582e-19
71.92 60.79 0.07930106488155986
71.92 60.93 0.046839212197951015
71.92 60.94 3.172916446669194e-19
71.92 60.94 0.04876941282103189
71.92 69.27 6.967631497233705e-22
71.92 69.27 0.0001619141054055191
71.92 69.27 0.00016473920405250675
71.92 70.6 1.7260118043405977e-5
71.92 70.6 0.0005697324137547948
71.92 86.75 0.0011975322750296955
71.92 87.51 1.7407834986881475e-21
71.92 87.51 0.000325601018914171
71.92 87.52 0.0003267262170646585
71.92 89.21 6.437860065579828e-21
71.92 89.21 0.0006891045387129603
71.92 89.21 0.0006677630651027473
71.92 89.27 0.001308052300423857
71.92 89.27 0.03005281777947527
71.92 89.41 5.829645379222785e-21
71.92 89.41 0.0035906311797852695
71.92 89.42 0.0036607137463620498
71.92 89.9 2.0611621568720505e-19
71.92 89.9 0.0065087265761307024
71.92 89.9 0.006455154861331368
71.92 97.55 6.469755479084251e-10
71.92 97.56 8.984262561335298e-10
71.92 97.56 1.4661404929488175e-8
71.92 99.73 2.4774277572426746e-9
71.92 99.73 1.3574967636704411e-8
71.92 99.73 2.669627265854219e-9
71.92 101.45 4.5839457651759125e-26
71.92 130.43 6.629837845640005e-10
71.92 130.43 1.1424751131424582e-11
71.92 130.43 1.1576577142957653e-11
71.92 130.45 2.0396121807045498e-9
71.92 130.45 8.556688534200779e-10
71.92 130.46 5.61144711897464e-9
71.92 131.24 2.4461729787448844e-26
71.92 139.01 6.073096540338636e-7
71.92 139.01 3.52275684460693e-9
71.92 139.01 8.575151615866968e-9
71.92 139.04 4.959666287716806e-25
71.92 139.04 4.676961563370651e-25
71.92 139.66 1.3930280004716525e-9
71.92 139.66 3.038889906740385e-8
71.92 139.66 6.444556719490846e-7
71.92 140.05 4.2985049935393416e-7
71.92 140.06 1.8467676327360006e-8
71.92 140.06 3.901514838786902e-9
71.92 140.86 4.767737393815664e-20
71.92 140.88 0.011318621341749076
71.92 140.9 0.014415834349899568
71.92 140.93 4.0384841244154234e-23
71.92 140.98 3.2422064931281294e-20
71.92 140.99 2.074368262122452e-6
71.92 140.99 9.647801756631958e-8
71.92 141.01 0.0032535404312111567
71.92 141.94 8.818373325706007e-20
71.92 141.96 0.023001746134475698
71.92 141.96 0.022845076446154286
71.92 142.0 3.274026246993567e-20
71.92 144.03 0.02129540027250609
71.92 145.56 1.0870956452262677e-24
71.92 146.28 1.4116947089394784e-6
71.92 146.28 3.8796554125172027e-7
71.92 146.28 3.844499470456488e-7
71.92 147.15 5.850340027617364e-7
71.92 147.15 1.3907542650539297e-8
71.92 147.15 1.040566910032878e-8
71.92 147.4 3.670825373531789e-8
71.92 147.4 1.4800608773214715e-7
71.92 147.4 1.1792310236144213e-8
71.92 147.93 1.648552766227345e-24
71.92 147.93 1.0954428160318773e-24
71.92 166.97 9.264197316607382e-5
71.92 166.97 9.248521305142205e-5
71.92 166.97 1.2579334753292e-20
71.92 173.02 1.0867423418726952e-23
71.92 173.02 1.94401806038478e-6
71.92 173.02 1.9304008957837796e-6
71.92 176.46 1.1424372841559043e-5
71.92 176.46 3.765074682552629e-9
71.92 177.53 6.501995711392806e-8
71.92 177.53 2.792735068723094e-7
71.92 177.61 6.816188651006608e-6
71.92 177.61 6.8805564727341754e-6
71.92 177.61 2.3860461605674664e-22
71.92 177.78 9.706544883344956e-11
71.92 177.98 5.295783328774381e-6
71.92 177.98 5.3046449483307825e-6
71.92 177.98 7.262937824339007e-23
71.92 179.77 6.689681649471563e-5
71.92 179.77 7.6074827249403955e-6
71.92 180.4 7.154402187150852e-5
71.92 180.4 6.856258119663617e-22
71.92 180.4 7.157752694736563e-5
71.92 182.99 0.00010054504560413831
71.92 182.99 0.0001001381229122142
71.92 182.99 4.932817040275568e-21
71.92 183.1 0.0007743357922935857
71.92 185.84 8.536957803810201e-8
71.92 185.84 2.9340348625235813e-11
71.92 185.85 3.535304180618947e-7
71.92 186.82 4.772752066000667e-21
71.92 186.82 0.0009411481925272267
71.92 186.82 0.0009373959684639723
71.92 186.9 2.139686507917456e-19
71.92 186.9 0.0015016438376530105
71.92 186.9 0.001502845126816559
71.92 187.27 5.631335830593426e-5
71.92 187.27 2.1794152040468563e-22
71.92 187.27 5.299879453540806e-5
71.92 187.84 3.340083756919686e-8
71.92 187.84 6.296284721505118e-8
71.92 187.84 4.204704563668015e-7
71.92 188.31 0.0010577608867555384
71.92 197.83 7.223130743702991e-11
71.92 197.83 1.7924309363847054e-25
71.92 197.83 1.7992130719936073e-10
71.92 197.83 2.1167403931701226e-10
71.92 197.83 2.5076013705562243e-27
71.92 198.54 5.1118591275726926e-27
71.92 199.47 9.114327076292343e-11
71.92 199.48 5.4296821242403594e-11
71.92 199.48 9.206337514681987e-11
71.92 206.21 8.658192093667033e-27
71.92 206.21 1.5326426978104677e-27
71.92 206.61 1.7236709897437866e-10
71.92 206.61 1.5726671814874257e-11
71.92 206.62 5.477533264302937e-10
71.92 207.64 1.112231700085272e-11
71.92 207.64 3.2046431131509695e-12
71.92 207.64 1.1111415083272256e-11
71.92 209.54 1.3186624502870135e-26
71.92 209.96 6.868724968683012e-26
71.92 211.93 2.470928400512661e-12
71.92 211.93 3.1534601046690376e-10
71.92 211.93 1.412586756437655e-10
71.92 212.71 2.2405832019356855e-10
71.92 212.71 1.828282314970539e-12
71.92 212.71 8.201285723955114e-13
71.92 217.16 1.215404648694747e-27
71.92 217.16 1.680216378196993e-26
71.92 217.29 1.1901297152250749e-11
71.92 217.29 1.2322811589768218e-9
71.92 217.29 1.3044513452393973e-9
71.93 0.0 1.49104095188699e-8
71.93 3.07 9.356404957114369e-10
71.93 3.08 5.344270039271251e-10
71.93 30.84 7.826923257156307e-7
71.93 32.95 1.451824701046178e-23
71.93 32.95 1.1904170227192964e-7
71.93 32.95 1.3862272958224078e-6
71.93 35.37 0.11349652428514131
71.93 35.37 0.0019116784154499381
71.93 35.84 0.0003878337457344228
71.93 35.85 1.321477793711083e-5
71.93 35.88 0.0409211881858974
71.93 35.88 0.04051534504372431
71.93 35.88 1.2443587686913843e-15
71.93 38.23 1.4524117277075454e-24
71.93 38.23 4.333471336404449e-8
71.93 38.23 2.5099634178909174e-7
71.93 44.54 9.608796784335953e-10
71.93 50.83 4.4830965040741914e-18
71.93 50.83 0.01478880382766426
71.93 50.83 0.014781104333389474
71.93 58.99 0.0956618350629405
71.93 60.78 2.5648709550890763e-18
71.93 60.79 0.08165655573488491
71.93 60.79 0.0825318104583845
71.93 60.93 1.2000101660774807e-18
71.93 60.94 0.04641867570805483
71.93 60.94 0.04556229393222383
71.93 69.27 0.00016513748808062582
71.93 69.27 0.00016576634210930958
71.93 69.27 1.85064393731943e-21
71.93 70.6 0.0005192175763904862
71.93 70.6 6.886019005030549e-5
71.93 86.75 0.00119859666682661
71.93 87.51 0.0003315173000757347
71.93 87.51 0.0003307891818438357
71.93 87.51 5.903883499620351e-21
71.93 89.2 0.0006194713840412324
71.93 89.21 0.0006364872127263193
71.93 89.21 1.7237865746113538e-20
71.93 89.27 0.01743505101428436
71.93 89.27 0.013923860802871502
71.93 89.41 0.0036532995297178647
71.93 89.41 0.0036378809815660355
71.93 89.41 8.565074132150858e-20
71.93 89.9 0.006506046612278247
71.93 89.9 0.0065037918804870115
71.93 89.9 4.710071593643099e-19
71.93 97.55 1.9269060373955603e-9
71.93 97.56 2.1631417215905373e-26
71.93 97.56 2.7352694361490722e-11
71.93 99.73 2.0254520112138263e-26
71.93 99.73 1.0086761240625877e-8
71.93 99.73 9.311269711335643e-10
71.93 101.45 6.809377573350141e-9
71.93 130.43 9.277203756062313e-25
71.93 130.43 6.149291553690622e-9
71.93 130.43 2.4348852845035124e-7
71.93 130.45 1.2438286106663896e-25
71.93 130.45 6.108192776239686e-9
71.93 130.45 8.45161045801163e-9
71.93 131.24 4.230292645680523e-9
71.93 139.01 1.5582396789802367e-5
71.93 139.01 1.0547630034522327e-22
71.93 139.01 1.4861168417927213e-9
71.93 139.04 1.1736004637914089e-7
71.93 139.04 1.202378885375352e-7
71.93 139.66 2.5110849110779735e-24
71.93 139.66 2.1479154048262957e-9
71.93 139.66 4.051985133381841e-8
71.93 140.05 2.4401026114755276e-8
71.93 140.06 3.7697405241629896e-8
71.93 140.06 1.0857481233443908e-23
71.93 140.85 0.009313970353311283
71.93 140.88 0.012235336189886533
71.93 140.9 3.159751986635042e-19
71.93 140.93 5.0666088872276845e-8
71.93 140.97 0.005090054432798265
71.93 140.98 2.334774570540008e-22
71.93 140.98 1.2206900559124993e-7
71.93 141.0 0.002119842797124551
71.93 141.94 0.016487536274887384
71.93 141.96 5.83402229122042e-19
71.93 141.96 0.02304743678949266
71.93 142.0 0.006528725395231279
71.93 144.02 0.021299486437215263
71.93 145.55 2.6803022122038058e-8
71.93 146.28 1.287395328193136e-6
71.93 146.28 8.002370718816821e-24
71.93 146.28 2.1537532801820642e-8
71.93 147.14 1.5958620401443323e-8
71.93 147.15 5.454537680020493e-26
71.93 147.15 3.4932693069038364e-9
71.93 147.4 3.870043003383506e-24
71.93 147.4 1.1861920184268175e-7
71.93 147.4 9.452244149520128e-7
71.93 147.92 3.84813223610044e-7
71.93 147.93 2.3175698355584398e-7
71.93 166.97 3.877902249666716e-21
71.93 166.97 9.249697930891523e-5
71.93 166.97 9.240641012740586e-5
71.93 173.02 1.9428494556398387e-6
71.93 173.02 1.944614751728605e-6
71.93 173.02 1.6984366781521974e-21
71.93 176.46 3.0298010619354426e-6
71.93 176.46 8.354604861723928e-6
71.93 177.52 3.210659653480516e-7
71.93 177.53 2.251450358724486e-9
71.93 177.61 1.9244823683171182e-22
71.93 177.61 6.816993945381627e-6
71.93 177.61 6.851032912519214e-6
71.93 177.77 6.981232006059024e-11
71.93 177.98 1.0792216626484838e-22
71.93 177.98 5.2221514137980494e-6
71.93 177.98 5.322798398193069e-6
71.93 179.77 4.178814978832594e-5
71.93 179.77 3.2489864522141273e-5
71.93 180.4 7.19572887457936e-5
71.93 180.4 7.200754168100942e-5
71.93 180.4 1.547806099084683e-21
71.93 182.98 0.00010016209836680981
71.93 182.98 4.754901755087549e-21
71.93 182.98 0.00010045007529171862
71.93 183.1 0.0007747408349718209
71.93 185.84 3.1857749105697365e-7
71.93 185.84 1.2919908194795816e-23
71.93 185.84 4.022112966406556e-7
71.93 186.82 0.0009411217131467197
71.93 186.82 0.0009290997207341246
71.93 186.82 1.946760345367404e-20
71.93 186.9 0.0014982339400320635
71.93 186.9 0.0015094651446668319
71.93 186.9 3.4677180785908815e-20
71.93 187.27 1.2531115634609329e-21
71.93 187.27 5.5769944791370844e-5
71.93 187.27 5.6685016609651924e-5
71.93 187.84 2.4535700739987583e-8
71.93 187.84 1.4119510657200701e-24
71.93 187.84 1.8326481783833754e-7
71.93 188.31 0.0010584073309116535
71.93 197.83 2.278901476974591e-26
71.93 197.83 3.5578705570410913e-11
71.93 197.83 1.827096503165603e-10
71.93 197.83 4.5731266515403915e-10
71.93 197.83 8.007016241001554e-10
71.93 198.53 1.148025802467006e-9
71.93 199.47 2.184713640179609e-27
71.93 199.47 9.03394826459857e-12
71.93 199.47 3.7174541579537917e-10
71.93 206.21 2.8097439779548876e-9
71.93 206.21 1.2807520994287868e-10
71.93 206.61 1.021299538362602e-26
71.93 206.61 2.157978939363021e-9
71.93 206.61 6.59486495404882e-10
71.93 207.63 1.9016635064738063e-8
71.93 207.64 4.923307005321623e-9
71.93 207.64 5.673161357655626e-23
71.93 209.54 3.994804617233053e-9
71.93 209.95 2.2602924351210723e-8
71.93 211.93 3.8719060322978614e-9
71.93 211.93 6.547101288275204e-26
71.93 211.93 6.577438487733668e-9
71.93 212.71 1.3677651799378294e-26
71.93 212.71 3.6576629294089493e-13
71.93 212.71 6.490790238175052e-9
71.93 217.15 3.442846447188356e-10
71.93 217.16 5.507899257950815e-9
71.93 217.29 3.039042863370555e-10
71.93 217.29 1.2099231349494824e-8
71.93 217.29 1.9030619726626104e-25
75.0 0.0 1.3285648688102358e-8
75.0 0.0 1.879542358250264e-10
75.0 27.76 5.04745305257939e-7
75.0 29.87 3.8729229643766976e-8
75.0 29.87 4.705581682552946e-22
75.0 29.87 7.366181326940093e-7
75.0 32.29 1.5626112647923947e-24
75.0 32.3 4.308746320070147e-25
75.0 32.77 0.00017130190508489378
75.0 32.77 2.7490813494280194e-6
75.0 32.81 0.02245121727941591
75.0 32.81 0.019725427031383917
75.0 32.81 0.0845886451420937
75.0 35.16 5.534122467532778e-9
75.0 35.16 1.3182719769890475e-23
75.0 35.16 7.684856844947668e-8
75.0 41.47 2.6042521871348638e-27
75.0 47.75 7.390982840224005e-8
75.0 47.75 0.00022075977709878759
75.0 47.75 0.00021263158157206703
75.0 55.92 2.353385948769429e-26
75.0 57.71 0.11374436195599015
75.0 57.71 0.02748140279585267
75.0 57.71 0.03180598287117652
75.0 57.86 6.566037926390939e-5
75.0 57.86 0.13235305750323126
75.0 57.86 0.12621547002451555
75.0 66.19 0.0005744583379490854
75.0 66.2 0.0006464326832990161
75.0 66.2 0.0024566450761756755
75.0 67.52 1.4063206022991418e-26
75.0 67.52 4.895907876336246e-27
75.0 83.67 1.1516889563392949e-26
75.0 84.44 8.038953902789027e-5
75.0 84.44 7.7481117937326e-5
75.0 84.44 1.762216546080212e-8
75.0 86.13 0.0007159304695420861
75.0 86.13 0.0006734919661068762
75.0 86.14 6.803050959165318e-7
75.0 86.19 2.5957150080779346e-25
75.0 86.19 3.2516965541209116e-25
75.0 86.34 1.7602236821644943e-6
75.0 86.34 1.940370998465119e-6
75.0 86.34 1.6246702278939446e-5
75.0 86.82 0.00801798106408902
75.0 86.82 0.009054844530486841
75.0 86.82 0.03411355511590296
75.0 94.48 8.10481060493871e-9
75.0 94.48 3.505833255760486e-11
75.0 94.48 1.3978745943466124e-27
75.0 96.65 3.1221265051297964e-10
75.0 96.65 1.6340005427919315e-8
75.0 96.66 7.304759329610063e-26
75.0 98.37 1.1395749644915826e-8
75.0 127.35 3.2938665797902444e-9
75.0 127.36 1.922187652128204e-24
75.0 127.36 2.738406772064243e-7
75.0 127.38 1.0467159680301064e-8
75.0 127.38 1.2996676643868774e-25
75.0 127.38 1.4737684286176046e-9
75.0 128.17 4.0075234673623834e-9
75.0 135.93 2.1107023578844514e-5
75.0 135.93 4.161522228302882e-9
75.0 135.94 1.5585919522045001e-24
75.0 135.96 7.118194497138046e-8
75.0 135.96 2.300916591234431e-7
75.0 136.59 2.5257502642925506e-9
75.0 136.59 8.95278933078583e-24
75.0 136.59 4.921710948762482e-7
75.0 136.98 2.486066686223416e-7
75.0 136.98 7.710015316317119e-25
75.0 136.98 3.0543174762012964e-7
75.0 137.78 0.02292471316473861
75.0 137.81 0.029942541427589918
75.0 137.83 1.5214614195004972e-5
75.0 137.85 3.368795708524005e-6
75.0 137.9 0.014713944965484784
75.0 137.91 8.560458284024519e-7
75.0 137.91 1.987128643978283e-23
75.0 137.93 0.006190591250156289
75.0 138.86 0.003970946931309192
75.0 138.88 0.024784133315472433
75.0 138.88 0.006650083854410055
75.0 138.92 0.001930969417036359
75.0 140.95 3.1095312096712672e-27
75.0 142.48 6.518492279803123e-9
75.0 143.2 1.2763135043887319e-26
75.0 143.2 3.3166938258018436e-7
75.0 143.21 1.2260212070434747e-8
75.0 144.07 2.2937374295031775e-8
75.0 144.07 5.17667617437612e-10
75.0 144.07 3.769059676532855e-26
75.0 144.32 3.6853676452673845e-8
75.0 144.32 1.4193399659403181e-24
75.0 144.32 9.377342705709963e-7
75.0 144.85 2.545652656152701e-7
75.0 144.85 4.3142874540334713e-7
75.0 163.89 4.7996494778358346e-5
75.0 163.89 1.270726185539817e-5
75.0 163.89 1.121229566308113e-5
75.0 169.95 5.0008545794319465e-6
75.0 169.95 4.806265966664355e-6
75.0 169.95 1.8641772554730885e-9
75.0 173.38 1.0675419389636305e-28
75.0 173.39 5.155127654878239e-29
75.0 174.45 5.552976389500506e-26
75.0 174.45 3.428590740755719e-27
75.0 174.53 2.3365116367092686e-8
75.0 174.53 5.7006517269862946e-5
75.0 174.53 5.941352465401417e-5
75.0 174.7 4.1257968452586145e-27
75.0 174.91 1.5062922229578226e-6
75.0 174.91 4.303522655878109e-7
75.0 174.91 3.430896069409788e-7
75.0 176.7 1.0878733504051778e-28
75.0 176.7 2.352910929152078e-28
75.0 177.32 2.4274055386795477e-6
75.0 177.33 2.1644111171679103e-6
75.0 177.33 9.473834116855753e-6
75.0 179.91 2.5439058286911537e-5
75.0 179.91 9.592480073372382e-5
75.0 179.91 2.2656691310984838e-5
75.0 180.02 1.2643037170138327e-26
75.0 182.76 3.4906426983562516e-7
75.0 182.77 7.303680712333512e-9
75.0 182.77 2.4605508417559252e-25
75.0 183.74 0.0021525904905382214
75.0 183.75 0.0020594771330753776
75.0 183.75 7.242780757875227e-7
75.0 183.82 0.0004211707694389175
75.0 183.82 0.00048462273509156535
75.0 183.83 0.001816529951474889
75.0 184.2 5.7680629326364504e-8
75.0 184.2 0.0002119581838745284
75.0 184.2 0.00020339884495659667
75.0 184.76 7.120335114879753e-27
75.0 184.76 2.3719562841926683e-11
75.0 184.76 1.9828066835313695e-9
75.0 185.24 9.98703194666602e-28
75.0 194.75 1.9513836598299232e-10
75.0 194.75 6.056304288677333e-13
75.0 194.75 1.1622965203146153e-27
75.0 194.75 1.734694351323339e-9
75.0 194.76 3.4003746720252423e-10
75.0 195.46 9.942111508218825e-10
75.0 196.4 3.5957315154677694e-11
75.0 196.4 7.098546242004818e-28
75.0 196.4 1.8159396298747342e-10
75.0 203.13 7.574465685454909e-9
75.0 203.14 1.9992493722083394e-9
75.0 203.53 2.5687637105276506e-9
75.0 203.54 1.1215741099134814e-26
75.0 203.54 9.297476457589227e-10
75.0 204.56 3.160045796725245e-8
75.0 204.56 4.935541569574683e-23
75.0 204.56 4.844613342063004e-9
75.0 206.47 4.496191315471513e-9
75.0 206.88 3.222548555892128e-8
75.0 208.85 5.2644114840725055e-9
75.0 208.86 7.104205338898629e-9
75.0 208.86 7.284836334920611e-26
75.0 209.63 6.4002447169471784e-9
75.0 209.63 4.8941551981139376e-11
75.0 209.63 1.8450904636884226e-27
75.0 214.08 1.316131666602868e-9
75.0 214.08 4.850124012551729e-9
75.0 214.21 1.0083677097977688e-11
75.0 214.21 1.7373675935065898e-25
75.0 214.21 1.2735444804216769e-8
75.0 219.36 1.896040684259117e-8
75.0 219.36 2.5754800952956604e-11
75.0 219.36 3.620763558610133e-28
75.0 219.77 1.5588145503677392e-5
75.0 219.77 6.212865465459007e-9
75.0 219.77 1.4984386899675334e-5
75.0 0.0 2.131446684757696e-9
75.0 27.76 1.6045556818781e-8
75.0 29.87 1.7962809427403464e-11
75.0 29.87 4.263836695790244e-23
75.0 29.87 6.478415635869487e-8
75.0 32.29 9.11431094330161e-25
75.0 32.29 3.6274342213695246e-25
75.0 32.77 0.000589892811285661
75.0 32.77 1.4737801720038618e-5
75.0 32.8 0.06217286250136691
75.0 32.8 0.0641231488602869
75.0 32.8 2.5699282535224236e-5
75.0 35.15 2.3458219836420434e-9
75.0 35.15 4.2499527921309516e-23
75.0 35.15 2.5598522275657103e-7
75.0 41.47 6.271964464231248e-28
75.0 47.75 0.000285948936554099
75.0 47.75 6.872742288296066e-5
75.0 47.75 7.696348147730544e-5
75.0 55.92 4.22684817180987e-26
75.0 57.71 4.773902986309122e-5
75.0 57.71 0.0862960927932137
75.0 57.71 0.08196856067737608
75.0 57.86 0.17395396593759238
75.0 57.86 0.04164479188147249
75.0 57.86 0.04777299026170418
75.0 66.19 0.0018813438803805193
75.0 66.19 0.0018110917313454
75.0 66.19 6.506729954615284e-7
75.0 67.52 2.1014038988238242e-26
75.0 67.52 9.016402166508916e-27
75.0 83.67 7.126160733819314e-27
75.0 84.44 2.4714423426803373e-5
75.0 84.44 2.7705842226520923e-5
75.0 84.44 0.00010738186960857494
75.0 86.13 0.00020162841285875622
75.0 86.13 0.00024236181812559743
75.0 86.13 0.0009136048510518089
75.0 86.19 8.316094179714856e-25
75.0 86.19 1.940482062290697e-25
75.0 86.33 9.103888765797773e-6
75.0 86.33 7.794067964515225e-6
75.0 86.34 1.3207793981500224e-9
75.0 86.82 0.026115303689746287
75.0 86.82 0.025086853679884377
75.0 86.82 1.05258029161787e-5
75.0 94.47 8.36746901547069e-10
75.0 94.48 1.004906486618227e-9
75.0 94.48 1.2345693527973474e-27
75.0 96.65 7.731932271248752e-11
75.0 96.65 2.0237227396505623e-8
75.0 96.65 7.409393100279993e-26
75.0 98.37 5.777394775955178e-9
75.0 127.35 5.769052319257304e-10
75.0 127.35 1.0462333152375047e-26
75.0 127.35 4.699405104877408e-10
75.0 127.37 2.9688805151068987e-10
75.0 127.38 8.68487591083447e-26
75.0 127.38 4.4907411545783575e-9
75.0 128.16 7.143542189350037e-13
75.0 135.93 7.241318518339531e-7
75.0 135.93 5.393844328409123e-10
75.0 135.93 1.7824827152423524e-25
75.0 135.96 1.1824555390999374e-8
75.0 135.96 2.313624637302219e-8
75.0 136.59 4.547469342966626e-8
75.0 136.59 1.7533544907876675e-23
75.0 136.59 6.82388991983978e-7
75.0 136.98 4.6383216729134457e-7
75.0 136.98 9.981134811189453e-25
75.0 136.98 4.517501157830677e-7
75.0 137.78 0.0062518809426001095
75.0 137.8 0.01028159745457368
75.0 137.83 0.0492730310093234
75.0 137.85 6.5918001529501396e-6
75.0 137.9 0.005420652697669639
75.0 137.91 1.6872569471830966e-5
75.0 137.91 2.139656596019547e-22
75.0 137.93 0.0029068542636089775
75.0 138.86 0.014234811249089117
75.0 138.88 8.043352861122812e-6
75.0 138.88 0.01810824710288702
75.0 138.92 0.00464725675675034
75.0 140.95 6.996836517075283e-27
75.0 142.48 1.5624915803704539e-7
75.0 143.2 3.2835068934109587e-26
75.0 143.2 6.458196832926276e-10
75.0 143.2 1.5359783622704142e-7
75.0 144.07 1.695348253106226e-7
75.0 144.07 5.8491195397159166e-9
75.0 144.07 1.8152853637081404e-25
75.0 144.32 4.4648972038282577e-10
75.0 144.32 1.9481502038664017e-26
75.0 144.32 5.576532002181359e-9
75.0 144.85 4.011019567669986e-8
75.0 144.85 3.782022798996936e-8
75.0 163.89 1.4896294037689622e-8
75.0 163.89 3.517994017146289e-5
75.0 163.89 3.668336305245167e-5
75.0 169.94 1.5093749966213495e-6
75.0 169.94 1.727069775777743e-6
75.0 169.94 6.569765274503085e-6
75.0 173.38 6.073871026487357e-29
75.0 173.38 3.190559262630209e-29
75.0 174.45 2.2730829367777697e-26
75.0 174.45 2.709068970098984e-26
75.0 174.53 7.765199763467915e-5
75.0 174.53 2.0712877406305794e-5
75.0 174.53 1.835036575216764e-5
75.0 174.7 7.63531813542e-27
75.0 174.9 2.6034288597685927e-11
75.0 174.9 1.0972049412843048e-6
75.0 174.9 1.1539990321005773e-6
75.0 176.69 1.0929483393733718e-28
75.0 176.69 1.1158015004678325e-28
75.0 177.32 6.961219430995482e-6
75.0 177.32 7.176438038088795e-6
75.0 177.32 5.059747930137358e-9
75.0 179.91 7.094510728247483e-5
75.0 179.91 2.903656258707462e-8
75.0 179.91 7.386817698748359e-5
75.0 180.02 1.1210768933652661e-26
75.0 182.76 2.7813466244237866e-8
75.0 182.77 1.3376862613876463e-8
75.0 182.77 3.7601400576627617e-25
75.0 183.74 0.0006551304270055625
75.0 183.74 0.0007500935698822983
75.0 183.75 0.002803365918529493
75.0 183.82 0.0013953119021238099
75.0 183.82 0.0013319581487743447
75.0 183.82 4.1125726402416455e-7
75.0 184.19 0.0002773897144754461
75.0 184.19 6.46563709199245e-5
75.0 184.19 7.061650942215178e-5
75.0 184.76 6.619887950495344e-24
75.0 184.76 2.665148592013974e-7
75.0 184.76 5.143230195228287e-7
75.0 185.24 1.121715010742904e-27
75.0 194.75 7.30265755053616e-12
75.0 194.75 1.0897534291394185e-10
75.0 194.75 1.3696648429389498e-27
75.0 194.75 9.295074224163268e-11
75.0 194.75 1.8454085026095002e-10
75.0 195.46 2.7007505459282012e-11
75.0 196.4 1.1232857455914522e-11
75.0 196.4 2.63794867422364e-28
75.0 196.4 1.1002007698100314e-10
75.0 203.13 1.0856041128548463e-10
75.0 203.13 3.7615569044368774e-10
75.0 203.53 3.772301503444339e-10
75.0 203.53 1.5998642387432475e-27
75.0 203.54 5.2355212637356235e-11
75.0 204.56 3.1939884392604874e-10
75.0 204.56 1.2171984263346656e-24
75.0 204.56 1.1968528315614885e-10
75.0 206.46 6.120991527286969e-12
75.0 206.88 7.061304709004909e-12
75.0 208.85 2.9691465776248086e-11
75.0 208.85 3.8968732403842787e-10
75.0 208.86 4.139477858871488e-27
75.0 209.63 8.615717393272787e-10
75.0 209.63 1.0528765315935304e-11
75.0 209.63 2.0066341091494468e-28
75.0 214.08 1.3948455111587874e-11
75.0 214.08 4.61985509680016e-11
75.0 214.21 1.2368419947239135e-10
75.0 214.21 1.4396427736821938e-27
75.0 214.21 9.035287623328941e-13
75.0 219.35 3.1060101415429874e-8
75.0 219.36 4.118785119249487e-8
75.0 219.36 3.55475545867737e-25
75.0 219.76 4.799584557119531e-6
75.0 219.76 2.037046065964973e-5
75.0 219.77 5.380866634343037e-6
