0.0 32.7538 32.7538 32.7539 61.5376 61.5376 61.5378 67.7268 67.7275 67.8296 67.83 67.83 86.4188 86.4189 86.4189 88.3178 88.3179 89.6145 90.2027 90.2027 93.6552 93.6586 93.659 93.9664 93.9664 93.9697 116.8488 117.5786 117.5787 117.5788 118.5725 118.5729 
32.7538 0.0 0.0001 28.7838 28.7838 28.7839 34.973 34.9736 35.0758 35.0762 35.0762 53.665 53.6651 53.6651 55.564 55.5641 56.8607 57.4489 57.4489 60.9014 60.9048 60.9052 61.2126 61.2126 61.2159 84.095 84.8247 84.8248 84.825 85.8187 85.8191 
32.7538 0.0001 28.7838 28.7838 28.7839 34.973 34.9736 35.0758 35.0762 35.0762 53.665 53.6651 53.6651 55.564 55.5641 56.8607 57.4489 57.4489 60.9014 60.9048 60.9052 61.2126 61.2126 61.2159 84.095 84.8247 84.8248 84.825 85.8187 85.8191 
32.7539 28.7837 28.7837 28.7838 34.9729 34.9735 35.0757 35.0761 35.0761 53.6649 53.665 53.665 55.5639 55.5639 56.8606 57.4488 57.4488 60.9013 60.9047 60.9051 61.2125 61.2125 61.2158 84.0948 84.8246 84.8247 84.8249 85.8186 85.819 
61.5376 0.0 0.0002 6.1893 6.1899 6.292 6.2924 6.2924 24.8813 24.8813 24.8813 26.7802 26.7803 28.0769 28.6651 28.6651 32.1177 32.1211 32.1214 32.4288 32.4288 32.4321 55.3112 56.041 56.0411 56.0412 57.035 57.0353 
61.5376 0.0002 6.1893 6.1899 6.292 6.2924 6.2924 24.8812 24.8813 24.8813 26.7802 26.7803 28.0769 28.6651 28.6651 32.1176 32.121 32.1214 32.4288 32.4288 32.4321 55.3112 56.041 56.0411 56.0412 57.0349 57.0353 
61.5378 6.1891 6.1897 6.2919 6.2923 6.2923 24.8811 24.8811 24.8811 26.78 26.7801 28.0767 28.6649 28.665 32.1175 32.1209 32.1213 32.4286 32.4286 32.4319 55.311 56.0408 56.0409 56.0411 57.0348 57.0352 
67.7268 0.0006 0.1028 0.1032 0.1032 18.692 18.692 18.692 20.5909 20.591 21.8877 22.4758 22.4759 25.9284 25.9318 25.9322 26.2395 26.2395 26.2428 49.1219 49.8517 49.8518 49.852 50.8457 50.8461 
67.7275 0.1022 0.1026 0.1026 18.6914 18.6914 18.6914 20.5903 20.5904 21.887 22.4752 22.4753 25.9278 25.9312 25.9316 26.2389 26.2389 26.2422 49.1213 49.8511 49.8512 49.8514 50.8451 50.8455 
67.8296 0.0004 0.0004 18.5892 18.5893 18.5893 20.4882 20.4883 21.7849 22.3731 22.3731 25.8256 25.829 25.8294 26.1368 26.1368 26.1401 49.0192 49.7489 49.749 49.7492 50.7429 50.7433 
67.83 0.0 18.5888 18.5889 18.5889 20.4878 20.4878 21.7845 22.3727 22.3727 25.8252 25.8286 25.829 26.1363 26.1364 26.1397 49.0187 49.7485 49.7486 49.7488 50.7425 50.7429 
67.83 18.5888 18.5889 18.5889 20.4878 20.4878 21.7845 22.3727 22.3727 25.8252 25.8286 25.829 26.1363 26.1364 26.1397 49.0187 49.7485 49.7486 49.7488 50.7425 50.7429 
86.4188 0.0 0.0 1.8989 1.899 3.1957 3.7839 3.7839 7.2364 7.2398 7.2402 7.5475 7.5475 7.5509 30.4299 31.1597 31.1598 31.16 32.1537 32.1541 
86.4189 0.0 1.8989 1.899 3.1956 3.7838 3.7838 7.2364 7.2398 7.2401 7.5475 7.5475 7.5508 30.4299 31.1597 31.1598 31.1599 32.1537 32.154 
86.4189 1.8989 1.899 3.1956 3.7838 3.7838 7.2364 7.2398 7.2401 7.5475 7.5475 7.5508 30.4299 31.1597 31.1598 31.1599 32.1537 32.154 
88.3178 0.0001 1.2967 1.8849 1.8849 5.3375 5.3409 5.3412 5.6486 5.6486 5.6519 28.531 29.2608 29.2609 29.2611 30.2548 30.2551 
88.3179 1.2966 1.8848 1.8849 5.3374 5.3408 5.3411 5.6485 5.6485 5.6518 28.5309 29.2607 29.2608 29.261 30.2547 30.2551 
89.6145 0.5882 0.5882 4.0407 4.0441 4.0445 4.3519 4.3519 4.3552 27.2343 27.9641 27.9642 27.9643 28.958 28.9584 
90.2027 0.0 3.4526 3.4559 3.4563 3.7637 3.7637 3.767 26.6461 27.3759 27.376 27.3761 28.3699 28.3702 
90.2027 3.4525 3.4559 3.4563 3.7637 3.7637 3.767 26.646 27.3758 27.3759 27.3761 28.3698 28.3702 
93.6552 0.0034 0.0038 0.3111 0.3111 0.3145 23.1935 23.9233 23.9234 23.9236 24.9173 24.9177 
93.6586 0.0004 0.3077 0.3077 0.3111 23.1901 23.9199 23.92 23.9202 24.9139 24.9143 
93.659 0.3074 0.3074 0.3107 23.1898 23.9195 23.9196 23.9198 24.9135 24.9139 
93.9664 0.0 0.0033 22.8824 23.6122 23.6123 23.6125 24.6062 24.6065 
93.9664 0.0033 22.8824 23.6122 23.6123 23.6125 24.6062 24.6065 
93.9697 22.8791 23.6089 23.609 23.6091 24.6028 24.6032 
116.8488 0.7298 0.7299 0.7301 1.7238 1.7242 
117.5786 0.0001 0.0003 0.994 0.9944 
117.5787 0.0002 0.9939 0.9943 
117.5788 0.9937 0.9941 
118.5725 0.0004 
118.5729 
