rotational analysis ortho
23.57
1 23.8 0.67
2 23.8 0.1
3 23.8 0.06
4 42.4 0.1
5 42.4 0.06

23.57
1 23.8 0.32
2 23.8 0.13
3 23.8 0.2
4 42.4 0.13
5 42.4 0.2

23.57
1 23.8 0.07
2 23.8 0.28
3 23.8 0.16
4 42.4 0.28
5 42.4 0.16
6 42.4 0.02

39.74
1 23.8 0.04
2 23.8 0.18
3 23.8 0.12
4 42.4 0.18
5 42.4 0.12
6 42.4 0.33

39.74
1 23.8 0.04
2 23.8 0.27
3 23.8 0.03
4 42.4 0.27
5 42.4 0.03
6 42.4 0.34

39.74
1 23.8 0.05
2 23.8 0.04
3 23.8 0.34
4 42.4 0.04
5 42.4 0.34
6 42.4 0.19

69.41
1 23.8 0.16
2 23.8 0.09
3 23.8 0.07
4 42.4 0.09
5 42.4 0.07
7 79.51 0.04
8 79.51 0.14
9 79.51 0.07
13 135.32 0.14
15 135.32 0.07

69.41
1 23.8 0.15
2 23.8 0.08
3 23.8 0.08
4 42.4 0.08
5 42.4 0.08
7 79.51 0.2
8 79.51 0.03
11 79.51 0.11
13 135.32 0.03
16 135.32 0.11

69.41
1 23.8 0.23
3 23.8 0.12
5 42.4 0.12
10 79.51 0.23
14 135.32 0.23

69.41
1 23.8 0.13
2 23.8 0.12
3 23.8 0.05
4 42.4 0.12
5 42.4 0.05
7 79.51 0.2
9 79.51 0.07
11 79.51 0.06
15 135.32 0.07
16 135.32 0.06

69.41
1 23.8 0.16
2 23.8 0.09
3 23.8 0.07
4 42.4 0.09
5 42.4 0.07
7 79.51 0.25
11 79.51 0.12
16 135.32 0.12

86.21
1 23.8 0.32
2 23.8 0.16
3 23.8 0.16
4 42.4 0.16
5 42.4 0.16

88.62
1 23.8 0.21
2 23.8 0.2
3 23.8 0.13
4 42.4 0.2
5 42.4 0.13
6 42.4 0.09

88.62
1 23.8 0.19
2 23.8 0.16
3 23.8 0.18
4 42.4 0.16
5 42.4 0.18
6 42.4 0.1

88.62
1 23.8 0.36
2 23.8 0.12
3 23.8 0.17
4 42.4 0.12
5 42.4 0.17
6 42.4 0.02

93.77
1 23.8 0.05
2 23.8 0.17
3 23.8 0.13
4 42.4 0.17
5 42.4 0.13
6 42.4 0.25

93.77
1 23.8 0.03
2 23.8 0.19
3 23.8 0.07
4 42.4 0.19
5 42.4 0.07
6 42.4 0.35
8 79.51 0.03
13 135.32 0.03

93.77
1 23.8 0.03
2 23.8 0.12
3 23.8 0.14
4 42.4 0.12
5 42.4 0.14
6 42.4 0.35
12 135.32 0.04

93.77
1 23.8 0.06
2 23.8 0.11
3 23.8 0.2
4 42.4 0.11
5 42.4 0.2
6 42.4 0.2
12 135.32 0.02

93.77
1 23.8 0.08
2 23.8 0.15
3 23.8 0.21
4 42.4 0.15
5 42.4 0.21
6 42.4 0.08
11 79.51 0.03
16 135.32 0.03

95.88
1 23.8 0.15
2 23.8 0.1
3 23.8 0.07
4 42.4 0.1
5 42.4 0.07
7 79.51 0.18
8 79.51 0.04
9 79.51 0.11
13 135.32 0.04
15 135.32 0.11

95.88
1 23.8 0.19
2 23.8 0.12
3 23.8 0.02
4 42.4 0.12
5 42.4 0.02
7 79.51 0.08
8 79.51 0.13
9 79.51 0.04
10 79.51 0.02
13 135.32 0.13
14 135.32 0.02
15 135.32 0.04

95.88
1 23.8 0.16
2 23.8 0.07
3 23.8 0.09
4 42.4 0.07
5 42.4 0.09
7 79.51 0.19
8 79.51 0.04
9 79.51 0.08
11 79.51 0.02
13 135.32 0.04
15 135.32 0.08
16 135.32 0.02

95.88
1 23.8 0.08
2 23.8 0.09
3 23.8 0.11
4 42.4 0.09
5 42.4 0.11
6 42.4 0.02
7 79.51 0.05
8 79.51 0.03
9 79.51 0.02
10 79.51 0.03
11 79.51 0.14
13 135.32 0.03
14 135.32 0.03
15 135.32 0.02
16 135.32 0.14

95.88
1 23.8 0.17
2 23.8 0.03
3 23.8 0.12
4 42.4 0.03
5 42.4 0.12
10 79.51 0.18
11 79.51 0.06
14 135.32 0.18
16 135.32 0.06

100.7
1 23.8 0.05
2 23.8 0.21
3 23.8 0.09
4 42.4 0.21
5 42.4 0.09
6 42.4 0.32

100.7
1 23.8 0.07
2 23.8 0.14
3 23.8 0.18
4 42.4 0.14
5 42.4 0.18
6 42.4 0.28

100.7
1 23.8 0.12
2 23.8 0.14
3 23.8 0.22
4 42.4 0.14
5 42.4 0.22
6 42.4 0.14

106.09
2 23.8 0.16
3 23.8 0.16
4 42.4 0.16
5 42.4 0.16
6 42.4 0.32

120.3
1 23.8 0.11
2 23.8 0.07
3 23.8 0.04
4 42.4 0.07
5 42.4 0.04
7 79.51 0.1
8 79.51 0.07
9 79.51 0.03
10 79.51 0.03
11 79.51 0.06
13 135.32 0.07
14 135.32 0.03
15 135.32 0.03
16 135.32 0.06

120.3
1 23.8 0.08
2 23.8 0.07
3 23.8 0.05
4 42.4 0.07
5 42.4 0.05
7 79.51 0.07
8 79.51 0.05
9 79.51 0.07
10 79.51 0.04
11 79.51 0.06
13 135.32 0.05
14 135.32 0.04
15 135.32 0.07
16 135.32 0.06
41 287.54 0.02

120.3
1 23.8 0.14
2 23.8 0.03
3 23.8 0.06
4 42.4 0.03
5 42.4 0.06
7 79.51 0.14
8 79.51 0.03
10 79.51 0.1
11 79.51 0.03
13 135.32 0.03
14 135.32 0.1
16 135.32 0.03
20 136.89 0.03
34 212.63 0.02
40 287.54 0.04

120.3
1 23.8 0.08
2 23.8 0.05
3 23.8 0.07
4 42.4 0.05
5 42.4 0.07
7 79.51 0.06
8 79.51 0.02
9 79.51 0.07
10 79.51 0.06
11 79.51 0.06
13 135.32 0.02
14 135.32 0.06
15 135.32 0.07
16 135.32 0.06
41 287.54 0.02

120.3
1 23.8 0.12
2 23.8 0.05
3 23.8 0.05
4 42.4 0.05
5 42.4 0.05
7 79.51 0.13
8 79.51 0.07
9 79.51 0.03
10 79.51 0.04
11 79.51 0.05
13 135.32 0.07
14 135.32 0.04
15 135.32 0.03
16 135.32 0.05
22 136.89 0.02

120.3
1 23.8 0.08
2 23.8 0.05
3 23.8 0.06
4 42.4 0.05
5 42.4 0.06
7 79.51 0.11
8 79.51 0.04
9 79.51 0.07
10 79.51 0.02
11 79.51 0.06
13 135.32 0.04
14 135.32 0.02
15 135.32 0.07
16 135.32 0.06
21 136.89 0.02
22 136.89 0.02
42 287.54 0.02

120.3
1 23.8 0.1
2 23.8 0.06
3 23.8 0.05
4 42.4 0.06
5 42.4 0.05
7 79.51 0.07
8 79.51 0.08
9 79.51 0.06
10 79.51 0.03
11 79.51 0.04
13 135.32 0.08
14 135.32 0.03
15 135.32 0.06
16 135.32 0.04
38 287.54 0.02

131.23
1 23.8 0.17
2 23.8 0.03
3 23.8 0.11
4 42.4 0.03
5 42.4 0.11
7 79.51 0.11
8 79.51 0.04
9 79.51 0.05
10 79.51 0.07
11 79.51 0.05
13 135.32 0.04
14 135.32 0.07
15 135.32 0.05
16 135.32 0.05

131.23
1 23.8 0.17
2 23.8 0.11
3 23.8 0.03
4 42.4 0.11
5 42.4 0.03
7 79.51 0.12
8 79.51 0.07
9 79.51 0.04
10 79.51 0.04
11 79.51 0.04
13 135.32 0.07
14 135.32 0.04
15 135.32 0.04
16 135.32 0.04

131.23
1 23.8 0.09
2 23.8 0.09
3 23.8 0.1
4 42.4 0.09
5 42.4 0.1
7 79.51 0.08
8 79.51 0.04
9 79.51 0.06
10 79.51 0.05
11 79.51 0.06
13 135.32 0.04
14 135.32 0.05
15 135.32 0.06
16 135.32 0.06

134.08
2 23.8 0.02
4 42.4 0.02
6 42.4 0.03
7 79.51 0.16
8 79.51 0.11
9 79.51 0.16
10 79.51 0.06
11 79.51 0.04
13 135.32 0.11
14 135.32 0.06
15 135.32 0.16
16 135.32 0.04

134.08
6 42.4 0.05
7 79.51 0.02
8 79.51 0.12
9 79.51 0.02
10 79.51 0.12
11 79.51 0.05
12 135.32 0.23
13 135.32 0.12
14 135.32 0.12
15 135.32 0.02
16 135.32 0.05

134.08
3 23.8 0.02
5 42.4 0.02
7 79.51 0.04
8 79.51 0.06
10 79.51 0.07
11 79.51 0.24
12 135.32 0.05
13 135.32 0.06
14 135.32 0.07
16 135.32 0.24

134.08
6 42.4 0.04
7 79.51 0.23
8 79.51 0.09
9 79.51 0.06
10 79.51 0.1
11 79.51 0.07
13 135.32 0.09
14 135.32 0.1
15 135.32 0.06
16 135.32 0.07

134.08
3 23.8 0.02
5 42.4 0.02
6 42.4 0.03
7 79.51 0.12
8 79.51 0.06
9 79.51 0.19
10 79.51 0.1
11 79.51 0.02
12 135.32 0.02
13 135.32 0.06
14 135.32 0.1
15 135.32 0.19
16 135.32 0.02

141.65
1 23.8 0.03
2 23.8 0.06
3 23.8 0.06
4 42.4 0.06
5 42.4 0.06
18 136.89 0.07
19 136.89 0.05
21 136.89 0.05
25 173.6 0.06
26 173.6 0.04
28 173.6 0.04
32 212.63 0.05
33 212.63 0.06
35 212.63 0.04
39 287.54 0.06
41 287.54 0.08
42 287.54 0.05

141.65
1 23.8 0.11
2 23.8 0.02
3 23.8 0.06
4 42.4 0.02
5 42.4 0.06
18 136.89 0.03
20 136.89 0.03
22 136.89 0.17
25 173.6 0.02
27 173.6 0.03
33 212.63 0.02
34 212.63 0.03
36 212.63 0.15
40 287.54 0.04
41 287.54 0.03

141.65
1 23.8 0.06
2 23.8 0.05
3 23.8 0.06
4 42.4 0.05
5 42.4 0.06
18 136.89 0.04
19 136.89 0.06
21 136.89 0.05
25 173.6 0.03
26 173.6 0.05
28 173.6 0.04
32 212.63 0.06
33 212.63 0.03
35 212.63 0.04
39 287.54 0.07
41 287.54 0.04
42 287.54 0.05

141.65
1 23.8 0.09
2 23.8 0.06
3 23.8 0.03
4 42.4 0.06
5 42.4 0.03
17 136.89 0.07
21 136.89 0.05
22 136.89 0.11
24 173.6 0.05
28 173.6 0.04
31 212.63 0.06
35 212.63 0.04
36 212.63 0.09
38 287.54 0.07
42 287.54 0.05

141.65
1 23.8 0.12
2 23.8 0.04
3 23.8 0.03
4 42.4 0.04
5 42.4 0.03
20 136.89 0.07
23 136.89 0.08
27 173.6 0.05
30 173.6 0.06
34 212.63 0.06
37 212.63 0.07
40 287.54 0.08
44 287.54 0.08

141.65
1 23.8 0.11
2 23.8 0.04
3 23.8 0.04
4 42.4 0.04
5 42.4 0.04
17 136.89 0.04
20 136.89 0.05
23 136.89 0.07
24 173.6 0.03
27 173.6 0.04
30 173.6 0.05
31 212.63 0.03
34 212.63 0.04
37 212.63 0.06
38 287.54 0.04
40 287.54 0.06
44 287.54 0.07

141.65
1 23.8 0.09
2 23.8 0.05
3 23.8 0.04
4 42.4 0.05
5 42.4 0.04
17 136.89 0.04
18 136.89 0.03
19 136.89 0.02
21 136.89 0.02
22 136.89 0.08
24 173.6 0.03
25 173.6 0.03
31 212.63 0.04
33 212.63 0.03
36 212.63 0.07
38 287.54 0.05
39 287.54 0.02
41 287.54 0.04
42 287.54 0.02

141.96
1 23.8 0.11
2 23.8 0.13
3 23.8 0.04
4 42.4 0.13
5 42.4 0.04
6 42.4 0.02
7 79.51 0.04
8 79.51 0.13
10 79.51 0.02
11 79.51 0.06
12 135.32 0.02
13 135.32 0.13
14 135.32 0.02
16 135.32 0.06

141.96
1 23.8 0.15
2 23.8 0.07
3 23.8 0.09
4 42.4 0.07
5 42.4 0.09
8 79.51 0.02
9 79.51 0.12
10 79.51 0.02
12 135.32 0.16
13 135.32 0.02
14 135.32 0.02
15 135.32 0.12

141.96
1 23.8 0.13
2 23.8 0.08
3 23.8 0.09
4 42.4 0.08
5 42.4 0.09
6 42.4 0.02
8 79.51 0.06
9 79.51 0.04
11 79.51 0.06
12 135.32 0.15
13 135.32 0.06
15 135.32 0.04
16 135.32 0.06

141.96
1 23.8 0.08
2 23.8 0.05
3 23.8 0.13
4 42.4 0.05
5 42.4 0.13
6 42.4 0.02
7 79.51 0.05
8 79.51 0.02
9 79.51 0.03
10 79.51 0.16
13 135.32 0.02
14 135.32 0.16
15 135.32 0.03

141.96
1 23.8 0.21
2 23.8 0.07
3 23.8 0.05
4 42.4 0.07
5 42.4 0.05
8 79.51 0.02
9 79.51 0.05
10 79.51 0.04
11 79.51 0.12
12 135.32 0.05
13 135.32 0.02
14 135.32 0.04
15 135.32 0.05
16 135.32 0.12

150.11
1 23.8 0.07
2 23.8 0.15
3 23.8 0.16
4 42.4 0.15
5 42.4 0.16
6 42.4 0.12
9 79.51 0.03
11 79.51 0.02
15 135.32 0.03
16 135.32 0.02

150.11
2 23.8 0.11
3 23.8 0.11
4 42.4 0.11
5 42.4 0.11
6 42.4 0.34
8 79.51 0.03
12 135.32 0.06
13 135.32 0.03

150.11
1 23.8 0.05
2 23.8 0.16
3 23.8 0.12
4 42.4 0.16
5 42.4 0.12
6 42.4 0.2
8 79.51 0.02
13 135.32 0.02

150.11
1 23.8 0.03
2 23.8 0.09
3 23.8 0.16
4 42.4 0.09
5 42.4 0.16
6 42.4 0.28
10 79.51 0.02
12 135.32 0.04
14 135.32 0.02

150.11
1 23.8 0.06
2 23.8 0.17
3 23.8 0.12
4 42.4 0.17
5 42.4 0.12
6 42.4 0.17
9 79.51 0.02
11 79.51 0.02
12 135.32 0.02
15 135.32 0.02
16 135.32 0.02

150.11
1 23.8 0.05
2 23.8 0.19
3 23.8 0.09
4 42.4 0.19
5 42.4 0.09
6 42.4 0.18
11 79.51 0.03
12 135.32 0.02
16 135.32 0.03

150.11
1 23.8 0.03
2 23.8 0.09
3 23.8 0.16
4 42.4 0.09
5 42.4 0.16
6 42.4 0.28
10 79.51 0.02
12 135.32 0.04
14 135.32 0.02

152.04
1 23.8 0.29
2 23.8 0.16
3 23.8 0.15
4 42.4 0.16
5 42.4 0.15
6 42.4 0.02

152.04
1 23.8 0.24
2 23.8 0.12
3 23.8 0.19
4 42.4 0.12
5 42.4 0.19
6 42.4 0.07

152.04
1 23.8 0.25
2 23.8 0.18
3 23.8 0.13
4 42.4 0.18
5 42.4 0.13
6 42.4 0.06

157.25
1 23.8 0.07
2 23.8 0.02
3 23.8 0.34
4 42.4 0.02
5 42.4 0.34
6 42.4 0.1

157.25
1 23.8 0.06
2 23.8 0.32
3 23.8 0.03
4 42.4 0.32
5 42.4 0.03
6 42.4 0.12

157.25
1 23.8 0.02
2 23.8 0.1
3 23.8 0.07
4 42.4 0.1
5 42.4 0.07
6 42.4 0.51
12 135.32 0.03

160.02
1 23.8 0.07
2 23.8 0.2
3 23.8 0.1
4 42.4 0.2
5 42.4 0.1
6 42.4 0.23
12 135.32 0.02

160.02
1 23.8 0.08
2 23.8 0.18
3 23.8 0.14
4 42.4 0.18
5 42.4 0.14
6 42.4 0.17

160.02
1 23.8 0.06
2 23.8 0.12
3 23.8 0.17
4 42.4 0.12
5 42.4 0.17
6 42.4 0.27

160.02
1 23.8 0.05
2 23.8 0.14
3 23.8 0.11
4 42.4 0.14
5 42.4 0.11
6 42.4 0.34

160.02
1 23.8 0.09
2 23.8 0.1
3 23.8 0.24
4 42.4 0.1
5 42.4 0.24
6 42.4 0.12
12 135.32 0.03

160.2
1 23.8 0.05
2 23.8 0.23
4 42.4 0.23
6 42.4 0.03
7 79.51 0.06
8 79.51 0.06
9 79.51 0.06
11 79.51 0.06
13 135.32 0.06
15 135.32 0.06
16 135.32 0.06

160.2
3 23.8 0.24
5 42.4 0.24
6 42.4 0.04
7 79.51 0.05
9 79.51 0.06
10 79.51 0.06
11 79.51 0.06
14 135.32 0.06
15 135.32 0.06
16 135.32 0.06

160.2
1 23.8 0.41
2 23.8 0.04
3 23.8 0.03
4 42.4 0.04
5 42.4 0.03
7 79.51 0.16
8 79.51 0.06
10 79.51 0.06
13 135.32 0.06
14 135.32 0.06

161.91
1 23.8 0.03
2 23.8 0.08
3 23.8 0.1
4 42.4 0.08
5 42.4 0.1
6 42.4 0.09
7 79.51 0.06
8 79.51 0.06
10 79.51 0.08
12 135.32 0.13
13 135.32 0.06
14 135.32 0.08

161.91
1 23.8 0.11
2 23.8 0.11
3 23.8 0.05
4 42.4 0.11
5 42.4 0.05
6 42.4 0.05
7 79.51 0.06
8 79.51 0.03
10 79.51 0.07
11 79.51 0.08
12 135.32 0.04
13 135.32 0.03
14 135.32 0.07
16 135.32 0.08

161.91
1 23.8 0.05
2 23.8 0.08
3 23.8 0.09
4 42.4 0.08
5 42.4 0.09
6 42.4 0.08
7 79.51 0.12
8 79.51 0.07
9 79.51 0.03
10 79.51 0.06
11 79.51 0.02
12 135.32 0.03
13 135.32 0.07
14 135.32 0.06
15 135.32 0.03
16 135.32 0.02

161.91
1 23.8 0.15
2 23.8 0.05
3 23.8 0.1
4 42.4 0.05
5 42.4 0.1
6 42.4 0.03
7 79.51 0.04
8 79.51 0.06
9 79.51 0.04
10 79.51 0.02
11 79.51 0.1
13 135.32 0.06
14 135.32 0.02
15 135.32 0.04
16 135.32 0.1

161.91
1 23.8 0.2
2 23.8 0.07
3 23.8 0.07
4 42.4 0.07
5 42.4 0.07
8 79.51 0.03
9 79.51 0.16
10 79.51 0.03
11 79.51 0.03
13 135.32 0.03
14 135.32 0.03
15 135.32 0.16
16 135.32 0.03

164.19
1 23.8 0.12
2 23.8 0.05
3 23.8 0.07
4 42.4 0.05
5 42.4 0.07
7 79.51 0.14
9 79.51 0.03
10 79.51 0.06
11 79.51 0.06
14 135.32 0.06
15 135.32 0.03
16 135.32 0.06
22 136.89 0.02
36 212.63 0.03

164.19
1 23.8 0.14
2 23.8 0.07
3 23.8 0.04
4 42.4 0.07
5 42.4 0.04
7 79.51 0.12
8 79.51 0.08
9 79.51 0.05
10 79.51 0.04
13 135.32 0.08
14 135.32 0.04
15 135.32 0.05

164.19
1 23.8 0.11
2 23.8 0.04
3 23.8 0.08
4 42.4 0.04
5 42.4 0.08
7 79.51 0.12
9 79.51 0.05
10 79.51 0.08
11 79.51 0.05
14 135.32 0.08
15 135.32 0.05
16 135.32 0.05

164.19
1 23.8 0.07
2 23.8 0.06
3 23.8 0.08
4 42.4 0.06
5 42.4 0.08
7 79.51 0.07
8 79.51 0.03
9 79.51 0.07
10 79.51 0.03
11 79.51 0.08
13 135.32 0.03
14 135.32 0.03
15 135.32 0.07
16 135.32 0.08

164.19
1 23.8 0.11
2 23.8 0.06
3 23.8 0.06
4 42.4 0.06
5 42.4 0.06
7 79.51 0.11
8 79.51 0.05
9 79.51 0.06
10 79.51 0.03
11 79.51 0.04
13 135.32 0.05
14 135.32 0.03
15 135.32 0.06
16 135.32 0.04

164.19
1 23.8 0.1
2 23.8 0.09
3 23.8 0.04
4 42.4 0.09
5 42.4 0.04
7 79.51 0.06
8 79.51 0.08
9 79.51 0.06
10 79.51 0.03
11 79.51 0.04
13 135.32 0.08
14 135.32 0.03
15 135.32 0.06
16 135.32 0.04

164.19
1 23.8 0.11
2 23.8 0.06
3 23.8 0.06
4 42.4 0.06
5 42.4 0.06
7 79.51 0.03
8 79.51 0.07
10 79.51 0.07
11 79.51 0.06
13 135.32 0.07
14 135.32 0.07
16 135.32 0.06
19 136.89 0.02
26 173.6 0.03
32 212.63 0.03

167.61
1 23.8 0.02
2 23.8 0.15
3 23.8 0.17
4 42.4 0.15
5 42.4 0.17
6 42.4 0.3

167.61
1 23.8 0.02
2 23.8 0.18
3 23.8 0.14
4 42.4 0.18
5 42.4 0.14
6 42.4 0.3

167.61
1 23.8 0.03
2 23.8 0.15
3 23.8 0.17
4 42.4 0.15
5 42.4 0.17
6 42.4 0.29

170.3
17 136.89 0.11
24 173.6 0.21
27 173.6 0.02
28 173.6 0.02
29 173.6 0.1
31 212.63 0.17
34 212.63 0.02
38 287.54 0.06
43 287.54 0.03

170.3
18 136.89 0.02
21 136.89 0.03
22 136.89 0.03
23 136.89 0.08
25 173.6 0.05
28 173.6 0.06
30 173.6 0.17
33 212.63 0.04
35 212.63 0.05
36 212.63 0.03
37 212.63 0.14
44 287.54 0.05

170.3
18 136.89 0.05
19 136.89 0.04
21 136.89 0.03
23 136.89 0.05
25 173.6 0.09
26 173.6 0.08
28 173.6 0.05
30 173.6 0.1
32 212.63 0.06
33 212.63 0.07
35 212.63 0.04
37 212.63 0.08
39 287.54 0.03
41 287.54 0.03
44 287.54 0.03

170.3
18 136.89 0.05
19 136.89 0.03
20 136.89 0.03
21 136.89 0.06
25 173.6 0.09
26 173.6 0.04
27 173.6 0.06
28 173.6 0.12
32 212.63 0.04
33 212.63 0.07
34 212.63 0.05
35 212.63 0.09
41 287.54 0.03
42 287.54 0.04

170.3
20 136.89 0.08
21 136.89 0.02
22 136.89 0.02
25 173.6 0.02
27 173.6 0.15
28 173.6 0.04
29 173.6 0.19
34 212.63 0.12
35 212.63 0.03
36 212.63 0.03
40 287.54 0.04
43 287.54 0.05

170.3
17 136.89 0.04
18 136.89 0.02
19 136.89 0.02
20 136.89 0.03
24 173.6 0.08
25 173.6 0.04
26 173.6 0.04
27 173.6 0.05
28 173.6 0.03
29 173.6 0.19
31 212.63 0.06
32 212.63 0.04
33 212.63 0.03
34 212.63 0.04
35 212.63 0.02
38 287.54 0.02
40 287.54 0.02
43 287.54 0.05

170.3
19 136.89 0.08
23 136.89 0.03
25 173.6 0.03
26 173.6 0.15
27 173.6 0.04
29 173.6 0.11
30 173.6 0.05
32 212.63 0.12
33 212.63 0.02
34 212.63 0.03
37 212.63 0.04
39 287.54 0.04
43 287.54 0.03
44 287.54 0.02

177.03
1 23.8 0.06
2 23.8 0.03
3 23.8 0.05
4 42.4 0.03
5 42.4 0.05
7 79.51 0.11
8 79.51 0.02
9 79.51 0.07
10 79.51 0.06
11 79.51 0.06
13 135.32 0.02
14 135.32 0.06
15 135.32 0.07
16 135.32 0.06
22 136.89 0.03
36 212.63 0.02
41 287.54 0.02

177.03
1 23.8 0.07
2 23.8 0.05
3 23.8 0.03
4 42.4 0.05
5 42.4 0.03
7 79.51 0.1
8 79.51 0.07
9 79.51 0.06
10 79.51 0.04
11 79.51 0.05
13 135.32 0.07
14 135.32 0.04
15 135.32 0.06
16 135.32 0.05
22 136.89 0.02

177.03
1 23.8 0.08
2 23.8 0.04
3 23.8 0.03
4 42.4 0.04
5 42.4 0.03
7 79.51 0.14
8 79.51 0.07
9 79.51 0.03
10 79.51 0.04
11 79.51 0.05
13 135.32 0.07
14 135.32 0.04
15 135.32 0.03
16 135.32 0.05
22 136.89 0.03
36 212.63 0.02
44 287.54 0.02

177.03
1 23.8 0.08
2 23.8 0.03
3 23.8 0.04
4 42.4 0.03
5 42.4 0.04
7 79.51 0.11
8 79.51 0.05
9 79.51 0.05
10 79.51 0.08
11 79.51 0.04
13 135.32 0.05
14 135.32 0.08
15 135.32 0.05
16 135.32 0.04
17 136.89 0.02
38 287.54 0.02
40 287.54 0.02

177.03
1 23.8 0.07
2 23.8 0.03
3 23.8 0.04
4 42.4 0.03
5 42.4 0.04
7 79.51 0.1
8 79.51 0.05
9 79.51 0.06
10 79.51 0.07
11 79.51 0.04
13 135.32 0.05
14 135.32 0.07
15 135.32 0.06
16 135.32 0.04
38 287.54 0.02

177.03
1 23.8 0.05
2 23.8 0.03
3 23.8 0.05
4 42.4 0.03
5 42.4 0.05
7 79.51 0.07
9 79.51 0.09
10 79.51 0.07
11 79.51 0.06
14 135.32 0.07
15 135.32 0.09
16 135.32 0.06
42 287.54 0.02

177.03
1 23.8 0.08
2 23.8 0.04
3 23.8 0.03
4 42.4 0.04
5 42.4 0.03
7 79.51 0.11
8 79.51 0.08
9 79.51 0.04
10 79.51 0.04
11 79.51 0.05
13 135.32 0.08
14 135.32 0.04
15 135.32 0.04
16 135.32 0.05
44 287.54 0.02

177.03
1 23.8 0.08
2 23.8 0.04
3 23.8 0.03
4 42.4 0.04
5 42.4 0.03
7 79.51 0.12
8 79.51 0.07
9 79.51 0.03
10 79.51 0.05
11 79.51 0.05
13 135.32 0.07
14 135.32 0.05
15 135.32 0.03
16 135.32 0.05

177.03
1 23.8 0.05
2 23.8 0.04
3 23.8 0.04
4 42.4 0.04
5 42.4 0.04
7 79.51 0.08
8 79.51 0.04
9 79.51 0.06
10 79.51 0.03
11 79.51 0.09
13 135.32 0.04
14 135.32 0.03
15 135.32 0.06
16 135.32 0.09
41 287.54 0.02
42 287.54 0.02

184.88
1 23.8 0.08
2 23.8 0.05
3 23.8 0.03
4 42.4 0.05
5 42.4 0.03
7 79.51 0.03
8 79.51 0.13
9 79.51 0.05
10 79.51 0.05
11 79.51 0.03
13 135.32 0.13
14 135.32 0.05
15 135.32 0.05
16 135.32 0.03

184.88
1 23.8 0.11
3 23.8 0.04
5 42.4 0.04
7 79.51 0.1
8 79.51 0.04
10 79.51 0.15
13 135.32 0.04
14 135.32 0.15
22 136.89 0.02
40 287.54 0.02

184.88
1 23.8 0.03
2 23.8 0.05
3 23.8 0.05
4 42.4 0.05
5 42.4 0.05
7 79.51 0.02
8 79.51 0.04
10 79.51 0.03
11 79.51 0.19
13 135.32 0.04
14 135.32 0.03
16 135.32 0.19
41 287.54 0.02
42 287.54 0.02

184.88
1 23.8 0.04
2 23.8 0.05
3 23.8 0.04
4 42.4 0.05
5 42.4 0.04
7 79.51 0.11
9 79.51 0.16
10 79.51 0.02
11 79.51 0.02
14 135.32 0.02
15 135.32 0.16
16 135.32 0.02
41 287.54 0.02
42 287.54 0.02

184.88
1 23.8 0.1
2 23.8 0.03
3 23.8 0.03
4 42.4 0.03
5 42.4 0.03
7 79.51 0.27
8 79.51 0.05
9 79.51 0.05
10 79.51 0.03
13 135.32 0.05
14 135.32 0.03
15 135.32 0.05
22 136.89 0.03
36 212.63 0.02

191.06
2 23.8 0.02
4 42.4 0.02
7 79.51 0.05
8 79.51 0.11
9 79.51 0.11
10 79.51 0.06
11 79.51 0.06
12 135.32 0.16
13 135.32 0.11
14 135.32 0.06
15 135.32 0.11
16 135.32 0.06

191.06
3 23.8 0.02
5 42.4 0.02
7 79.51 0.07
8 79.51 0.08
9 79.51 0.12
10 79.51 0.09
11 79.51 0.06
12 135.32 0.12
13 135.32 0.08
14 135.32 0.09
15 135.32 0.12
16 135.32 0.06

191.06
3 23.8 0.02
5 42.4 0.02
7 79.51 0.08
8 79.51 0.11
9 79.51 0.1
10 79.51 0.07
11 79.51 0.06
12 135.32 0.11
13 135.32 0.11
14 135.32 0.07
15 135.32 0.1
16 135.32 0.06

191.06
6 42.4 0.03
7 79.51 0.11
8 79.51 0.06
9 79.51 0.05
10 79.51 0.1
11 79.51 0.18
13 135.32 0.06
14 135.32 0.1
15 135.32 0.05
16 135.32 0.18

191.06
1 23.8 0.02
7 79.51 0.14
8 79.51 0.09
9 79.51 0.04
10 79.51 0.11
11 79.51 0.12
12 135.32 0.03
13 135.32 0.09
14 135.32 0.11
15 135.32 0.04
16 135.32 0.12

192.06
2 23.8 0.02
4 42.4 0.02
6 42.4 0.03
7 79.51 0.09
8 79.51 0.08
9 79.51 0.03
10 79.51 0.06
11 79.51 0.1
13 135.32 0.08
14 135.32 0.06
15 135.32 0.03
16 135.32 0.1
22 136.89 0.02

192.06
6 42.4 0.03
7 79.51 0.2
8 79.51 0.05
9 79.51 0.12
10 79.51 0.03
11 79.51 0.02
13 135.32 0.05
14 135.32 0.03
15 135.32 0.12
16 135.32 0.02
17 136.89 0.02
24 173.6 0.03
31 212.63 0.03

192.06
6 42.4 0.03
7 79.51 0.13
8 79.51 0.06
9 79.51 0.03
10 79.51 0.06
11 79.51 0.1
13 135.32 0.06
14 135.32 0.06
15 135.32 0.03
16 135.32 0.1

192.06
3 23.8 0.02
5 42.4 0.02
6 42.4 0.04
7 79.51 0.13
8 79.51 0.06
9 79.51 0.05
10 79.51 0.07
11 79.51 0.07
13 135.32 0.06
14 135.32 0.07
15 135.32 0.05
16 135.32 0.07
22 136.89 0.02

192.06
2 23.8 0.02
4 42.4 0.02
6 42.4 0.03
7 79.51 0.03
8 79.51 0.11
9 79.51 0.09
10 79.51 0.07
11 79.51 0.03
13 135.32 0.11
14 135.32 0.07
15 135.32 0.09
16 135.32 0.03
25 173.6 0.02
29 173.6 0.03

192.06
6 42.4 0.03
7 79.51 0.15
8 79.51 0.04
9 79.51 0.06
10 79.51 0.07
11 79.51 0.08
13 135.32 0.04
14 135.32 0.07
15 135.32 0.06
16 135.32 0.08
26 173.6 0.02
32 212.63 0.02

192.06
6 42.4 0.03
7 79.51 0.08
8 79.51 0.06
9 79.51 0.07
10 79.51 0.09
11 79.51 0.06
13 135.32 0.06
14 135.32 0.09
15 135.32 0.07
16 135.32 0.06

195.14
1 23.8 0.14
2 23.8 0.07
3 23.8 0.07
4 42.4 0.07
5 42.4 0.07
7 79.51 0.11
8 79.51 0.06
9 79.51 0.06
10 79.51 0.06
11 79.51 0.06
13 135.32 0.06
14 135.32 0.06
15 135.32 0.06
16 135.32 0.06

198.12
2 23.8 0.03
4 42.4 0.03
6 42.4 0.06
7 79.51 0.09
8 79.51 0.09
9 79.51 0.1
10 79.51 0.06
11 79.51 0.1
12 135.32 0.04
13 135.32 0.09
14 135.32 0.06
15 135.32 0.1
16 135.32 0.1

198.12
1 23.8 0.02
3 23.8 0.05
5 42.4 0.05
6 42.4 0.03
7 79.51 0.15
8 79.51 0.04
9 79.51 0.07
10 79.51 0.12
11 79.51 0.07
12 135.32 0.03
13 135.32 0.04
14 135.32 0.12
15 135.32 0.07
16 135.32 0.07

198.12
1 23.8 0.02
2 23.8 0.05
4 42.4 0.05
6 42.4 0.02
7 79.51 0.15
8 79.51 0.11
9 79.51 0.07
10 79.51 0.06
11 79.51 0.07
12 135.32 0.03
13 135.32 0.11
14 135.32 0.06
15 135.32 0.07
16 135.32 0.07

202.72
1 23.8 0.03
2 23.8 0.04
3 23.8 0.02
4 42.4 0.04
5 42.4 0.02
8 79.51 0.1
9 79.51 0.04
10 79.51 0.05
11 79.51 0.04
12 135.32 0.16
13 135.32 0.1
14 135.32 0.05
15 135.32 0.04
16 135.32 0.04

202.72
1 23.8 0.04
2 23.8 0.04
3 23.8 0.02
4 42.4 0.04
5 42.4 0.02
8 79.51 0.08
9 79.51 0.04
10 79.51 0.03
11 79.51 0.05
12 135.32 0.19
13 135.32 0.08
14 135.32 0.03
15 135.32 0.04
16 135.32 0.05
20 136.89 0.02
40 287.54 0.02

202.72
1 23.8 0.05
2 23.8 0.02
3 23.8 0.04
4 42.4 0.02
5 42.4 0.04
8 79.51 0.04
9 79.51 0.07
10 79.51 0.07
11 79.51 0.04
12 135.32 0.15
13 135.32 0.04
14 135.32 0.07
15 135.32 0.07
16 135.32 0.04

202.72
1 23.8 0.08
2 23.8 0.03
4 42.4 0.03
8 79.51 0.04
9 79.51 0.1
11 79.51 0.12
12 135.32 0.07
13 135.32 0.04
15 135.32 0.1
16 135.32 0.12
42 287.54 0.02

202.72
1 23.8 0.06
2 23.8 0.02
3 23.8 0.03
4 42.4 0.02
5 42.4 0.03
8 79.51 0.04
9 79.51 0.08
10 79.51 0.04
11 79.51 0.07
12 135.32 0.13
13 135.32 0.04
14 135.32 0.04
15 135.32 0.08
16 135.32 0.07

202.72
1 23.8 0.05
3 23.8 0.04
5 42.4 0.04
9 79.51 0.04
10 79.51 0.08
11 79.51 0.1
12 135.32 0.13
14 135.32 0.08
15 135.32 0.04
16 135.32 0.1
22 136.89 0.02
36 212.63 0.02

202.72
1 23.8 0.05
2 23.8 0.03
3 23.8 0.03
4 42.4 0.03
5 42.4 0.03
8 79.51 0.06
9 79.51 0.05
10 79.51 0.08
11 79.51 0.06
12 135.32 0.11
13 135.32 0.06
14 135.32 0.08
15 135.32 0.05
16 135.32 0.06

205.96
1 23.8 0.1
2 23.8 0.06
3 23.8 0.04
4 42.4 0.06
5 42.4 0.04
19 136.89 0.04
21 136.89 0.03
22 136.89 0.05
23 136.89 0.04
26 173.6 0.03
28 173.6 0.03
30 173.6 0.03
32 212.63 0.03
35 212.63 0.03
36 212.63 0.04
37 212.63 0.03
39 287.54 0.04
42 287.54 0.03
44 287.54 0.04

205.96
1 23.8 0.1
2 23.8 0.05
3 23.8 0.05
4 42.4 0.05
5 42.4 0.05
18 136.89 0.02
19 136.89 0.03
20 136.89 0.02
21 136.89 0.03
22 136.89 0.06
23 136.89 0.03
25 173.6 0.02
26 173.6 0.02
28 173.6 0.02
30 173.6 0.02
32 212.63 0.02
33 212.63 0.02
34 212.63 0.02
35 212.63 0.02
36 212.63 0.06
37 212.63 0.03
39 287.54 0.03
40 287.54 0.02
41 287.54 0.03
42 287.54 0.03
44 287.54 0.03

205.96
1 23.8 0.12
2 23.8 0.05
3 23.8 0.04
4 42.4 0.05
5 42.4 0.04
17 136.89 0.03
22 136.89 0.08
23 136.89 0.04
24 173.6 0.03
30 173.6 0.04
31 212.63 0.03
36 212.63 0.07
37 212.63 0.04
38 287.54 0.03
39 287.54 0.02
44 287.54 0.04

205.96
1 23.8 0.08
2 23.8 0.05
3 23.8 0.06
4 42.4 0.05
5 42.4 0.06
17 136.89 0.03
18 136.89 0.03
19 136.89 0.03
20 136.89 0.02
21 136.89 0.03
24 173.6 0.03
25 173.6 0.03
26 173.6 0.03
27 173.6 0.02
28 173.6 0.02
31 212.63 0.03
32 212.63 0.03
33 212.63 0.03
34 212.63 0.02
35 212.63 0.02
38 287.54 0.03
39 287.54 0.04
40 287.54 0.02
41 287.54 0.03
42 287.54 0.03

205.96
1 23.8 0.07
2 23.8 0.05
3 23.8 0.06
4 42.4 0.05
5 42.4 0.06
17 136.89 0.02
18 136.89 0.04
19 136.89 0.03
20 136.89 0.02
21 136.89 0.03
25 173.6 0.04
26 173.6 0.02
27 173.6 0.02
28 173.6 0.03
32 212.63 0.03
33 212.63 0.04
34 212.63 0.02
35 212.63 0.03
38 287.54 0.02
39 287.54 0.03
40 287.54 0.03
41 287.54 0.04
42 287.54 0.04

205.96
1 23.8 0.13
2 23.8 0.04
3 23.8 0.05
4 42.4 0.04
5 42.4 0.05
17 136.89 0.02
20 136.89 0.05
22 136.89 0.09
23 136.89 0.02
27 173.6 0.04
34 212.63 0.05
36 212.63 0.08
38 287.54 0.02
40 287.54 0.05
44 287.54 0.02

205.96
1 23.8 0.09
2 23.8 0.05
3 23.8 0.05
4 42.4 0.05
5 42.4 0.05
17 136.89 0.02
18 136.89 0.04
20 136.89 0.03
21 136.89 0.03
22 136.89 0.04
25 173.6 0.04
27 173.6 0.03
28 173.6 0.02
33 212.63 0.04
34 212.63 0.03
35 212.63 0.03
36 212.63 0.04
38 287.54 0.02
40 287.54 0.03
41 287.54 0.05
42 287.54 0.03

205.96
1 23.8 0.1
2 23.8 0.05
3 23.8 0.05
4 42.4 0.05
5 42.4 0.05
17 136.89 0.03
18 136.89 0.02
19 136.89 0.02
20 136.89 0.02
21 136.89 0.03
22 136.89 0.05
23 136.89 0.02
24 173.6 0.03
25 173.6 0.02
26 173.6 0.02
27 173.6 0.02
28 173.6 0.02
31 212.63 0.03
32 212.63 0.02
33 212.63 0.02
34 212.63 0.02
35 212.63 0.02
36 212.63 0.05
38 287.54 0.03
39 287.54 0.02
40 287.54 0.03
41 287.54 0.02
42 287.54 0.03
44 287.54 0.02

205.96
1 23.8 0.1
2 23.8 0.05
3 23.8 0.05
4 42.4 0.05
5 42.4 0.05
17 136.89 0.02
19 136.89 0.04
20 136.89 0.03
21 136.89 0.03
22 136.89 0.03
23 136.89 0.02
26 173.6 0.03
27 173.6 0.02
28 173.6 0.02
30 173.6 0.02
32 212.63 0.04
34 212.63 0.03
35 212.63 0.02
36 212.63 0.03
37 212.63 0.02
38 287.54 0.02
39 287.54 0.04
40 287.54 0.03
41 287.54 0.02
42 287.54 0.03
44 287.54 0.03

206.01
1 23.8 0.04
2 23.8 0.04
3 23.8 0.05
4 42.4 0.04
5 42.4 0.05
8 79.51 0.08
9 79.51 0.05
10 79.51 0.09
11 79.51 0.05
12 135.32 0.19
13 135.32 0.08
14 135.32 0.09
15 135.32 0.05
16 135.32 0.05

206.01
1 23.8 0.08
2 23.8 0.03
3 23.8 0.05
4 42.4 0.03
5 42.4 0.05
7 79.51 0.02
8 79.51 0.05
9 79.51 0.08
10 79.51 0.09
11 79.51 0.08
12 135.32 0.11
13 135.32 0.05
14 135.32 0.09
15 135.32 0.08
16 135.32 0.08

206.01
1 23.8 0.09
2 23.8 0.05
3 23.8 0.02
4 42.4 0.05
5 42.4 0.02
7 79.51 0.02
8 79.51 0.09
9 79.51 0.09
10 79.51 0.04
11 79.51 0.09
12 135.32 0.1
13 135.32 0.09
14 135.32 0.04
15 135.32 0.09
16 135.32 0.09

207.33
1 23.8 0.05
2 23.8 0.05
3 23.8 0.05
4 42.4 0.05
5 42.4 0.05
11 79.51 0.02
16 135.32 0.02
18 136.89 0.04
19 136.89 0.03
21 136.89 0.04
22 136.89 0.02
25 173.6 0.04
26 173.6 0.03
28 173.6 0.04
32 212.63 0.03
33 212.63 0.04
35 212.63 0.04
39 287.54 0.03
41 287.54 0.05
42 287.54 0.05

207.33
1 23.8 0.09
2 23.8 0.02
3 23.8 0.06
4 42.4 0.02
5 42.4 0.06
12 135.32 0.02
17 136.89 0.04
19 136.89 0.03
20 136.89 0.05
22 136.89 0.04
24 173.6 0.03
26 173.6 0.03
27 173.6 0.04
31 212.63 0.03
32 212.63 0.03
34 212.63 0.04
36 212.63 0.03
38 287.54 0.04
39 287.54 0.03
40 287.54 0.05

207.33
1 23.8 0.09
2 23.8 0.06
4 42.4 0.06
17 136.89 0.03
19 136.89 0.04
22 136.89 0.04
23 136.89 0.05
24 173.6 0.03
26 173.6 0.03
30 173.6 0.04
31 212.63 0.03
32 212.63 0.03
36 212.63 0.04
37 212.63 0.05
38 287.54 0.03
39 287.54 0.04
44 287.54 0.05

207.33
1 23.8 0.05
2 23.8 0.04
3 23.8 0.06
4 42.4 0.04
5 42.4 0.06
9 79.51 0.02
15 135.32 0.02
17 136.89 0.03
18 136.89 0.04
21 136.89 0.04
22 136.89 0.02
24 173.6 0.03
25 173.6 0.03
28 173.6 0.03
31 212.63 0.03
33 212.63 0.04
35 212.63 0.04
38 287.54 0.04
40 287.54 0.02
41 287.54 0.05
42 287.54 0.05

207.33
1 23.8 0.13
2 23.8 0.04
3 23.8 0.02
4 42.4 0.04
5 42.4 0.02
7 79.51 0.02
20 136.89 0.04
22 136.89 0.12
23 136.89 0.05
27 173.6 0.03
30 173.6 0.04
34 212.63 0.03
36 212.63 0.11
37 212.63 0.04
40 287.54 0.04
44 287.54 0.05

210.06
17 136.89 0.04
18 136.89 0.02
20 136.89 0.03
21 136.89 0.06
22 136.89 0.07
24 173.6 0.05
25 173.6 0.03
26 173.6 0.03
27 173.6 0.04
28 173.6 0.07
29 173.6 0.02
30 173.6 0.03
31 212.63 0.05
32 212.63 0.02
33 212.63 0.03
34 212.63 0.04
35 212.63 0.07
36 212.63 0.07
37 212.63 0.02
38 287.54 0.04
40 287.54 0.03
42 287.54 0.05

210.06
17 136.89 0.06
18 136.89 0.03
21 136.89 0.07
23 136.89 0.03
24 173.6 0.07
25 173.6 0.04
26 173.6 0.02
28 173.6 0.09
30 173.6 0.04
31 212.63 0.07
32 212.63 0.02
33 212.63 0.03
35 212.63 0.08
37 212.63 0.04
38 287.54 0.05
41 287.54 0.02
42 287.54 0.06
44 287.54 0.03

210.06
17 136.89 0.03
19 136.89 0.04
20 136.89 0.04
22 136.89 0.08
23 136.89 0.05
24 173.6 0.05
26 173.6 0.04
27 173.6 0.05
29 173.6 0.04
30 173.6 0.06
31 212.63 0.04
32 212.63 0.04
34 212.63 0.05
36 212.63 0.08
37 212.63 0.06
38 287.54 0.03
39 287.54 0.03
40 287.54 0.04
44 287.54 0.04

210.06
19 136.89 0.05
20 136.89 0.08
22 136.89 0.05
24 173.6 0.02
25 173.6 0.02
26 173.6 0.07
27 173.6 0.1
29 173.6 0.05
32 212.63 0.06
33 212.63 0.02
34 212.63 0.09
36 212.63 0.06
39 287.54 0.05
40 287.54 0.07

210.06
17 136.89 0.04
18 136.89 0.05
19 136.89 0.05
23 136.89 0.04
24 173.6 0.05
25 173.6 0.06
26 173.6 0.07
27 173.6 0.03
29 173.6 0.03
30 173.6 0.05
31 212.63 0.04
32 212.63 0.06
33 212.63 0.06
34 212.63 0.02
37 212.63 0.05
38 287.54 0.03
39 287.54 0.05
41 287.54 0.04
44 287.54 0.04

210.06
18 136.89 0.06
19 136.89 0.02
21 136.89 0.03
22 136.89 0.04
23 136.89 0.05
25 173.6 0.07
26 173.6 0.04
27 173.6 0.03
28 173.6 0.04
29 173.6 0.04
30 173.6 0.06
32 212.63 0.03
33 212.63 0.07
34 212.63 0.02
35 212.63 0.04
36 212.63 0.04
37 212.63 0.05
41 287.54 0.05
42 287.54 0.03
44 287.54 0.05

210.06
17 136.89 0.03
18 136.89 0.03
19 136.89 0.03
20 136.89 0.03
21 136.89 0.03
22 136.89 0.08
24 173.6 0.05
25 173.6 0.04
26 173.6 0.03
27 173.6 0.04
28 173.6 0.04
30 173.6 0.03
31 212.63 0.04
32 212.63 0.03
33 212.63 0.04
34 212.63 0.04
35 212.63 0.04
36 212.63 0.08
37 212.63 0.02
38 287.54 0.03
39 287.54 0.03
41 287.54 0.03
42 287.54 0.03

212.05
1 23.8 0.07
2 23.8 0.04
3 23.8 0.03
4 42.4 0.04
5 42.4 0.03
7 79.51 0.03
9 79.51 0.03
15 135.32 0.03
17 136.89 0.02
18 136.89 0.03
19 136.89 0.02
20 136.89 0.03
22 136.89 0.03
24 173.6 0.03
25 173.6 0.03
27 173.6 0.02
31 212.63 0.02
32 212.63 0.02
33 212.63 0.03
34 212.63 0.02
36 212.63 0.02
39 287.54 0.03
40 287.54 0.03
41 287.54 0.03

212.05
1 23.8 0.1
2 23.8 0.02
3 23.8 0.04
4 42.4 0.02
5 42.4 0.04
7 79.51 0.02
11 79.51 0.02
16 135.32 0.02
19 136.89 0.04
21 136.89 0.05
23 136.89 0.02
26 173.6 0.04
28 173.6 0.05
32 212.63 0.04
35 212.63 0.05
37 212.63 0.02
39 287.54 0.03
42 287.54 0.05
44 287.54 0.02

212.05
1 23.8 0.11
2 23.8 0.04
4 42.4 0.04
11 79.51 0.03
16 135.32 0.03
18 136.89 0.04
20 136.89 0.03
21 136.89 0.04
25 173.6 0.04
28 173.6 0.04
33 212.63 0.04
34 212.63 0.02
35 212.63 0.04
40 287.54 0.03
41 287.54 0.04
42 287.54 0.04

212.05
1 23.8 0.06
2 23.8 0.03
3 23.8 0.04
4 42.4 0.03
5 42.4 0.04
7 79.51 0.03
17 136.89 0.03
18 136.89 0.03
19 136.89 0.02
20 136.89 0.02
22 136.89 0.06
24 173.6 0.02
25 173.6 0.03
26 173.6 0.02
27 173.6 0.03
31 212.63 0.02
32 212.63 0.02
33 212.63 0.03
34 212.63 0.03
36 212.63 0.05
38 287.54 0.03
39 287.54 0.02
41 287.54 0.03

212.05
1 23.8 0.04
2 23.8 0.06
3 23.8 0.03
4 42.4 0.06
5 42.4 0.03
7 79.51 0.03
8 79.51 0.02
13 135.32 0.02
17 136.89 0.03
19 136.89 0.02
22 136.89 0.08
23 136.89 0.03
24 173.6 0.02
30 173.6 0.05
31 212.63 0.03
32 212.63 0.02
36 212.63 0.07
37 212.63 0.04
38 287.54 0.03
39 287.54 0.02
44 287.54 0.03

212.05
1 23.8 0.05
2 23.8 0.03
3 23.8 0.05
4 42.4 0.03
5 42.4 0.05
7 79.51 0.03
9 79.51 0.02
10 79.51 0.02
14 135.32 0.02
15 135.32 0.02
17 136.89 0.03
20 136.89 0.03
22 136.89 0.02
23 136.89 0.04
24 173.6 0.03
27 173.6 0.02
29 173.6 0.03
30 173.6 0.03
31 212.63 0.03
34 212.63 0.02
37 212.63 0.03
38 287.54 0.03
40 287.54 0.03
44 287.54 0.05

212.05
1 23.8 0.04
2 23.8 0.03
3 23.8 0.05
4 42.4 0.03
5 42.4 0.05
7 79.51 0.03
10 79.51 0.02
14 135.32 0.02
17 136.89 0.02
20 136.89 0.03
22 136.89 0.05
23 136.89 0.02
24 173.6 0.02
27 173.6 0.04
29 173.6 0.03
31 212.63 0.02
34 212.63 0.04
36 212.63 0.04
37 212.63 0.02
38 287.54 0.02
40 287.54 0.03
44 287.54 0.03

213.31
1 23.8 0.07
2 23.8 0.04
3 23.8 0.03
4 42.4 0.04
5 42.4 0.03
7 79.51 0.03
8 79.51 0.08
9 79.51 0.09
10 79.51 0.06
11 79.51 0.04
12 135.32 0.13
13 135.32 0.08
14 135.32 0.06
15 135.32 0.09
16 135.32 0.04

213.31
1 23.8 0.08
2 23.8 0.04
3 23.8 0.03
4 42.4 0.04
5 42.4 0.03
7 79.51 0.12
8 79.51 0.06
9 79.51 0.07
10 79.51 0.1
11 79.51 0.05
12 135.32 0.03
13 135.32 0.06
14 135.32 0.1
15 135.32 0.07
16 135.32 0.05

213.31
1 23.8 0.07
2 23.8 0.03
3 23.8 0.04
4 42.4 0.03
5 42.4 0.04
7 79.51 0.09
8 79.51 0.08
9 79.51 0.03
10 79.51 0.07
11 79.51 0.11
12 135.32 0.04
13 135.32 0.08
14 135.32 0.07
15 135.32 0.03
16 135.32 0.11

213.31
1 23.8 0.05
2 23.8 0.04
3 23.8 0.04
4 42.4 0.04
5 42.4 0.04
7 79.51 0.06
8 79.51 0.05
9 79.51 0.03
10 79.51 0.06
11 79.51 0.16
12 135.32 0.03
13 135.32 0.05
14 135.32 0.06
15 135.32 0.03
16 135.32 0.16

213.31
1 23.8 0.06
2 23.8 0.03
3 23.8 0.04
4 42.4 0.03
5 42.4 0.04
7 79.51 0.06
8 79.51 0.07
9 79.51 0.12
10 79.51 0.07
11 79.51 0.03
12 135.32 0.07
13 135.32 0.07
14 135.32 0.07
15 135.32 0.12
16 135.32 0.03

217.09
2 23.8 0.05
3 23.8 0.13
4 42.4 0.05
5 42.4 0.13
6 42.4 0.26
10 79.51 0.06
11 79.51 0.03
12 135.32 0.07
14 135.32 0.06
16 135.32 0.03

217.09
2 23.8 0.09
3 23.8 0.11
4 42.4 0.09
5 42.4 0.11
6 42.4 0.21
8 79.51 0.03
9 79.51 0.02
10 79.51 0.04
11 79.51 0.03
12 135.32 0.04
13 135.32 0.03
14 135.32 0.04
15 135.32 0.02
16 135.32 0.03

217.09
2 23.8 0.12
3 23.8 0.1
4 42.4 0.12
5 42.4 0.1
6 42.4 0.16
8 79.51 0.02
9 79.51 0.04
10 79.51 0.02
11 79.51 0.03
12 135.32 0.05
13 135.32 0.02
14 135.32 0.02
15 135.32 0.04
16 135.32 0.03

217.09
2 23.8 0.12
3 23.8 0.09
4 42.4 0.12
5 42.4 0.09
6 42.4 0.2
8 79.51 0.03
9 79.51 0.04
10 79.51 0.02
11 79.51 0.03
12 135.32 0.06
13 135.32 0.03
14 135.32 0.02
15 135.32 0.04
16 135.32 0.03

217.09
2 23.8 0.12
3 23.8 0.09
4 42.4 0.12
5 42.4 0.09
6 42.4 0.2
8 79.51 0.04
9 79.51 0.03
10 79.51 0.02
11 79.51 0.03
12 135.32 0.05
13 135.32 0.04
14 135.32 0.02
15 135.32 0.03
16 135.32 0.03

217.09
2 23.8 0.07
3 23.8 0.11
4 42.4 0.07
5 42.4 0.11
6 42.4 0.25
8 79.51 0.03
9 79.51 0.03
10 79.51 0.04
12 135.32 0.07
13 135.32 0.03
14 135.32 0.04
15 135.32 0.03

217.09
2 23.8 0.08
3 23.8 0.09
4 42.4 0.08
5 42.4 0.09
6 42.4 0.25
8 79.51 0.03
9 79.51 0.03
10 79.51 0.04
12 135.32 0.07
13 135.32 0.03
14 135.32 0.04
15 135.32 0.03

217.09
2 23.8 0.09
3 23.8 0.12
4 42.4 0.09
5 42.4 0.12
6 42.4 0.18
8 79.51 0.03
9 79.51 0.04
10 79.51 0.03
11 79.51 0.03
12 135.32 0.04
13 135.32 0.03
14 135.32 0.03
15 135.32 0.04
16 135.32 0.03

217.09
2 23.8 0.13
3 23.8 0.07
4 42.4 0.13
5 42.4 0.07
6 42.4 0.2
8 79.51 0.04
9 79.51 0.03
11 79.51 0.04
12 135.32 0.06
13 135.32 0.04
15 135.32 0.03
16 135.32 0.04

222.53
2 23.8 0.13
3 23.8 0.11
4 42.4 0.13
5 42.4 0.11
6 42.4 0.25
8 79.51 0.04
9 79.51 0.03
10 79.51 0.02
12 135.32 0.02
13 135.32 0.04
14 135.32 0.02
15 135.32 0.03

222.53
2 23.8 0.1
3 23.8 0.13
4 42.4 0.1
5 42.4 0.13
6 42.4 0.27
10 79.51 0.03
11 79.51 0.02
12 135.32 0.06
14 135.32 0.03
16 135.32 0.02

222.53
2 23.8 0.1
3 23.8 0.2
4 42.4 0.1
5 42.4 0.2
6 42.4 0.13
10 79.51 0.03
11 79.51 0.06
14 135.32 0.03
16 135.32 0.06

222.53
2 23.8 0.12
3 23.8 0.08
4 42.4 0.12
5 42.4 0.08
6 42.4 0.34
10 79.51 0.02
12 135.32 0.11
14 135.32 0.02

222.53
2 23.8 0.17
3 23.8 0.09
4 42.4 0.17
5 42.4 0.09
6 42.4 0.21
8 79.51 0.05
9 79.51 0.04
13 135.32 0.05
15 135.32 0.04

225.56
1 23.8 0.17
2 23.8 0.11
3 23.8 0.13
4 42.4 0.11
5 42.4 0.13
6 42.4 0.04
7 79.51 0.04
8 79.51 0.03
9 79.51 0.03
10 79.51 0.03
11 79.51 0.03
13 135.32 0.03
14 135.32 0.03
15 135.32 0.03
16 135.32 0.03

225.56
1 23.8 0.21
2 23.8 0.11
3 23.8 0.12
4 42.4 0.11
5 42.4 0.12
6 42.4 0.02
7 79.51 0.05
8 79.51 0.03
10 79.51 0.02
11 79.51 0.04
13 135.32 0.03
14 135.32 0.02
16 135.32 0.04

225.56
1 23.8 0.23
2 23.8 0.14
3 23.8 0.08
4 42.4 0.14
5 42.4 0.08
8 79.51 0.04
9 79.51 0.03
10 79.51 0.02
11 79.51 0.03
12 135.32 0.04
13 135.32 0.04
14 135.32 0.02
15 135.32 0.03
16 135.32 0.03

225.56
1 23.8 0.21
2 23.8 0.11
3 23.8 0.12
4 42.4 0.11
5 42.4 0.12
6 42.4 0.02
7 79.51 0.05
8 79.51 0.02
9 79.51 0.02
10 79.51 0.03
11 79.51 0.03
13 135.32 0.02
14 135.32 0.03
15 135.32 0.02
16 135.32 0.03

225.56
1 23.8 0.18
2 23.8 0.11
3 23.8 0.13
4 42.4 0.11
5 42.4 0.13
6 42.4 0.04
7 79.51 0.04
8 79.51 0.02
9 79.51 0.04
10 79.51 0.03
13 135.32 0.02
14 135.32 0.03
15 135.32 0.04

226.01
1 23.8 0.21
2 23.8 0.11
3 23.8 0.11
4 42.4 0.11
5 42.4 0.11
7 79.51 0.07
8 79.51 0.03
9 79.51 0.03
10 79.51 0.03
11 79.51 0.03
13 135.32 0.03
14 135.32 0.03
15 135.32 0.03
16 135.32 0.03

226.55
2 23.8 0.14
3 23.8 0.14
4 42.4 0.14
5 42.4 0.14
6 42.4 0.29
12 135.32 0.03

230.24
2 23.8 0.02
4 42.4 0.02
6 42.4 0.04
17 136.89 0.03
21 136.89 0.03
23 136.89 0.04
24 173.6 0.07
25 173.6 0.02
26 173.6 0.04
27 173.6 0.02
28 173.6 0.05
29 173.6 0.09
30 173.6 0.08
31 212.63 0.05
32 212.63 0.03
35 212.63 0.04
37 212.63 0.06
38 287.54 0.02
43 287.54 0.02
44 287.54 0.02

230.24
3 23.8 0.03
5 42.4 0.03
6 42.4 0.04
17 136.89 0.02
19 136.89 0.04
20 136.89 0.03
21 136.89 0.02
23 136.89 0.03
24 173.6 0.04
25 173.6 0.02
26 173.6 0.08
27 173.6 0.06
28 173.6 0.04
29 173.6 0.07
30 173.6 0.04
31 212.63 0.04
32 212.63 0.06
34 212.63 0.04
35 212.63 0.03
37 212.63 0.04
39 287.54 0.02

230.24
2 23.8 0.03
4 42.4 0.03
6 42.4 0.04
17 136.89 0.03
18 136.89 0.03
19 136.89 0.03
20 136.89 0.03
24 173.6 0.06
25 173.6 0.06
26 173.6 0.05
27 173.6 0.05
28 173.6 0.04
29 173.6 0.04
30 173.6 0.04
31 212.63 0.05
32 212.63 0.04
33 212.63 0.05
34 212.63 0.04
35 212.63 0.03
37 212.63 0.03
41 287.54 0.02

230.24
6 42.4 0.05
18 136.89 0.02
20 136.89 0.02
21 136.89 0.02
23 136.89 0.04
25 173.6 0.04
26 173.6 0.02
27 173.6 0.04
28 173.6 0.04
29 173.6 0.18
30 173.6 0.07
33 212.63 0.03
34 212.63 0.04
35 212.63 0.03
37 212.63 0.06
43 287.54 0.04
44 287.54 0.02

230.24
3 23.8 0.03
5 42.4 0.03
6 42.4 0.03
18 136.89 0.03
19 136.89 0.02
20 136.89 0.03
21 136.89 0.04
24 173.6 0.02
25 173.6 0.07
26 173.6 0.04
27 173.6 0.06
28 173.6 0.08
29 173.6 0.07
30 173.6 0.02
31 212.63 0.02
32 212.63 0.03
33 212.63 0.05
34 212.63 0.04
35 212.63 0.06
42 287.54 0.02

230.24
2 23.8 0.03
3 23.8 0.02
4 42.4 0.03
5 42.4 0.02
6 42.4 0.03
17 136.89 0.02
18 136.89 0.03
19 136.89 0.03
21 136.89 0.04
24 173.6 0.04
25 173.6 0.07
26 173.6 0.05
27 173.6 0.04
28 173.6 0.08
29 173.6 0.02
30 173.6 0.03
31 212.63 0.03
32 212.63 0.04
33 212.63 0.05
34 212.63 0.03
35 212.63 0.07
37 212.63 0.02
41 287.54 0.02
42 287.54 0.03

230.24
6 42.4 0.04
17 136.89 0.05
20 136.89 0.03
21 136.89 0.02
24 173.6 0.1
25 173.6 0.03
27 173.6 0.06
28 173.6 0.04
29 173.6 0.06
30 173.6 0.04
31 212.63 0.08
33 212.63 0.02
34 212.63 0.05
35 212.63 0.03
36 212.63 0.02
37 212.63 0.03
38 287.54 0.03
40 287.54 0.02

translational analysis ortho
23.57
1 (0, 0) 0.93
2 (1, 1) 0.03
3 (1, 1) 0.03

23.57
1 (0, 0) 0.93
2 (1, 1) 0.02
3 (1, 1) 0.02
4 (1, 1) 0.02

23.57
1 (0, 0) 0.93
2 (1, 1) 0.02
4 (1, 1) 0.03

39.74
1 (0, 0) 0.85
2 (1, 1) 0.05
3 (1, 1) 0.05
4 (1, 1) 0.04

39.74
1 (0, 0) 0.85
2 (1, 1) 0.03
3 (1, 1) 0.07
4 (1, 1) 0.04

39.74
1 (0, 0) 0.85
2 (1, 1) 0.07
3 (1, 1) 0.02
4 (1, 1) 0.06

69.41
1 (0, 0) 0.49
2 (1, 1) 0.13
3 (1, 1) 0.17
4 (1, 1) 0.17

69.41
1 (0, 0) 0.49
2 (1, 1) 0.16
3 (1, 1) 0.16
4 (1, 1) 0.15

69.41
1 (0, 0) 0.49
2 (1, 1) 0.22
3 (1, 1) 0.02
4 (1, 1) 0.23

69.41
1 (0, 0) 0.49
2 (1, 1) 0.11
3 (1, 1) 0.22
4 (1, 1) 0.14

69.41
1 (0, 0) 0.49
2 (1, 1) 0.13
3 (1, 1) 0.18
4 (1, 1) 0.16

86.21
2 (1, 1) 0.32
3 (1, 1) 0.32
4 (1, 1) 0.32

88.62
1 (0, 0) 0.14
2 (1, 1) 0.23
3 (1, 1) 0.32
4 (1, 1) 0.21
10 (2, 0) 0.03

88.62
1 (0, 0) 0.14
2 (1, 1) 0.3
3 (1, 1) 0.27
4 (1, 1) 0.19
10 (2, 0) 0.03

88.62
1 (0, 0) 0.14
2 (1, 1) 0.24
3 (1, 1) 0.17
4 (1, 1) 0.36
10 (2, 0) 0.03

93.77
1 (0, 0) 0.08
2 (1, 1) 0.28
3 (1, 1) 0.22
4 (1, 1) 0.25
6 (2, 2) 0.03
7 (2, 2) 0.02
8 (2, 2) 0.05
9 (2, 2) 0.04

93.77
1 (0, 0) 0.08
2 (1, 1) 0.3
3 (1, 1) 0.1
4 (1, 1) 0.35
5 (2, 2) 0.02
7 (2, 2) 0.02
8 (2, 2) 0.03
9 (2, 2) 0.06

93.77
1 (0, 0) 0.08
2 (1, 1) 0.19
3 (1, 1) 0.21
4 (1, 1) 0.35
6 (2, 2) 0.06
7 (2, 2) 0.03
8 (2, 2) 0.03
9 (2, 2) 0.03

93.77
1 (0, 0) 0.08
2 (1, 1) 0.2
3 (1, 1) 0.35
4 (1, 1) 0.21
5 (2, 2) 0.03
6 (2, 2) 0.03
7 (2, 2) 0.04
8 (2, 2) 0.03

93.77
1 (0, 0) 0.08
2 (1, 1) 0.28
3 (1, 1) 0.38
4 (1, 1) 0.09
5 (2, 2) 0.07
6 (2, 2) 0.02
7 (2, 2) 0.04
8 (2, 2) 0.02

95.88
1 (0, 0) 0.48
2 (1, 1) 0.13
3 (1, 1) 0.18
4 (1, 1) 0.15

95.88
1 (0, 0) 0.48
2 (1, 1) 0.04
3 (1, 1) 0.23
4 (1, 1) 0.19

95.88
1 (0, 0) 0.48
2 (1, 1) 0.17
3 (1, 1) 0.12
4 (1, 1) 0.16

95.88
1 (0, 0) 0.48
2 (1, 1) 0.2
3 (1, 1) 0.17
4 (1, 1) 0.09

95.88
1 (0, 0) 0.48
2 (1, 1) 0.22
3 (1, 1) 0.06
4 (1, 1) 0.18

100.7
1 (0, 0) 0.05
2 (1, 1) 0.3
3 (1, 1) 0.12
4 (1, 1) 0.32
5 (2, 2) 0.03
7 (2, 2) 0.03
8 (2, 2) 0.03
10 (2, 0) 0.09

100.7
1 (0, 0) 0.05
2 (1, 1) 0.2
3 (1, 1) 0.26
4 (1, 1) 0.27
5 (2, 2) 0.02
6 (2, 2) 0.02
8 (2, 2) 0.02
9 (2, 2) 0.02
10 (2, 0) 0.09

100.7
1 (0, 0) 0.05
2 (1, 1) 0.25
3 (1, 1) 0.36
4 (1, 1) 0.14
6 (2, 2) 0.03
7 (2, 2) 0.02
9 (2, 2) 0.03
10 (2, 0) 0.09

106.09
2 (1, 1) 0.32
3 (1, 1) 0.32
4 (1, 1) 0.32

120.3
1 (0, 0) 0.17
2 (1, 1) 0.11
3 (1, 1) 0.21
4 (1, 1) 0.17
5 (2, 2) 0.08
6 (2, 2) 0.04
7 (2, 2) 0.09
8 (2, 2) 0.04
9 (2, 2) 0.07

120.3
1 (0, 0) 0.17
2 (1, 1) 0.15
3 (1, 1) 0.2
4 (1, 1) 0.13
5 (2, 2) 0.07
6 (2, 2) 0.05
7 (2, 2) 0.06
8 (2, 2) 0.09
9 (2, 2) 0.05

120.3
1 (0, 0) 0.17
2 (1, 1) 0.16
3 (1, 1) 0.1
4 (1, 1) 0.22
5 (2, 2) 0.03
6 (2, 2) 0.13
7 (2, 2) 0.04
8 (2, 2) 0.02
9 (2, 2) 0.09

120.3
1 (0, 0) 0.17
2 (1, 1) 0.22
3 (1, 1) 0.14
4 (1, 1) 0.13
5 (2, 2) 0.08
6 (2, 2) 0.08
7 (2, 2) 0.03
8 (2, 2) 0.09
9 (2, 2) 0.04

120.3
1 (0, 0) 0.17
2 (1, 1) 0.15
3 (1, 1) 0.14
4 (1, 1) 0.19
5 (2, 2) 0.06
6 (2, 2) 0.05
7 (2, 2) 0.08
8 (2, 2) 0.04
9 (2, 2) 0.09

120.3
1 (0, 0) 0.17
2 (1, 1) 0.19
3 (1, 1) 0.16
4 (1, 1) 0.13
5 (2, 2) 0.08
6 (2, 2) 0.03
7 (2, 2) 0.05
8 (2, 2) 0.09
9 (2, 2) 0.07

120.3
1 (0, 0) 0.17
2 (1, 1) 0.14
3 (1, 1) 0.19
4 (1, 1) 0.15
5 (2, 2) 0.06
6 (2, 2) 0.04
7 (2, 2) 0.1
8 (2, 2) 0.07
9 (2, 2) 0.05

131.23
2 (1, 1) 0.18
3 (1, 1) 0.17
4 (1, 1) 0.18
6 (2, 2) 0.02
10 (2, 0) 0.36

131.23
2 (1, 1) 0.17
3 (1, 1) 0.18
4 (1, 1) 0.18
7 (2, 2) 0.02
10 (2, 0) 0.36

131.23
2 (1, 1) 0.18
3 (1, 1) 0.18
4 (1, 1) 0.17
10 (2, 0) 0.36

134.08
1 (0, 0) 0.31
2 (1, 1) 0.18
3 (1, 1) 0.24
4 (1, 1) 0.24

134.08
1 (0, 0) 0.31
2 (1, 1) 0.25
3 (1, 1) 0.27
4 (1, 1) 0.13

134.08
1 (0, 0) 0.31
2 (1, 1) 0.21
3 (1, 1) 0.16
4 (1, 1) 0.3

134.08
1 (0, 0) 0.31
2 (1, 1) 0.23
3 (1, 1) 0.24
4 (1, 1) 0.18

134.08
1 (0, 0) 0.31
2 (1, 1) 0.24
3 (1, 1) 0.17
4 (1, 1) 0.25

141.65
1 (0, 0) 0.69
5 (2, 2) 0.11
6 (2, 2) 0.03
7 (2, 2) 0.03
8 (2, 2) 0.08

141.65
1 (0, 0) 0.69
5 (2, 2) 0.03
6 (2, 2) 0.08
8 (2, 2) 0.04
9 (2, 2) 0.09

141.65
1 (0, 0) 0.69
5 (2, 2) 0.08
6 (2, 2) 0.05
7 (2, 2) 0.04
8 (2, 2) 0.07

141.65
1 (0, 0) 0.69
5 (2, 2) 0.04
6 (2, 2) 0.03
7 (2, 2) 0.08
8 (2, 2) 0.06
9 (2, 2) 0.05

141.65
1 (0, 0) 0.69
5 (2, 2) 0.03
6 (2, 2) 0.07
7 (2, 2) 0.07
9 (2, 2) 0.09

141.65
1 (0, 0) 0.69
5 (2, 2) 0.04
6 (2, 2) 0.06
7 (2, 2) 0.08
8 (2, 2) 0.03
9 (2, 2) 0.07

141.65
1 (0, 0) 0.69
5 (2, 2) 0.04
6 (2, 2) 0.05
7 (2, 2) 0.05
8 (2, 2) 0.07
9 (2, 2) 0.05

141.96
1 (0, 0) 0.38
2 (1, 1) 0.03
3 (1, 1) 0.07
4 (1, 1) 0.04
5 (2, 2) 0.11
6 (2, 2) 0.05
7 (2, 2) 0.06
8 (2, 2) 0.06
9 (2, 2) 0.15

141.96
1 (0, 0) 0.38
2 (1, 1) 0.05
3 (1, 1) 0.04
4 (1, 1) 0.05
6 (2, 2) 0.11
7 (2, 2) 0.15
8 (2, 2) 0.15

141.96
1 (0, 0) 0.38
2 (1, 1) 0.05
3 (1, 1) 0.05
4 (1, 1) 0.04
5 (2, 2) 0.08
6 (2, 2) 0.08
7 (2, 2) 0.16
8 (2, 2) 0.06
9 (2, 2) 0.04

141.96
1 (0, 0) 0.38
2 (1, 1) 0.07
3 (1, 1) 0.04
4 (1, 1) 0.04
5 (2, 2) 0.06
6 (2, 2) 0.07
7 (2, 2) 0.02
8 (2, 2) 0.08
9 (2, 2) 0.19

141.96
1 (0, 0) 0.38
2 (1, 1) 0.04
3 (1, 1) 0.04
4 (1, 1) 0.06
5 (2, 2) 0.16
6 (2, 2) 0.11
7 (2, 2) 0.05
8 (2, 2) 0.07
9 (2, 2) 0.04

150.11
2 (1, 1) 0.05
3 (1, 1) 0.06
4 (1, 1) 0.03
5 (2, 2) 0.25
6 (2, 2) 0.09
7 (2, 2) 0.11
8 (2, 2) 0.21
9 (2, 2) 0.05
11 (3, 3) 0.05
15 (3, 3) 0.02

150.11
2 (1, 1) 0.04
3 (1, 1) 0.04
4 (1, 1) 0.07
5 (2, 2) 0.08
6 (2, 2) 0.21
7 (2, 2) 0.11
8 (2, 2) 0.03
9 (2, 2) 0.29
12 (3, 3) 0.02
13 (3, 3) 0.02
14 (3, 3) 0.03
19 (3, 1) 0.03

150.11
2 (1, 1) 0.06
3 (1, 1) 0.04
4 (1, 1) 0.04
5 (2, 2) 0.15
6 (2, 2) 0.22
7 (2, 2) 0.14
8 (2, 2) 0.15
9 (2, 2) 0.05
11 (3, 3) 0.02
12 (3, 3) 0.02
13 (3, 3) 0.03
15 (3, 3) 0.02

150.11
2 (1, 1) 0.03
3 (1, 1) 0.05
4 (1, 1) 0.06
5 (2, 2) 0.12
6 (2, 2) 0.12
7 (2, 2) 0.21
8 (2, 2) 0.07
9 (2, 2) 0.2
12 (3, 3) 0.03
19 (3, 1) 0.03

150.11
2 (1, 1) 0.06
3 (1, 1) 0.04
4 (1, 1) 0.04
5 (2, 2) 0.19
6 (2, 2) 0.11
7 (2, 2) 0.12
8 (2, 2) 0.19
9 (2, 2) 0.1
12 (3, 3) 0.03
13 (3, 3) 0.02
16 (3, 3) 0.03

150.11
2 (1, 1) 0.07
3 (1, 1) 0.04
4 (1, 1) 0.04
5 (2, 2) 0.15
6 (2, 2) 0.17
7 (2, 2) 0.08
8 (2, 2) 0.21
9 (2, 2) 0.11
15 (3, 3) 0.03
16 (3, 3) 0.04

150.11
2 (1, 1) 0.03
3 (1, 1) 0.05
4 (1, 1) 0.06
5 (2, 2) 0.06
6 (2, 2) 0.12
7 (2, 2) 0.2
8 (2, 2) 0.14
9 (2, 2) 0.2
13 (3, 3) 0.02
14 (3, 3) 0.03
15 (3, 3) 0.02
19 (3, 1) 0.02

152.04
2 (1, 1) 0.07
3 (1, 1) 0.06
4 (1, 1) 0.03
5 (2, 2) 0.07
6 (2, 2) 0.17
7 (2, 2) 0.22
8 (2, 2) 0.07
9 (2, 2) 0.24

152.04
3 (1, 1) 0.07
4 (1, 1) 0.07
5 (2, 2) 0.21
6 (2, 2) 0.23
7 (2, 2) 0.02
8 (2, 2) 0.21
9 (2, 2) 0.1

152.04
2 (1, 1) 0.07
3 (1, 1) 0.03
4 (1, 1) 0.06
5 (2, 2) 0.18
6 (2, 2) 0.06
7 (2, 2) 0.23
8 (2, 2) 0.18
9 (2, 2) 0.13

157.25
2 (1, 1) 0.04
3 (1, 1) 0.04
4 (1, 1) 0.04
10 (2, 0) 0.73
17 (3, 3) 0.06
20 (3, 1) 0.06

157.25
2 (1, 1) 0.04
3 (1, 1) 0.04
4 (1, 1) 0.04
10 (2, 0) 0.73
18 (3, 1) 0.06
20 (3, 1) 0.05

157.25
2 (1, 1) 0.04
3 (1, 1) 0.04
4 (1, 1) 0.04
10 (2, 0) 0.73
17 (3, 3) 0.05
18 (3, 1) 0.06
20 (3, 1) 0.02

160.02
2 (1, 1) 0.04
3 (1, 1) 0.04
4 (1, 1) 0.04
5 (2, 2) 0.21
6 (2, 2) 0.08
7 (2, 2) 0.11
8 (2, 2) 0.09
9 (2, 2) 0.2
14 (3, 3) 0.02
15 (3, 3) 0.02
18 (3, 1) 0.02

160.02
2 (1, 1) 0.04
3 (1, 1) 0.04
4 (1, 1) 0.04
5 (2, 2) 0.08
6 (2, 2) 0.22
7 (2, 2) 0.24
8 (2, 2) 0.12
9 (2, 2) 0.04
14 (3, 3) 0.02
19 (3, 1) 0.03

160.02
2 (1, 1) 0.04
3 (1, 1) 0.04
4 (1, 1) 0.04
5 (2, 2) 0.24
6 (2, 2) 0.24
7 (2, 2) 0.09
8 (2, 2) 0.06
9 (2, 2) 0.07
11 (3, 3) 0.02
16 (3, 3) 0.02

160.02
2 (1, 1) 0.04
3 (1, 1) 0.04
4 (1, 1) 0.04
5 (2, 2) 0.11
6 (2, 2) 0.15
7 (2, 2) 0.17
8 (2, 2) 0.24
9 (2, 2) 0.03
11 (3, 3) 0.03
16 (3, 3) 0.03
18 (3, 1) 0.02

160.02
2 (1, 1) 0.04
3 (1, 1) 0.04
4 (1, 1) 0.04
5 (2, 2) 0.13
6 (2, 2) 0.02
7 (2, 2) 0.11
8 (2, 2) 0.12
9 (2, 2) 0.33
12 (3, 3) 0.03
13 (3, 3) 0.04
15 (3, 3) 0.03
17 (3, 3) 0.02
20 (3, 1) 0.02

160.2
2 (1, 1) 0.15
3 (1, 1) 0.16
4 (1, 1) 0.15
10 (2, 0) 0.46
17 (3, 3) 0.02
20 (3, 1) 0.02

160.2
2 (1, 1) 0.17
3 (1, 1) 0.15
4 (1, 1) 0.15
10 (2, 0) 0.46
18 (3, 1) 0.02
20 (3, 1) 0.02

160.2
2 (1, 1) 0.15
3 (1, 1) 0.15
4 (1, 1) 0.16
10 (2, 0) 0.46
17 (3, 3) 0.02
18 (3, 1) 0.02

161.91
1 (0, 0) 0.21
2 (1, 1) 0.16
3 (1, 1) 0.15
4 (1, 1) 0.1
5 (2, 2) 0.03
6 (2, 2) 0.11
7 (2, 2) 0.1
8 (2, 2) 0.03
9 (2, 2) 0.07

161.91
1 (0, 0) 0.21
2 (1, 1) 0.11
3 (1, 1) 0.16
4 (1, 1) 0.13
5 (2, 2) 0.1
6 (2, 2) 0.11
8 (2, 2) 0.03
9 (2, 2) 0.07

161.91
1 (0, 0) 0.21
2 (1, 1) 0.15
3 (1, 1) 0.15
4 (1, 1) 0.11
5 (2, 2) 0.05
6 (2, 2) 0.04
7 (2, 2) 0.06
8 (2, 2) 0.05
9 (2, 2) 0.13

161.91
1 (0, 0) 0.21
2 (1, 1) 0.14
3 (1, 1) 0.11
4 (1, 1) 0.16
5 (2, 2) 0.12
6 (2, 2) 0.02
7 (2, 2) 0.09
8 (2, 2) 0.05
9 (2, 2) 0.05

161.91
1 (0, 0) 0.21
2 (1, 1) 0.11
3 (1, 1) 0.11
4 (1, 1) 0.18
5 (2, 2) 0.03
6 (2, 2) 0.06
7 (2, 2) 0.06
8 (2, 2) 0.17

164.19
1 (0, 0) 0.14
2 (1, 1) 0.17
3 (1, 1) 0.13
4 (1, 1) 0.17
5 (2, 2) 0.08
6 (2, 2) 0.09
7 (2, 2) 0.02
8 (2, 2) 0.04
9 (2, 2) 0.1

164.19
1 (0, 0) 0.14
2 (1, 1) 0.1
3 (1, 1) 0.17
4 (1, 1) 0.2
6 (2, 2) 0.06
7 (2, 2) 0.11
8 (2, 2) 0.07
9 (2, 2) 0.08

164.19
1 (0, 0) 0.14
2 (1, 1) 0.2
3 (1, 1) 0.11
4 (1, 1) 0.16
5 (2, 2) 0.07
6 (2, 2) 0.11
8 (2, 2) 0.07
9 (2, 2) 0.09

164.19
1 (0, 0) 0.14
2 (1, 1) 0.22
3 (1, 1) 0.15
4 (1, 1) 0.1
5 (2, 2) 0.11
6 (2, 2) 0.04
7 (2, 2) 0.04
8 (2, 2) 0.1
9 (2, 2) 0.05

164.19
1 (0, 0) 0.14
2 (1, 1) 0.16
3 (1, 1) 0.16
4 (1, 1) 0.15
5 (2, 2) 0.06
6 (2, 2) 0.04
7 (2, 2) 0.08
8 (2, 2) 0.08
9 (2, 2) 0.08

164.19
1 (0, 0) 0.14
2 (1, 1) 0.11
3 (1, 1) 0.22
4 (1, 1) 0.15
5 (2, 2) 0.06
6 (2, 2) 0.04
7 (2, 2) 0.11
8 (2, 2) 0.08
9 (2, 2) 0.05

164.19
1 (0, 0) 0.14
2 (1, 1) 0.15
3 (1, 1) 0.16
4 (1, 1) 0.16
5 (2, 2) 0.09
6 (2, 2) 0.09
7 (2, 2) 0.1
8 (2, 2) 0.02
9 (2, 2) 0.03

167.61
5 (2, 2) 0.17
6 (2, 2) 0.15
7 (2, 2) 0.22
8 (2, 2) 0.17
9 (2, 2) 0.19

167.61
3 (1, 1) 0.02
5 (2, 2) 0.16
6 (2, 2) 0.25
7 (2, 2) 0.12
8 (2, 2) 0.16
9 (2, 2) 0.19

167.61
5 (2, 2) 0.2
6 (2, 2) 0.13
7 (2, 2) 0.2
8 (2, 2) 0.2
9 (2, 2) 0.15

170.3
1 (0, 0) 0.74
2 (1, 1) 0.06
3 (1, 1) 0.08
4 (1, 1) 0.06

170.3
1 (0, 0) 0.74
2 (1, 1) 0.02
3 (1, 1) 0.12
4 (1, 1) 0.06

170.3
1 (0, 0) 0.74
2 (1, 1) 0.07
3 (1, 1) 0.05
4 (1, 1) 0.08

170.3
1 (0, 0) 0.74
2 (1, 1) 0.04
3 (1, 1) 0.07
4 (1, 1) 0.11

170.3
1 (0, 0) 0.74
2 (1, 1) 0.12
3 (1, 1) 0.05
4 (1, 1) 0.04

170.3
1 (0, 0) 0.74
2 (1, 1) 0.06
3 (1, 1) 0.09
4 (1, 1) 0.06

170.3
1 (0, 0) 0.74
2 (1, 1) 0.11
3 (1, 1) 0.04
4 (1, 1) 0.05

177.03
2 (1, 1) 0.11
3 (1, 1) 0.07
4 (1, 1) 0.07
5 (2, 2) 0.13
6 (2, 2) 0.11
7 (2, 2) 0.04
8 (2, 2) 0.13
9 (2, 2) 0.11
11 (3, 3) 0.04
13 (3, 3) 0.04
16 (3, 3) 0.05
19 (3, 1) 0.04

177.03
2 (1, 1) 0.06
3 (1, 1) 0.11
4 (1, 1) 0.08
5 (2, 2) 0.1
6 (2, 2) 0.07
7 (2, 2) 0.13
8 (2, 2) 0.13
9 (2, 2) 0.1
11 (3, 3) 0.03
12 (3, 3) 0.03
13 (3, 3) 0.02
14 (3, 3) 0.03
15 (3, 3) 0.04
16 (3, 3) 0.04
19 (3, 1) 0.03

177.03
2 (1, 1) 0.06
3 (1, 1) 0.09
4 (1, 1) 0.1
5 (2, 2) 0.1
6 (2, 2) 0.08
7 (2, 2) 0.14
8 (2, 2) 0.06
9 (2, 2) 0.14
11 (3, 3) 0.03
12 (3, 3) 0.04
13 (3, 3) 0.02
14 (3, 3) 0.05
19 (3, 1) 0.05

177.03
2 (1, 1) 0.09
3 (1, 1) 0.07
4 (1, 1) 0.09
5 (2, 2) 0.07
6 (2, 2) 0.16
7 (2, 2) 0.09
8 (2, 2) 0.1
9 (2, 2) 0.11
12 (3, 3) 0.03
13 (3, 3) 0.05
15 (3, 3) 0.06
19 (3, 1) 0.03

177.03
2 (1, 1) 0.09
3 (1, 1) 0.07
4 (1, 1) 0.08
5 (2, 2) 0.08
6 (2, 2) 0.13
7 (2, 2) 0.1
8 (2, 2) 0.12
9 (2, 2) 0.1
11 (3, 3) 0.03
12 (3, 3) 0.03
13 (3, 3) 0.04
15 (3, 3) 0.05
16 (3, 3) 0.02
19 (3, 1) 0.02

177.03
2 (1, 1) 0.13
3 (1, 1) 0.06
4 (1, 1) 0.06
5 (2, 2) 0.13
6 (2, 2) 0.13
7 (2, 2) 0.03
8 (2, 2) 0.17
9 (2, 2) 0.07
11 (3, 3) 0.05
13 (3, 3) 0.03
15 (3, 3) 0.05
16 (3, 3) 0.05
19 (3, 1) 0.02

177.03
2 (1, 1) 0.07
3 (1, 1) 0.09
4 (1, 1) 0.09
5 (2, 2) 0.09
6 (2, 2) 0.08
7 (2, 2) 0.16
8 (2, 2) 0.09
9 (2, 2) 0.11
11 (3, 3) 0.02
12 (3, 3) 0.04
13 (3, 3) 0.02
14 (3, 3) 0.05
15 (3, 3) 0.03
16 (3, 3) 0.02
19 (3, 1) 0.02

177.03
2 (1, 1) 0.07
3 (1, 1) 0.09
4 (1, 1) 0.09
5 (2, 2) 0.1
6 (2, 2) 0.11
7 (2, 2) 0.13
8 (2, 2) 0.07
9 (2, 2) 0.12
11 (3, 3) 0.02
12 (3, 3) 0.05
13 (3, 3) 0.03
14 (3, 3) 0.05
15 (3, 3) 0.02
19 (3, 1) 0.03

177.03
2 (1, 1) 0.09
3 (1, 1) 0.09
4 (1, 1) 0.06
5 (2, 2) 0.17
6 (2, 2) 0.06
7 (2, 2) 0.09
8 (2, 2) 0.13
9 (2, 2) 0.08
11 (3, 3) 0.05
12 (3, 3) 0.03
14 (3, 3) 0.03
16 (3, 3) 0.05
19 (3, 1) 0.03

184.88
2 (1, 1) 0.07
3 (1, 1) 0.08
4 (1, 1) 0.07
10 (2, 0) 0.47
17 (3, 3) 0.04
18 (3, 1) 0.08
20 (3, 1) 0.07

184.88
2 (1, 1) 0.07
3 (1, 1) 0.06
4 (1, 1) 0.08
10 (2, 0) 0.47
17 (3, 3) 0.07
18 (3, 1) 0.03
20 (3, 1) 0.1

184.88
2 (1, 1) 0.08
3 (1, 1) 0.08
4 (1, 1) 0.06
10 (2, 0) 0.47
17 (3, 3) 0.09
18 (3, 1) 0.09
20 (3, 1) 0.02

184.88
2 (1, 1) 0.08
3 (1, 1) 0.08
4 (1, 1) 0.06
10 (2, 0) 0.47
17 (3, 3) 0.08
18 (3, 1) 0.08
20 (3, 1) 0.04

184.88
2 (1, 1) 0.07
3 (1, 1) 0.07
4 (1, 1) 0.08
10 (2, 0) 0.47
17 (3, 3) 0.05
18 (3, 1) 0.05
20 (3, 1) 0.1

191.06
2 (1, 1) 0.22
3 (1, 1) 0.09
4 (1, 1) 0.12
5 (2, 2) 0.08
6 (2, 2) 0.1
7 (2, 2) 0.1
8 (2, 2) 0.1
9 (2, 2) 0.07
10 (2, 0) 0.07

191.06
2 (1, 1) 0.06
3 (1, 1) 0.22
4 (1, 1) 0.15
5 (2, 2) 0.08
6 (2, 2) 0.09
7 (2, 2) 0.1
8 (2, 2) 0.1
9 (2, 2) 0.08
10 (2, 0) 0.07

191.06
2 (1, 1) 0.1
3 (1, 1) 0.22
4 (1, 1) 0.11
5 (2, 2) 0.09
6 (2, 2) 0.08
7 (2, 2) 0.1
8 (2, 2) 0.1
9 (2, 2) 0.08
10 (2, 0) 0.07

191.06
2 (1, 1) 0.11
3 (1, 1) 0.06
4 (1, 1) 0.26
5 (2, 2) 0.1
6 (2, 2) 0.1
7 (2, 2) 0.09
8 (2, 2) 0.05
9 (2, 2) 0.11
10 (2, 0) 0.07

191.06
2 (1, 1) 0.18
3 (1, 1) 0.14
4 (1, 1) 0.11
5 (2, 2) 0.11
6 (2, 2) 0.08
7 (2, 2) 0.07
8 (2, 2) 0.08
9 (2, 2) 0.11
10 (2, 0) 0.07

192.06
1 (0, 0) 0.11
2 (1, 1) 0.05
3 (1, 1) 0.06
4 (1, 1) 0.06
5 (2, 2) 0.2
6 (2, 2) 0.13
7 (2, 2) 0.16
8 (2, 2) 0.07
9 (2, 2) 0.11

192.06
1 (0, 0) 0.11
2 (1, 1) 0.06
3 (1, 1) 0.06
4 (1, 1) 0.06
5 (2, 2) 0.06
6 (2, 2) 0.07
7 (2, 2) 0.1
8 (2, 2) 0.23
9 (2, 2) 0.21

192.06
1 (0, 0) 0.11
2 (1, 1) 0.06
3 (1, 1) 0.06
4 (1, 1) 0.06
5 (2, 2) 0.19
6 (2, 2) 0.13
7 (2, 2) 0.13
8 (2, 2) 0.08
9 (2, 2) 0.15

192.06
1 (0, 0) 0.11
2 (1, 1) 0.07
3 (1, 1) 0.05
4 (1, 1) 0.05
5 (2, 2) 0.13
6 (2, 2) 0.13
7 (2, 2) 0.15
8 (2, 2) 0.11
9 (2, 2) 0.16

192.06
1 (0, 0) 0.11
2 (1, 1) 0.05
3 (1, 1) 0.06
4 (1, 1) 0.06
5 (2, 2) 0.08
6 (2, 2) 0.15
7 (2, 2) 0.21
8 (2, 2) 0.18
9 (2, 2) 0.05

192.06
1 (0, 0) 0.11
2 (1, 1) 0.06
3 (1, 1) 0.06
4 (1, 1) 0.05
5 (2, 2) 0.15
6 (2, 2) 0.15
7 (2, 2) 0.09
8 (2, 2) 0.12
9 (2, 2) 0.17

192.06
1 (0, 0) 0.11
2 (1, 1) 0.05
3 (1, 1) 0.05
4 (1, 1) 0.06
5 (2, 2) 0.13
6 (2, 2) 0.18
7 (2, 2) 0.12
8 (2, 2) 0.15
9 (2, 2) 0.09

195.14
5 (2, 2) 0.11
6 (2, 2) 0.11
7 (2, 2) 0.11
8 (2, 2) 0.11
9 (2, 2) 0.11
17 (3, 3) 0.13
18 (3, 1) 0.13
20 (3, 1) 0.13

198.12
2 (1, 1) 0.06
3 (1, 1) 0.06
4 (1, 1) 0.06
5 (2, 2) 0.17
6 (2, 2) 0.09
7 (2, 2) 0.13
8 (2, 2) 0.17
9 (2, 2) 0.09
10 (2, 0) 0.1
18 (3, 1) 0.02

198.12
2 (1, 1) 0.05
3 (1, 1) 0.06
4 (1, 1) 0.06
5 (2, 2) 0.11
6 (2, 2) 0.2
7 (2, 2) 0.07
8 (2, 2) 0.11
9 (2, 2) 0.15
10 (2, 0) 0.1
17 (3, 3) 0.02

198.12
2 (1, 1) 0.06
3 (1, 1) 0.06
4 (1, 1) 0.06
5 (2, 2) 0.11
6 (2, 2) 0.09
7 (2, 2) 0.19
8 (2, 2) 0.11
9 (2, 2) 0.15
10 (2, 0) 0.1

202.72
1 (0, 0) 0.02
2 (1, 1) 0.28
3 (1, 1) 0.21
4 (1, 1) 0.3
12 (3, 3) 0.03
13 (3, 3) 0.04
14 (3, 3) 0.02
19 (3, 1) 0.02

202.72
1 (0, 0) 0.02
2 (1, 1) 0.29
3 (1, 1) 0.21
4 (1, 1) 0.29
13 (3, 3) 0.06
14 (3, 3) 0.02
16 (3, 3) 0.03

202.72
1 (0, 0) 0.02
2 (1, 1) 0.24
3 (1, 1) 0.28
4 (1, 1) 0.27
13 (3, 3) 0.03
14 (3, 3) 0.03
16 (3, 3) 0.04

202.72
1 (0, 0) 0.02
2 (1, 1) 0.32
3 (1, 1) 0.27
4 (1, 1) 0.19
11 (3, 3) 0.05
15 (3, 3) 0.03
16 (3, 3) 0.03

202.72
1 (0, 0) 0.02
2 (1, 1) 0.25
3 (1, 1) 0.29
4 (1, 1) 0.24
12 (3, 3) 0.02
14 (3, 3) 0.03
16 (3, 3) 0.04

202.72
1 (0, 0) 0.02
2 (1, 1) 0.22
3 (1, 1) 0.31
4 (1, 1) 0.25
11 (3, 3) 0.02
15 (3, 3) 0.04
16 (3, 3) 0.03
19 (3, 1) 0.04

202.72
1 (0, 0) 0.02
2 (1, 1) 0.27
3 (1, 1) 0.25
4 (1, 1) 0.27
11 (3, 3) 0.03
12 (3, 3) 0.04
14 (3, 3) 0.02
19 (3, 1) 0.03

205.96
2 (1, 1) 0.18
3 (1, 1) 0.25
4 (1, 1) 0.21
11 (3, 3) 0.06
12 (3, 3) 0.06
14 (3, 3) 0.06
15 (3, 3) 0.03
16 (3, 3) 0.03
19 (3, 1) 0.04

205.96
2 (1, 1) 0.21
3 (1, 1) 0.21
4 (1, 1) 0.22
11 (3, 3) 0.05
12 (3, 3) 0.04
13 (3, 3) 0.04
14 (3, 3) 0.05
15 (3, 3) 0.03
16 (3, 3) 0.04
19 (3, 1) 0.05

205.96
2 (1, 1) 0.17
3 (1, 1) 0.2
4 (1, 1) 0.26
11 (3, 3) 0.02
12 (3, 3) 0.03
13 (3, 3) 0.02
14 (3, 3) 0.07
15 (3, 3) 0.06
16 (3, 3) 0.02
19 (3, 1) 0.07

205.96
2 (1, 1) 0.26
3 (1, 1) 0.2
4 (1, 1) 0.18
11 (3, 3) 0.05
12 (3, 3) 0.06
13 (3, 3) 0.04
14 (3, 3) 0.03
15 (3, 3) 0.05
16 (3, 3) 0.06

205.96
2 (1, 1) 0.27
3 (1, 1) 0.21
4 (1, 1) 0.16
11 (3, 3) 0.06
12 (3, 3) 0.05
13 (3, 3) 0.04
14 (3, 3) 0.03
15 (3, 3) 0.04
16 (3, 3) 0.07

205.96
2 (1, 1) 0.2
3 (1, 1) 0.15
4 (1, 1) 0.28
11 (3, 3) 0.02
12 (3, 3) 0.02
13 (3, 3) 0.09
14 (3, 3) 0.04
15 (3, 3) 0.04
19 (3, 1) 0.08

205.96
2 (1, 1) 0.23
3 (1, 1) 0.23
4 (1, 1) 0.18
11 (3, 3) 0.05
13 (3, 3) 0.06
14 (3, 3) 0.03
15 (3, 3) 0.03
16 (3, 3) 0.08
19 (3, 1) 0.04

205.96
2 (1, 1) 0.22
3 (1, 1) 0.21
4 (1, 1) 0.21
11 (3, 3) 0.04
12 (3, 3) 0.04
13 (3, 3) 0.04
14 (3, 3) 0.03
15 (3, 3) 0.05
16 (3, 3) 0.04
19 (3, 1) 0.05

205.96
2 (1, 1) 0.2
3 (1, 1) 0.23
4 (1, 1) 0.21
11 (3, 3) 0.04
12 (3, 3) 0.07
13 (3, 3) 0.05
14 (3, 3) 0.04
15 (3, 3) 0.04
16 (3, 3) 0.03
19 (3, 1) 0.03

206.01
2 (1, 1) 0.21
3 (1, 1) 0.21
4 (1, 1) 0.24
5 (2, 2) 0.03
6 (2, 2) 0.02
7 (2, 2) 0.02
8 (2, 2) 0.03
9 (2, 2) 0.02
17 (3, 3) 0.09
18 (3, 1) 0.08
20 (3, 1) 0.04

206.01
2 (1, 1) 0.21
3 (1, 1) 0.23
4 (1, 1) 0.21
5 (2, 2) 0.02
6 (2, 2) 0.03
7 (2, 2) 0.02
8 (2, 2) 0.02
9 (2, 2) 0.03
17 (3, 3) 0.08
18 (3, 1) 0.04
20 (3, 1) 0.08

206.01
2 (1, 1) 0.24
3 (1, 1) 0.21
4 (1, 1) 0.21
5 (2, 2) 0.02
6 (2, 2) 0.02
7 (2, 2) 0.03
8 (2, 2) 0.02
9 (2, 2) 0.03
17 (3, 3) 0.03
18 (3, 1) 0.08
20 (3, 1) 0.08

207.33
2 (1, 1) 0.24
3 (1, 1) 0.24
4 (1, 1) 0.21
11 (3, 3) 0.02
16 (3, 3) 0.02
17 (3, 3) 0.07
18 (3, 1) 0.07
20 (3, 1) 0.02

207.33
2 (1, 1) 0.25
3 (1, 1) 0.2
4 (1, 1) 0.24
13 (3, 3) 0.02
17 (3, 3) 0.08
18 (3, 1) 0.02
20 (3, 1) 0.07

207.33
2 (1, 1) 0.2
3 (1, 1) 0.25
4 (1, 1) 0.24
14 (3, 3) 0.02
18 (3, 1) 0.09
20 (3, 1) 0.07

207.33
2 (1, 1) 0.25
3 (1, 1) 0.23
4 (1, 1) 0.21
17 (3, 3) 0.09
18 (3, 1) 0.05
20 (3, 1) 0.03

207.33
2 (1, 1) 0.2
3 (1, 1) 0.22
4 (1, 1) 0.26
14 (3, 3) 0.02
17 (3, 3) 0.02
18 (3, 1) 0.05
19 (3, 1) 0.03
20 (3, 1) 0.1

210.06
1 (0, 0) 0.65
2 (1, 1) 0.07
3 (1, 1) 0.12
4 (1, 1) 0.11
10 (2, 0) 0.02

210.06
1 (0, 0) 0.65
2 (1, 1) 0.05
3 (1, 1) 0.1
4 (1, 1) 0.13
10 (2, 0) 0.02

210.06
1 (0, 0) 0.65
2 (1, 1) 0.09
3 (1, 1) 0.14
4 (1, 1) 0.06
10 (2, 0) 0.02

210.06
1 (0, 0) 0.65
2 (1, 1) 0.11
3 (1, 1) 0.12
4 (1, 1) 0.07
10 (2, 0) 0.02

210.06
1 (0, 0) 0.65
2 (1, 1) 0.11
3 (1, 1) 0.07
4 (1, 1) 0.11
10 (2, 0) 0.02

210.06
1 (0, 0) 0.65
2 (1, 1) 0.12
3 (1, 1) 0.05
4 (1, 1) 0.11
10 (2, 0) 0.02

210.06
1 (0, 0) 0.65
2 (1, 1) 0.11
3 (1, 1) 0.08
4 (1, 1) 0.1
10 (2, 0) 0.02

212.05
1 (0, 0) 0.11
2 (1, 1) 0.16
3 (1, 1) 0.17
4 (1, 1) 0.18
6 (2, 2) 0.03
7 (2, 2) 0.03
8 (2, 2) 0.05
9 (2, 2) 0.03
11 (3, 3) 0.02
12 (3, 3) 0.04
13 (3, 3) 0.04
14 (3, 3) 0.02
15 (3, 3) 0.02
16 (3, 3) 0.04
19 (3, 1) 0.02

212.05
1 (0, 0) 0.11
2 (1, 1) 0.16
3 (1, 1) 0.11
4 (1, 1) 0.24
5 (2, 2) 0.04
6 (2, 2) 0.02
7 (2, 2) 0.03
8 (2, 2) 0.03
9 (2, 2) 0.03
11 (3, 3) 0.07
12 (3, 3) 0.05
14 (3, 3) 0.03
16 (3, 3) 0.03

212.05
1 (0, 0) 0.11
2 (1, 1) 0.09
3 (1, 1) 0.17
4 (1, 1) 0.25
5 (2, 2) 0.04
6 (2, 2) 0.04
7 (2, 2) 0.03
8 (2, 2) 0.03
11 (3, 3) 0.05
12 (3, 3) 0.02
13 (3, 3) 0.04
15 (3, 3) 0.03
16 (3, 3) 0.06

212.05
1 (0, 0) 0.11
2 (1, 1) 0.19
3 (1, 1) 0.16
4 (1, 1) 0.16
5 (2, 2) 0.03
6 (2, 2) 0.03
7 (2, 2) 0.03
8 (2, 2) 0.03
9 (2, 2) 0.03
12 (3, 3) 0.03
13 (3, 3) 0.02
15 (3, 3) 0.04
16 (3, 3) 0.04
19 (3, 1) 0.05

212.05
1 (0, 0) 0.11
2 (1, 1) 0.13
3 (1, 1) 0.26
4 (1, 1) 0.12
5 (2, 2) 0.03
6 (2, 2) 0.04
7 (2, 2) 0.03
8 (2, 2) 0.02
9 (2, 2) 0.04
12 (3, 3) 0.03
14 (3, 3) 0.03
15 (3, 3) 0.04
19 (3, 1) 0.06

212.05
1 (0, 0) 0.11
2 (1, 1) 0.23
3 (1, 1) 0.15
4 (1, 1) 0.13
6 (2, 2) 0.03
7 (2, 2) 0.03
8 (2, 2) 0.04
9 (2, 2) 0.04
11 (3, 3) 0.02
12 (3, 3) 0.02
13 (3, 3) 0.04
14 (3, 3) 0.07
15 (3, 3) 0.03

212.05
1 (0, 0) 0.11
2 (1, 1) 0.24
3 (1, 1) 0.15
4 (1, 1) 0.12
5 (2, 2) 0.03
6 (2, 2) 0.03
7 (2, 2) 0.03
8 (2, 2) 0.02
9 (2, 2) 0.03
12 (3, 3) 0.02
13 (3, 3) 0.04
14 (3, 3) 0.04
15 (3, 3) 0.03
16 (3, 3) 0.02
19 (3, 1) 0.04

213.31
2 (1, 1) 0.18
3 (1, 1) 0.11
4 (1, 1) 0.12
5 (2, 2) 0.04
6 (2, 2) 0.06
7 (2, 2) 0.05
8 (2, 2) 0.05
9 (2, 2) 0.04
10 (2, 0) 0.12
12 (3, 3) 0.03
14 (3, 3) 0.04
15 (3, 3) 0.04

213.31
2 (1, 1) 0.19
3 (1, 1) 0.11
4 (1, 1) 0.11
5 (2, 2) 0.05
6 (2, 2) 0.05
7 (2, 2) 0.03
8 (2, 2) 0.06
9 (2, 2) 0.06
10 (2, 0) 0.12
11 (3, 3) 0.02
13 (3, 3) 0.03
14 (3, 3) 0.04
16 (3, 3) 0.02
19 (3, 1) 0.04

213.31
2 (1, 1) 0.1
3 (1, 1) 0.17
4 (1, 1) 0.14
5 (2, 2) 0.06
6 (2, 2) 0.04
7 (2, 2) 0.05
8 (2, 2) 0.04
9 (2, 2) 0.05
10 (2, 0) 0.12
11 (3, 3) 0.03
12 (3, 3) 0.03
13 (3, 3) 0.03
16 (3, 3) 0.03
17 (3, 3) 0.02
19 (3, 1) 0.03

213.31
2 (1, 1) 0.1
3 (1, 1) 0.1
4 (1, 1) 0.21
5 (2, 2) 0.06
6 (2, 2) 0.05
7 (2, 2) 0.05
8 (2, 2) 0.02
9 (2, 2) 0.06
10 (2, 0) 0.12
11 (3, 3) 0.05
12 (3, 3) 0.04
16 (3, 3) 0.05
17 (3, 3) 0.02
18 (3, 1) 0.02

213.31
2 (1, 1) 0.11
3 (1, 1) 0.15
4 (1, 1) 0.15
5 (2, 2) 0.03
6 (2, 2) 0.05
7 (2, 2) 0.05
8 (2, 2) 0.06
9 (2, 2) 0.05
10 (2, 0) 0.12
11 (3, 3) 0.03
13 (3, 3) 0.03
15 (3, 3) 0.03
16 (3, 3) 0.03
19 (3, 1) 0.02

217.09
3 (1, 1) 0.03
4 (1, 1) 0.03
5 (2, 2) 0.03
6 (2, 2) 0.03
7 (2, 2) 0.11
8 (2, 2) 0.05
9 (2, 2) 0.08
11 (3, 3) 0.02
12 (3, 3) 0.07
14 (3, 3) 0.18
15 (3, 3) 0.14
16 (3, 3) 0.06
19 (3, 1) 0.15

217.09
2 (1, 1) 0.02
3 (1, 1) 0.03
4 (1, 1) 0.02
5 (2, 2) 0.04
6 (2, 2) 0.06
7 (2, 2) 0.08
8 (2, 2) 0.06
9 (2, 2) 0.04
11 (3, 3) 0.04
12 (3, 3) 0.11
13 (3, 3) 0.06
14 (3, 3) 0.1
15 (3, 3) 0.21
16 (3, 3) 0.07
19 (3, 1) 0.03

217.09
2 (1, 1) 0.03
3 (1, 1) 0.02
5 (2, 2) 0.08
6 (2, 2) 0.05
7 (2, 2) 0.04
8 (2, 2) 0.07
9 (2, 2) 0.05
11 (3, 3) 0.14
12 (3, 3) 0.08
13 (3, 3) 0.1
14 (3, 3) 0.07
16 (3, 3) 0.16
19 (3, 1) 0.07

217.09
2 (1, 1) 0.03
3 (1, 1) 0.02
4 (1, 1) 0.02
5 (2, 2) 0.07
6 (2, 2) 0.06
7 (2, 2) 0.05
8 (2, 2) 0.05
9 (2, 2) 0.06
11 (3, 3) 0.08
12 (3, 3) 0.08
13 (3, 3) 0.12
14 (3, 3) 0.09
15 (3, 3) 0.06
16 (3, 3) 0.12
19 (3, 1) 0.08

217.09
2 (1, 1) 0.03
3 (1, 1) 0.02
4 (1, 1) 0.02
5 (2, 2) 0.05
6 (2, 2) 0.08
7 (2, 2) 0.04
8 (2, 2) 0.06
9 (2, 2) 0.05
11 (3, 3) 0.11
12 (3, 3) 0.1
13 (3, 3) 0.1
14 (3, 3) 0.05
15 (3, 3) 0.13
16 (3, 3) 0.07
19 (3, 1) 0.08

217.09
3 (1, 1) 0.03
4 (1, 1) 0.03
5 (2, 2) 0.05
6 (2, 2) 0.05
7 (2, 2) 0.08
8 (2, 2) 0.03
9 (2, 2) 0.08
11 (3, 3) 0.06
12 (3, 3) 0.13
13 (3, 3) 0.1
14 (3, 3) 0.12
15 (3, 3) 0.06
16 (3, 3) 0.02
19 (3, 1) 0.14

217.09
3 (1, 1) 0.02
4 (1, 1) 0.03
5 (2, 2) 0.05
6 (2, 2) 0.07
7 (2, 2) 0.08
8 (2, 2) 0.03
9 (2, 2) 0.07
11 (3, 3) 0.04
12 (3, 3) 0.15
13 (3, 3) 0.11
14 (3, 3) 0.15
15 (3, 3) 0.08
16 (3, 3) 0.02
19 (3, 1) 0.09

217.09
2 (1, 1) 0.02
3 (1, 1) 0.03
4 (1, 1) 0.02
5 (2, 2) 0.08
6 (2, 2) 0.05
7 (2, 2) 0.07
8 (2, 2) 0.06
9 (2, 2) 0.04
11 (3, 3) 0.13
12 (3, 3) 0.17
13 (3, 3) 0.05
14 (3, 3) 0.1
15 (3, 3) 0.08
16 (3, 3) 0.07
19 (3, 1) 0.05

217.09
2 (1, 1) 0.03
4 (1, 1) 0.02
5 (2, 2) 0.05
6 (2, 2) 0.08
7 (2, 2) 0.03
8 (2, 2) 0.07
9 (2, 2) 0.07
11 (3, 3) 0.11
12 (3, 3) 0.05
13 (3, 3) 0.15
14 (3, 3) 0.03
15 (3, 3) 0.07
16 (3, 3) 0.1
19 (3, 1) 0.13

222.53
10 (2, 0) 0.17
17 (3, 3) 0.23
18 (3, 1) 0.2
20 (3, 1) 0.23

222.53
10 (2, 0) 0.17
17 (3, 3) 0.17
18 (3, 1) 0.24
20 (3, 1) 0.25

222.53
10 (2, 0) 0.17
17 (3, 3) 0.18
18 (3, 1) 0.37
20 (3, 1) 0.11

222.53
10 (2, 0) 0.17
17 (3, 3) 0.21
18 (3, 1) 0.13
19 (3, 1) 0.02
20 (3, 1) 0.31

222.53
10 (2, 0) 0.17
17 (3, 3) 0.31
18 (3, 1) 0.16
20 (3, 1) 0.19

225.56
2 (1, 1) 0.02
3 (1, 1) 0.03
4 (1, 1) 0.04
5 (2, 2) 0.05
6 (2, 2) 0.05
7 (2, 2) 0.05
8 (2, 2) 0.05
9 (2, 2) 0.05
11 (3, 3) 0.14
12 (3, 3) 0.08
13 (3, 3) 0.08
14 (3, 3) 0.02
15 (3, 3) 0.09
16 (3, 3) 0.14
19 (3, 1) 0.04

225.56
2 (1, 1) 0.03
3 (1, 1) 0.04
4 (1, 1) 0.03
5 (2, 2) 0.05
6 (2, 2) 0.05
7 (2, 2) 0.05
8 (2, 2) 0.05
9 (2, 2) 0.05
11 (3, 3) 0.09
12 (3, 3) 0.07
13 (3, 3) 0.11
14 (3, 3) 0.08
16 (3, 3) 0.09
19 (3, 1) 0.13

225.56
2 (1, 1) 0.05
3 (1, 1) 0.02
4 (1, 1) 0.02
5 (2, 2) 0.05
6 (2, 2) 0.05
7 (2, 2) 0.05
8 (2, 2) 0.05
9 (2, 2) 0.05
12 (3, 3) 0.13
13 (3, 3) 0.02
14 (3, 3) 0.2
15 (3, 3) 0.13
19 (3, 1) 0.09

225.56
2 (1, 1) 0.03
3 (1, 1) 0.04
4 (1, 1) 0.03
5 (2, 2) 0.05
6 (2, 2) 0.05
7 (2, 2) 0.05
8 (2, 2) 0.05
9 (2, 2) 0.05
11 (3, 3) 0.07
12 (3, 3) 0.07
13 (3, 3) 0.12
14 (3, 3) 0.08
15 (3, 3) 0.04
16 (3, 3) 0.07
19 (3, 1) 0.12

225.56
2 (1, 1) 0.03
3 (1, 1) 0.03
4 (1, 1) 0.04
5 (2, 2) 0.05
6 (2, 2) 0.05
7 (2, 2) 0.05
8 (2, 2) 0.05
9 (2, 2) 0.05
11 (3, 3) 0.12
12 (3, 3) 0.07
13 (3, 3) 0.08
14 (3, 3) 0.03
15 (3, 3) 0.13
16 (3, 3) 0.12
19 (3, 1) 0.04

226.01
5 (2, 2) 0.07
6 (2, 2) 0.07
7 (2, 2) 0.07
8 (2, 2) 0.07
9 (2, 2) 0.07
17 (3, 3) 0.21
18 (3, 1) 0.21
20 (3, 1) 0.21

226.55
5 (2, 2) 0.03
6 (2, 2) 0.03
7 (2, 2) 0.03
8 (2, 2) 0.03
9 (2, 2) 0.03
17 (3, 3) 0.28
18 (3, 1) 0.28
20 (3, 1) 0.28

230.24
2 (1, 1) 0.23
3 (1, 1) 0.18
4 (1, 1) 0.23
5 (2, 2) 0.02
6 (2, 2) 0.03
7 (2, 2) 0.05
8 (2, 2) 0.06
9 (2, 2) 0.05
12 (3, 3) 0.03
13 (3, 3) 0.03
19 (3, 1) 0.02

230.24
2 (1, 1) 0.1
3 (1, 1) 0.3
4 (1, 1) 0.24
5 (2, 2) 0.06
6 (2, 2) 0.02
7 (2, 2) 0.04
8 (2, 2) 0.03
9 (2, 2) 0.06
12 (3, 3) 0.02
14 (3, 3) 0.03
15 (3, 3) 0.03

230.24
2 (1, 1) 0.28
3 (1, 1) 0.16
4 (1, 1) 0.2
5 (2, 2) 0.05
6 (2, 2) 0.06
8 (2, 2) 0.04
9 (2, 2) 0.05
11 (3, 3) 0.03
12 (3, 3) 0.03
15 (3, 3) 0.02

230.24
2 (1, 1) 0.2
3 (1, 1) 0.18
4 (1, 1) 0.26
5 (2, 2) 0.02
6 (2, 2) 0.06
7 (2, 2) 0.08
8 (2, 2) 0.05
13 (3, 3) 0.03
19 (3, 1) 0.04

230.24
2 (1, 1) 0.2
3 (1, 1) 0.28
4 (1, 1) 0.17
5 (2, 2) 0.06
6 (2, 2) 0.06
7 (2, 2) 0.05
8 (2, 2) 0.02
9 (2, 2) 0.02
11 (3, 3) 0.03
14 (3, 3) 0.03
16 (3, 3) 0.03

230.24
2 (1, 1) 0.27
3 (1, 1) 0.22
4 (1, 1) 0.15
5 (2, 2) 0.05
6 (2, 2) 0.05
7 (2, 2) 0.04
8 (2, 2) 0.04
9 (2, 2) 0.04
11 (3, 3) 0.03
15 (3, 3) 0.02
16 (3, 3) 0.03

230.24
2 (1, 1) 0.2
3 (1, 1) 0.21
4 (1, 1) 0.23
6 (2, 2) 0.04
7 (2, 2) 0.03
8 (2, 2) 0.08
9 (2, 2) 0.06
12 (3, 3) 0.04
14 (3, 3) 0.03

