rotational analysis para
0.0
1 0.0 0.94

32.9
1 0.0 0.2
2 37.16 0.77

32.9
1 0.0 0.2
3 37.16 0.77

32.9
1 0.0 0.2
4 37.16 0.77

66.89
1 0.0 0.75
4 37.16 0.22

66.89
1 0.0 0.75
3 37.16 0.22

66.89
1 0.0 0.75
2 37.16 0.22

68.06
2 37.16 0.09
4 37.16 0.04
6 70.13 0.05
7 70.13 0.04
8 70.13 0.07
9 70.13 0.11
11 95.24 0.13
16 136.59 0.14
17 136.59 0.11
18 136.59 0.06
19 136.59 0.08

68.06
3 37.16 0.09
4 37.16 0.05
6 70.13 0.04
7 70.13 0.03
8 70.13 0.07
9 70.13 0.09
11 95.24 0.11
16 136.59 0.16
17 136.59 0.11
18 136.59 0.07
19 136.59 0.07

68.13
2 37.16 0.04
3 37.16 0.04
6 70.13 0.16
8 70.13 0.16
9 70.13 0.03
10 95.24 0.04
13 95.24 0.19
16 136.59 0.07
17 136.59 0.04
18 136.59 0.2

68.13
3 37.16 0.04
4 37.16 0.04
6 70.13 0.04
7 70.13 0.22
9 70.13 0.06
10 95.24 0.19
14 95.24 0.09
17 136.59 0.09
19 136.59 0.15

68.13
2 37.16 0.04
4 37.16 0.04
5 70.13 0.3
10 95.24 0.04
13 95.24 0.08
14 95.24 0.17
15 136.59 0.32

90.12
5 70.13 0.02
10 95.24 0.03
12 95.24 0.83
14 95.24 0.03

90.12
6 70.13 0.16
8 70.13 0.16
9 70.13 0.03
10 95.24 0.07
13 95.24 0.32
16 136.59 0.04
17 136.59 0.03
18 136.59 0.11

93.1
1 0.0 0.08
2 37.16 0.37
3 37.16 0.37
6 70.13 0.03
8 70.13 0.03
13 95.24 0.05
18 136.59 0.02

93.1
1 0.0 0.08
3 37.16 0.37
4 37.16 0.37
7 70.13 0.03
10 95.24 0.05
14 95.24 0.02

93.1
1 0.0 0.08
2 37.16 0.37
4 37.16 0.37
5 70.13 0.05
13 95.24 0.02
14 95.24 0.04
15 136.59 0.03

93.62
6 70.13 0.09
7 70.13 0.06
8 70.13 0.08
9 70.13 0.21
11 95.24 0.46
17 136.59 0.03
19 136.59 0.09

93.62
6 70.13 0.04
7 70.13 0.2
9 70.13 0.06
10 95.24 0.3
14 95.24 0.15
16 136.59 0.03
17 136.59 0.06
18 136.59 0.02
19 136.59 0.08

93.62
5 70.13 0.27
10 95.24 0.06
13 95.24 0.14
14 95.24 0.27
15 136.59 0.16
16 136.59 0.03

94.46
1 0.0 0.08
2 37.16 0.35
4 37.16 0.33
8 70.13 0.02
11 95.24 0.03
16 136.59 0.04
17 136.59 0.03

94.46
1 0.0 0.08
2 37.16 0.1
3 37.16 0.46
4 37.16 0.13
9 70.13 0.03
11 95.24 0.07

98.67
2 37.16 0.49
3 37.16 0.49

98.67
3 37.16 0.49
4 37.16 0.49

98.67
2 37.16 0.49
4 37.16 0.49

99.15
1 0.0 0.13
2 37.16 0.28
3 37.16 0.28
4 37.16 0.28

120.47
5 70.13 0.08
6 70.13 0.05
7 70.13 0.06
8 70.13 0.05
9 70.13 0.02
10 95.24 0.07
13 95.24 0.07
14 95.24 0.07
15 136.59 0.08
16 136.59 0.02
17 136.59 0.03
18 136.59 0.06
19 136.59 0.04
21 142.33 0.08
32 206.72 0.07
39 287.34 0.09

121.44
5 70.13 0.09
6 70.13 0.06
8 70.13 0.07
9 70.13 0.02
10 95.24 0.02
13 95.24 0.08
14 95.24 0.05
15 136.59 0.1
16 136.59 0.08
17 136.59 0.05
18 136.59 0.09
23 142.33 0.05
25 142.33 0.03
28 206.72 0.02
29 206.72 0.04
36 287.34 0.05
37 287.34 0.03

121.44
5 70.13 0.09
6 70.13 0.04
7 70.13 0.08
8 70.13 0.02
9 70.13 0.07
10 95.24 0.06
11 95.24 0.07
13 95.24 0.02
14 95.24 0.07
15 136.59 0.1
17 136.59 0.04
19 136.59 0.09
20 142.33 0.07
27 206.72 0.06
35 287.34 0.08

121.44
6 70.13 0.07
7 70.13 0.08
8 70.13 0.07
9 70.13 0.04
10 95.24 0.07
13 95.24 0.05
14 95.24 0.03
16 136.59 0.08
17 136.59 0.08
18 136.59 0.09
19 136.59 0.06
22 142.33 0.03
26 142.33 0.04
30 206.72 0.02
33 206.72 0.04
34 287.34 0.03
40 287.34 0.04

122.95
2 37.16 0.03
5 70.13 0.06
6 70.13 0.06
7 70.13 0.02
8 70.13 0.07
9 70.13 0.08
11 95.24 0.08
13 95.24 0.05
14 95.24 0.03
15 136.59 0.06
16 136.59 0.05
17 136.59 0.05
18 136.59 0.06
19 136.59 0.06
23 142.33 0.03
25 142.33 0.04
28 206.72 0.03
29 206.72 0.02
36 287.34 0.03
37 287.34 0.05

122.95
3 37.16 0.03
6 70.13 0.07
7 70.13 0.07
8 70.13 0.07
9 70.13 0.09
10 95.24 0.05
11 95.24 0.08
13 95.24 0.04
14 95.24 0.02
16 136.59 0.05
17 136.59 0.06
18 136.59 0.06
19 136.59 0.09
22 142.33 0.04
26 142.33 0.03
30 206.72 0.03
33 206.72 0.02
34 287.34 0.05
40 287.34 0.02

122.95
4 37.16 0.03
5 70.13 0.06
7 70.13 0.05
8 70.13 0.04
10 95.24 0.05
14 95.24 0.05
15 136.59 0.07
16 136.59 0.14
17 136.59 0.1
18 136.59 0.06
19 136.59 0.03
24 142.33 0.09
38 287.34 0.08

132.68
2 37.16 0.04
5 70.13 0.09
6 70.13 0.08
7 70.13 0.02
8 70.13 0.08
9 70.13 0.08
10 95.24 0.03
11 95.24 0.09
13 95.24 0.08
14 95.24 0.06
15 136.59 0.09
16 136.59 0.06
17 136.59 0.05
18 136.59 0.07
19 136.59 0.06

132.68
3 37.16 0.04
6 70.13 0.09
7 70.13 0.09
8 70.13 0.09
9 70.13 0.1
10 95.24 0.07
11 95.24 0.09
13 95.24 0.06
14 95.24 0.03
16 136.59 0.06
17 136.59 0.08
18 136.59 0.08
19 136.59 0.1

132.68
4 37.16 0.04
5 70.13 0.09
7 70.13 0.08
8 70.13 0.04
10 95.24 0.07
13 95.24 0.03
14 95.24 0.08
15 136.59 0.09
16 136.59 0.15
17 136.59 0.11
18 136.59 0.06
19 136.59 0.04

134.66
6 70.13 0.13
7 70.13 0.08
8 70.13 0.12
9 70.13 0.04
10 95.24 0.09
13 95.24 0.15
14 95.24 0.04
16 136.59 0.05
17 136.59 0.06
18 136.59 0.14
19 136.59 0.06

134.66
5 70.13 0.17
6 70.13 0.02
7 70.13 0.07
9 70.13 0.02
10 95.24 0.08
12 95.24 0.15
13 95.24 0.06
14 95.24 0.12
15 136.59 0.19
17 136.59 0.03
19 136.59 0.05

135.05
6 70.13 0.06
7 70.13 0.09
8 70.13 0.08
9 70.13 0.06
10 95.24 0.09
11 95.24 0.04
13 95.24 0.03
14 95.24 0.04
16 136.59 0.16
17 136.59 0.12
18 136.59 0.1
19 136.59 0.07

135.05
5 70.13 0.05
6 70.13 0.08
7 70.13 0.08
8 70.13 0.06
9 70.13 0.17
10 95.24 0.04
11 95.24 0.21
14 95.24 0.04
15 136.59 0.05
17 136.59 0.05
19 136.59 0.14

135.05
5 70.13 0.1
6 70.13 0.05
7 70.13 0.02
8 70.13 0.07
9 70.13 0.04
10 95.24 0.02
11 95.24 0.04
13 95.24 0.07
14 95.24 0.07
15 136.59 0.08
16 136.59 0.16
17 136.59 0.1
18 136.59 0.09
19 136.59 0.03

135.94
1 0.0 0.07
6 70.13 0.16
8 70.13 0.16
9 70.13 0.03
10 95.24 0.03
13 95.24 0.11
16 136.59 0.08
17 136.59 0.05
18 136.59 0.23

135.94
1 0.0 0.07
6 70.13 0.04
7 70.13 0.19
9 70.13 0.06
10 95.24 0.07
12 95.24 0.11
14 95.24 0.03
17 136.59 0.1
19 136.59 0.18

135.94
1 0.0 0.07
5 70.13 0.25
12 95.24 0.11
13 95.24 0.04
14 95.24 0.06
15 136.59 0.35

137.07
1 0.0 0.12
5 70.13 0.03
7 70.13 0.03
8 70.13 0.05
10 95.24 0.03
14 95.24 0.04
16 136.59 0.27
17 136.59 0.16
18 136.59 0.11

137.08
1 0.0 0.12
6 70.13 0.08
7 70.13 0.06
8 70.13 0.07
9 70.13 0.19
10 95.24 0.02
11 95.24 0.14
17 136.59 0.06
19 136.59 0.17

150.59
6 70.13 0.11
7 70.13 0.03
8 70.13 0.11
9 70.13 0.04
10 95.24 0.07
11 95.24 0.04
12 95.24 0.18
13 95.24 0.2
14 95.24 0.03
16 136.59 0.03
17 136.59 0.02
18 136.59 0.07

150.59
5 70.13 0.02
6 70.13 0.11
8 70.13 0.11
9 70.13 0.04
10 95.24 0.06
11 95.24 0.04
12 95.24 0.18
13 95.24 0.21
14 95.24 0.03
16 136.59 0.03
18 136.59 0.07

150.59
5 70.13 0.03
7 70.13 0.03
10 95.24 0.05
12 95.24 0.73
14 95.24 0.05
15 136.59 0.02
31 206.72 0.04

151.05
5 70.13 0.07
6 70.13 0.09
7 70.13 0.06
8 70.13 0.08
9 70.13 0.03
10 95.24 0.13
13 95.24 0.19
14 95.24 0.11
15 136.59 0.04
16 136.59 0.03
17 136.59 0.03
18 136.59 0.06
19 136.59 0.02

151.05
6 70.13 0.05
7 70.13 0.08
8 70.13 0.04
9 70.13 0.07
10 95.24 0.11
11 95.24 0.12
12 95.24 0.31
13 95.24 0.04
14 95.24 0.05
17 136.59 0.03
19 136.59 0.05

151.05
5 70.13 0.09
6 70.13 0.04
8 70.13 0.04
9 70.13 0.06
10 95.24 0.03
11 95.24 0.12
12 95.24 0.31
13 95.24 0.08
14 95.24 0.09
15 136.59 0.06
19 136.59 0.02

151.66
5 70.13 0.09
6 70.13 0.04
7 70.13 0.09
8 70.13 0.03
9 70.13 0.09
10 95.24 0.13
11 95.24 0.16
13 95.24 0.05
14 95.24 0.14
15 136.59 0.05
17 136.59 0.03
19 136.59 0.06
27 206.72 0.02

152.11
1 0.0 0.63
2 37.16 0.1
4 37.16 0.12

152.11
1 0.0 0.63
2 37.16 0.06
3 37.16 0.14
4 37.16 0.04

153.7
9 70.13 0.02
11 95.24 0.02
19 136.59 0.02
20 142.33 0.27
21 142.33 0.02
27 206.72 0.22
35 287.34 0.28

153.7
16 136.59 0.02
18 136.59 0.02
22 142.33 0.14
26 142.33 0.12
30 206.72 0.12
33 206.72 0.1
34 287.34 0.15
38 287.34 0.02
40 287.34 0.11

153.7
16 136.59 0.02
18 136.59 0.02
23 142.33 0.16
25 142.33 0.12
28 206.72 0.09
29 206.72 0.13
36 287.34 0.16
37 287.34 0.12

153.71
4 37.16 0.04
16 136.59 0.03
24 142.33 0.37
38 287.34 0.32
40 287.34 0.08

153.71
3 37.16 0.04
22 142.33 0.12
26 142.33 0.14
30 206.72 0.1
33 206.72 0.12
34 287.34 0.13
38 287.34 0.03
40 287.34 0.12

153.71
2 37.16 0.04
23 142.33 0.12
25 142.33 0.16
28 206.72 0.13
29 206.72 0.09
36 287.34 0.12
37 287.34 0.16

153.87
5 70.13 0.02
15 136.59 0.02
21 142.33 0.24
32 206.72 0.21
39 287.34 0.27

156.58
6 70.13 0.08
7 70.13 0.11
8 70.13 0.06
9 70.13 0.11
10 95.24 0.15
11 95.24 0.19
12 95.24 0.05
13 95.24 0.05
14 95.24 0.07
17 136.59 0.04
18 136.59 0.02
19 136.59 0.07

156.58
5 70.13 0.12
6 70.13 0.06
7 70.13 0.02
8 70.13 0.06
9 70.13 0.09
10 95.24 0.04
11 95.24 0.19
12 95.24 0.05
13 95.24 0.11
14 95.24 0.13
15 136.59 0.08
18 136.59 0.02
19 136.59 0.04

156.58
5 70.13 0.12
7 70.13 0.09
9 70.13 0.03
10 95.24 0.16
12 95.24 0.18
13 95.24 0.06
14 95.24 0.19
15 136.59 0.07
17 136.59 0.02
19 136.59 0.04

156.62
1 0.0 0.58
2 37.16 0.09
3 37.16 0.09
10 95.24 0.03
13 95.24 0.04
14 95.24 0.03

156.62
1 0.0 0.58
2 37.16 0.09
4 37.16 0.09
5 70.13 0.02
11 95.24 0.03
12 95.24 0.06
14 95.24 0.02

156.62
1 0.0 0.58
3 37.16 0.09
4 37.16 0.09
7 70.13 0.02
10 95.24 0.03
11 95.24 0.03
12 95.24 0.06

161.98
1 0.0 0.12
2 37.16 0.02
3 37.16 0.02
5 70.13 0.04
6 70.13 0.1
7 70.13 0.04
8 70.13 0.1
9 70.13 0.02
10 95.24 0.08
13 95.24 0.16
14 95.24 0.07
15 136.59 0.03
16 136.59 0.04
17 136.59 0.03
18 136.59 0.1

161.98
1 0.0 0.12
3 37.16 0.02
4 37.16 0.02
6 70.13 0.04
7 70.13 0.11
8 70.13 0.02
9 70.13 0.06
10 95.24 0.11
11 95.24 0.07
12 95.24 0.16
13 95.24 0.02
14 95.24 0.06
17 136.59 0.04
19 136.59 0.08

161.98
1 0.0 0.12
2 37.16 0.02
4 37.16 0.02
5 70.13 0.14
6 70.13 0.02
8 70.13 0.02
9 70.13 0.03
10 95.24 0.03
11 95.24 0.07
12 95.24 0.16
13 95.24 0.07
14 95.24 0.1
15 136.59 0.13

162.67
5 70.13 0.09
6 70.13 0.06
7 70.13 0.04
8 70.13 0.06
9 70.13 0.13
10 95.24 0.03
11 95.24 0.26
13 95.24 0.05
14 95.24 0.09
15 136.59 0.06
16 136.59 0.03
17 136.59 0.04
19 136.59 0.07

162.67
5 70.13 0.04
6 70.13 0.04
7 70.13 0.11
8 70.13 0.04
9 70.13 0.06
10 95.24 0.16
11 95.24 0.06
13 95.24 0.03
14 95.24 0.12
15 136.59 0.03
16 136.59 0.09
17 136.59 0.08
18 136.59 0.04
19 136.59 0.06

169.89
1 0.0 0.11
2 37.16 0.06
3 37.16 0.39
4 37.16 0.06
6 70.13 0.03
7 70.13 0.03
8 70.13 0.03
9 70.13 0.05
11 95.24 0.08
16 136.59 0.02
17 136.59 0.03
18 136.59 0.02
19 136.59 0.03

169.89
1 0.0 0.11
2 37.16 0.39
3 37.16 0.06
4 37.16 0.06
6 70.13 0.03
8 70.13 0.03
9 70.13 0.04
11 95.24 0.08
13 95.24 0.02
16 136.59 0.02
17 136.59 0.02
19 136.59 0.02

169.89
1 0.0 0.11
2 37.16 0.06
3 37.16 0.06
4 37.16 0.39
5 70.13 0.02
7 70.13 0.02
8 70.13 0.02
10 95.24 0.02
14 95.24 0.02
16 136.59 0.07
17 136.59 0.05
18 136.59 0.03

170.3
1 0.0 0.11
2 37.16 0.27
3 37.16 0.13
4 37.16 0.13
5 70.13 0.04
6 70.13 0.03
8 70.13 0.03
13 95.24 0.04
14 95.24 0.03
15 136.59 0.04
16 136.59 0.03
18 136.59 0.03

170.3
1 0.0 0.11
2 37.16 0.13
3 37.16 0.27
4 37.16 0.13
6 70.13 0.03
7 70.13 0.04
8 70.13 0.03
10 95.24 0.04
13 95.24 0.03
16 136.59 0.03
17 136.59 0.03
18 136.59 0.04
19 136.59 0.03

170.3
1 0.0 0.11
2 37.16 0.13
3 37.16 0.13
4 37.16 0.27
5 70.13 0.04
7 70.13 0.03
9 70.13 0.03
10 95.24 0.03
11 95.24 0.04
14 95.24 0.03
15 136.59 0.04
19 136.59 0.03

170.83
1 0.0 0.73
2 37.16 0.08
3 37.16 0.08
4 37.16 0.08

171.89
1 0.0 0.11
2 37.16 0.16
3 37.16 0.16
4 37.16 0.16
5 70.13 0.04
6 70.13 0.03
7 70.13 0.03
8 70.13 0.02
10 95.24 0.04
13 95.24 0.05
14 95.24 0.04
15 136.59 0.04
18 136.59 0.03

176.93
1 0.0 0.17
2 37.16 0.17
3 37.16 0.17
4 37.16 0.27
5 70.13 0.03
7 70.13 0.02
15 136.59 0.03

176.93
1 0.0 0.17
2 37.16 0.17
3 37.16 0.27
4 37.16 0.17
6 70.13 0.02
7 70.13 0.02
18 136.59 0.02
19 136.59 0.02

176.93
1 0.0 0.17
2 37.16 0.27
3 37.16 0.17
4 37.16 0.17
5 70.13 0.03
15 136.59 0.03
18 136.59 0.02

186.75
2 37.16 0.13
3 37.16 0.35
4 37.16 0.13
6 70.13 0.02
7 70.13 0.03
8 70.13 0.03
9 70.13 0.03
11 95.24 0.02
16 136.59 0.08
17 136.59 0.06
18 136.59 0.04
19 136.59 0.03

186.75
2 37.16 0.35
3 37.16 0.13
4 37.16 0.13
5 70.13 0.02
8 70.13 0.03
9 70.13 0.02
11 95.24 0.02
15 136.59 0.02
16 136.59 0.08
17 136.59 0.05
18 136.59 0.04

186.75
2 37.16 0.13
3 37.16 0.13
4 37.16 0.35
6 70.13 0.03
7 70.13 0.03
8 70.13 0.03
9 70.13 0.07
11 95.24 0.09
17 136.59 0.03
19 136.59 0.06

188.15
2 37.16 0.23
3 37.16 0.23
5 70.13 0.08
7 70.13 0.06
9 70.13 0.02
10 95.24 0.04
12 95.24 0.03
14 95.24 0.05
15 136.59 0.1
17 136.59 0.03
19 136.59 0.05

188.15
2 37.16 0.08
3 37.16 0.08
4 37.16 0.31
5 70.13 0.03
6 70.13 0.06
7 70.13 0.03
8 70.13 0.06
10 95.24 0.03
13 95.24 0.06
14 95.24 0.02
15 136.59 0.04
16 136.59 0.04
17 136.59 0.03
18 136.59 0.09
19 136.59 0.02

192.58
5 70.13 0.03
6 70.13 0.03
7 70.13 0.02
8 70.13 0.03
10 95.24 0.02
13 95.24 0.03
14 95.24 0.02
15 136.59 0.03
16 136.59 0.03
17 136.59 0.02
18 136.59 0.04
21 142.33 0.12
23 142.33 0.04
26 142.33 0.04
29 206.72 0.03
32 206.72 0.1
33 206.72 0.03
36 287.34 0.04
39 287.34 0.14
40 287.34 0.03

192.58
5 70.13 0.04
6 70.13 0.02
7 70.13 0.02
8 70.13 0.02
10 95.24 0.02
13 95.24 0.03
14 95.24 0.03
15 136.59 0.04
18 136.59 0.02
19 136.59 0.02
20 142.33 0.04
21 142.33 0.12
25 142.33 0.03
27 206.72 0.03
28 206.72 0.02
32 206.72 0.1
35 287.34 0.04
37 287.34 0.03
39 287.34 0.14

192.58
5 70.13 0.03
6 70.13 0.02
7 70.13 0.03
8 70.13 0.02
10 95.24 0.03
13 95.24 0.02
14 95.24 0.03
15 136.59 0.03
17 136.59 0.02
18 136.59 0.02
19 136.59 0.03
20 142.33 0.04
21 142.33 0.12
22 142.33 0.03
27 206.72 0.03
30 206.72 0.02
32 206.72 0.1
34 287.34 0.03
35 287.34 0.04
39 287.34 0.14

193.69
2 37.16 0.03
6 70.13 0.03
8 70.13 0.04
9 70.13 0.03
11 95.24 0.02
13 95.24 0.03
16 136.59 0.04
17 136.59 0.03
18 136.59 0.04
19 136.59 0.02
22 142.33 0.06
23 142.33 0.02
24 142.33 0.05
25 142.33 0.06
26 142.33 0.03
28 206.72 0.04
30 206.72 0.04
34 287.34 0.06
36 287.34 0.03
37 287.34 0.06
38 287.34 0.05
40 287.34 0.03

193.7
5 70.13 0.03
7 70.13 0.03
9 70.13 0.03
10 95.24 0.02
11 95.24 0.03
14 95.24 0.02
15 136.59 0.03
16 136.59 0.03
17 136.59 0.03
19 136.59 0.03
20 142.33 0.1
23 142.33 0.05
26 142.33 0.05
27 206.72 0.08
29 206.72 0.04
33 206.72 0.04
35 287.34 0.11
36 287.34 0.06
40 287.34 0.05

193.78
2 37.16 0.08
3 37.16 0.25
4 37.16 0.08
6 70.13 0.05
7 70.13 0.05
8 70.13 0.05
9 70.13 0.07
10 95.24 0.02
11 95.24 0.04
16 136.59 0.04
17 136.59 0.06
18 136.59 0.05
19 136.59 0.08

193.78
2 37.16 0.08
3 37.16 0.08
4 37.16 0.26
5 70.13 0.05
7 70.13 0.04
8 70.13 0.03
10 95.24 0.02
14 95.24 0.02
15 136.59 0.06
16 136.59 0.11
17 136.59 0.08
18 136.59 0.05
19 136.59 0.03

193.78
2 37.16 0.24
3 37.16 0.08
4 37.16 0.08
5 70.13 0.05
6 70.13 0.05
8 70.13 0.05
9 70.13 0.06
11 95.24 0.04
13 95.24 0.03
15 136.59 0.06
16 136.59 0.04
17 136.59 0.04
18 136.59 0.05
19 136.59 0.05

194.13
7 70.13 0.05
9 70.13 0.02
10 95.24 0.03
16 136.59 0.04
17 136.59 0.05
18 136.59 0.02
19 136.59 0.04
20 142.33 0.06
24 142.33 0.07
26 142.33 0.11
27 206.72 0.05
33 206.72 0.08
35 287.34 0.06
38 287.34 0.07
40 287.34 0.11

194.13
5 70.13 0.06
14 95.24 0.03
15 136.59 0.07
16 136.59 0.04
17 136.59 0.03
20 142.33 0.06
23 142.33 0.11
24 142.33 0.07
27 206.72 0.05
29 206.72 0.08
35 287.34 0.06
36 287.34 0.12
38 287.34 0.06

194.13
6 70.13 0.05
8 70.13 0.05
9 70.13 0.04
11 95.24 0.04
13 95.24 0.03
18 136.59 0.05
19 136.59 0.03
22 142.33 0.1
25 142.33 0.11
28 206.72 0.08
30 206.72 0.08
34 287.34 0.11
37 287.34 0.11

195.56
6 70.13 0.02
7 70.13 0.02
8 70.13 0.03
9 70.13 0.03
11 95.24 0.02
16 136.59 0.04
17 136.59 0.04
18 136.59 0.03
19 136.59 0.03
22 142.33 0.05
23 142.33 0.03
24 142.33 0.1
25 142.33 0.04
26 142.33 0.03
28 206.72 0.03
29 206.72 0.02
30 206.72 0.03
33 206.72 0.02
34 287.34 0.05
36 287.34 0.03
37 287.34 0.05
38 287.34 0.09
40 287.34 0.04

196.58
11 95.24 0.02
20 142.33 0.11
22 142.33 0.03
23 142.33 0.05
25 142.33 0.03
26 142.33 0.05
27 206.72 0.12
28 206.72 0.03
29 206.72 0.04
30 206.72 0.03
33 206.72 0.04
34 287.34 0.03
35 287.34 0.11
36 287.34 0.06
37 287.34 0.03
40 287.34 0.04

197.06
20 142.33 0.06
22 142.33 0.15
24 142.33 0.09
26 142.33 0.03
27 206.72 0.05
30 206.72 0.16
33 206.72 0.04
34 287.34 0.15
35 287.34 0.06
38 287.34 0.08
40 287.34 0.03

197.06
20 142.33 0.06
23 142.33 0.02
24 142.33 0.09
25 142.33 0.16
27 206.72 0.05
28 206.72 0.16
29 206.72 0.04
35 287.34 0.06
37 287.34 0.15
38 287.34 0.08

197.06
12 95.24 0.03
23 142.33 0.12
26 142.33 0.11
29 206.72 0.1
31 206.72 0.2
33 206.72 0.1
36 287.34 0.12
40 287.34 0.1

197.43
20 142.33 0.02
21 142.33 0.06
23 142.33 0.03
24 142.33 0.1
25 142.33 0.11
28 206.72 0.11
29 206.72 0.05
32 206.72 0.06
35 287.34 0.02
36 287.34 0.02
37 287.34 0.11
38 287.34 0.09
39 287.34 0.07
40 287.34 0.02

197.43
20 142.33 0.02
21 142.33 0.06
22 142.33 0.11
24 142.33 0.1
26 142.33 0.03
30 206.72 0.11
32 206.72 0.06
33 206.72 0.05
34 287.34 0.11
35 287.34 0.02
38 287.34 0.09
39 287.34 0.07
40 287.34 0.04

197.43
21 142.33 0.1
23 142.33 0.08
26 142.33 0.07
29 206.72 0.07
32 206.72 0.13
33 206.72 0.07
36 287.34 0.08
39 287.34 0.1
40 287.34 0.07

201.92
1 0.0 0.06
2 37.16 0.19
5 70.13 0.12
6 70.13 0.07
8 70.13 0.07
13 95.24 0.05
14 95.24 0.03
15 136.59 0.17
16 136.59 0.04
17 136.59 0.03
18 136.59 0.11

201.92
1 0.0 0.06
3 37.16 0.19
6 70.13 0.08
7 70.13 0.09
8 70.13 0.07
9 70.13 0.04
10 95.24 0.04
13 95.24 0.04
16 136.59 0.04
17 136.59 0.07
18 136.59 0.12
19 136.59 0.09

201.92
1 0.0 0.06
4 37.16 0.19
5 70.13 0.12
7 70.13 0.09
9 70.13 0.03
10 95.24 0.04
12 95.24 0.04
14 95.24 0.04
15 136.59 0.17
17 136.59 0.05
19 136.59 0.08

202.81
1 0.0 0.11
2 37.16 0.06
3 37.16 0.04
4 37.16 0.04
5 70.13 0.06
6 70.13 0.06
7 70.13 0.03
8 70.13 0.07
9 70.13 0.08
11 95.24 0.03
15 136.59 0.08
16 136.59 0.06
17 136.59 0.06
18 136.59 0.07
19 136.59 0.08

202.81
1 0.0 0.11
2 37.16 0.04
3 37.16 0.06
4 37.16 0.04
6 70.13 0.07
7 70.13 0.06
8 70.13 0.07
9 70.13 0.09
11 95.24 0.03
16 136.59 0.06
17 136.59 0.08
18 136.59 0.07
19 136.59 0.11

202.81
1 0.0 0.11
2 37.16 0.04
3 37.16 0.04
4 37.16 0.06
5 70.13 0.06
7 70.13 0.05
8 70.13 0.03
10 95.24 0.02
14 95.24 0.02
15 136.59 0.08
16 136.59 0.16
17 136.59 0.11
18 136.59 0.07
19 136.59 0.04

203.72
1 0.0 0.1
2 37.16 0.06
3 37.16 0.06
4 37.16 0.06
5 70.13 0.08
6 70.13 0.06
7 70.13 0.06
8 70.13 0.05
9 70.13 0.02
10 95.24 0.02
12 95.24 0.02
13 95.24 0.03
14 95.24 0.02
15 136.59 0.12
16 136.59 0.03
17 136.59 0.05
18 136.59 0.08
19 136.59 0.06

204.61
6 70.13 0.02
8 70.13 0.02
13 95.24 0.02
18 136.59 0.03
21 142.33 0.05
22 142.33 0.11
25 142.33 0.11
28 206.72 0.09
30 206.72 0.09
32 206.72 0.05
34 287.34 0.12
37 287.34 0.12
39 287.34 0.06

204.61
5 70.13 0.04
15 136.59 0.05
20 142.33 0.07
21 142.33 0.05
23 142.33 0.12
24 142.33 0.07
27 206.72 0.05
29 206.72 0.1
32 206.72 0.04
35 287.34 0.07
36 287.34 0.13
38 287.34 0.06
39 287.34 0.05

204.61
7 70.13 0.03
10 95.24 0.02
19 136.59 0.03
20 142.33 0.06
21 142.33 0.05
24 142.33 0.08
26 142.33 0.12
27 206.72 0.05
32 206.72 0.04
33 206.72 0.1
35 287.34 0.07
38 287.34 0.08
39 287.34 0.05
40 287.34 0.11

205.04
1 0.0 0.05
2 37.16 0.03
3 37.16 0.12
4 37.16 0.12
6 70.13 0.02
7 70.13 0.02
8 70.13 0.05
9 70.13 0.04
11 95.24 0.02
16 136.59 0.19
17 136.59 0.12
18 136.59 0.08
19 136.59 0.04

205.04
1 0.0 0.05
2 37.16 0.12
3 37.16 0.12
4 37.16 0.03
6 70.13 0.07
7 70.13 0.04
8 70.13 0.06
9 70.13 0.16
11 95.24 0.09
17 136.59 0.05
19 136.59 0.15

205.04
1 0.0 0.05
2 37.16 0.12
3 37.16 0.03
4 37.16 0.12
6 70.13 0.03
7 70.13 0.03
8 70.13 0.05
9 70.13 0.04
16 136.59 0.19
17 136.59 0.12
18 136.59 0.08
19 136.59 0.05

205.14
3 37.16 0.19
4 37.16 0.25
5 70.13 0.08
6 70.13 0.06
8 70.13 0.06
13 95.24 0.04
15 136.59 0.11
16 136.59 0.04
17 136.59 0.02
18 136.59 0.09

205.14
2 37.16 0.29
3 37.16 0.11
4 37.16 0.05
5 70.13 0.04
6 70.13 0.03
7 70.13 0.09
9 70.13 0.03
10 95.24 0.03
12 95.24 0.03
14 95.24 0.02
15 136.59 0.06
17 136.59 0.05
18 136.59 0.03
19 136.59 0.08

205.55
16 136.59 0.03
17 136.59 0.02
20 142.33 0.03
22 142.33 0.05
23 142.33 0.07
24 142.33 0.1
25 142.33 0.05
26 142.33 0.02
27 206.72 0.02
28 206.72 0.04
29 206.72 0.06
30 206.72 0.04
34 287.34 0.05
35 287.34 0.03
36 287.34 0.08
37 287.34 0.06
38 287.34 0.08
40 287.34 0.03

205.55
16 136.59 0.03
17 136.59 0.02
20 142.33 0.03
22 142.33 0.06
24 142.33 0.09
25 142.33 0.05
26 142.33 0.07
27 206.72 0.03
28 206.72 0.04
30 206.72 0.05
33 206.72 0.05
34 287.34 0.06
35 287.34 0.03
37 287.34 0.05
38 287.34 0.08
40 287.34 0.08

210.91
6 70.13 0.03
7 70.13 0.02
8 70.13 0.04
9 70.13 0.06
11 95.24 0.07
16 136.59 0.08
17 136.59 0.06
18 136.59 0.03
19 136.59 0.04
20 142.33 0.13
27 206.72 0.24
35 287.34 0.11

212.7
6 70.13 0.04
7 70.13 0.04
8 70.13 0.03
10 95.24 0.04
13 95.24 0.04
14 95.24 0.03
16 136.59 0.02
17 136.59 0.03
18 136.59 0.04
19 136.59 0.03
23 142.33 0.06
25 142.33 0.1
28 206.72 0.17
29 206.72 0.1
36 287.34 0.05
37 287.34 0.09

212.7
5 70.13 0.05
6 70.13 0.03
8 70.13 0.03
10 95.24 0.02
13 95.24 0.05
14 95.24 0.04
15 136.59 0.05
16 136.59 0.02
18 136.59 0.04
22 142.33 0.1
26 142.33 0.05
30 206.72 0.17
33 206.72 0.1
34 287.34 0.08
40 287.34 0.04

212.7
5 70.13 0.05
7 70.13 0.04
9 70.13 0.02
10 95.24 0.04
13 95.24 0.03
14 95.24 0.05
15 136.59 0.05
19 136.59 0.03
31 206.72 0.53

212.77
6 70.13 0.06
8 70.13 0.07
13 95.24 0.07
16 136.59 0.07
17 136.59 0.04
18 136.59 0.08
21 142.33 0.12
32 206.72 0.24
39 287.34 0.11

212.77
5 70.13 0.1
9 70.13 0.02
11 95.24 0.03
12 95.24 0.02
13 95.24 0.03
14 95.24 0.06
15 136.59 0.1
23 142.33 0.09
25 142.33 0.05
28 206.72 0.09
29 206.72 0.15
36 287.34 0.07
37 287.34 0.05

212.77
6 70.13 0.03
7 70.13 0.08
9 70.13 0.04
10 95.24 0.07
11 95.24 0.03
12 95.24 0.02
14 95.24 0.03
17 136.59 0.04
19 136.59 0.06
22 142.33 0.05
26 142.33 0.08
30 206.72 0.09
33 206.72 0.15
34 287.34 0.05
40 287.34 0.06

215.76
1 0.0 0.04
3 37.16 0.51
6 70.13 0.04
7 70.13 0.04
8 70.13 0.04
9 70.13 0.05
16 136.59 0.04
17 136.59 0.05
18 136.59 0.05
19 136.59 0.07

215.76
1 0.0 0.04
2 37.16 0.51
5 70.13 0.04
6 70.13 0.04
8 70.13 0.04
9 70.13 0.04
15 136.59 0.06
16 136.59 0.03
17 136.59 0.03
18 136.59 0.05
19 136.59 0.04

215.76
1 0.0 0.04
4 37.16 0.51
5 70.13 0.04
7 70.13 0.03
15 136.59 0.06
16 136.59 0.08
17 136.59 0.06
18 136.59 0.03
19 136.59 0.03

221.46
4 37.16 0.02
5 70.13 0.02
6 70.13 0.06
7 70.13 0.05
8 70.13 0.07
9 70.13 0.08
10 95.24 0.04
11 95.24 0.08
13 95.24 0.04
14 95.24 0.03
16 136.59 0.11
17 136.59 0.09
18 136.59 0.07
19 136.59 0.06
24 142.33 0.03
38 287.34 0.02

221.46
5 70.13 0.04
6 70.13 0.04
7 70.13 0.05
8 70.13 0.06
9 70.13 0.09
10 95.24 0.03
11 95.24 0.12
14 95.24 0.04
15 136.59 0.04
16 136.59 0.1
17 136.59 0.08
18 136.59 0.04
19 136.59 0.07

222.56
2 37.16 0.03
3 37.16 0.03
6 70.13 0.12
7 70.13 0.03
8 70.13 0.12
9 70.13 0.06
10 95.24 0.04
11 95.24 0.05
13 95.24 0.11
16 136.59 0.05
17 136.59 0.04
18 136.59 0.13
19 136.59 0.05

222.56
2 37.16 0.03
4 37.16 0.03
5 70.13 0.19
8 70.13 0.03
10 95.24 0.03
13 95.24 0.06
14 95.24 0.11
15 136.59 0.2
16 136.59 0.05
17 136.59 0.04
18 136.59 0.03

222.56
3 37.16 0.03
4 37.16 0.03
6 70.13 0.04
7 70.13 0.14
8 70.13 0.03
9 70.13 0.05
10 95.24 0.12
14 95.24 0.06
16 136.59 0.06
17 136.59 0.09
18 136.59 0.04
19 136.59 0.11

223.4
2 37.16 0.05
3 37.16 0.05
4 37.16 0.05
6 70.13 0.03
7 70.13 0.02
8 70.13 0.05
9 70.13 0.07
11 95.24 0.07
16 136.59 0.1
17 136.59 0.08
18 136.59 0.04
19 136.59 0.05
22 142.33 0.02
24 142.33 0.05
25 142.33 0.02
34 287.34 0.02
37 287.34 0.02
38 287.34 0.04

223.73
5 70.13 0.04
6 70.13 0.07
7 70.13 0.04
8 70.13 0.08
9 70.13 0.02
10 95.24 0.06
13 95.24 0.11
14 95.24 0.05
15 136.59 0.04
16 136.59 0.08
17 136.59 0.06
18 136.59 0.09
19 136.59 0.02
21 142.33 0.03
32 206.72 0.04
39 287.34 0.03

223.73
5 70.13 0.04
6 70.13 0.05
7 70.13 0.08
8 70.13 0.04
9 70.13 0.06
10 95.24 0.08
11 95.24 0.04
12 95.24 0.08
13 95.24 0.05
14 95.24 0.06
15 136.59 0.04
16 136.59 0.03
17 136.59 0.05
18 136.59 0.04
19 136.59 0.07
26 142.33 0.02
33 206.72 0.03

223.73
5 70.13 0.1
6 70.13 0.05
7 70.13 0.04
8 70.13 0.04
9 70.13 0.04
10 95.24 0.05
11 95.24 0.04
12 95.24 0.08
13 95.24 0.07
14 95.24 0.08
15 136.59 0.1
16 136.59 0.02
17 136.59 0.03
18 136.59 0.04
19 136.59 0.04
23 142.33 0.02
29 206.72 0.03
36 287.34 0.02

228.3
2 37.16 0.04
3 37.16 0.04
5 70.13 0.04
6 70.13 0.04
7 70.13 0.04
8 70.13 0.04
9 70.13 0.06
10 95.24 0.04
11 95.24 0.05
12 95.24 0.03
13 95.24 0.03
14 95.24 0.04
15 136.59 0.04
17 136.59 0.03
18 136.59 0.03
19 136.59 0.06
22 142.33 0.04
25 142.33 0.04
28 206.72 0.03
30 206.72 0.03
31 206.72 0.06
34 287.34 0.04
37 287.34 0.04

228.3
2 37.16 0.04
4 37.16 0.04
5 70.13 0.03
6 70.13 0.04
7 70.13 0.04
8 70.13 0.04
9 70.13 0.03
10 95.24 0.03
13 95.24 0.04
14 95.24 0.03
15 136.59 0.03
16 136.59 0.07
17 136.59 0.06
18 136.59 0.05
19 136.59 0.03
20 142.33 0.04
23 142.33 0.05
27 206.72 0.03
28 206.72 0.02
29 206.72 0.05
35 287.34 0.05
36 287.34 0.05

228.3
3 37.16 0.04
4 37.16 0.04
5 70.13 0.04
6 70.13 0.04
7 70.13 0.03
8 70.13 0.04
9 70.13 0.02
10 95.24 0.03
13 95.24 0.04
14 95.24 0.03
15 136.59 0.04
16 136.59 0.07
17 136.59 0.05
18 136.59 0.05
19 136.59 0.03
20 142.33 0.04
26 142.33 0.05
27 206.72 0.03
30 206.72 0.02
33 206.72 0.05
35 287.34 0.04
40 287.34 0.04

229.0
5 70.13 0.03
6 70.13 0.03
7 70.13 0.03
8 70.13 0.04
10 95.24 0.04
13 95.24 0.04
14 95.24 0.04
15 136.59 0.03
16 136.59 0.07
17 136.59 0.05
18 136.59 0.05
21 142.33 0.11
32 206.72 0.15
39 287.34 0.11

229.0
5 70.13 0.05
6 70.13 0.03
7 70.13 0.03
8 70.13 0.03
9 70.13 0.04
10 95.24 0.02
11 95.24 0.06
13 95.24 0.03
14 95.24 0.04
15 136.59 0.05
16 136.59 0.02
17 136.59 0.03
18 136.59 0.02
19 136.59 0.04
21 142.33 0.06
23 142.33 0.04
25 142.33 0.03
28 206.72 0.05
29 206.72 0.07
32 206.72 0.05
36 287.34 0.04
37 287.34 0.03
39 287.34 0.07

229.01
5 70.13 0.02
6 70.13 0.04
7 70.13 0.05
8 70.13 0.03
9 70.13 0.05
10 95.24 0.04
11 95.24 0.06
13 95.24 0.02
14 95.24 0.03
15 136.59 0.02
16 136.59 0.02
17 136.59 0.03
18 136.59 0.02
19 136.59 0.05
21 142.33 0.06
22 142.33 0.03
26 142.33 0.04
30 206.72 0.05
32 206.72 0.05
33 206.72 0.07
34 287.34 0.03
38 287.34 0.02
39 287.34 0.07
40 287.34 0.03

230.12
8 70.13 0.02
9 70.13 0.04
11 95.24 0.05
16 136.59 0.04
17 136.59 0.03
19 136.59 0.03
20 142.33 0.14
23 142.33 0.02
27 206.72 0.21
35 287.34 0.12
36 287.34 0.02

230.32
2 37.16 0.06
3 37.16 0.02
4 37.16 0.02
5 70.13 0.04
6 70.13 0.04
7 70.13 0.02
8 70.13 0.05
9 70.13 0.05
11 95.24 0.05
13 95.24 0.03
14 95.24 0.02
15 136.59 0.05
16 136.59 0.03
17 136.59 0.03
18 136.59 0.04
19 136.59 0.04
20 142.33 0.03
21 142.33 0.03
22 142.33 0.04
24 142.33 0.02
27 206.72 0.03
30 206.72 0.04
32 206.72 0.03
34 287.34 0.05
35 287.34 0.03
38 287.34 0.02
39 287.34 0.03

230.32
2 37.16 0.02
3 37.16 0.06
4 37.16 0.02
6 70.13 0.05
7 70.13 0.05
8 70.13 0.05
9 70.13 0.05
10 95.24 0.03
11 95.24 0.05
13 95.24 0.03
16 136.59 0.03
17 136.59 0.04
18 136.59 0.05
19 136.59 0.06
20 142.33 0.03
21 142.33 0.03
24 142.33 0.02
25 142.33 0.04
27 206.72 0.03
28 206.72 0.04
32 206.72 0.03
35 287.34 0.03
37 287.34 0.05
39 287.34 0.03

230.32
2 37.16 0.02
3 37.16 0.02
4 37.16 0.06
5 70.13 0.05
7 70.13 0.04
8 70.13 0.02
10 95.24 0.03
14 95.24 0.04
15 136.59 0.05
16 136.59 0.08
17 136.59 0.06
18 136.59 0.04
19 136.59 0.03
21 142.33 0.03
23 142.33 0.05
26 142.33 0.04
29 206.72 0.04
32 206.72 0.04
33 206.72 0.04
36 287.34 0.05
39 287.34 0.03
40 287.34 0.04

230.42
2 37.16 0.04
3 37.16 0.04
5 70.13 0.04
6 70.13 0.03
7 70.13 0.04
9 70.13 0.05
10 95.24 0.04
11 95.24 0.05
12 95.24 0.04
14 95.24 0.04
15 136.59 0.04
17 136.59 0.02
19 136.59 0.05
22 142.33 0.02
23 142.33 0.03
25 142.33 0.02
26 142.33 0.03
28 206.72 0.02
30 206.72 0.02
31 206.72 0.15
34 287.34 0.03
36 287.34 0.03
37 287.34 0.03
40 287.34 0.02

230.42
3 37.16 0.04
4 37.16 0.04
5 70.13 0.04
6 70.13 0.03
8 70.13 0.04
13 95.24 0.05
14 95.24 0.03
15 136.59 0.04
16 136.59 0.06
17 136.59 0.04
18 136.59 0.05
22 142.33 0.07
24 142.33 0.07
26 142.33 0.03
30 206.72 0.08
33 206.72 0.04
34 287.34 0.06
38 287.34 0.06
40 287.34 0.03

230.42
2 37.16 0.04
4 37.16 0.04
6 70.13 0.04
7 70.13 0.04
8 70.13 0.04
9 70.13 0.03
10 95.24 0.04
13 95.24 0.04
16 136.59 0.06
17 136.59 0.05
18 136.59 0.05
19 136.59 0.03
23 142.33 0.03
24 142.33 0.07
25 142.33 0.07
28 206.72 0.08
29 206.72 0.04
36 287.34 0.03
37 287.34 0.06
38 287.34 0.06

231.17
2 37.16 0.03
4 37.16 0.02
5 70.13 0.1
6 70.13 0.04
8 70.13 0.04
10 95.24 0.02
13 95.24 0.06
14 95.24 0.06
15 136.59 0.11
16 136.59 0.03
17 136.59 0.02
18 136.59 0.05
20 142.33 0.02
22 142.33 0.03
23 142.33 0.04
24 142.33 0.02
27 206.72 0.02
29 206.72 0.03
30 206.72 0.02
34 287.34 0.03
35 287.34 0.03
36 287.34 0.04

231.17
3 37.16 0.03
4 37.16 0.02
6 70.13 0.05
7 70.13 0.08
8 70.13 0.04
9 70.13 0.04
10 95.24 0.07
13 95.24 0.04
14 95.24 0.04
16 136.59 0.03
17 136.59 0.05
18 136.59 0.05
19 136.59 0.06
20 142.33 0.03
24 142.33 0.02
25 142.33 0.03
26 142.33 0.04
27 206.72 0.02
28 206.72 0.02
33 206.72 0.03
35 287.34 0.03
37 287.34 0.03
38 287.34 0.02
40 287.34 0.04

231.79
5 70.13 0.04
6 70.13 0.06
7 70.13 0.03
8 70.13 0.06
10 95.24 0.07
12 95.24 0.25
13 95.24 0.13
14 95.24 0.06
15 136.59 0.03
16 136.59 0.02
18 136.59 0.05
32 206.72 0.03

231.79
5 70.13 0.03
6 70.13 0.06
7 70.13 0.04
8 70.13 0.06
9 70.13 0.04
10 95.24 0.06
11 95.24 0.06
12 95.24 0.25
13 95.24 0.1
14 95.24 0.04
18 136.59 0.03
19 136.59 0.03
28 206.72 0.02
31 206.72 0.03

231.84
5 70.13 0.03
6 70.13 0.07
7 70.13 0.03
8 70.13 0.07
10 95.24 0.06
12 95.24 0.31
13 95.24 0.15
14 95.24 0.05
15 136.59 0.02
18 136.59 0.05

232.24
1 0.0 0.03
5 70.13 0.08
6 70.13 0.06
7 70.13 0.07
8 70.13 0.05
9 70.13 0.03
10 95.24 0.07
13 95.24 0.07
14 95.24 0.07
15 136.59 0.09
16 136.59 0.03
17 136.59 0.04
18 136.59 0.06
19 136.59 0.05
24 142.33 0.02

233.56
6 70.13 0.04
7 70.13 0.08
8 70.13 0.03
9 70.13 0.03
10 95.24 0.13
12 95.24 0.26
13 95.24 0.05
14 95.24 0.07
17 136.59 0.03
18 136.59 0.02
19 136.59 0.03
26 142.33 0.02
31 206.72 0.06
33 206.72 0.04

233.56
5 70.13 0.11
6 70.13 0.02
8 70.13 0.02
10 95.24 0.05
12 95.24 0.26
13 95.24 0.1
14 95.24 0.12
15 136.59 0.07
23 142.33 0.02
29 206.72 0.04
31 206.72 0.06

233.56
6 70.13 0.1
7 70.13 0.03
8 70.13 0.09
9 70.13 0.09
10 95.24 0.05
11 95.24 0.16
13 95.24 0.14
14 95.24 0.02
17 136.59 0.02
18 136.59 0.05
19 136.59 0.04
22 142.33 0.02
25 142.33 0.02
28 206.72 0.04
30 206.72 0.04
34 287.34 0.02
37 287.34 0.02

233.59
5 70.13 0.03
6 70.13 0.04
7 70.13 0.1
8 70.13 0.03
9 70.13 0.06
10 95.24 0.15
11 95.24 0.07
13 95.24 0.03
14 95.24 0.1
16 136.59 0.04
17 136.59 0.05
18 136.59 0.02
19 136.59 0.05
20 142.33 0.02
27 206.72 0.04

233.59
5 70.13 0.03
6 70.13 0.06
7 70.13 0.05
8 70.13 0.05
9 70.13 0.12
10 95.24 0.05
11 95.24 0.26
12 95.24 0.06
14 95.24 0.05
15 136.59 0.02
17 136.59 0.03
19 136.59 0.06
20 142.33 0.03
27 206.72 0.05
35 287.34 0.02

233.59
5 70.13 0.13
6 70.13 0.03
7 70.13 0.03
8 70.13 0.03
9 70.13 0.04
10 95.24 0.07
11 95.24 0.07
13 95.24 0.08
14 95.24 0.14
15 136.59 0.08
16 136.59 0.04
17 136.59 0.03
18 136.59 0.02
19 136.59 0.02
20 142.33 0.02
27 206.72 0.04

233.87
5 70.13 0.03
6 70.13 0.06
7 70.13 0.03
8 70.13 0.06
9 70.13 0.03
10 95.24 0.06
11 95.24 0.02
12 95.24 0.27
13 95.24 0.12
14 95.24 0.05
18 136.59 0.04
31 206.72 0.05

237.61
5 70.13 0.04
6 70.13 0.02
7 70.13 0.04
9 70.13 0.05
10 95.24 0.05
11 95.24 0.1
12 95.24 0.45
14 95.24 0.05
15 136.59 0.03
19 136.59 0.03

237.61
5 70.13 0.08
6 70.13 0.08
8 70.13 0.08
9 70.13 0.02
10 95.24 0.05
12 95.24 0.11
13 95.24 0.18
14 95.24 0.08
15 136.59 0.05
16 136.59 0.03
17 136.59 0.02
18 136.59 0.06
28 206.72 0.02
31 206.72 0.03

237.61
6 70.13 0.09
7 70.13 0.06
8 70.13 0.08
9 70.13 0.04
10 95.24 0.11
12 95.24 0.11
13 95.24 0.15
14 95.24 0.05
16 136.59 0.03
17 136.59 0.03
18 136.59 0.06
19 136.59 0.03
30 206.72 0.02
31 206.72 0.03

239.91
5 70.13 0.07
6 70.13 0.05
7 70.13 0.07
8 70.13 0.04
9 70.13 0.08
10 95.24 0.09
11 95.24 0.14
12 95.24 0.05
13 95.24 0.05
14 95.24 0.11
15 136.59 0.05
16 136.59 0.02
17 136.59 0.03
19 136.59 0.05

239.91
5 70.13 0.07
6 70.13 0.05
7 70.13 0.07
8 70.13 0.04
9 70.13 0.08
10 95.24 0.1
11 95.24 0.14
12 95.24 0.05
13 95.24 0.05
14 95.24 0.11
15 136.59 0.04
16 136.59 0.02
17 136.59 0.03
19 136.59 0.05

239.91
5 70.13 0.07
6 70.13 0.05
7 70.13 0.07
8 70.13 0.05
9 70.13 0.07
10 95.24 0.11
11 95.24 0.11
13 95.24 0.07
14 95.24 0.12
15 136.59 0.05
16 136.59 0.03
17 136.59 0.04
18 136.59 0.03
19 136.59 0.05

241.7
2 37.16 0.05
3 37.16 0.04
6 70.13 0.07
7 70.13 0.05
8 70.13 0.06
9 70.13 0.15
11 95.24 0.18
17 136.59 0.05
19 136.59 0.12
20 142.33 0.03
27 206.72 0.02
34 287.34 0.02
35 287.34 0.03

241.7
3 37.16 0.03
4 37.16 0.06
7 70.13 0.02
8 70.13 0.06
16 136.59 0.22
17 136.59 0.13
18 136.59 0.1
23 142.33 0.02
24 142.33 0.02
26 142.33 0.02
36 287.34 0.02
38 287.34 0.02
40 287.34 0.02

243.02
5 70.13 0.09
6 70.13 0.06
7 70.13 0.07
8 70.13 0.05
9 70.13 0.03
10 95.24 0.13
12 95.24 0.07
13 95.24 0.13
14 95.24 0.13
15 136.59 0.05
16 136.59 0.03
17 136.59 0.03
18 136.59 0.05
19 136.59 0.03

243.02
5 70.13 0.06
6 70.13 0.06
7 70.13 0.06
8 70.13 0.04
9 70.13 0.09
10 95.24 0.08
11 95.24 0.17
12 95.24 0.13
13 95.24 0.06
14 95.24 0.08
15 136.59 0.04
17 136.59 0.02
19 136.59 0.05

243.46
2 37.16 0.03
3 37.16 0.03
6 70.13 0.13
8 70.13 0.13
9 70.13 0.02
10 95.24 0.03
13 95.24 0.14
16 136.59 0.06
17 136.59 0.04
18 136.59 0.17
22 142.33 0.02
25 142.33 0.02
34 287.34 0.02
37 287.34 0.02

243.46
2 37.16 0.03
4 37.16 0.03
5 70.13 0.23
10 95.24 0.03
12 95.24 0.03
13 95.24 0.06
14 95.24 0.12
15 136.59 0.26
23 142.33 0.02
36 287.34 0.03

243.46
3 37.16 0.03
4 37.16 0.03
6 70.13 0.03
7 70.13 0.17
9 70.13 0.05
10 95.24 0.14
12 95.24 0.03
14 95.24 0.07
17 136.59 0.07
19 136.59 0.13
26 142.33 0.02
40 287.34 0.02

244.98
5 70.13 0.06
6 70.13 0.06
7 70.13 0.07
8 70.13 0.06
9 70.13 0.08
10 95.24 0.1
11 95.24 0.13
12 95.24 0.03
13 95.24 0.08
14 95.24 0.1
15 136.59 0.04
16 136.59 0.04
17 136.59 0.04
18 136.59 0.04
19 136.59 0.05

244.98
5 70.13 0.06
6 70.13 0.06
7 70.13 0.06
8 70.13 0.06
9 70.13 0.08
10 95.24 0.09
11 95.24 0.13
12 95.24 0.03
13 95.24 0.08
14 95.24 0.1
15 136.59 0.04
16 136.59 0.04
17 136.59 0.04
18 136.59 0.04
19 136.59 0.05

244.98
5 70.13 0.08
6 70.13 0.04
7 70.13 0.08
8 70.13 0.03
9 70.13 0.07
10 95.24 0.11
11 95.24 0.12
12 95.24 0.14
13 95.24 0.04
14 95.24 0.13
15 136.59 0.05
17 136.59 0.03
19 136.59 0.05

249.74
5 70.13 0.1
6 70.13 0.04
7 70.13 0.04
8 70.13 0.03
9 70.13 0.05
10 95.24 0.08
11 95.24 0.08
12 95.24 0.22
13 95.24 0.08
14 95.24 0.12
15 136.59 0.06
19 136.59 0.03

249.74
5 70.13 0.04
6 70.13 0.05
7 70.13 0.08
8 70.13 0.03
9 70.13 0.06
10 95.24 0.12
11 95.24 0.08
12 95.24 0.22
13 95.24 0.05
14 95.24 0.1
15 136.59 0.02
17 136.59 0.03
19 136.59 0.05

249.74
5 70.13 0.05
6 70.13 0.09
7 70.13 0.06
8 70.13 0.08
9 70.13 0.08
10 95.24 0.09
11 95.24 0.14
13 95.24 0.13
14 95.24 0.08
15 136.59 0.03
16 136.59 0.03
17 136.59 0.04
18 136.59 0.05
19 136.59 0.04

251.99
6 70.13 0.06
7 70.13 0.02
8 70.13 0.06
10 95.24 0.05
12 95.24 0.19
13 95.24 0.12
14 95.24 0.02
18 136.59 0.04
21 142.33 0.02
22 142.33 0.02
28 206.72 0.03
29 206.72 0.03
30 206.72 0.04
31 206.72 0.04
32 206.72 0.04

251.99
5 70.13 0.02
6 70.13 0.04
8 70.13 0.04
10 95.24 0.03
12 95.24 0.32
13 95.24 0.08
14 95.24 0.03
18 136.59 0.03
26 142.33 0.02
28 206.72 0.02
29 206.72 0.02
31 206.72 0.07
32 206.72 0.02
33 206.72 0.04

254.35
6 70.13 0.03
7 70.13 0.12
9 70.13 0.04
10 95.24 0.17
14 95.24 0.09
17 136.59 0.03
19 136.59 0.05
21 142.33 0.02
26 142.33 0.04
27 206.72 0.03
31 206.72 0.06
32 206.72 0.04
33 206.72 0.08
40 287.34 0.03

254.35
5 70.13 0.15
10 95.24 0.04
13 95.24 0.09
14 95.24 0.16
15 136.59 0.09
21 142.33 0.02
23 142.33 0.04
27 206.72 0.03
29 206.72 0.08
31 206.72 0.06
32 206.72 0.04
36 287.34 0.04

254.35
6 70.13 0.05
7 70.13 0.04
8 70.13 0.04
9 70.13 0.12
11 95.24 0.26
19 136.59 0.05
20 142.33 0.02
22 142.33 0.04
25 142.33 0.04
27 206.72 0.04
28 206.72 0.07
30 206.72 0.07
34 287.34 0.03
37 287.34 0.03

255.7
5 70.13 0.06
6 70.13 0.05
7 70.13 0.06
8 70.13 0.04
9 70.13 0.06
10 95.24 0.1
11 95.24 0.1
12 95.24 0.14
13 95.24 0.08
14 95.24 0.1
15 136.59 0.04
17 136.59 0.02
19 136.59 0.04
31 206.72 0.02

256.15
2 37.16 0.16
3 37.16 0.16
6 70.13 0.09
7 70.13 0.02
8 70.13 0.09
9 70.13 0.05
10 95.24 0.03
11 95.24 0.07
13 95.24 0.1
16 136.59 0.03
17 136.59 0.03
18 136.59 0.09
19 136.59 0.03

256.15
2 37.16 0.16
4 37.16 0.16
5 70.13 0.15
10 95.24 0.03
11 95.24 0.03
13 95.24 0.05
14 95.24 0.09
15 136.59 0.15
16 136.59 0.03
17 136.59 0.02

256.15
3 37.16 0.16
4 37.16 0.16
6 70.13 0.03
7 70.13 0.11
9 70.13 0.04
10 95.24 0.1
11 95.24 0.03
14 95.24 0.05
16 136.59 0.03
17 136.59 0.06
18 136.59 0.02
19 136.59 0.08

257.15
2 37.16 0.09
3 37.16 0.09
4 37.16 0.08
5 70.13 0.03
6 70.13 0.04
7 70.13 0.04
8 70.13 0.05
9 70.13 0.06
10 95.24 0.04
11 95.24 0.1
13 95.24 0.03
14 95.24 0.04
15 136.59 0.03
16 136.59 0.07
17 136.59 0.06
18 136.59 0.04
19 136.59 0.04

257.6
2 37.16 0.12
3 37.16 0.11
4 37.16 0.09
5 70.13 0.04
6 70.13 0.05
7 70.13 0.03
8 70.13 0.06
9 70.13 0.04
10 95.24 0.03
11 95.24 0.05
13 95.24 0.06
14 95.24 0.04
15 136.59 0.03
16 136.59 0.06
17 136.59 0.05
18 136.59 0.06
19 136.59 0.03

translational analysis para
0.0
1 (0, 0) 0.88
10 (2, 0) 0.06

32.9
1 (0, 0) 0.73
3 (1, 1) 0.19
10 (2, 0) 0.04
18 (3, 1) 0.02

32.9
1 (0, 0) 0.73
2 (1, 1) 0.19
10 (2, 0) 0.04
17 (3, 3) 0.02

32.9
1 (0, 0) 0.73
4 (1, 1) 0.19
10 (2, 0) 0.04
20 (3, 1) 0.02

66.89
1 (0, 0) 0.17
4 (1, 1) 0.69
10 (2, 0) 0.04
20 (3, 1) 0.06

66.89
1 (0, 0) 0.17
2 (1, 1) 0.69
10 (2, 0) 0.04
17 (3, 3) 0.06

66.89
1 (0, 0) 0.17
3 (1, 1) 0.69
10 (2, 0) 0.04
18 (3, 1) 0.06

68.06
1 (0, 0) 0.76
2 (1, 1) 0.02
3 (1, 1) 0.09
4 (1, 1) 0.05
10 (2, 0) 0.05

68.06
1 (0, 0) 0.76
2 (1, 1) 0.09
3 (1, 1) 0.02
4 (1, 1) 0.06
10 (2, 0) 0.05

68.13
1 (0, 0) 0.82
2 (1, 1) 0.04
3 (1, 1) 0.04
4 (1, 1) 0.02
10 (2, 0) 0.05

68.13
1 (0, 0) 0.82
2 (1, 1) 0.04
3 (1, 1) 0.02
4 (1, 1) 0.04
10 (2, 0) 0.05

68.13
1 (0, 0) 0.82
2 (1, 1) 0.02
3 (1, 1) 0.04
4 (1, 1) 0.04
10 (2, 0) 0.05

90.12
1 (0, 0) 0.79
2 (1, 1) 0.07
3 (1, 1) 0.08
10 (2, 0) 0.05

90.12
1 (0, 0) 0.79
2 (1, 1) 0.03
3 (1, 1) 0.02
4 (1, 1) 0.1
10 (2, 0) 0.05

93.1
1 (0, 0) 0.13
2 (1, 1) 0.35
3 (1, 1) 0.35
5 (2, 2) 0.08
17 (3, 3) 0.03
18 (3, 1) 0.03

93.1
1 (0, 0) 0.13
2 (1, 1) 0.35
4 (1, 1) 0.35
6 (2, 2) 0.08
17 (3, 3) 0.03
20 (3, 1) 0.03

93.1
1 (0, 0) 0.13
3 (1, 1) 0.35
4 (1, 1) 0.35
7 (2, 2) 0.08
18 (3, 1) 0.03
20 (3, 1) 0.03

93.62
1 (0, 0) 0.79
2 (1, 1) 0.02
3 (1, 1) 0.02
4 (1, 1) 0.1
10 (2, 0) 0.05

93.62
1 (0, 0) 0.79
2 (1, 1) 0.1
3 (1, 1) 0.02
4 (1, 1) 0.02
10 (2, 0) 0.05

93.62
1 (0, 0) 0.79
2 (1, 1) 0.02
3 (1, 1) 0.1
4 (1, 1) 0.02
10 (2, 0) 0.05

94.46
1 (0, 0) 0.18
3 (1, 1) 0.33
4 (1, 1) 0.31
8 (2, 2) 0.03
9 (2, 2) 0.06
10 (2, 0) 0.02
18 (3, 1) 0.03
20 (3, 1) 0.02

94.46
1 (0, 0) 0.18
2 (1, 1) 0.42
3 (1, 1) 0.1
4 (1, 1) 0.13
8 (2, 2) 0.06
9 (2, 2) 0.03
10 (2, 0) 0.02
17 (3, 3) 0.03

98.67
2 (1, 1) 0.44
3 (1, 1) 0.44
17 (3, 3) 0.05
18 (3, 1) 0.05

98.67
2 (1, 1) 0.44
4 (1, 1) 0.44
17 (3, 3) 0.05
20 (3, 1) 0.05

98.67
3 (1, 1) 0.44
4 (1, 1) 0.44
18 (3, 1) 0.05
20 (3, 1) 0.05

99.15
1 (0, 0) 0.02
2 (1, 1) 0.26
3 (1, 1) 0.26
4 (1, 1) 0.26
10 (2, 0) 0.11

120.47
1 (0, 0) 0.23
2 (1, 1) 0.22
3 (1, 1) 0.22
4 (1, 1) 0.22

121.44
1 (0, 0) 0.21
2 (1, 1) 0.23
3 (1, 1) 0.21
4 (1, 1) 0.23
17 (3, 3) 0.02
20 (3, 1) 0.02

121.44
1 (0, 0) 0.21
2 (1, 1) 0.23
3 (1, 1) 0.23
4 (1, 1) 0.21
17 (3, 3) 0.02
18 (3, 1) 0.02

121.44
1 (0, 0) 0.21
2 (1, 1) 0.21
3 (1, 1) 0.23
4 (1, 1) 0.23
18 (3, 1) 0.02
20 (3, 1) 0.02

122.95
1 (0, 0) 0.19
2 (1, 1) 0.16
3 (1, 1) 0.35
4 (1, 1) 0.16
8 (2, 2) 0.02
18 (3, 1) 0.03

122.95
1 (0, 0) 0.19
2 (1, 1) 0.35
3 (1, 1) 0.16
4 (1, 1) 0.16
8 (2, 2) 0.02
17 (3, 3) 0.03

122.95
1 (0, 0) 0.19
2 (1, 1) 0.16
3 (1, 1) 0.16
4 (1, 1) 0.35
9 (2, 2) 0.03
20 (3, 1) 0.03

132.68
2 (1, 1) 0.24
3 (1, 1) 0.38
4 (1, 1) 0.24
10 (2, 0) 0.03
17 (3, 3) 0.02
18 (3, 1) 0.04
20 (3, 1) 0.02

132.68
2 (1, 1) 0.38
3 (1, 1) 0.24
4 (1, 1) 0.24
10 (2, 0) 0.03
17 (3, 3) 0.04
18 (3, 1) 0.02
20 (3, 1) 0.02

132.68
2 (1, 1) 0.24
3 (1, 1) 0.24
4 (1, 1) 0.38
10 (2, 0) 0.03
17 (3, 3) 0.02
18 (3, 1) 0.02
20 (3, 1) 0.04

134.66
1 (0, 0) 0.12
2 (1, 1) 0.03
3 (1, 1) 0.25
4 (1, 1) 0.46
10 (2, 0) 0.04
18 (3, 1) 0.02
20 (3, 1) 0.04

134.66
1 (0, 0) 0.12
2 (1, 1) 0.46
3 (1, 1) 0.24
4 (1, 1) 0.04
10 (2, 0) 0.04
17 (3, 3) 0.04
18 (3, 1) 0.02

135.05
1 (0, 0) 0.11
2 (1, 1) 0.48
3 (1, 1) 0.13
4 (1, 1) 0.13
10 (2, 0) 0.03
17 (3, 3) 0.04

135.05
1 (0, 0) 0.11
2 (1, 1) 0.13
3 (1, 1) 0.13
4 (1, 1) 0.48
10 (2, 0) 0.03
20 (3, 1) 0.04

135.05
1 (0, 0) 0.11
2 (1, 1) 0.13
3 (1, 1) 0.48
4 (1, 1) 0.13
10 (2, 0) 0.03
18 (3, 1) 0.04

135.94
1 (0, 0) 0.61
2 (1, 1) 0.05
3 (1, 1) 0.05
4 (1, 1) 0.13
5 (2, 2) 0.07
10 (2, 0) 0.05

135.94
1 (0, 0) 0.61
2 (1, 1) 0.05
3 (1, 1) 0.13
4 (1, 1) 0.05
6 (2, 2) 0.07
10 (2, 0) 0.05

135.94
1 (0, 0) 0.61
2 (1, 1) 0.13
3 (1, 1) 0.05
4 (1, 1) 0.05
7 (2, 2) 0.07
10 (2, 0) 0.05

137.07
1 (0, 0) 0.6
2 (1, 1) 0.07
3 (1, 1) 0.1
9 (2, 2) 0.12
10 (2, 0) 0.06

137.08
1 (0, 0) 0.6
2 (1, 1) 0.05
3 (1, 1) 0.02
4 (1, 1) 0.1
8 (2, 2) 0.12
10 (2, 0) 0.06

150.59
1 (0, 0) 0.04
2 (1, 1) 0.07
3 (1, 1) 0.67
4 (1, 1) 0.07
5 (2, 2) 0.03
7 (2, 2) 0.03
18 (3, 1) 0.06

150.59
1 (0, 0) 0.04
2 (1, 1) 0.67
3 (1, 1) 0.07
4 (1, 1) 0.07
5 (2, 2) 0.03
6 (2, 2) 0.03
17 (3, 3) 0.06

150.59
1 (0, 0) 0.04
2 (1, 1) 0.07
3 (1, 1) 0.07
4 (1, 1) 0.67
6 (2, 2) 0.03
7 (2, 2) 0.03
20 (3, 1) 0.06

151.05
1 (0, 0) 0.05
2 (1, 1) 0.21
3 (1, 1) 0.21
4 (1, 1) 0.38
5 (2, 2) 0.02
9 (2, 2) 0.04
17 (3, 3) 0.02
18 (3, 1) 0.02
20 (3, 1) 0.03

151.05
1 (0, 0) 0.05
2 (1, 1) 0.21
3 (1, 1) 0.38
4 (1, 1) 0.21
6 (2, 2) 0.02
8 (2, 2) 0.03
17 (3, 3) 0.02
18 (3, 1) 0.03
20 (3, 1) 0.02

151.05
1 (0, 0) 0.05
2 (1, 1) 0.38
3 (1, 1) 0.21
4 (1, 1) 0.21
7 (2, 2) 0.02
8 (2, 2) 0.03
17 (3, 3) 0.03
18 (3, 1) 0.02
20 (3, 1) 0.02

151.66
1 (0, 0) 0.04
2 (1, 1) 0.27
3 (1, 1) 0.27
4 (1, 1) 0.27
8 (2, 2) 0.04
9 (2, 2) 0.04
17 (3, 3) 0.02
18 (3, 1) 0.02
20 (3, 1) 0.02

152.11
1 (0, 0) 0.04
2 (1, 1) 0.04
3 (1, 1) 0.06
4 (1, 1) 0.06
8 (2, 2) 0.11
9 (2, 2) 0.53
14 (3, 3) 0.02
18 (3, 1) 0.03
19 (3, 1) 0.03
20 (3, 1) 0.04

152.11
1 (0, 0) 0.04
2 (1, 1) 0.07
3 (1, 1) 0.05
4 (1, 1) 0.04
8 (2, 2) 0.53
9 (2, 2) 0.11
11 (3, 3) 0.02
16 (3, 3) 0.02
17 (3, 3) 0.05

153.7
1 (0, 0) 0.7
2 (1, 1) 0.05
3 (1, 1) 0.06
4 (1, 1) 0.07
10 (2, 0) 0.08

153.7
1 (0, 0) 0.7
2 (1, 1) 0.07
3 (1, 1) 0.06
4 (1, 1) 0.04
10 (2, 0) 0.08

153.7
1 (0, 0) 0.7
2 (1, 1) 0.05
3 (1, 1) 0.07
4 (1, 1) 0.05
10 (2, 0) 0.08

153.71
1 (0, 0) 0.7
2 (1, 1) 0.04
3 (1, 1) 0.03
4 (1, 1) 0.08
9 (2, 2) 0.04
10 (2, 0) 0.08

153.71
1 (0, 0) 0.7
2 (1, 1) 0.08
3 (1, 1) 0.02
4 (1, 1) 0.05
8 (2, 2) 0.03
10 (2, 0) 0.08

153.71
1 (0, 0) 0.7
2 (1, 1) 0.03
3 (1, 1) 0.08
4 (1, 1) 0.04
8 (2, 2) 0.03
10 (2, 0) 0.08

153.87
1 (0, 0) 0.66
2 (1, 1) 0.06
3 (1, 1) 0.06
4 (1, 1) 0.06
10 (2, 0) 0.08

156.58
2 (1, 1) 0.35
3 (1, 1) 0.16
4 (1, 1) 0.35
17 (3, 3) 0.04
20 (3, 1) 0.04

156.58
2 (1, 1) 0.16
3 (1, 1) 0.35
4 (1, 1) 0.35
18 (3, 1) 0.04
20 (3, 1) 0.04

156.58
2 (1, 1) 0.35
3 (1, 1) 0.35
4 (1, 1) 0.16
17 (3, 3) 0.04
18 (3, 1) 0.04

156.62
2 (1, 1) 0.08
3 (1, 1) 0.08
4 (1, 1) 0.08
5 (2, 2) 0.59
11 (3, 3) 0.03
16 (3, 3) 0.03
17 (3, 3) 0.03
18 (3, 1) 0.03

156.62
2 (1, 1) 0.08
3 (1, 1) 0.08
4 (1, 1) 0.08
7 (2, 2) 0.59
14 (3, 3) 0.03
18 (3, 1) 0.03
20 (3, 1) 0.03

156.62
2 (1, 1) 0.08
3 (1, 1) 0.08
4 (1, 1) 0.08
6 (2, 2) 0.59
13 (3, 3) 0.03
17 (3, 3) 0.03
20 (3, 1) 0.03

161.98
1 (0, 0) 0.23
2 (1, 1) 0.13
3 (1, 1) 0.13
4 (1, 1) 0.21
5 (2, 2) 0.14
10 (2, 0) 0.06

161.98
1 (0, 0) 0.23
2 (1, 1) 0.13
3 (1, 1) 0.21
4 (1, 1) 0.13
6 (2, 2) 0.14
10 (2, 0) 0.06

161.98
1 (0, 0) 0.23
2 (1, 1) 0.21
3 (1, 1) 0.13
4 (1, 1) 0.13
7 (2, 2) 0.14
10 (2, 0) 0.06

162.67
1 (0, 0) 0.22
3 (1, 1) 0.26
4 (1, 1) 0.32
8 (2, 2) 0.03
9 (2, 2) 0.02
10 (2, 0) 0.07
20 (3, 1) 0.02

162.67
1 (0, 0) 0.22
2 (1, 1) 0.38
3 (1, 1) 0.13
4 (1, 1) 0.07
8 (2, 2) 0.02
9 (2, 2) 0.03
10 (2, 0) 0.07
17 (3, 3) 0.02

169.89
2 (1, 1) 0.19
3 (1, 1) 0.05
4 (1, 1) 0.05
5 (2, 2) 0.07
6 (2, 2) 0.07
8 (2, 2) 0.29
9 (2, 2) 0.1
11 (3, 3) 0.08
13 (3, 3) 0.05
17 (3, 3) 0.03

169.89
2 (1, 1) 0.05
3 (1, 1) 0.19
4 (1, 1) 0.05
5 (2, 2) 0.07
7 (2, 2) 0.07
8 (2, 2) 0.29
9 (2, 2) 0.1
14 (3, 3) 0.05
16 (3, 3) 0.08
18 (3, 1) 0.03

169.89
2 (1, 1) 0.05
3 (1, 1) 0.05
4 (1, 1) 0.19
6 (2, 2) 0.07
7 (2, 2) 0.07
9 (2, 2) 0.39
19 (3, 1) 0.12
20 (3, 1) 0.03

170.3
2 (1, 1) 0.1
3 (1, 1) 0.07
4 (1, 1) 0.1
5 (2, 2) 0.13
7 (2, 2) 0.13
8 (2, 2) 0.08
9 (2, 2) 0.21
14 (3, 3) 0.07
16 (3, 3) 0.05

170.3
2 (1, 1) 0.07
3 (1, 1) 0.1
4 (1, 1) 0.1
5 (2, 2) 0.13
6 (2, 2) 0.13
8 (2, 2) 0.08
9 (2, 2) 0.21
11 (3, 3) 0.05
13 (3, 3) 0.07

170.3
2 (1, 1) 0.1
3 (1, 1) 0.1
4 (1, 1) 0.07
6 (2, 2) 0.13
7 (2, 2) 0.13
8 (2, 2) 0.27
15 (3, 3) 0.11

170.83
1 (0, 0) 0.08
10 (2, 0) 0.65
17 (3, 3) 0.07
18 (3, 1) 0.07
20 (3, 1) 0.07

171.89
2 (1, 1) 0.1
3 (1, 1) 0.1
4 (1, 1) 0.1
5 (2, 2) 0.16
6 (2, 2) 0.16
7 (2, 2) 0.16
12 (3, 3) 0.11

176.93
2 (1, 1) 0.06
3 (1, 1) 0.06
4 (1, 1) 0.02
6 (2, 2) 0.17
7 (2, 2) 0.17
9 (2, 2) 0.13
10 (2, 0) 0.14
20 (3, 1) 0.18

176.93
2 (1, 1) 0.02
3 (1, 1) 0.06
4 (1, 1) 0.06
5 (2, 2) 0.17
6 (2, 2) 0.17
8 (2, 2) 0.1
9 (2, 2) 0.03
10 (2, 0) 0.14
17 (3, 3) 0.18

176.93
2 (1, 1) 0.06
3 (1, 1) 0.02
4 (1, 1) 0.06
5 (2, 2) 0.17
7 (2, 2) 0.17
8 (2, 2) 0.1
9 (2, 2) 0.03
10 (2, 0) 0.14
18 (3, 1) 0.18

186.75
2 (1, 1) 0.25
3 (1, 1) 0.02
4 (1, 1) 0.02
5 (2, 2) 0.13
6 (2, 2) 0.13
8 (2, 2) 0.09
9 (2, 2) 0.27

186.75
2 (1, 1) 0.02
3 (1, 1) 0.25
4 (1, 1) 0.02
5 (2, 2) 0.13
7 (2, 2) 0.13
8 (2, 2) 0.09
9 (2, 2) 0.27

186.75
2 (1, 1) 0.02
3 (1, 1) 0.02
4 (1, 1) 0.25
6 (2, 2) 0.13
7 (2, 2) 0.13
8 (2, 2) 0.35
15 (3, 3) 0.02

188.15
2 (1, 1) 0.21
3 (1, 1) 0.21
6 (2, 2) 0.24
7 (2, 2) 0.24
10 (2, 0) 0.02

188.15
2 (1, 1) 0.07
3 (1, 1) 0.07
4 (1, 1) 0.27
5 (2, 2) 0.31
6 (2, 2) 0.09
7 (2, 2) 0.09
10 (2, 0) 0.02

192.58
2 (1, 1) 0.12
3 (1, 1) 0.12
4 (1, 1) 0.35
5 (2, 2) 0.05
6 (2, 2) 0.08
7 (2, 2) 0.08
9 (2, 2) 0.12
20 (3, 1) 0.02

192.58
2 (1, 1) 0.35
3 (1, 1) 0.12
4 (1, 1) 0.12
5 (2, 2) 0.08
6 (2, 2) 0.08
7 (2, 2) 0.05
8 (2, 2) 0.09
9 (2, 2) 0.03
17 (3, 3) 0.02

192.58
2 (1, 1) 0.12
3 (1, 1) 0.35
4 (1, 1) 0.12
5 (2, 2) 0.08
6 (2, 2) 0.05
7 (2, 2) 0.08
8 (2, 2) 0.09
9 (2, 2) 0.03
18 (3, 1) 0.02

193.69
2 (1, 1) 0.23
3 (1, 1) 0.23
4 (1, 1) 0.1
5 (2, 2) 0.11
6 (2, 2) 0.03
7 (2, 2) 0.03
8 (2, 2) 0.08
9 (2, 2) 0.08

193.7
2 (1, 1) 0.15
3 (1, 1) 0.15
4 (1, 1) 0.28
6 (2, 2) 0.09
7 (2, 2) 0.09
8 (2, 2) 0.09
9 (2, 2) 0.08

193.78
2 (1, 1) 0.26
3 (1, 1) 0.12
4 (1, 1) 0.12
5 (2, 2) 0.09
6 (2, 2) 0.09
8 (2, 2) 0.07
9 (2, 2) 0.03
10 (2, 0) 0.16
17 (3, 3) 0.03

193.78
2 (1, 1) 0.12
3 (1, 1) 0.12
4 (1, 1) 0.26
6 (2, 2) 0.09
7 (2, 2) 0.09
9 (2, 2) 0.09
10 (2, 0) 0.16
20 (3, 1) 0.03

193.78
2 (1, 1) 0.12
3 (1, 1) 0.26
4 (1, 1) 0.12
5 (2, 2) 0.09
7 (2, 2) 0.08
8 (2, 2) 0.07
9 (2, 2) 0.03
10 (2, 0) 0.16
18 (3, 1) 0.03

194.13
2 (1, 1) 0.29
4 (1, 1) 0.29
6 (2, 2) 0.15
8 (2, 2) 0.04
9 (2, 2) 0.13
13 (3, 3) 0.02

194.13
3 (1, 1) 0.29
4 (1, 1) 0.29
7 (2, 2) 0.15
8 (2, 2) 0.04
9 (2, 2) 0.13
14 (3, 3) 0.02

194.13
2 (1, 1) 0.29
3 (1, 1) 0.29
5 (2, 2) 0.15
8 (2, 2) 0.18
11 (3, 3) 0.02
16 (3, 3) 0.02

195.56
2 (1, 1) 0.19
3 (1, 1) 0.19
4 (1, 1) 0.19
5 (2, 2) 0.04
6 (2, 2) 0.04
7 (2, 2) 0.04
8 (2, 2) 0.1
9 (2, 2) 0.1

196.58
1 (0, 0) 0.09
2 (1, 1) 0.23
3 (1, 1) 0.23
4 (1, 1) 0.23
8 (2, 2) 0.05
9 (2, 2) 0.05
17 (3, 3) 0.03
18 (3, 1) 0.03
20 (3, 1) 0.03

197.06
1 (0, 0) 0.19
2 (1, 1) 0.32
4 (1, 1) 0.32
17 (3, 3) 0.04
20 (3, 1) 0.04

197.06
1 (0, 0) 0.19
3 (1, 1) 0.32
4 (1, 1) 0.32
18 (3, 1) 0.04
20 (3, 1) 0.04

197.06
1 (0, 0) 0.19
2 (1, 1) 0.32
3 (1, 1) 0.32
17 (3, 3) 0.04
18 (3, 1) 0.04

197.43
1 (0, 0) 0.15
2 (1, 1) 0.18
3 (1, 1) 0.26
4 (1, 1) 0.26
7 (2, 2) 0.04
17 (3, 3) 0.02
18 (3, 1) 0.03
20 (3, 1) 0.03

197.43
1 (0, 0) 0.15
2 (1, 1) 0.26
3 (1, 1) 0.18
4 (1, 1) 0.26
6 (2, 2) 0.04
17 (3, 3) 0.03
18 (3, 1) 0.02
20 (3, 1) 0.03

197.43
1 (0, 0) 0.15
2 (1, 1) 0.26
3 (1, 1) 0.26
4 (1, 1) 0.18
5 (2, 2) 0.04
17 (3, 3) 0.03
18 (3, 1) 0.03
20 (3, 1) 0.02

201.92
2 (1, 1) 0.28
4 (1, 1) 0.28
6 (2, 2) 0.04
8 (2, 2) 0.05
9 (2, 2) 0.15
14 (3, 3) 0.04
16 (3, 3) 0.02
17 (3, 3) 0.04
20 (3, 1) 0.04

201.92
3 (1, 1) 0.28
4 (1, 1) 0.28
7 (2, 2) 0.04
8 (2, 2) 0.05
9 (2, 2) 0.15
11 (3, 3) 0.02
13 (3, 3) 0.04
18 (3, 1) 0.04
20 (3, 1) 0.04

201.92
2 (1, 1) 0.28
3 (1, 1) 0.28
5 (2, 2) 0.04
8 (2, 2) 0.2
15 (3, 3) 0.06
17 (3, 3) 0.04
18 (3, 1) 0.04

202.81
1 (0, 0) 0.03
2 (1, 1) 0.13
3 (1, 1) 0.31
4 (1, 1) 0.13
5 (2, 2) 0.06
7 (2, 2) 0.06
8 (2, 2) 0.05
9 (2, 2) 0.02
14 (3, 3) 0.04
16 (3, 3) 0.07
17 (3, 3) 0.02
18 (3, 1) 0.06
20 (3, 1) 0.02

202.81
1 (0, 0) 0.03
2 (1, 1) 0.31
3 (1, 1) 0.13
4 (1, 1) 0.13
5 (2, 2) 0.06
6 (2, 2) 0.06
8 (2, 2) 0.05
9 (2, 2) 0.02
11 (3, 3) 0.07
13 (3, 3) 0.04
17 (3, 3) 0.06
18 (3, 1) 0.02
20 (3, 1) 0.02

202.81
1 (0, 0) 0.03
2 (1, 1) 0.13
3 (1, 1) 0.13
4 (1, 1) 0.31
6 (2, 2) 0.06
7 (2, 2) 0.06
9 (2, 2) 0.06
17 (3, 3) 0.02
18 (3, 1) 0.02
19 (3, 1) 0.11
20 (3, 1) 0.06

203.72
1 (0, 0) 0.02
2 (1, 1) 0.18
3 (1, 1) 0.18
4 (1, 1) 0.18
5 (2, 2) 0.06
6 (2, 2) 0.06
7 (2, 2) 0.06
8 (2, 2) 0.02
9 (2, 2) 0.02
12 (3, 3) 0.1
17 (3, 3) 0.04
18 (3, 1) 0.04
20 (3, 1) 0.04

204.61
2 (1, 1) 0.31
3 (1, 1) 0.31
4 (1, 1) 0.13
5 (2, 2) 0.02
10 (2, 0) 0.11
17 (3, 3) 0.03
18 (3, 1) 0.03

204.61
2 (1, 1) 0.13
3 (1, 1) 0.31
4 (1, 1) 0.31
7 (2, 2) 0.02
10 (2, 0) 0.11
18 (3, 1) 0.03
20 (3, 1) 0.03

204.61
2 (1, 1) 0.31
3 (1, 1) 0.13
4 (1, 1) 0.31
6 (2, 2) 0.02
10 (2, 0) 0.11
17 (3, 3) 0.03
20 (3, 1) 0.03

205.04
3 (1, 1) 0.49
5 (2, 2) 0.12
7 (2, 2) 0.12
8 (2, 2) 0.04
9 (2, 2) 0.03
14 (3, 3) 0.04
16 (3, 3) 0.02
18 (3, 1) 0.09

205.04
4 (1, 1) 0.49
6 (2, 2) 0.12
7 (2, 2) 0.12
8 (2, 2) 0.03
9 (2, 2) 0.04
15 (3, 3) 0.06
20 (3, 1) 0.09

205.04
2 (1, 1) 0.49
5 (2, 2) 0.12
6 (2, 2) 0.12
8 (2, 2) 0.04
9 (2, 2) 0.03
11 (3, 3) 0.02
13 (3, 3) 0.04
17 (3, 3) 0.09

205.14
2 (1, 1) 0.17
4 (1, 1) 0.22
5 (2, 2) 0.25
7 (2, 2) 0.19
17 (3, 3) 0.03
20 (3, 1) 0.04

205.14
2 (1, 1) 0.09
3 (1, 1) 0.26
4 (1, 1) 0.04
5 (2, 2) 0.06
6 (2, 2) 0.29
7 (2, 2) 0.11
18 (3, 1) 0.05

205.55
2 (1, 1) 0.17
3 (1, 1) 0.33
4 (1, 1) 0.26
10 (2, 0) 0.12
18 (3, 1) 0.03
20 (3, 1) 0.03

205.55
2 (1, 1) 0.34
3 (1, 1) 0.17
4 (1, 1) 0.25
10 (2, 0) 0.12
17 (3, 3) 0.03
20 (3, 1) 0.02

210.91
1 (0, 0) 0.44
8 (2, 2) 0.22
9 (2, 2) 0.22
10 (2, 0) 0.04

212.7
1 (0, 0) 0.48
3 (1, 1) 0.03
4 (1, 1) 0.03
5 (2, 2) 0.14
6 (2, 2) 0.14
7 (2, 2) 0.04
9 (2, 2) 0.03
10 (2, 0) 0.05

212.7
1 (0, 0) 0.48
2 (1, 1) 0.03
4 (1, 1) 0.03
5 (2, 2) 0.14
6 (2, 2) 0.04
7 (2, 2) 0.14
9 (2, 2) 0.03
10 (2, 0) 0.05

212.7
1 (0, 0) 0.48
2 (1, 1) 0.03
3 (1, 1) 0.03
5 (2, 2) 0.04
6 (2, 2) 0.14
7 (2, 2) 0.14
8 (2, 2) 0.04
10 (2, 0) 0.05

212.77
1 (0, 0) 0.44
5 (2, 2) 0.12
9 (2, 2) 0.28
10 (2, 0) 0.04

212.77
1 (0, 0) 0.44
7 (2, 2) 0.12
8 (2, 2) 0.21
9 (2, 2) 0.07
10 (2, 0) 0.04

212.77
1 (0, 0) 0.44
6 (2, 2) 0.12
8 (2, 2) 0.21
9 (2, 2) 0.07
10 (2, 0) 0.04

215.76
1 (0, 0) 0.07
2 (1, 1) 0.12
3 (1, 1) 0.07
4 (1, 1) 0.07
5 (2, 2) 0.02
6 (2, 2) 0.02
10 (2, 0) 0.42
17 (3, 3) 0.1
18 (3, 1) 0.03
20 (3, 1) 0.03

215.76
1 (0, 0) 0.07
2 (1, 1) 0.07
3 (1, 1) 0.12
4 (1, 1) 0.07
5 (2, 2) 0.02
7 (2, 2) 0.02
10 (2, 0) 0.42
17 (3, 3) 0.03
18 (3, 1) 0.1
20 (3, 1) 0.03

215.76
1 (0, 0) 0.07
2 (1, 1) 0.07
3 (1, 1) 0.07
4 (1, 1) 0.12
6 (2, 2) 0.02
7 (2, 2) 0.02
10 (2, 0) 0.42
17 (3, 3) 0.03
18 (3, 1) 0.03
20 (3, 1) 0.1

221.46
2 (1, 1) 0.03
3 (1, 1) 0.04
4 (1, 1) 0.04
5 (2, 2) 0.1
6 (2, 2) 0.04
8 (2, 2) 0.27
9 (2, 2) 0.27
17 (3, 3) 0.04
18 (3, 1) 0.03

221.46
2 (1, 1) 0.04
3 (1, 1) 0.04
4 (1, 1) 0.03
6 (2, 2) 0.07
7 (2, 2) 0.09
8 (2, 2) 0.27
9 (2, 2) 0.27
17 (3, 3) 0.02
18 (3, 1) 0.03
20 (3, 1) 0.04

222.56
2 (1, 1) 0.03
3 (1, 1) 0.03
5 (2, 2) 0.18
6 (2, 2) 0.03
7 (2, 2) 0.03
8 (2, 2) 0.54
17 (3, 3) 0.04
18 (3, 1) 0.04

222.56
3 (1, 1) 0.03
4 (1, 1) 0.03
5 (2, 2) 0.03
6 (2, 2) 0.03
7 (2, 2) 0.18
8 (2, 2) 0.13
9 (2, 2) 0.4
18 (3, 1) 0.04
20 (3, 1) 0.04

222.56
2 (1, 1) 0.03
4 (1, 1) 0.03
5 (2, 2) 0.03
6 (2, 2) 0.18
7 (2, 2) 0.03
8 (2, 2) 0.13
9 (2, 2) 0.4
17 (3, 3) 0.04
20 (3, 1) 0.04

223.4
2 (1, 1) 0.07
3 (1, 1) 0.07
4 (1, 1) 0.07
8 (2, 2) 0.27
9 (2, 2) 0.27
11 (3, 3) 0.03
13 (3, 3) 0.02
14 (3, 3) 0.02
16 (3, 3) 0.03
17 (3, 3) 0.02
18 (3, 1) 0.02
19 (3, 1) 0.04
20 (3, 1) 0.02

223.73
1 (0, 0) 0.08
2 (1, 1) 0.03
3 (1, 1) 0.03
4 (1, 1) 0.05
5 (2, 2) 0.15
6 (2, 2) 0.12
7 (2, 2) 0.12
9 (2, 2) 0.24
10 (2, 0) 0.04
20 (3, 1) 0.06

223.73
1 (0, 0) 0.08
2 (1, 1) 0.03
3 (1, 1) 0.05
4 (1, 1) 0.03
5 (2, 2) 0.12
6 (2, 2) 0.15
7 (2, 2) 0.12
8 (2, 2) 0.18
9 (2, 2) 0.06
10 (2, 0) 0.04
18 (3, 1) 0.06

223.73
1 (0, 0) 0.08
2 (1, 1) 0.05
3 (1, 1) 0.03
4 (1, 1) 0.03
5 (2, 2) 0.12
6 (2, 2) 0.12
7 (2, 2) 0.15
8 (2, 2) 0.18
9 (2, 2) 0.06
10 (2, 0) 0.04
17 (3, 3) 0.06

228.3
1 (0, 0) 0.05
2 (1, 1) 0.11
3 (1, 1) 0.11
5 (2, 2) 0.22
6 (2, 2) 0.11
7 (2, 2) 0.11
8 (2, 2) 0.08
11 (3, 3) 0.04
16 (3, 3) 0.04
17 (3, 3) 0.04
18 (3, 1) 0.04

228.3
1 (0, 0) 0.05
3 (1, 1) 0.11
4 (1, 1) 0.11
5 (2, 2) 0.11
6 (2, 2) 0.11
7 (2, 2) 0.22
9 (2, 2) 0.06
14 (3, 3) 0.03
18 (3, 1) 0.04
19 (3, 1) 0.03
20 (3, 1) 0.04

228.3
1 (0, 0) 0.05
2 (1, 1) 0.11
4 (1, 1) 0.11
5 (2, 2) 0.11
6 (2, 2) 0.22
7 (2, 2) 0.11
9 (2, 2) 0.06
13 (3, 3) 0.03
17 (3, 3) 0.04
19 (3, 1) 0.03
20 (3, 1) 0.04

229.0
1 (0, 0) 0.19
2 (1, 1) 0.04
3 (1, 1) 0.04
4 (1, 1) 0.14
5 (2, 2) 0.17
6 (2, 2) 0.06
7 (2, 2) 0.06
9 (2, 2) 0.1
10 (2, 0) 0.03
17 (3, 3) 0.02
18 (3, 1) 0.02
20 (3, 1) 0.03

229.0
1 (0, 0) 0.19
2 (1, 1) 0.14
3 (1, 1) 0.04
4 (1, 1) 0.04
5 (2, 2) 0.06
6 (2, 2) 0.06
7 (2, 2) 0.17
8 (2, 2) 0.08
9 (2, 2) 0.03
10 (2, 0) 0.03
17 (3, 3) 0.03
18 (3, 1) 0.02
20 (3, 1) 0.02

229.01
1 (0, 0) 0.19
2 (1, 1) 0.04
3 (1, 1) 0.14
4 (1, 1) 0.04
5 (2, 2) 0.06
6 (2, 2) 0.17
7 (2, 2) 0.06
8 (2, 2) 0.08
9 (2, 2) 0.03
10 (2, 0) 0.03
17 (3, 3) 0.02
18 (3, 1) 0.03
20 (3, 1) 0.02

230.12
1 (0, 0) 0.34
2 (1, 1) 0.09
3 (1, 1) 0.09
4 (1, 1) 0.09
8 (2, 2) 0.12
9 (2, 2) 0.12
10 (2, 0) 0.04
17 (3, 3) 0.02
18 (3, 1) 0.02
20 (3, 1) 0.02

230.32
2 (1, 1) 0.1
3 (1, 1) 0.06
4 (1, 1) 0.1
5 (2, 2) 0.13
6 (2, 2) 0.22
7 (2, 2) 0.13
12 (3, 3) 0.06
13 (3, 3) 0.02
15 (3, 3) 0.03
17 (3, 3) 0.03
18 (3, 1) 0.02
20 (3, 1) 0.03

230.32
2 (1, 1) 0.06
3 (1, 1) 0.1
4 (1, 1) 0.1
5 (2, 2) 0.13
6 (2, 2) 0.13
7 (2, 2) 0.22
12 (3, 3) 0.06
14 (3, 3) 0.02
15 (3, 3) 0.03
17 (3, 3) 0.02
18 (3, 1) 0.03
20 (3, 1) 0.03

230.32
2 (1, 1) 0.1
3 (1, 1) 0.1
4 (1, 1) 0.06
5 (2, 2) 0.22
6 (2, 2) 0.13
7 (2, 2) 0.13
12 (3, 3) 0.06
17 (3, 3) 0.03
18 (3, 1) 0.03
20 (3, 1) 0.02

230.42
1 (0, 0) 0.14
2 (1, 1) 0.12
3 (1, 1) 0.12
5 (2, 2) 0.17
6 (2, 2) 0.1
7 (2, 2) 0.1
11 (3, 3) 0.03
16 (3, 3) 0.03
17 (3, 3) 0.04
18 (3, 1) 0.04

230.42
1 (0, 0) 0.14
2 (1, 1) 0.12
4 (1, 1) 0.12
5 (2, 2) 0.1
6 (2, 2) 0.17
7 (2, 2) 0.1
13 (3, 3) 0.04
15 (3, 3) 0.03
17 (3, 3) 0.04
20 (3, 1) 0.04

230.42
1 (0, 0) 0.14
3 (1, 1) 0.12
4 (1, 1) 0.12
5 (2, 2) 0.1
6 (2, 2) 0.1
7 (2, 2) 0.17
14 (3, 3) 0.04
15 (3, 3) 0.03
18 (3, 1) 0.04
20 (3, 1) 0.04

231.17
2 (1, 1) 0.07
3 (1, 1) 0.1
4 (1, 1) 0.08
5 (2, 2) 0.16
7 (2, 2) 0.29
8 (2, 2) 0.02
9 (2, 2) 0.02
12 (3, 3) 0.02
14 (3, 3) 0.03
17 (3, 3) 0.03
18 (3, 1) 0.04
20 (3, 1) 0.03

231.17
2 (1, 1) 0.1
3 (1, 1) 0.06
4 (1, 1) 0.08
5 (2, 2) 0.15
6 (2, 2) 0.3
7 (2, 2) 0.02
8 (2, 2) 0.02
9 (2, 2) 0.02
12 (3, 3) 0.02
13 (3, 3) 0.03
17 (3, 3) 0.04
18 (3, 1) 0.03
20 (3, 1) 0.03

231.79
2 (1, 1) 0.04
3 (1, 1) 0.04
4 (1, 1) 0.07
6 (2, 2) 0.09
7 (2, 2) 0.08
8 (2, 2) 0.25
9 (2, 2) 0.26
11 (3, 3) 0.03
16 (3, 3) 0.02
19 (3, 1) 0.07

231.79
2 (1, 1) 0.06
3 (1, 1) 0.06
4 (1, 1) 0.03
5 (2, 2) 0.11
6 (2, 2) 0.03
7 (2, 2) 0.04
8 (2, 2) 0.26
9 (2, 2) 0.25
13 (3, 3) 0.03
14 (3, 3) 0.03
16 (3, 3) 0.03

231.84
2 (1, 1) 0.04
3 (1, 1) 0.04
4 (1, 1) 0.04
8 (2, 2) 0.31
9 (2, 2) 0.32
11 (3, 3) 0.03
16 (3, 3) 0.03
17 (3, 3) 0.03
18 (3, 1) 0.03
19 (3, 1) 0.04
20 (3, 1) 0.03

232.24
2 (1, 1) 0.03
3 (1, 1) 0.03
4 (1, 1) 0.03
5 (2, 2) 0.24
6 (2, 2) 0.24
7 (2, 2) 0.24
10 (2, 0) 0.03

233.56
3 (1, 1) 0.08
4 (1, 1) 0.08
7 (2, 2) 0.35
8 (2, 2) 0.08
9 (2, 2) 0.23
12 (3, 3) 0.04
14 (3, 3) 0.04
19 (3, 1) 0.02

233.56
2 (1, 1) 0.08
4 (1, 1) 0.08
6 (2, 2) 0.35
8 (2, 2) 0.08
9 (2, 2) 0.24
12 (3, 3) 0.04
13 (3, 3) 0.04
19 (3, 1) 0.02

233.56
2 (1, 1) 0.08
3 (1, 1) 0.08
5 (2, 2) 0.35
8 (2, 2) 0.31
11 (3, 3) 0.04
12 (3, 3) 0.04
15 (3, 3) 0.02
16 (3, 3) 0.04

233.59
2 (1, 1) 0.1
3 (1, 1) 0.03
4 (1, 1) 0.03
5 (2, 2) 0.1
6 (2, 2) 0.1
7 (2, 2) 0.06
8 (2, 2) 0.31
9 (2, 2) 0.11
11 (3, 3) 0.07
13 (3, 3) 0.06
17 (3, 3) 0.02

233.59
2 (1, 1) 0.03
3 (1, 1) 0.03
4 (1, 1) 0.1
5 (2, 2) 0.06
6 (2, 2) 0.1
7 (2, 2) 0.1
9 (2, 2) 0.41
15 (3, 3) 0.03
19 (3, 1) 0.1
20 (3, 1) 0.02

233.59
2 (1, 1) 0.03
3 (1, 1) 0.1
4 (1, 1) 0.03
5 (2, 2) 0.1
6 (2, 2) 0.06
7 (2, 2) 0.1
8 (2, 2) 0.31
9 (2, 2) 0.11
14 (3, 3) 0.06
16 (3, 3) 0.08
18 (3, 1) 0.02

233.87
2 (1, 1) 0.05
3 (1, 1) 0.05
4 (1, 1) 0.05
5 (2, 2) 0.06
6 (2, 2) 0.06
7 (2, 2) 0.06
8 (2, 2) 0.27
9 (2, 2) 0.27
13 (3, 3) 0.03
14 (3, 3) 0.03
15 (3, 3) 0.05

237.61
2 (1, 1) 0.06
3 (1, 1) 0.06
5 (2, 2) 0.45
9 (2, 2) 0.15
11 (3, 3) 0.04
16 (3, 3) 0.04
17 (3, 3) 0.03
18 (3, 1) 0.03
20 (3, 1) 0.03

237.61
2 (1, 1) 0.06
4 (1, 1) 0.06
6 (2, 2) 0.45
8 (2, 2) 0.11
9 (2, 2) 0.04
13 (3, 3) 0.05
15 (3, 3) 0.05
17 (3, 3) 0.03
18 (3, 1) 0.03
20 (3, 1) 0.03

237.61
3 (1, 1) 0.06
4 (1, 1) 0.06
7 (2, 2) 0.45
8 (2, 2) 0.11
9 (2, 2) 0.04
14 (3, 3) 0.05
15 (3, 3) 0.05
17 (3, 3) 0.03
18 (3, 1) 0.03
20 (3, 1) 0.03

239.91
2 (1, 1) 0.02
3 (1, 1) 0.05
4 (1, 1) 0.05
5 (2, 2) 0.2
6 (2, 2) 0.2
7 (2, 2) 0.06
8 (2, 2) 0.05
9 (2, 2) 0.13
11 (3, 3) 0.04
12 (3, 3) 0.04
13 (3, 3) 0.04
17 (3, 3) 0.04
18 (3, 1) 0.02
20 (3, 1) 0.02

239.91
2 (1, 1) 0.05
3 (1, 1) 0.02
4 (1, 1) 0.05
5 (2, 2) 0.2
6 (2, 2) 0.06
7 (2, 2) 0.2
8 (2, 2) 0.05
9 (2, 2) 0.13
12 (3, 3) 0.04
14 (3, 3) 0.04
16 (3, 3) 0.04
17 (3, 3) 0.02
18 (3, 1) 0.04
20 (3, 1) 0.02

239.91
2 (1, 1) 0.05
3 (1, 1) 0.05
4 (1, 1) 0.02
5 (2, 2) 0.06
6 (2, 2) 0.2
7 (2, 2) 0.2
8 (2, 2) 0.17
12 (3, 3) 0.04
15 (3, 3) 0.06
17 (3, 3) 0.02
18 (3, 1) 0.02
19 (3, 1) 0.03
20 (3, 1) 0.04

241.7
1 (0, 0) 0.08
2 (1, 1) 0.03
3 (1, 1) 0.03
4 (1, 1) 0.04
10 (2, 0) 0.53
17 (3, 3) 0.08
18 (3, 1) 0.08
20 (3, 1) 0.08

241.7
1 (0, 0) 0.08
2 (1, 1) 0.03
3 (1, 1) 0.04
4 (1, 1) 0.02
5 (2, 2) 0.02
10 (2, 0) 0.53
17 (3, 3) 0.08
18 (3, 1) 0.08
20 (3, 1) 0.08

243.02
2 (1, 1) 0.03
3 (1, 1) 0.02
4 (1, 1) 0.05
6 (2, 2) 0.23
7 (2, 2) 0.22
8 (2, 2) 0.07
9 (2, 2) 0.07
10 (2, 0) 0.05
12 (3, 3) 0.06
17 (3, 3) 0.03
18 (3, 1) 0.02
20 (3, 1) 0.1

243.02
2 (1, 1) 0.04
3 (1, 1) 0.04
5 (2, 2) 0.3
6 (2, 2) 0.08
7 (2, 2) 0.08
8 (2, 2) 0.07
9 (2, 2) 0.07
10 (2, 0) 0.05
12 (3, 3) 0.06
17 (3, 3) 0.07
18 (3, 1) 0.07

243.46
1 (0, 0) 0.08
2 (1, 1) 0.03
3 (1, 1) 0.03
5 (2, 2) 0.02
10 (2, 0) 0.58
17 (3, 3) 0.07
18 (3, 1) 0.07
20 (3, 1) 0.06

243.46
1 (0, 0) 0.08
3 (1, 1) 0.03
4 (1, 1) 0.03
7 (2, 2) 0.02
10 (2, 0) 0.58
17 (3, 3) 0.06
18 (3, 1) 0.07
20 (3, 1) 0.07

243.46
1 (0, 0) 0.08
2 (1, 1) 0.03
4 (1, 1) 0.03
6 (2, 2) 0.02
10 (2, 0) 0.58
17 (3, 3) 0.07
18 (3, 1) 0.06
20 (3, 1) 0.07

244.98
3 (1, 1) 0.05
5 (2, 2) 0.2
6 (2, 2) 0.14
7 (2, 2) 0.2
8 (2, 2) 0.07
9 (2, 2) 0.03
10 (2, 0) 0.03
14 (3, 3) 0.04
16 (3, 3) 0.02
17 (3, 3) 0.03
18 (3, 1) 0.09
20 (3, 1) 0.03

244.98
2 (1, 1) 0.05
5 (2, 2) 0.2
6 (2, 2) 0.2
7 (2, 2) 0.14
8 (2, 2) 0.07
9 (2, 2) 0.03
10 (2, 0) 0.03
11 (3, 3) 0.02
13 (3, 3) 0.04
17 (3, 3) 0.09
18 (3, 1) 0.03
20 (3, 1) 0.03

244.98
4 (1, 1) 0.05
5 (2, 2) 0.14
6 (2, 2) 0.2
7 (2, 2) 0.2
9 (2, 2) 0.1
10 (2, 0) 0.03
15 (3, 3) 0.05
17 (3, 3) 0.03
18 (3, 1) 0.03
20 (3, 1) 0.09

249.74
5 (2, 2) 0.13
6 (2, 2) 0.3
7 (2, 2) 0.13
8 (2, 2) 0.07
9 (2, 2) 0.21
18 (3, 1) 0.03

249.74
5 (2, 2) 0.13
6 (2, 2) 0.13
7 (2, 2) 0.3
8 (2, 2) 0.07
9 (2, 2) 0.21
17 (3, 3) 0.03

249.74
5 (2, 2) 0.3
6 (2, 2) 0.13
7 (2, 2) 0.13
8 (2, 2) 0.28
19 (3, 1) 0.02
20 (3, 1) 0.03

251.99
1 (0, 0) 0.02
2 (1, 1) 0.11
3 (1, 1) 0.09
4 (1, 1) 0.09
5 (2, 2) 0.02
7 (2, 2) 0.05
8 (2, 2) 0.04
9 (2, 2) 0.04
10 (2, 0) 0.42
18 (3, 1) 0.04
20 (3, 1) 0.03

251.99
1 (0, 0) 0.02
2 (1, 1) 0.08
3 (1, 1) 0.1
4 (1, 1) 0.1
5 (2, 2) 0.04
6 (2, 2) 0.05
8 (2, 2) 0.04
9 (2, 2) 0.04
10 (2, 0) 0.42
17 (3, 3) 0.04

254.35
1 (0, 0) 0.02
2 (1, 1) 0.06
3 (1, 1) 0.14
4 (1, 1) 0.14
5 (2, 2) 0.02
6 (2, 2) 0.02
8 (2, 2) 0.04
10 (2, 0) 0.43
17 (3, 3) 0.05

254.35
1 (0, 0) 0.02
2 (1, 1) 0.14
3 (1, 1) 0.06
4 (1, 1) 0.14
5 (2, 2) 0.02
7 (2, 2) 0.02
8 (2, 2) 0.04
10 (2, 0) 0.43
18 (3, 1) 0.05

254.35
1 (0, 0) 0.02
2 (1, 1) 0.14
3 (1, 1) 0.14
4 (1, 1) 0.06
6 (2, 2) 0.02
7 (2, 2) 0.02
9 (2, 2) 0.05
10 (2, 0) 0.43
20 (3, 1) 0.05

255.7
5 (2, 2) 0.21
6 (2, 2) 0.21
7 (2, 2) 0.21
8 (2, 2) 0.14
9 (2, 2) 0.14

256.15
5 (2, 2) 0.14
8 (2, 2) 0.41
11 (3, 3) 0.17
15 (3, 3) 0.03
16 (3, 3) 0.17

256.15
7 (2, 2) 0.14
8 (2, 2) 0.1
9 (2, 2) 0.3
14 (3, 3) 0.14
15 (3, 3) 0.03
16 (3, 3) 0.04
19 (3, 1) 0.15

256.15
6 (2, 2) 0.14
8 (2, 2) 0.1
9 (2, 2) 0.3
11 (3, 3) 0.04
13 (3, 3) 0.14
15 (3, 3) 0.03
19 (3, 1) 0.15

257.15
5 (2, 2) 0.06
6 (2, 2) 0.06
7 (2, 2) 0.06
8 (2, 2) 0.2
9 (2, 2) 0.2
11 (3, 3) 0.07
13 (3, 3) 0.06
14 (3, 3) 0.06
15 (3, 3) 0.04
16 (3, 3) 0.07
19 (3, 1) 0.08

257.6
5 (2, 2) 0.18
6 (2, 2) 0.02
7 (2, 2) 0.08
8 (2, 2) 0.14
9 (2, 2) 0.14
11 (3, 3) 0.11
12 (3, 3) 0.03
13 (3, 3) 0.02
14 (3, 3) 0.06
16 (3, 3) 0.1
19 (3, 1) 0.09

