#nmax= 3 NR= 11 Ntheta= 11 Nphi= 11
#jmax= 3 Nalpha= 11 Nphi= 11 Nchi= 11
#Ntrans= 20
#Nrot= 44

-1192.23565 23.56305 -1197.26976
-1192.23564 23.56306 -1197.26975
-1192.23552 23.56318 -1197.26964
-1176.10248 39.69621 -1181.1366
-1176.10247 39.69623 -1181.13658
-1176.10245 39.69625 -1181.13656
-1149.23745 66.56125 -1154.27157
-1149.23737 66.56133 -1154.27149
-1149.23711 66.56159 -1154.27123
-1146.39138 69.40732 -1151.4255
-1146.39098 69.40772 -1151.42509
-1134.74709 81.05161 -1139.78121
-1133.67385 82.12485 -1138.70797
-1133.67378 82.12492 -1138.7079
-1133.67367 82.12503 -1138.70779
-1126.53833 89.26037 -1131.57244
-1126.53795 89.26075 -1131.57207
-1125.95466 89.84404 -1130.98878
-1125.95463 89.84407 -1130.98874
-1125.95434 89.84436 -1130.98846
-1125.24248 90.55622 -1130.2766
-1125.24244 90.55626 -1130.27656
-1123.39573 92.40297 -1128.42985
-1123.39559 92.4031 -1128.42971
-1123.39557 92.40313 -1128.42969
-1119.92985 95.86885 -1124.96397
-1119.92978 95.86892 -1124.96389
-1119.92973 95.86897 -1124.96385
-1117.68568 98.11302 -1122.7198
-1099.37293 116.42577 -1104.40705
-1099.3728 116.4259 -1104.40692
-1099.37274 116.42596 -1104.40686
-1099.33619 116.46251 -1104.37031
-1097.56655 118.23215 -1102.60067
-1097.56635 118.23235 -1102.60047
-1097.56625 118.23245 -1102.60037
-1087.54511 128.25359 -1092.57923
-1087.54508 128.25362 -1092.57919
-1087.545 128.2537 -1092.57912
-1086.79509 129.00361 -1091.8292
-1086.79507 129.00363 -1091.82918
-1086.61453 129.18417 -1091.64865
-1086.61441 129.18429 -1091.64853
-1086.61432 129.18438 -1091.64843
-1079.8646 135.9341 -1084.89872
-1079.8646 135.9341 -1084.89871
-1079.86456 135.93414 -1084.89868
-1078.90638 136.89232 -1083.9405
-1078.90605 136.89265 -1083.94017
-1076.61728 139.18142 -1081.65139
-1075.77788 140.02082 -1080.81199
-1075.77771 140.02099 -1080.81182
-1075.77768 140.02102 -1080.81179
-1075.1858 140.6129 -1080.21991
-1075.18574 140.61296 -1080.21986
-1075.18536 140.61334 -1080.21948
-1072.24466 143.55404 -1077.27878
-1072.24452 143.55418 -1077.27863
-1072.24425 143.55445 -1077.27836
-1070.42276 145.37594 -1075.45688
-1070.42261 145.37609 -1075.45672
-1070.42259 145.37611 -1075.45671
-1069.74574 146.05296 -1074.77985
-1069.74563 146.05307 -1074.77975
-1069.74549 146.05321 -1074.77961
-1069.46412 146.33458 -1074.49823
-1063.69074 152.10796 -1068.72486
-1063.69073 152.10797 -1068.72485
-1063.69069 152.10801 -1068.7248
-1062.57851 153.22019 -1067.61262
-1062.57845 153.22025 -1067.61256
-1062.57838 153.22032 -1067.6125
-1062.11487 153.68383 -1067.14898
-1062.11464 153.68406 -1067.14876
-1062.11444 153.68426 -1067.14856
-1061.50444 154.29426 -1066.53856
-1061.50423 154.29447 -1066.53834
-1060.99067 154.80802 -1066.02479
-1060.99062 154.80808 -1066.02473
-1060.99032 154.80838 -1066.02443
-1060.96833 154.83037 -1066.00245
-1060.96825 154.83045 -1066.00237
-1059.37667 156.42203 -1064.41078
-1057.54061 158.25808 -1062.57473
-1057.54059 158.25811 -1062.57471
-1057.54036 158.25834 -1062.57448
-1056.56832 159.23037 -1061.60244
-1056.56826 159.23044 -1061.60238
-1056.56793 159.23077 -1061.60205
-1055.22124 160.57746 -1060.25536
-1055.22106 160.57764 -1060.25517
-1055.22103 160.57766 -1060.25515
-1047.10317 168.69553 -1052.13728
-1047.10279 168.69591 -1052.13691
-1047.10273 168.69597 -1052.13685
-1045.63922 170.15948 -1050.67333
-1045.63905 170.15965 -1050.67317
-1045.63904 170.15966 -1050.67316
-1044.38909 171.40961 -1049.42321
-1043.97901 171.81969 -1049.01312
