#nmax= 3 NR= 11 Ntheta= 11 Nphi= 11
#jmax= 3 Nalpha= 11 Nphi= 11 Nchi= 11
#Ntrans= 20
#Nrot= 40

-1215.7986994766554 0.0 -1220.832816044194
-1183.3847327257804 32.41396675087532 -1188.4188492933185
-1183.3846780524193 32.41402142423652 -1188.4187946199575
-1183.3845954823632 32.41410399429255 -1188.4187120499014
-1154.801300507542 60.99739896911369 -1159.8354170750802
-1154.801216052686 60.99748342396971 -1159.835332620224
-1154.801190078156 60.99750939849975 -1159.8353066456941
-1148.5315207748508 67.267178701805 -1153.565637342389
-1148.531185829769 67.26751364688674 -1153.5653023973073
-1148.1614982623091 67.63720121434662 -1153.1956148298473
-1148.1612362309575 67.6374632456983 -1153.1953527984956
-1148.1611690473806 67.63753042927516 -1153.1952856149187
-1130.855256535688 84.9434429409675 -1135.8893731032265
-1130.8548789583085 84.9438205183472 -1135.8889955258467
-1130.8548780906613 84.94382138599444 -1135.8889946581994
-1129.257538361956 86.54116111469982 -1134.2916549294941
-1129.2572900044772 86.54140947217846 -1134.2914065720154
-1128.8468557072767 86.95184376937905 -1133.880972274815
-1125.8252813874374 89.97341808921827 -1130.8593979549757
-1125.8250642527132 89.97363522394255 -1130.8591808202514
-1122.366689577171 93.4320098994848 -1127.4008061447091
-1122.3666125685374 93.43208690811818 -1127.4007291360758
-1122.3665019265904 93.43219755006533 -1127.4006184941286
-1122.3322127124968 93.46648676415894 -1127.366329280035
-1122.3319773814248 93.46672209523082 -1127.3660939489632
-1122.3318586370904 93.46684083956534 -1127.3659752046285
-1100.827253954846 114.97144552180985 -1105.861370522384
-1099.6953906311282 116.10330884552742 -1104.7295071986666
-1099.6952748161893 116.10342466046633 -1104.7293913837277
-1099.695009981345 116.10368949531075 -1104.7291265488832
-1099.4858787011551 116.31282077550054 -1104.5199952686935
-1099.4858349012632 116.3128645753926 -1104.5199514688013
-1099.4855798840676 116.31311959258811 -1104.5196964516058
-1094.8624230045068 120.93627647214883 -1099.8965395720452
-1094.8623746161181 120.93632486053765 -1099.8964911836563
-1092.9154934638045 122.88320601285125 -1097.9496100313427
-1092.9152632679497 122.88343620870602 -1097.949379835488
-1092.9152472695055 122.88345220715031 -1097.9493638370436
-1091.2047296655287 124.59396981112707 -1096.2388462330669
-1091.20467065952 124.59402881713575 -1096.2387872270583
-1091.2045158726376 124.59418360401826 -1096.2386324401757
-1087.8115961339956 127.98710334266002 -1092.845712701534
-1087.811534478398 127.98716499825774 -1092.8456510459362
-1087.5398497563995 128.25884972025628 -1092.5739663239376
-1087.539831972354 128.25886750430175 -1092.5739485398922
-1087.5397395813989 128.25895989525677 -1092.5738561489372
-1086.0754862742458 129.72321320240985 -1091.1096028417842
-1079.4860741859857 136.31262529066993 -1084.520190753524
-1079.485947268259 136.3127522083968 -1084.5200638357971
-1079.4858415384683 136.31285793818745 -1084.5199581060065
-1078.0401936745516 137.75850580210425 -1083.0743102420897
-1078.0398571736903 137.7588423029654 -1083.0739737412284
-1074.8955960335018 140.90310344315387 -1079.9297126010401
-1074.60454435924 141.19415511741582 -1079.6386609267781
-1074.6045440549037 141.1941554217521 -1079.6386606224419
-1074.6042481212965 141.19445135535926 -1079.6383646888346
-1074.1188631935745 141.6798362830813 -1079.1529797611126
-1074.1187837092912 141.67991576736463 -1079.1529002768293
-1074.1187539334624 141.6799455431933 -1079.1528705010007
-1072.5451058795122 143.2535935971434 -1077.5792224470506
-1072.5450447150963 143.25365476155943 -1077.5791612826345
-1072.5447487935835 143.25395068307222 -1077.5788653611216
-1071.6910107906654 144.1076886859903 -1076.7251273582037
-1071.6906337635012 144.10806571315456 -1076.7247503310393
-1071.6905698434498 144.10812963320586 -1076.7246864109882
-1071.498851952616 144.2998475240397 -1076.5329685201543
-1071.3037016916885 144.49499778496715 -1076.3378182592269
-1071.3036318572954 144.49506761936033 -1076.3377484248335
-1071.3036049259642 144.49509455069148 -1076.3377214935024
-1065.2581531342662 150.5405463423896 -1070.2922697018043
-1065.2573664267659 150.54133304988983 -1070.291482994304
-1065.2573340599497 150.5413654167061 -1070.2914506274878
-1064.3531311432 151.44556833345567 -1069.3872477107384
-1064.3530188716707 151.44568060498497 -1069.387135439209
-1064.3525729075109 151.4461265691449 -1069.386689475049
-1063.093777989199 152.7049214874568 -1068.1278945567371
-1063.093605112007 152.7050943646487 -1068.1277216795452
-1063.093479192727 152.70522028392872 -1068.1275957602652
-1062.8664855531945 152.9322139234613 -1067.9006021207326
-1062.8664661062644 152.93223337039134 -1067.9005826738025
-1062.8654343930934 152.93326508356228 -1067.8995509606316
-1062.6792185032127 153.11948097344296 -1067.7133350707509
-1061.939767873944 153.85893160271164 -1066.9738844414824
-1061.9393021714563 153.85939730519928 -1066.9734187389947
-1060.133376608496 155.6653228681596 -1065.1674931760344
-1060.1333322285268 155.6653672481289 -1065.167448796065
-1060.1331286125471 155.66557086410864 -1065.1672451800853
-1059.248757459074 156.54994201758166 -1064.2828740266123
-1059.2484541505546 156.55024532610116 -1064.2825707180928
-1056.7633614448207 159.0353380318349 -1061.797478012359
-1056.7632782645712 159.03542121208451 -1061.7973948321094
-1056.7628710094837 159.03582846717208 -1061.7969875770218
-1044.8208843330408 170.9778151436148 -1049.8550009005792
-1044.8205679276996 170.9781315489561 -1049.8546844952377
-1044.820367642475 170.9783318341806 -1049.8544842100134
-1044.3995300919585 171.39916938469716 -1049.4336466594968
-1044.3989641289093 171.39973534774646 -1049.4330806964474
-1043.7289108885811 172.06978858807466 -1048.7630274561193
-1043.7286361582296 172.07006331842607 -1048.7627527257678
-1043.7284310819787 172.070268394677 -1048.762547649517
