rotational analysis ortho
#nmax= 3 NR= 11 Ntheta= 11 Nphi= 11
#jmax= 3 Nalpha= 11 Nphi= 11 Nchi= 11
23.56305222348749
2 23.799400000000002 0.4795978262842007
4 42.4022 0.020942431080797106
5 42.4022 0.4795978262842008

23.563063189508323
1 23.799399999999995 0.9382528546452354
2 23.799400000000002 0.010542501286451124
3 23.799400000000002 0.010542568375540101
5 42.4022 0.010542501286451124
6 42.4022 0.010542568375540101

23.56317982765706
3 23.799400000000002 0.47959759516861844
4 42.4022 0.02094261801103385
6 42.4022 0.47959759516861844

39.69621468287274
1 23.799399999999995 0.06970341540717655
2 23.799400000000002 0.45843481341832726
5 42.4022 0.45843481341832726

39.69623425881662
2 23.799400000000002 0.03507298959294438
3 23.799400000000002 0.03507277849596392
4 42.4022 0.8471668724986839
5 42.4022 0.03507298959294438
6 42.4022 0.03507277849596393

39.69625352753715
1 23.799399999999995 0.06970392826387278
3 23.799400000000002 0.45843450347436515
6 42.4022 0.4584345034743652

66.56124973589667
1 23.799399999999995 0.2784026942785578
2 23.799400000000002 0.14864948006831272
5 42.4022 0.14864948006831274
8 79.5134 0.20102475427147556
13 135.32179999999997 0.2010247542714755

66.56132695942749
1 23.799399999999995 0.2784043176135698
3 23.799400000000002 0.14864962143209554
6 42.4022 0.14864962143209556
10 79.5134 0.20102385303529335
14 135.32179999999997 0.20102385303529335

66.56158874374337
2 23.799400000000002 0.14148040313083562
3 23.799400000000002 0.1414842721513324
4 42.4022 0.018895942099974358
5 42.4022 0.14148040313083562
6 42.4022 0.14148427215133239
11 79.5134 0.20153618136224136
16 135.32179999999997 0.2015361813622413

69.40731889604419
2 23.799400000000002 0.13282257765462513
3 23.799400000000002 0.15113229295017364
4 42.4022 0.018831869784874528
5 42.4022 0.13282257765462516
6 42.4022 0.15113229295017358
9 79.5134 0.19934586718959885
15 135.32179999999997 0.19934586718959882

69.40772226350765
1 23.799399999999995 0.3718874596168932
2 23.799400000000002 0.06314488915884901
3 23.799400000000002 0.04483361596574918
5 42.4022 0.06314488915884901
6 42.4022 0.04483361596574918
7 79.51339999999998 0.39703384530601066

81.05161061157565
1 23.799399999999995 0.32038655423716644
2 23.799400000000002 0.1601943066115817
3 23.799400000000002 0.16019243478069323
5 42.4022 0.1601943066115817
6 42.4022 0.16019243478069325

82.12485011324887
1 23.799399999999995 0.38788574397375336
2 23.799400000000002 0.28302584752142484
5 42.4022 0.28302584752142484

82.12492010484208
1 23.799399999999995 0.3878851356771048
3 23.799400000000002 0.28302613017887934
6 42.4022 0.28302613017887934

82.12502963398431
2 23.799400000000002 0.19862332897957508
3 23.799400000000002 0.19861540630433372
4 42.4022 0.1781573394150498
5 42.4022 0.19862332897957505
6 42.4022 0.19861540630433372

89.26037289168958
1 23.799399999999995 0.09214214146514918
2 23.799400000000002 0.1974142636030088
3 23.799400000000002 0.21433263794397714
5 42.4022 0.19741426360300882
6 42.4022 0.21433263794397714
11 79.5134 0.035823467636278306
16 135.32179999999997 0.035823467636278285

89.2607492608519
2 23.799400000000002 0.1081956157323611
3 23.799400000000002 0.09127730800781031
4 42.4022 0.5177920189822963
5 42.4022 0.1081956157323611
6 42.4022 0.0912773080078103
12 135.32179999999997 0.06284082362499674

89.8440373026198
1 23.799399999999995 0.019753682540548205
2 23.799400000000002 0.01013666857389339
3 23.799400000000002 0.24455344189515094
4 42.4022 0.3895204508538036
5 42.4022 0.010136668573893393
6 42.4022 0.24455344189515094
10 79.5134 0.03144294910023569
14 135.32179999999997 0.03144294910023568

89.84407177548383
1 23.799399999999995 0.019753279191288158
2 23.799400000000002 0.2445489648668421
3 23.799400000000002 0.01014049101677167
4 42.4022 0.3894940471667364
5 42.4022 0.24454896486684216
6 42.4022 0.010140491016771672
8 79.5134 0.03144189591291883
13 135.32179999999997 0.03144189591291882

89.84435982342205
1 23.799399999999995 0.09958330885083685
2 23.799400000000002 0.20464088412715747
3 23.799400000000002 0.2046381242093943
5 42.4022 0.20464088412715745
6 42.4022 0.20463812420939434
9 79.5134 0.031355793085863275
15 135.32179999999997 0.03135579308586327

90.55621760563758
1 23.799399999999995 0.1427894549183461
2 23.799400000000002 0.11677442508830425
5 42.4022 0.11677442508830427
7 79.51339999999998 0.34596372293983535
9 79.5134 0.12199206440059428
15 135.32179999999997 0.12199206440059425

90.55625531076942
1 23.799399999999995 0.1002044557354496
2 23.799400000000002 0.01466193328911828
3 23.799400000000002 0.12654428878214907
4 42.4022 0.011688704404657071
5 42.4022 0.014661933289118282
6 42.4022 0.12654428878214907
7 79.51339999999998 0.24297921888408514
9 79.5134 0.17367042456983753
15 135.32179999999997 0.17367042456983753

92.40296835406313
1 23.799399999999995 0.18090895103406948
2 23.799400000000002 0.09985540024906073
5 42.4022 0.09985540024906073
8 79.5134 0.2954961375701341
13 135.32179999999997 0.29549613757013404

92.40310488619367
1 23.799399999999995 0.18090748775263604
3 23.799400000000002 0.09985515804031517
6 42.4022 0.09985515804031517
10 79.5134 0.2954970538321501
14 135.32179999999997 0.29549705383214997

92.40312902048083
2 23.799400000000002 0.09311133811588244
3 23.799400000000002 0.09311577372624628
4 42.4022 0.018811088704992072
5 42.4022 0.09311133811588244
6 42.4022 0.09311577372624628
11 79.5134 0.29612871754183484
16 135.32179999999997 0.29612871754183484

95.8688497803745
1 23.799399999999995 0.02334393511840769
2 23.799400000000002 0.011672764684256803
3 23.799400000000002 0.2722716473522998
4 42.4022 0.38613736324197095
5 42.4022 0.011672764684256804
6 42.4022 0.27227164735229986

95.86892426544355
1 23.799399999999995 0.023343187789861535
2 23.799400000000002 0.27226784566344076
3 23.799400000000002 0.011673136624512782
4 42.4022 0.3861456473021738
5 42.4022 0.27226784566344076
6 42.4022 0.011673136624512782

95.86896808522141
1 23.799399999999995 0.15841243487164108
2 23.799400000000002 0.20473820759780395
3 23.799400000000002 0.20474053843281356
5 42.4022 0.20473820759780392
6 42.4022 0.20474053843281353

98.11302067160035
2 23.799400000000002 0.1630750962407641
3 23.799400000000002 0.16307444716694475
4 42.4022 0.3261536564646028
5 42.4022 0.16307509624076413
6 42.4022 0.16307444716694475

116.42576912184582
1 23.799399999999995 0.13318075990378467
2 23.799400000000002 0.06252776196219864
3 23.799400000000002 0.06252803923499976
5 42.4022 0.06252776196219864
6 42.4022 0.06252803923499978
8 79.5134 0.09304376765768944
9 79.5134 0.06388289708854399
10 79.5134 0.09304335010250397
13 135.32179999999997 0.09304376765768943
14 135.32179999999997 0.09304335010250395
15 135.32179999999997 0.06388289708854397
21 136.88976676280353 0.021195190624727387
33 212.62663323719627 0.010669810653974024
44 287.5367987582986 0.027385598233387765

116.42589606919161
1 23.799399999999995 0.11303273117509778
2 23.799400000000002 0.07259527478381503
3 23.799400000000002 0.06058119372171008
4 42.4022 0.012012901211762328
5 42.4022 0.07259527478381504
6 42.4022 0.06058119372171007
7 79.51339999999998 0.09426439856285934
8 79.5134 0.09404552057477114
9 79.5134 0.015767762033413478
11 79.5134 0.09413973158283166
13 135.32179999999997 0.09404552057477114
15 135.32179999999997 0.015767762033413475
16 135.32179999999997 0.09413973158283163
22 136.88976676280356 0.016875540645064236
40 287.536798758298 0.010753117008255542
41 287.53679875829806 0.014462892454803025

116.42595938908454
1 23.799399999999995 0.11303648069578978
2 23.799400000000002 0.06057869773298722
3 23.799400000000002 0.07259728301518319
4 42.4022 0.012013428456931364
5 42.4022 0.06057869773298723
6 42.4022 0.07259728301518319
7 79.51339999999998 0.09426776598301019
9 79.5134 0.01576417616498947
10 79.5134 0.09404825846861617
11 79.5134 0.094138325415145
14 135.32179999999997 0.09404825846861616
15 135.32179999999997 0.015764176164989468
16 135.32179999999997 0.094138325415145
20 136.8897667628035 0.011521994748591498
23 136.8897667628036 0.01566978623117926
38 287.5367987582978 0.014224535659775502
43 287.53679875829846 0.015338697094663465

116.46250579206719
1 23.799399999999995 0.10366880754415211
2 23.799400000000002 0.055139026029525376
3 23.799400000000002 0.05513992407683239
5 42.4022 0.05513902602952538
6 42.4022 0.05513992407683239
8 79.5134 0.08845970073627002
10 79.5134 0.08845957823902882
11 79.5134 0.0894131294074954
13 135.32179999999997 0.08845970073627
14 135.32179999999997 0.08845957823902881
16 135.32179999999997 0.0894131294074954
18 136.8897667628035 0.019224337970220887
36 212.62663323719642 0.014987033251259156
40 287.536798758298 0.01990905745074998

118.23214966743116
1 23.799399999999995 0.1794286108732504
2 23.799400000000002 0.04255247563761726
3 23.799400000000002 0.04255232198207897
5 42.4022 0.042552475637617264
6 42.4022 0.04255232198207898
7 79.51339999999998 0.23450071205511647
8 79.5134 0.07171049800812919
10 79.5134 0.07170850857878039
13 135.32179999999997 0.07171049800812918
14 135.32179999999997 0.07170850857878039
17 136.88976676280342 0.05535493813949951
19 136.8897667628035 0.011575985217172988
37 212.6266332371965 0.031236052857303045

118.23235058367962
1 23.799399999999995 0.07195635622064271
2 23.799400000000002 0.09629977504930323
3 23.799400000000002 0.03596431689260085
4 42.4022 0.013158955852853647
5 42.4022 0.09629977504930322
6 42.4022 0.035964316892600844
7 79.51339999999998 0.05935616218418001
8 79.5134 0.07112292226700308
9 79.5134 0.08897907984231104
11 79.5134 0.0708131074612812
13 135.32179999999997 0.07112292226700308
15 135.32179999999997 0.08897907984231102
16 135.32179999999997 0.07081310746128117
18 136.8897667628035 0.010831590574778059
22 136.88976676280356 0.013635558208854802
40 287.536798758298 0.010546174416202534
41 287.53679875829806 0.016111410955112572

118.2324507821042
1 23.799399999999995 0.07195304877513996
2 23.799400000000002 0.035966614741919284
3 23.799400000000002 0.09630054668155207
4 42.4022 0.013160179895581927
5 42.4022 0.035966614741919284
6 42.4022 0.09630054668155208
7 79.51339999999998 0.05935480280513475
9 79.5134 0.08897714376876671
10 79.5134 0.07111881903859613
11 79.5134 0.07081902383911637
14 135.32179999999997 0.07111881903859613
15 135.32179999999997 0.0889771437687667
16 135.32179999999997 0.07081902383911634
20 136.8897667628035 0.022457951166375452
23 136.8897667628036 0.011395990678778743
27 173.5964012417017 0.010710696546670955
34 212.6266332371963 0.015770119649915367
38 287.5367987582978 0.02751737426961986
43 287.53679875829846 0.010991282253603673

128.25358843311312
3 23.799400000000002 0.1630306316346659
4 42.4022 0.021052256573904242
6 42.4022 0.16303063163466597
7 79.51339999999998 0.08429057597386937
9 79.5134 0.12649952972936696
10 79.5134 0.06655853106310176
11 79.5134 0.06642082765567055
14 135.32179999999997 0.06655853106310176
15 135.32179999999997 0.12649952972936696
16 135.32179999999997 0.06642082765567053

128.25362167496863
2 23.799400000000002 0.1630348698559612
4 42.4022 0.02104281952099261
5 42.4022 0.1630348698559612
7 79.51339999999998 0.08435280105125269
8 79.5134 0.0665753575501468
9 79.5134 0.1264664295830998
11 79.5134 0.06640641920589364
13 135.32179999999997 0.0665753575501468
15 135.32179999999997 0.12646642958309978
16 135.32179999999997 0.06640641920589364

128.25369660039888
1 23.799399999999995 0.3050305327154058
2 23.799400000000002 0.013658698981977383
3 23.799400000000002 0.01366232907347014
5 42.4022 0.013658698981977383
6 42.4022 0.01366232907347014
7 79.51339999999998 0.3369244641253901
8 79.5134 0.06644245972575125
10 79.5134 0.06645984152743416
13 135.32179999999997 0.06644245972575123
14 135.32179999999997 0.06645984152743414

129.00361167353978
1 23.799399999999995 0.04293278783699961
2 23.799400000000002 0.020720989048983406
3 23.799400000000002 0.04095952423286912
5 42.4022 0.02072098904898341
6 42.4022 0.04095952423286912
8 79.5134 0.10844846472140084
10 79.5134 0.022425868611120083
11 79.5134 0.2721494111490414
13 135.32179999999997 0.10844846472140082
14 135.32179999999997 0.02242586861112008
16 135.32179999999997 0.2721494111490414

129.00363219701063
2 23.799400000000002 0.036258952690762826
3 23.799400000000002 0.016022243226232732
4 42.4022 0.06427566935826631
5 42.4022 0.03625895269076283
6 42.4022 0.016022243226232732
8 79.5134 0.12775034817211287
10 79.5134 0.2137723960288802
11 79.5134 0.01483131511477182
12 135.32179999999997 0.0975911694583102
13 135.32179999999997 0.12775034817211284
14 135.32179999999997 0.21377239602888015
16 135.32179999999997 0.014831315114771816

129.1841694194651
3 23.799400000000002 0.03503101870623492
4 42.4022 0.043337704272852884
6 42.4022 0.03503101870623492
7 79.51339999999998 0.3956475342688239
9 79.5134 0.06703937702004528
10 79.5134 0.11840492213648011
11 79.5134 0.041365659578112585
14 135.32179999999997 0.1184049221364801
15 135.32179999999997 0.06703937702004528
16 135.32179999999997 0.04136565957811257

129.18428622262525
2 23.799400000000002 0.03502690986366254
4 42.4022 0.043347681496850546
5 42.4022 0.03502690986366254
7 79.51339999999998 0.3955864465858786
8 79.5134 0.11838634783977744
9 79.5134 0.06706930509231196
11 79.5134 0.04138517501909423
13 135.32179999999997 0.1183863478397774
15 135.32179999999997 0.06706930509231195
16 135.32179999999997 0.04138517501909422

129.1843811001925
1 23.799399999999995 0.02670383799694285
2 23.799400000000002 0.024998623779948936
3 23.799400000000002 0.02499516893739721
5 42.4022 0.02499862377994894
6 42.4022 0.024995168937397214
8 79.5134 0.041804042847623596
9 79.5134 0.34132609088691107
10 79.5134 0.041788823054843
13 135.32179999999997 0.04180404284762359
14 135.32179999999997 0.04178882305484299
15 135.32179999999997 0.34132609088691107

135.9340999717963
1 23.799399999999995 0.024444815086616025
2 23.799400000000002 0.013583876256318983
3 23.799400000000002 0.2059124265749115
4 42.4022 0.02923300866885621
5 42.4022 0.013583876256318982
6 42.4022 0.2059124265749115
10 79.5134 0.18989535880285274
14 135.32179999999997 0.1898953588028527
20 136.8897667628035 0.01087328936973489
23 136.8897667628036 0.015291647836933615
26 173.59640124170164 0.010195200247295715
38 287.5367987582978 0.011960937329491292
43 287.53679875829846 0.013359032328890307

135.9341035402987
1 23.799399999999995 0.024448868982495105
2 23.799400000000002 0.2059140858073409
3 23.799400000000002 0.01358466822627868
4 42.4022 0.029233048576430363
5 42.4022 0.2059140858073409
6 42.4022 0.01358466822627868
8 79.5134 0.18990021684710406
13 135.32179999999997 0.189900216847104
22 136.88976676280356 0.016426656398068364
41 287.53679875829806 0.012563140149257265

135.9341394032083
1 23.799399999999995 0.3825917463253343
2 23.799400000000002 0.026840032864982186
3 23.799400000000002 0.026840208667101288
5 42.4022 0.02684003286498218
6 42.4022 0.026840208667101285
9 79.5134 0.18782029554233998
15 135.32179999999997 0.18782029554233998
21 136.88976676280353 0.0203421747319552
29 173.59640124170187 0.015629776119195218
33 212.62663323719627 0.012708738500709358
44 287.5367987582986 0.023575013838690418

136.89231903919895
1 23.799399999999995 0.2651063536685372
2 23.799400000000002 0.05751234778941799
3 23.799400000000002 0.033231930526613725
5 42.4022 0.057512347789417974
6 42.4022 0.033231930526613725
11 79.5134 0.2610515416187313
16 135.32179999999997 0.26105154161873123

136.89264984294798
2 23.799400000000002 0.0933599962240993
3 23.799400000000002 0.11763679288290686
4 42.4022 0.02810593054606154
5 42.4022 0.09335999622409931
6 42.4022 0.11763679288290688
12 135.32179999999997 0.51901995838599

139.1814210838105
1 23.799399999999995 0.0732442189176763
2 23.799400000000002 0.04050621237516405
3 23.799400000000002 0.040509878430550705
5 42.4022 0.04050621237516405
6 42.4022 0.040509878430550705
17 136.88976676280342 0.012338494822905643
18 136.8897667628035 0.0986559938039037
19 136.8897667628035 0.04985601068249925
21 136.88976676280353 0.02377712987056551
23 136.8897667628036 0.014872758078600884
24 173.59640124170153 0.012971284436151243
25 173.59640124170164 0.036320627763444926
28 173.59640124170173 0.08490501571647288
31 212.62663323719616 0.0351010406146927
32 212.6266332371962 0.020554764978481098
36 212.62663323719642 0.09657095983373298
39 287.5367987582979 0.033317792698129754
40 287.536798758298 0.09136360984521356
41 287.53679875829806 0.03838199869885912
42 287.5367987582982 0.039460172147204514
44 287.5367987582986 0.011265682137850008

140.0208214491842
1 23.799399999999995 0.12946103566688236
2 23.799400000000002 0.07094606197605463
4 42.4022 0.0119510550836904
5 42.4022 0.07094606197605463
10 79.5134 0.029197194322887712
14 135.32179999999997 0.029197194322887702
20 136.8897667628035 0.0641293020992261
21 136.88976676280353 0.010178780643134775
23 136.8897667628036 0.0877684976225691
26 173.59640124170164 0.056260517530230356
27 173.5964012417017 0.04676160109085022
29 173.59640124170187 0.012808563624365854
31 212.62663323719616 0.01036766190268544
32 212.6266332371962 0.015380507990575505
33 212.62663323719627 0.012526958278645193
34 212.6266332371963 0.05424169329763925
35 212.6266332371964 0.05146425250670051
38 287.5367987582978 0.07160939430601512
39 287.5367987582979 0.017737226784625536
43 287.53679875829846 0.07755293481095628

140.02099345477654
1 23.799399999999995 0.12950540660686075
3 23.799400000000002 0.07092133668642776
4 42.4022 0.011942983392250365
6 42.4022 0.07092133668642776
8 79.5134 0.0291961409074328
13 135.32179999999997 0.029196140907432794
18 136.8897667628035 0.03474630208925084
19 136.8897667628035 0.023755873532962185
22 136.88976676280356 0.09459284877367426
24 173.59640124170153 0.04443750733218332
25 173.59640124170164 0.03717248248912767
28 173.59640124170173 0.019956358957258145
30 173.5964012417019 0.012842159047850426
32 212.6266332371962 0.04369086673994948
33 212.62663323719627 0.01997471587089716
35 212.6266332371964 0.032195753315044116
36 212.62663323719642 0.021161168637128296
37 212.6266332371965 0.017392275611486315
39 287.5367987582979 0.01783951627627465
40 287.536798758298 0.05466363893116926
41 287.53679875829806 0.07335059637548054
42 287.5367987582982 0.018759470801284716
43 287.53679875829846 0.016887856841582217

140.02102346799887
2 23.799400000000002 0.07072702046899149
3 23.799400000000002 0.07072478926719608
4 42.4022 0.012334343104288027
5 42.4022 0.0707270204689915
6 42.4022 0.07072478926719611
9 79.5134 0.028656074432088084
15 135.32179999999997 0.02865607443208808
17 136.88976676280342 0.0130450575665877
19 136.8897667628035 0.02815298839735342
21 136.88976676280353 0.12015435573255795
25 173.59640124170164 0.01552880899058963
26 173.59640124170164 0.01876971179897587
29 173.59640124170187 0.0881238374178433
31 212.62663323719616 0.05227977914948975
32 212.6266332371962 0.01618383975273034
33 212.62663323719627 0.073356065813599
39 287.5367987582979 0.021386912681847954
43 287.53679875829846 0.027961657350659672
44 287.5367987582986 0.14107165917720804

140.61290305256554
1 23.799399999999995 0.017308447113816634
3 23.799400000000002 0.1486489604344842
4 42.4022 0.015359708021520023
6 42.4022 0.1486489604344842
20 136.8897667628035 0.1064685748534446
23 136.8897667628036 0.05271872986539739
26 173.59640124170164 0.033450874795600445
27 173.5964012417017 0.07695370913038146
34 212.6266332371963 0.08966546165151458
35 212.6266332371964 0.030768795253430424
38 287.5367987582978 0.11918032737457775
39 287.5367987582979 0.010783932326228166
43 287.53679875829846 0.04661052114079324

140.61295608928532
1 23.799399999999995 0.01726298336173471
2 23.799400000000002 0.14864909960080797
4 42.4022 0.015364289793436627
5 42.4022 0.14864909960080797
18 136.8897667628035 0.04979998678051988
19 136.8897667628035 0.036655287673449985
22 136.88976676280356 0.06347764180532839
24 173.59640124170153 0.033187074657400915
25 173.59640124170164 0.03992112441546054
28 173.59640124170173 0.033313192301921535
31 212.62663323719616 0.015219702009409622
32 212.6266332371962 0.03143617616880322
33 212.62663323719627 0.013847147928769425
35 212.6266332371964 0.01957447767918595
36 212.62663323719642 0.03535328423302633
37 212.6266332371965 0.028120493232377555
39 287.5367987582979 0.025785601902695875
40 287.536798758298 0.04351100604961198
41 287.53679875829806 0.06852805977084626
42 287.5367987582982 0.02922149196356569
43 287.53679875829846 0.013608561597189478
44 287.5367987582986 0.010795319042741648

140.6133406632131
1 23.799399999999995 0.28194520209182444
2 23.799400000000002 0.016318443368625184
3 23.799400000000002 0.016319909841639082
5 42.4022 0.016318443368625188
6 42.4022 0.016319909841639082
17 136.88976676280342 0.2626014712076369
19 136.8897667628035 0.05379317951617685
22 136.88976676280356 0.011906131891542736
31 212.62663323719616 0.04206442419006033
32 212.6266332371962 0.021890929325636653
33 212.62663323719627 0.023083268396150707
36 212.62663323719642 0.012658328558546737
37 212.6266332371965 0.17640988158280266

143.55403927752891
1 23.799399999999995 0.07226915307786455
2 23.799400000000002 0.26301550137738494
3 23.799400000000002 0.05443873225167128
4 42.4022 0.1088407996168005
5 42.4022 0.2630155013773849
6 42.4022 0.05443873225167127
8 79.5134 0.01426901252115841
9 79.5134 0.010880716198741088
11 79.5134 0.039061932208657335
12 135.32179999999997 0.022044135663763696
13 135.32179999999997 0.014269012521158411
15 135.32179999999997 0.010880716198741088
16 135.32179999999997 0.03906193220865733

143.55418387563518
1 23.799399999999995 0.07225745752081196
2 23.799400000000002 0.054421265459620546
3 23.799400000000002 0.2630220066156088
4 42.4022 0.10887614068619024
5 42.4022 0.05442126545962053
6 42.4022 0.2630220066156088
9 79.5134 0.010876785382800328
10 79.5134 0.01427202945562442
11 79.5134 0.03905912049843968
12 135.32179999999997 0.02205046036235171
14 135.32179999999997 0.014272029455624419
15 135.32179999999997 0.010876785382800328
16 135.32179999999997 0.03905912049843969

143.55445147281586
2 23.799400000000002 0.0905529757659168
3 23.799400000000002 0.09057062671214941
4 42.4022 0.45376614916074287
5 42.4022 0.09055297576591681
6 42.4022 0.09057062671214941
8 79.5134 0.01774011505257063
10 79.5134 0.01774286293365582
12 135.32179999999997 0.08531378193393425
13 135.32179999999997 0.01774011505257063
14 135.32179999999997 0.017742862933655814

145.37593686386276
1 23.799399999999995 0.05490030769937419
2 23.799400000000002 0.1775239831310194
3 23.799400000000002 0.11546069577344022
4 42.4022 0.19176268668817376
5 42.4022 0.1775239831310194
6 42.4022 0.11546069577344023
8 79.5134 0.031902176534779406
9 79.5134 0.026084866916460708
12 135.32179999999997 0.02760574108063448
13 135.32179999999997 0.031902176534779406
15 135.32179999999997 0.026084866916460704

145.37609378456943
1 23.799399999999995 0.05490946933924708
2 23.799400000000002 0.11547744945620737
3 23.799400000000002 0.17751849839230818
4 42.4022 0.19173264072754467
5 42.4022 0.11547744945620737
6 42.4022 0.17751849839230824
9 79.5134 0.026088358329612867
10 79.5134 0.031898612828853465
12 135.32179999999997 0.027600657401362784
14 135.32179999999997 0.03189861282885346
15 135.32179999999997 0.02608835832961286

145.37610552596487
1 23.799399999999995 0.03919747603395493
2 23.799400000000002 0.12333325534491654
3 23.799400000000002 0.12332564644836602
4 42.4022 0.30012556946684144
5 42.4022 0.12333325534491653
6 42.4022 0.12332564644836604
7 79.51339999999998 0.01236149350945426
8 79.5134 0.021508660490748076
10 79.5134 0.021507779264909516
11 79.5134 0.028841385028058882
13 135.32179999999997 0.021508660490748073
14 135.32179999999997 0.021507779264909516
16 135.32179999999997 0.02884138502805888

146.05296434434672
1 23.799399999999995 0.2333755234579247
2 23.799400000000002 0.17855455276465962
3 23.799400000000002 0.1167305233144828
4 42.4022 0.08595690533038798
5 42.4022 0.17855455276465962
6 42.4022 0.11673052331448282

146.053067000361
1 23.799399999999995 0.2712611750281543
2 23.799400000000002 0.1596716872808886
3 23.799400000000002 0.15966831934414338
5 42.4022 0.15967168728088862
6 42.4022 0.15966831934414338
17 136.88976676280342 0.014782396914229334
37 212.6266332371965 0.010554105203868165

146.05320995496473
1 23.799399999999995 0.23344147608498253
2 23.799400000000002 0.1167275557683106
3 23.799400000000002 0.17857192965943278
4 42.4022 0.08589205359715982
5 42.4022 0.11672755576831062
6 42.4022 0.17857192965943275

146.33458258454417
1 23.799399999999995 0.04720543538798971
2 23.799400000000002 0.13933888124274843
3 23.799400000000002 0.13931308807237805
4 42.4022 0.23145549277687838
5 42.4022 0.13933888124274846
6 42.4022 0.13931308807237805
7 79.51339999999998 0.012692038210949405
8 79.5134 0.022197030523886704
9 79.5134 0.028538286160453903
10 79.5134 0.02219604796145216
13 135.32179999999997 0.022197030523886697
14 135.32179999999997 0.022196047961452154
15 135.32179999999997 0.028538286160453903

152.10795777166706
1 23.799399999999995 0.1052614404494389
2 23.799400000000002 0.0911374050501307
3 23.799400000000002 0.23427204041243696
4 42.4022 0.14588133424496505
5 42.4022 0.0911374050501307
6 42.4022 0.234272040412437
10 79.5134 0.014470707130369248
12 135.32179999999997 0.036038082013206234
14 135.32179999999997 0.014470707130369246

152.10796799093885
1 23.799399999999995 0.10526760239898098
2 23.799400000000002 0.23426785553723675
3 23.799400000000002 0.09113883145694465
4 42.4022 0.1458804133752235
5 42.4022 0.2342678555372367
6 42.4022 0.09113883145694465
8 79.5134 0.014470361511145865
12 135.32179999999997 0.03603725464409159
13 135.32179999999997 0.014470361511145865

152.10801338079187
1 23.799399999999995 0.03641629477320272
2 23.799400000000002 0.12555553197656222
3 23.799400000000002 0.12558844973186498
4 42.4022 0.3632566453226198
5 42.4022 0.12555553197656222
6 42.4022 0.125588449731865
11 79.5134 0.03419504782339529
16 135.32179999999997 0.03419504782339528

153.22019284338006
1 23.799399999999995 0.10960986602113514
3 23.799400000000002 0.36764066141190854
6 42.4022 0.36764066141190854
9 79.5134 0.016648130539861517
10 79.5134 0.029153795341499898
11 79.5134 0.017091732813947148
12 135.32179999999997 0.010842819325702137
14 135.32179999999997 0.02915379534149989
15 135.32179999999997 0.016648130539861517
16 135.32179999999997 0.017091732813947144

153.22025377248977
1 23.799399999999995 0.1096031242094038
2 23.799400000000002 0.3676442959385715
5 42.4022 0.36764429593857156
8 79.5134 0.029154367772281576
9 79.5134 0.01664744166617051
11 79.5134 0.017091030161066362
12 135.32179999999997 0.010844012923312168
13 135.32179999999997 0.029154367772281573
15 135.32179999999997 0.016647441666170507
16 135.32179999999997 0.017091030161066355

153.22031937896057
2 23.799400000000002 0.055915772632616836
3 23.799400000000002 0.05589219345181235
4 42.4022 0.6256710476984587
5 42.4022 0.05591577263261684
6 42.4022 0.05589219345181236
8 79.5134 0.017214981587525897
10 79.5134 0.017218334718301722
11 79.5134 0.013103377420044192
12 135.32179999999997 0.04269415027185521
13 135.32179999999997 0.017214981587525893
14 135.32179999999997 0.017218334718301722
16 135.32179999999997 0.013103377420044192

153.68383363938574
1 23.799399999999995 0.04324707699526989
2 23.799400000000002 0.09695225822586215
3 23.799400000000002 0.02470151987803213
4 42.4022 0.06283159021652157
5 42.4022 0.09695225822586216
6 42.4022 0.024701519878032135
7 79.51339999999998 0.1404939421646771
8 79.5134 0.20389302860605713
9 79.5134 0.024570910419335755
11 79.5134 0.021782173082250635
13 135.32179999999997 0.20389302860605707
15 135.32179999999997 0.02457091041933576
16 135.32179999999997 0.02178217308225063

153.6840596408235
1 23.799399999999995 0.04323969155218511
2 23.799400000000002 0.024688729092211828
3 23.799400000000002 0.09694579829342585
4 42.4022 0.06278686676867326
5 42.4022 0.024688729092211828
6 42.4022 0.09694579829342582
7 79.51339999999998 0.14050861332793968
9 79.5134 0.024573929081553543
10 79.5134 0.20392590531229288
11 79.5134 0.021784290909877626
14 135.32179999999997 0.20392590531229285
15 135.32179999999997 0.02457392908155353
16 135.32179999999997 0.021784290909877626

153.6842599540395
1 23.799399999999995 0.13112335814209
2 23.799400000000002 0.053004245267185376
3 23.799400000000002 0.05300959633134169
5 42.4022 0.053004245267185376
6 42.4022 0.05300959633134169
8 79.5134 0.021802055174319355
9 79.5134 0.2753497016451336
10 79.5134 0.021799305056156015
13 135.32179999999997 0.02180205517431935
14 135.32179999999997 0.02179930505615602
15 135.32179999999997 0.2753497016451336

154.2942584583951
1 23.799399999999995 0.023889237710959885
2 23.799400000000002 0.08881560990345744
3 23.799400000000002 0.13288146536048825
4 42.4022 0.4459005649568901
5 42.4022 0.08881560990345742
6 42.4022 0.13288146536048828
9 79.5134 0.02475527965039166
15 135.32179999999997 0.024755279650391652

154.29447207781774
1 23.799399999999995 0.13526573249384927
2 23.799400000000002 0.2156172275723122
3 23.799400000000002 0.17153139071040013
5 42.4022 0.21561722757231222
6 42.4022 0.1715313907104002
7 79.51339999999998 0.0143531932770524
8 79.5134 0.01266600091814639
10 79.5134 0.015114715324812133
13 135.32179999999997 0.012666000918146389
14 135.32179999999997 0.015114715324812133

154.8080247078441
1 23.799399999999995 0.024330096753951563
2 23.799400000000002 0.17019814032702812
3 23.799400000000002 0.01216715647144427
4 42.4022 0.025030236318075855
5 42.4022 0.17019814032702812
6 42.4022 0.012167156471444267
7 79.51339999999998 0.10176246969900873
9 79.5134 0.15264153939326655
15 135.32179999999997 0.15264153939326647
18 136.8897667628035 0.011374920189740373
22 136.88976676280356 0.014185645618565671
24 173.59640124170153 0.011522668613472443
25 173.59640124170164 0.013956848320832623
28 173.59640124170173 0.011884560127666312
36 212.62663323719642 0.010353990329803256
41 287.53679875829806 0.013105772789262175

154.80808421371165
1 23.799399999999995 0.02433043289029357
2 23.799400000000002 0.012161987869153556
3 23.799400000000002 0.17019460850447019
4 42.4022 0.025028670039217535
5 42.4022 0.012161987869153556
6 42.4022 0.17019460850447019
7 79.51339999999998 0.1017938112930407
9 79.5134 0.1526360496141762
15 135.32179999999997 0.15263604961417615
20 136.8897667628035 0.023954612063468217
23 136.8897667628036 0.011788110322889397
26 173.59640124170164 0.011508076028638408
27 173.5964012417017 0.026739625589289263
34 212.6266332371963 0.025540148585381308
38 287.5367987582978 0.02275513505956024

154.80838141967132
1 23.799399999999995 0.3154024395853224
2 23.799400000000002 0.024669489686564513
3 23.799400000000002 0.02466531043849547
5 42.4022 0.02466948968656451
6 42.4022 0.024665310438495472
7 79.51339999999998 0.4055504440748411
17 136.88976676280342 0.058143169603633554
19 136.8897667628035 0.01201064912831708
31 212.62663323719616 0.011855710434007405
37 212.6266332371965 0.04922100532343433

154.83036807394046
1 23.799399999999995 0.15152510143991424
2 23.799400000000002 0.09633080092184564
3 23.799400000000002 0.023820298300173005
4 42.4022 0.016077450074568525
5 42.4022 0.09633080092184564
6 42.4022 0.023820298300173015
10 79.5134 0.05174505513913664
11 79.5134 0.2149449154330726
12 135.32179999999997 0.03677518361325787
14 135.32179999999997 0.05174505513913662
16 135.32179999999997 0.2149449154330725

154.83044688875736
1 23.799399999999995 0.02005834086997535
2 23.799400000000002 0.0396438716659346
3 23.799400000000002 0.11214619147902415
4 42.4022 0.08426163712321286
5 42.4022 0.03964387166593462
6 42.4022 0.11214619147902417
8 79.5134 0.08388235566746122
10 79.5134 0.037043673799786306
11 79.5134 0.030522447745507844
12 135.32179999999997 0.27685835459270774
13 135.32179999999997 0.08388235566746122
14 135.32179999999997 0.0370436737997863
16 135.32179999999997 0.030522447745507837

156.4220312692509
1 23.799399999999995 0.11622481420445957
2 23.799400000000002 0.06486453449056286
3 23.799400000000002 0.06487067146434063
4 42.4022 0.013527458250063707
5 42.4022 0.06486453449056286
6 42.4022 0.06487067146434064
8 79.5134 0.07702338009563012
10 79.5134 0.07703049002399241
11 79.5134 0.0775138956827358
13 135.32179999999997 0.0770233800956301
14 135.32179999999997 0.0770304900239924
16 135.32179999999997 0.07751389568273577
18 136.8897667628035 0.016073314995934746
25 173.59640124170164 0.01055932321091616
28 173.59640124170173 0.02465444988827943
36 212.62663323719642 0.021841025467756785
40 287.536798758298 0.011512055744463914

158.25808498044543
1 23.799399999999995 0.07317478365725132
2 23.799400000000002 0.1681591044421737
3 23.799400000000002 0.036564914578527334
4 42.4022 0.018427532073828665
5 42.4022 0.1681591044421737
6 42.4022 0.03656491457852734
8 79.5134 0.10673006145737321
11 79.5134 0.10626436090595714
13 135.32179999999997 0.1067300614573732
16 135.32179999999997 0.10626436090595714

158.2581081145824
1 23.799399999999995 0.07317843625066259
2 23.799400000000002 0.0365633789586291
3 23.799400000000002 0.1681606442944822
4 42.4022 0.018430178396119663
5 42.4022 0.0365633789586291
6 42.4022 0.16816064429448216
10 79.5134 0.10673098124505914
11 79.5134 0.10626390334238893
14 135.32179999999997 0.10673098124505916
16 135.32179999999997 0.10626390334238893
27 173.5964012417017 0.010588964281249924

158.2583357910298
1 23.799399999999995 0.3178725154237355
2 23.799400000000002 0.0457943835362642
3 23.799400000000002 0.045784617201507186
5 42.4022 0.0457943835362642
6 42.4022 0.04578461720150719
8 79.5134 0.10632152828986675
10 79.5134 0.10630398401445233
13 135.32179999999997 0.10632152828986675
14 135.32179999999997 0.10630398401445233
17 136.88976676280342 0.01858612237885616
37 212.6266332371965 0.017548970460678576

159.23037497417906
1 23.799399999999995 0.09944693285792772
2 23.799400000000002 0.05688210450262363
3 23.799400000000002 0.05366826480367353
4 42.4022 0.01170263094217367
5 42.4022 0.05688210450262363
6 42.4022 0.053668264803673545
7 79.51339999999998 0.09517872008264636
9 79.5134 0.015929161249916453
10 79.5134 0.09058991255140043
11 79.5134 0.09010750414254128
14 135.32179999999997 0.09058991255140043
15 135.32179999999997 0.015929161249916453
16 135.32179999999997 0.09010750414254128
20 136.8897667628035 0.014697367649351915
23 136.8897667628036 0.019658737108385987
26 173.59640124170164 0.02456363495977814
27 173.5964012417017 0.020507665203875713
34 212.6266332371963 0.018005229133853627
35 212.6266332371964 0.0168408637925745
38 287.5367987582978 0.012194931579329828
43 287.53679875829846 0.013019721397881805

159.23043808273513
1 23.799399999999995 0.09944778957136836
2 23.799400000000002 0.05366571464113479
3 23.799400000000002 0.056880302730809976
4 42.4022 0.011697601143405456
5 42.4022 0.05366571464113479
6 42.4022 0.05688030273080996
7 79.51339999999998 0.0951789267331329
8 79.5134 0.09059096760250399
9 79.5134 0.015930261510719173
11 79.5134 0.09010537375758527
13 135.32179999999997 0.09059096760250396
15 135.32179999999997 0.01593026151071917
16 135.32179999999997 0.09010537375758526
22 136.88976676280356 0.02120198057197808
24 173.59640124170153 0.019778613823405337
25 173.59640124170164 0.016265675547985005
32 212.6266332371962 0.014355412678534919
35 212.6266332371964 0.010586641216817938
41 287.53679875829806 0.01230682855121958

159.2307689783911
1 23.799399999999995 0.09563982660012182
2 23.799400000000002 0.05557456004561339
3 23.799400000000002 0.05558514904968652
4 42.4022 0.014271681683204208
5 42.4022 0.05557456004561338
6 42.4022 0.05558514904968652
8 79.5134 0.08962507441605355
9 79.5134 0.06441451125756884
10 79.5134 0.08964546379157697
13 135.32179999999997 0.08962507441605354
14 135.32179999999997 0.08964546379157695
15 135.32179999999997 0.06441451125756884
21 136.88976676280353 0.02678338322882187
29 173.59640124170187 0.03815142573922019
31 212.62663323719616 0.017179819447575864
33 212.62663323719627 0.023980771272472317
44 287.5367987582986 0.023232311619008968

160.5774573743939
2 23.799400000000002 0.14604973975436933
3 23.799400000000002 0.14604540483451928
4 42.4022 0.3444838019263864
5 42.4022 0.14604973975436936
6 42.4022 0.14604540483451928
12 135.32179999999997 0.012294268407513792

160.57764438931324
1 23.799399999999995 0.023844837137971506
2 23.799400000000002 0.13413069594869237
3 23.799400000000002 0.18415961394259528
4 42.4022 0.26825478016443394
5 42.4022 0.13413069594869237
6 42.4022 0.1841596139425953

160.5776645113586
1 23.799399999999995 0.02384531324301615
2 23.799400000000002 0.1841593545979323
3 23.799400000000002 0.13412801017815096
4 42.4022 0.26825853735472033
5 42.4022 0.18415935459793234
6 42.4022 0.13412801017815096

168.69553108768784
22 136.88976676280356 0.021954496369738345
23 136.8897667628036 0.02235147195450743
24 173.59640124170153 0.15948747905852814
25 173.59640124170164 0.011092911888720709
26 173.59640124170164 0.03739431604225125
29 173.59640124170187 0.01109386463851562
30 173.5964012417019 0.3922831552845714
32 212.6266332371962 0.017830300026428512
35 212.6266332371964 0.02740989961324109
39 287.5367987582979 0.05714531519941228
40 287.536798758298 0.014152005432275919
41 287.53679875829806 0.01612970215077391
42 287.5367987582982 0.07711902607316408
43 287.53679875829846 0.019044214732317932

168.69590706634773
4 42.4022 0.0138205841640272
17 136.88976676280342 0.03215165478136369
18 136.8897667628035 0.050397452327924655
19 136.8897667628035 0.04420304820108222
21 136.88976676280353 0.015031472781412708
22 136.88976676280356 0.05444777010503248
24 173.59640124170153 0.07885037039611333
25 173.59640124170164 0.1029232111723571
26 173.59640124170164 0.012804110582362195
28 173.59640124170173 0.0860865597729586
29 173.59640124170187 0.024355388289418307
30 173.5964012417019 0.019426280539344885
31 212.62663323719616 0.037218850501527435
32 212.6266332371962 0.054392697075220986
33 212.62663323719627 0.03220033789249262
35 212.6266332371964 0.03116296672534955
36 212.62663323719642 0.06473525957921515
37 212.6266332371965 0.07047192473352328
39 287.5367987582979 0.01571411652589825
40 287.536798758298 0.02000738092609942
41 287.53679875829806 0.03403274050495623
42 287.5367987582982 0.016725571616281694
44 287.5367987582986 0.013409061805959285

168.6959690246663
4 42.4022 0.013820215818539799
17 136.88976676280342 0.024333377558520903
19 136.8897667628035 0.010567158615020252
20 136.8897667628035 0.11023420722197912
21 136.88976676280353 0.013749560489337863
23 136.8897667628036 0.04236899095692701
26 173.59640124170164 0.07987414496939746
27 173.5964012417017 0.2036265166537513
29 173.59640124170187 0.02803583606494804
31 212.62663323719616 0.019006362473221326
32 212.6266332371962 0.017816341633352408
33 212.62663323719627 0.020856867627433037
34 212.6266332371963 0.16340339871674128
35 212.6266332371964 0.04814053390165006
37 212.6266332371965 0.019487502765068717
38 287.5367987582978 0.07001108928496923
43 287.53679875829846 0.019358432948592994

170.15948226615558
9 79.5134 0.010199479814136806
15 135.32179999999997 0.010199479814136804
17 136.88976676280342 0.03628246650890677
18 136.8897667628035 0.04310343356366857
19 136.8897667628035 0.035446487401349494
21 136.88976676280353 0.010172796627506857
22 136.88976676280356 0.079013491470657
24 173.59640124170153 0.10585615399935029
25 173.59640124170164 0.09744523249086755
28 173.59640124170173 0.06410872760479178
29 173.59640124170187 0.022123127801561813
30 173.5964012417019 0.027434260349010895
31 212.62663323719616 0.028342182172236934
32 212.6266332371962 0.07422554789370628
33 212.62663323719627 0.03643223242634792
35 212.6266332371964 0.051148672010450875
36 212.62663323719642 0.05084657041105846
37 212.6266332371965 0.059001396210981646
39 287.5367987582979 0.012889557089626483
40 287.536798758298 0.028174541643751508
41 287.53679875829806 0.036376986496517175
42 287.5367987582982 0.013783779142013395

170.15964761565326
7 79.51339999999998 0.019532391508429395
18 136.8897667628035 0.07542872786259561
19 136.8897667628035 0.039714683359064355
21 136.88976676280353 0.019591143781971992
22 136.88976676280356 0.016338229507135545
23 136.8897667628036 0.02631950687037798
24 173.59640124170153 0.035626609840454286
25 173.59640124170164 0.07860016767721938
26 173.59640124170164 0.02453967195918917
28 173.59640124170173 0.17094942981618305
30 173.5964012417019 0.023891093273276976
31 212.62663323719616 0.05036827533531396
32 212.6266332371962 0.038872001075184605
33 212.62663323719627 0.015532747660993407
35 212.6266332371964 0.021423997451356227
36 212.62663323719642 0.13276879423267735
37 212.6266332371965 0.01449459016541924
39 287.5367987582979 0.016393209655724574
40 287.536798758298 0.0418492847665025
41 287.53679875829806 0.023950248931822418
42 287.5367987582982 0.016935918026018067
43 287.53679875829846 0.016849179563631824

170.1596573103309
9 79.5134 0.010201546898659253
15 135.32179999999997 0.010201546898659252
17 136.88976676280342 0.029980056942339597
19 136.8897667628035 0.016140235279399947
20 136.8897667628035 0.07183468910010078
21 136.88976676280353 0.012866221304069198
23 136.8897667628036 0.07137732038396352
26 173.59640124170164 0.1315591334318837
27 173.5964012417017 0.12779275282326924
28 173.59640124170173 0.01020528258807718
29 173.59640124170187 0.030016824171753057
30 173.5964012417019 0.014935836004639064
31 212.62663323719616 0.025801444578763183
32 212.6266332371962 0.02875705744757649
33 212.62663323719627 0.024173861106281083
34 212.6266332371963 0.10369218383254258
35 212.6266332371964 0.08075512457600732
36 212.62663323719642 0.010759349875140522
37 212.6266332371965 0.02611533600600442
38 287.5367987582978 0.04773412010937406
43 287.53679875829846 0.03056377552709451

171.40960636197875
17 136.88976676280342 0.012669330273781537
19 136.8897667628035 0.029482273300474034
21 136.88976676280353 0.11201145754360309
22 136.88976676280356 0.01520994411036057
23 136.8897667628036 0.014430141800308603
24 173.59640124170153 0.011992256764061265
25 173.59640124170164 0.04554457287201404
26 173.59640124170164 0.05670670089632569
29 173.59640124170187 0.22773941328527286
31 212.62663323719616 0.09223657683542096
32 212.6266332371962 0.03571731120677938
33 212.62663323719627 0.12992122060638356
35 212.6266332371964 0.015396294004222526
39 287.5367987582979 0.013535430175563202
43 287.53679875829846 0.022274259167817306
44 287.5367987582986 0.06750706768348479

171.81969334574322
1 23.799399999999995 0.06423576519183802
2 23.799400000000002 0.04117103174703504
3 23.799400000000002 0.035882924784973715
5 42.4022 0.04117103174703503
6 42.4022 0.035882924784973715
7 79.51339999999998 0.01817022779680416
8 79.5134 0.07203557529583274
9 79.5134 0.02747283409136074
10 79.5134 0.07602630468456553
11 79.5134 0.07301607293481335
13 135.32179999999997 0.07203557529583272
14 135.32179999999997 0.07602630468456552
15 135.32179999999997 0.027472834091360733
16 135.32179999999997 0.07301607293481333
18 136.8897667628035 0.02217991423780407
19 136.8897667628035 0.014335625408153155
20 136.8897667628035 0.010952925611689073
21 136.88976676280353 0.015232734605589717
28 173.59640124170173 0.012375422802114722
31 212.62663323719616 0.010652853257642423
36 212.62663323719642 0.01798219695489297
38 287.5367987582978 0.013293952317938422
39 287.5367987582979 0.011020579072982773
40 287.536798758298 0.022836807689634968
42 287.5367987582982 0.010094166737682864
44 287.5367987582986 0.015208862285250677

