rotational analysis para
#nmax= 3 NR= 11 Ntheta= 11 Nphi= 11
#jmax= 3 Nalpha= 11 Nphi= 11 Nchi= 11
0.0
1 0.0 0.9449235152778831
2 37.1584 0.01804005695670058
3 37.1584 0.01804011637241926
4 37.1584 0.01803970864398413

32.41396675087532
1 0.0 0.241281200424601
3 37.1584 0.7345766359267549

32.41402142423652
1 0.0 0.2412825641116159
2 37.1584 0.7345751689560772

32.41410399429255
1 0.0 0.24128053590757106
4 37.1584 0.7345775577653278

60.99739896911369
1 0.0 0.6883109351171798
2 37.1584 0.014462446694987176
3 37.1584 0.014462568210815617
4 37.1584 0.2754571780426395

60.99748342396972
1 0.0 0.6883084924300127
2 37.1584 0.2754584771254231
3 37.1584 0.014462872428019536
4 37.1584 0.01446243018639575

60.997509398499744
1 0.0 0.6883102547977016
2 37.1584 0.014462838118071272
3 37.1584 0.275456954626616
4 37.1584 0.0144623953627284

67.267178701805
1 0.0 0.03328669110672616
2 37.1584 0.06996390600989477
4 37.1584 0.1251652240281493
6 70.13276757597767 0.014389207289518986
7 70.13276757597767 0.02306868573118537
8 70.13276757597768 0.06545900915117467
9 70.13276757597771 0.01430259935643753
11 95.24479999999996 0.015554022360143986
16 136.58723242402226 0.24660703444449916
17 136.58723242402235 0.1459337769866703
18 136.58723242402243 0.09941251456907552
19 136.58723242402246 0.012986541583844912

67.26751364688674
1 0.0 0.03328469183262081
2 37.1584 0.06565627983234563
3 37.1584 0.12731561575442207
4 37.1584 0.010456518998625642
6 70.13276757597767 0.07258923953958471
7 70.13276757597767 0.043161684623068686
8 70.13276757597768 0.06771701867359962
9 70.13276757597771 0.16435129233465298
11 95.24479999999996 0.1912898843812292
16 136.58723242402226 0.025006529967008573
17 136.58723242402235 0.054778372824833596
18 136.58723242402243 0.017692816627893897
19 136.58723242402246 0.12669883751579677

67.63720121434662
1 0.0 0.01816034474841859
2 37.1584 0.06231838878796538
3 37.1584 0.062319152013625624
6 70.13276757597767 0.1536663161305104
8 70.13276757597768 0.15503629823500384
9 70.13276757597771 0.027294719190637584
10 95.24479999999991 0.035246735610536914
13 95.24480000000005 0.17196606118504856
16 136.58723242402226 0.06705906702115165
17 136.58723242402235 0.04007566195056635
18 136.58723242402243 0.1897120848857126

67.6374632456983
1 0.0 0.018158074663256665
3 37.1584 0.062313177111758815
4 37.1584 0.06231372827092814
6 70.13276757597767 0.03679674969630846
7 70.13276757597767 0.20687270728308416
9 70.13276757597771 0.05723909755965029
10 95.24479999999991 0.1717687135189826
12 95.24479999999997 0.013034728224730638
14 95.24480000000014 0.08706336645830437
17 136.58723242402235 0.08336563701449864
18 136.58723242402243 0.013294166926809556
19 136.58723242402246 0.14633716124485494

67.63753042927516
1 0.0 0.018158066789514257
2 37.1584 0.06231354013128784
4 37.1584 0.06231310174720258
5 70.13276757597762 0.2791404354690221
10 95.24479999999991 0.03543065200339661
12 95.24479999999997 0.013034731679950473
13 95.24480000000005 0.07859735004997986
14 95.24480000000014 0.15499901095469312
15 136.58723242402215 0.30132750036707706

84.9434429409675
1 0.0 0.2078113058568255
2 37.1584 0.29870167407777787
3 37.1584 0.2987054603721077
6 70.13276757597767 0.030241304215765038
8 70.13276757597768 0.030573241374579323
10 95.24479999999991 0.012222880408176864
13 95.24480000000005 0.05533929187513451
16 136.58723242402226 0.01040513705530731
18 136.58723242402243 0.025131549902812366

84.9438205183472
1 0.0 0.20781474395580896
3 37.1584 0.2987150612922622
4 37.1584 0.2987035906759945
7 70.13276757597767 0.039688313154597345
9 70.13276757597771 0.012255830374006831
10 95.24479999999991 0.054137987806914895
14 95.24480000000014 0.02753076404761072
17 136.58723242402235 0.011254798390819644
19 136.58723242402246 0.019324891986937907

84.94382138599444
1 0.0 0.20781505288075458
2 37.1584 0.2987069990202357
4 37.1584 0.298711326431255
5 70.13276757597762 0.053034420489678616
10 95.24479999999991 0.011455332234263078
13 95.24480000000005 0.0252650867074474
14 95.24480000000014 0.04879894509537824
15 136.58723242402215 0.037603601483289395

86.54116111469982
1 0.0 0.209135121618607
2 37.1584 0.17668832114119054
3 37.1584 0.021624847419206235
4 37.1584 0.3097434270191954
7 70.13276757597767 0.011192773775115718
8 70.13276757597768 0.02647790483794136
16 136.58723242402226 0.0726259479214845
17 136.58723242402235 0.043755375499534815
18 136.58723242402243 0.02996127796202604

86.54140947217846
1 0.0 0.20913862807960745
2 37.1584 0.16196029901271267
3 37.1584 0.31703757537957433
4 37.1584 0.029063834154982152
6 70.13276757597767 0.02453262839914983
7 70.13276757597767 0.015051890062470263
8 70.13276757597768 0.023481173079781238
9 70.13276757597771 0.05521198449073332
11 95.24479999999996 0.10489249871393372
17 136.58723242402235 0.014970200049452285
19 136.58723242402246 0.030028741395588338

86.95184376937905
1 0.0 0.29311766786423543
2 37.1584 0.22334630210500322
3 37.1584 0.2233352999248767
4 37.1584 0.22318841484970106

89.97341808921827
5 70.13276757597762 0.028233470824000326
7 70.13276757597767 0.019833213621823276
10 95.24479999999991 0.0296774839712046
12 95.24479999999997 0.8201446147440637
13 95.24480000000005 0.012191303619816395
14 95.24480000000014 0.03562659220358436
15 136.58723242402215 0.022698911037538662
19 136.58723242402246 0.010463987692182429

89.97363522394255
6 70.13276757597767 0.15907967118816238
7 70.13276757597767 0.01672032425231461
8 70.13276757597768 0.15938201696844206
9 70.13276757597771 0.0299383226680439
10 95.24479999999991 0.07295190420901673
13 95.24480000000005 0.3146978953989722
14 95.24480000000014 0.016521898397300415
16 136.58723242402226 0.04065740703170855
17 136.58723242402235 0.026366312049598495
18 136.58723242402243 0.1152378749188659

93.4320098994848
6 70.13276757597767 0.09116534923995602
7 70.13276757597767 0.05770522476969732
8 70.13276757597768 0.07885859094272205
9 70.13276757597771 0.2076266174258098
10 95.24479999999991 0.01857549448408321
11 95.24479999999996 0.45737441923727734
14 95.24480000000014 0.011132689489325982
17 136.58723242402235 0.03232907335230674
19 136.58723242402246 0.09317109173322365

93.43208690811818
6 70.13276757597767 0.042049446737782416
7 70.13276757597767 0.19895650724417385
8 70.13276757597768 0.019308312729210835
9 70.13276757597771 0.06097623786711827
10 95.24479999999991 0.29630879518580083
11 95.24479999999996 0.012890820449831959
14 95.24480000000014 0.14984695184057736
16 136.58723242402226 0.03274506172625288
17 136.58723242402235 0.06304837193448586
18 136.58723242402243 0.022074237835907614
19 136.58723242402246 0.08204219546208787

93.43219755006533
5 70.13276757597762 0.26268316350103094
8 70.13276757597768 0.016316142129892134
10 95.24479999999991 0.062313462769877426
11 95.24479999999996 0.012898951706399138
13 95.24480000000005 0.13998403179410693
14 95.24480000000014 0.26667253585509926
15 136.58723242402215 0.16043358578866096
16 136.58723242402226 0.030865469619782728
17 136.58723242402235 0.018925749142852562
18 136.58723242402243 0.015420445813572591

93.46648676415894
2 37.1584 0.48250942719583445
3 37.1584 0.48250586672332374

93.46672209523082
3 37.1584 0.4828747376315484
4 37.1584 0.4828863789354144

93.46684083956534
2 37.1584 0.4817427772742645
4 37.1584 0.48172288473442587

114.97144552180985
1 0.0 0.017376581387611785
2 37.1584 0.036282957986367964
3 37.1584 0.036283342168846454
4 37.1584 0.036282442597499874
5 70.13276757597762 0.07954020308151902
6 70.13276757597767 0.05549991089918331
7 70.13276757597767 0.06174734316307827
8 70.13276757597768 0.04662139148443344
9 70.13276757597771 0.024247411473356916
10 95.24479999999991 0.0672768352381901
12 95.24479999999997 0.012618251850780283
13 95.24480000000005 0.07181577673796724
14 95.24480000000014 0.06781483047877361
15 136.58723242402215 0.08711550701111717
16 136.58723242402226 0.021157898985189084
17 136.58723242402235 0.03577022057856887
18 136.58723242402243 0.0594944213348304
19 136.58723242402246 0.044819364299707315
21 142.33127604660274 0.04554085698179045
32 206.72000000000017 0.03841564733950679
39 287.33912395339746 0.05220334705896569

116.10330884552742
1 0.0 0.015308275642518002
2 37.1584 0.03768852100488307
3 37.1584 0.03097815262606406
4 37.1584 0.037648351931247125
6 70.13276757597767 0.0658748939620947
7 70.13276757597767 0.07473178126443784
8 70.13276757597768 0.06888504608549595
9 70.13276757597771 0.03972922854380585
10 95.24479999999991 0.06182973023403464
11 95.24479999999996 0.015980927421956503
13 95.24480000000005 0.04967808171993626
14 95.24480000000014 0.026983967059126247
16 136.58723242402226 0.08636810406211459
17 136.58723242402235 0.07904534402991233
18 136.58723242402243 0.08941243641111113
19 136.58723242402246 0.06001601609574506
22 142.33127604660274 0.01716837422485654
26 142.33127604660297 0.027159699040532122
30 206.7199999999999 0.013254584426732715
33 206.7200000000005 0.02156428118349586
34 287.33912395339695 0.018477056120965965
40 287.33912395339746 0.024310886938076495

116.10342466046633
1 0.0 0.015310579287354062
2 37.1584 0.03097804103591405
3 37.1584 0.037659610152690544
4 37.1584 0.03767775379666111
5 70.13276757597762 0.08675285940148313
6 70.13276757597767 0.054889733085459205
7 70.13276757597767 0.01077879494331069
8 70.13276757597768 0.067862318187406
9 70.13276757597771 0.022327592401653263
10 95.24479999999991 0.02078376914906079
11 95.24479999999996 0.015949460560805862
13 95.24480000000005 0.07282716842201724
14 95.24480000000014 0.04746294731860036
15 136.58723242402215 0.09515834340751053
16 136.58723242402226 0.08526909463618096
17 136.58723242402235 0.05285379793659902
18 136.58723242402243 0.08543451290679245
19 136.58723242402246 0.014005949672987992
23 142.3312760466028 0.028565917881618854
25 142.33127604660285 0.01741908975680552
28 206.7199999999998 0.013241288266655606
29 206.7199999999999 0.02158923408299908
36 287.3391239533971 0.030324523453722965
37 287.3391239533971 0.018472183918988413

116.10368949531075
1 0.0 0.01530707278017333
2 37.1584 0.037666108727308474
3 37.1584 0.03766784868558448
4 37.1584 0.03097466911641193
5 70.13276757597762 0.08366262909121876
6 70.13276757597767 0.03617648230206538
7 70.13276757597767 0.07679712781319041
8 70.13276757597768 0.023184713759447317
9 70.13276757597771 0.0749320275761252
10 95.24479999999991 0.05944065554907365
11 95.24479999999996 0.06732508628720466
12 95.24479999999997 0.010821622425803824
13 95.24480000000005 0.022004464611070765
14 95.24480000000014 0.06807719228484208
15 136.58723242402215 0.09327172161974616
17 136.58723242402235 0.04090214053360648
19 136.58723242402246 0.08978793566378697
20 142.3312760466027 0.04472371788440159
27 206.71999999999974 0.03391512896764784
35 287.339123953397 0.0471221920793968

116.31282077550054
1 0.0 0.02857701780126195
2 37.1584 0.029624753124164623
3 37.1584 0.1065210940652245
4 37.1584 0.029663255245920037
6 70.13276757597767 0.06500910693586393
7 70.13276757597767 0.057052388870194974
8 70.13276757597768 0.0635696197170715
9 70.13276757597771 0.08956131544889567
10 95.24479999999991 0.033001071849071244
11 95.24479999999996 0.08257754880249756
13 95.24480000000005 0.026527409300241476
14 95.24480000000014 0.01583845339526405
16 136.58723242402226 0.052715192011111675
17 136.58723242402235 0.06358508186087528
18 136.58723242402243 0.05417042222812373
19 136.58723242402246 0.08696140848333453
22 142.33127604660274 0.022959847349651747
26 142.33127604660297 0.013546700455584522
30 206.7199999999999 0.017118450211722747
33 206.7200000000005 0.010354646280118703
34 287.33912395339695 0.024975415735301983
40 287.33912395339746 0.012213024469439532

116.3128645753926
1 0.0 0.02858147096238523
2 37.1584 0.10652611937700986
3 37.1584 0.029653793667953985
4 37.1584 0.029633300725418612
5 70.13276757597762 0.04572360380052195
6 70.13276757597767 0.05957436033659269
7 70.13276757597767 0.02507458497911254
8 70.13276757597768 0.06310236160576331
9 70.13276757597771 0.08090992606886903
10 95.24479999999991 0.01449701875322202
11 95.24479999999996 0.08261098680016891
13 95.24480000000005 0.03698468924085354
14 95.24480000000014 0.025029959918820455
15 136.58723242402215 0.05150647643262194
16 136.58723242402226 0.052093561424560904
17 136.58723242402235 0.049823790969829466
18 136.58723242402243 0.05211424715759031
19 136.58723242402246 0.06284972371246057
23 142.3312760466028 0.014219544644810301
25 142.33127604660285 0.023431828297475848
28 206.7199999999998 0.017131082390915743
29 206.7199999999999 0.01034721377879509
36 287.3391239533971 0.015195639138207342
37 287.3391239533971 0.025020050894274767

116.31311959258811
1 0.0 0.028580939810774492
2 37.1584 0.029645544183056545
3 37.1584 0.0296431966812548
4 37.1584 0.10653375927347553
5 70.13276757597762 0.04773042983623514
6 70.13276757597767 0.011619685266124632
7 70.13276757597767 0.04560736930416525
8 70.13276757597768 0.037286622556993665
9 70.13276757597771 0.010156900311019606
10 95.24479999999991 0.03393739235698139
13 95.24480000000005 0.013598820533482403
14 95.24480000000014 0.0395425072811409
15 136.58723242402215 0.05273504318644496
16 136.58723242402226 0.15372906666782327
17 136.58723242402235 0.1026062524434302
18 136.58723242402243 0.06375340854511213
19 136.58723242402246 0.026686115077898098
24 142.3312760466028 0.04884275757817471
38 287.3391239533971 0.042874850317296834
40 287.33912395339746 0.010335990829933623

120.93627647214883
1 0.0 0.5988499914863558
2 37.1584 0.02176302757647775
3 37.1584 0.09777008630745763
4 37.1584 0.14323029862788458
16 136.58723242402226 0.036667529279044264
17 136.58723242402235 0.022287145567623196
18 136.58723242402243 0.0150106253826014

120.93632486053764
1 0.0 0.5988495872311115
2 37.1584 0.1534145320349178
3 37.1584 0.07740344957390669
4 37.1584 0.03194599915742301
6 70.13276757597767 0.012316999755204776
8 70.13276757597768 0.01137864972827002
9 70.13276757597771 0.02750448572185872
11 95.24479999999996 0.031864473699573764
17 136.58723242402235 0.010196964360990693
19 136.58723242402246 0.021529849270089788

122.88320601285126
1 0.0 0.5769189074722358
2 37.1584 0.10080335380029344
3 37.1584 0.10080522973175604
4 37.1584 0.015786802982664
6 70.13276757597767 0.03537958732290859
8 70.13276757597768 0.03550843387255156
13 95.24480000000005 0.0318046507400103
16 136.58723242402226 0.01735095139309547
17 136.58723242402235 0.010696676639525822
18 136.58723242402243 0.04852313583038646

122.88343620870603
1 0.0 0.5769357160177438
2 37.1584 0.10080852803109602
3 37.1584 0.015787471643306433
4 37.1584 0.100808338350075
5 70.13276757597762 0.05816491237387292
12 95.24479999999997 0.021072441483550065
13 95.24480000000005 0.013348997936263278
14 95.24480000000014 0.02188854106433254
15 136.58723242402215 0.07350629116825201

122.88345220715031
1 0.0 0.576933840847471
2 37.1584 0.01578731443736878
3 37.1584 0.10080777207705509
4 37.1584 0.10080753888969919
7 70.13276757597767 0.04354475606731279
9 70.13276757597771 0.013580896714951433
10 95.24479999999991 0.024701273804617584
12 95.24479999999997 0.021072237295731527
14 95.24480000000014 0.012375694100981304
17 136.58723242402235 0.020748494007474864
19 136.58723242402246 0.03637116809969147

124.59396981112707
1 0.0 0.028601792286340945
2 37.1584 0.12476865130705359
5 70.13276757597762 0.0911438257476166
6 70.13276757597767 0.07176185576272208
7 70.13276757597767 0.017565811576299252
8 70.13276757597768 0.07466111950453369
9 70.13276757597771 0.05840600483971465
10 95.24479999999991 0.024464292366598608
11 95.24479999999996 0.05760974061398516
13 95.24480000000005 0.08185183314036457
14 95.24480000000014 0.053282594759658464
15 136.58723242402215 0.09676879131244225
16 136.58723242402226 0.047888951172359
17 136.58723242402235 0.04010067078384598
18 136.58723242402243 0.07309517398830295
19 136.58723242402246 0.04124919696261069

124.59402881713574
1 0.0 0.028608515031747897
3 37.1584 0.12476990367698612
6 70.13276757597767 0.08322554637901937
7 70.13276757597767 0.08455690891277264
8 70.13276757597768 0.07569967869580384
9 70.13276757597771 0.07660221181031991
10 95.24479999999991 0.07009108306513478
11 95.24479999999996 0.057612109506314645
13 95.24480000000005 0.05609521425405108
14 95.24480000000014 0.03054493752405209
16 136.58723242402226 0.0490374739527304
17 136.58723242402235 0.06671000547719144
18 136.58723242402243 0.07711029238362307
19 136.58723242402246 0.08795004625657128

124.59418360401826
1 0.0 0.02860022111194234
4 37.1584 0.12477024695012891
5 70.13276757597762 0.09062441282992015
6 70.13276757597767 0.016201383106420098
7 70.13276757597767 0.07437348940952067
8 70.13276757597768 0.02684012052548407
9 70.13276757597771 0.019293201781070517
10 95.24479999999991 0.06926316288992718
13 95.24480000000005 0.02770620785842832
14 95.24480000000014 0.08069828254896169
15 136.58723242402215 0.09645334142212295
16 136.58723242402226 0.10178421893480685
17 136.58723242402235 0.08435881122925883
18 136.58723242402243 0.04469401767829991
19 136.58723242402246 0.047653550952189136

127.98710334266002
2 37.1584 0.02092803884148592
4 37.1584 0.014031059732687466
6 70.13276757597767 0.09251511005590116
7 70.13276757597767 0.11578942328350944
8 70.13276757597768 0.07575100866781456
9 70.13276757597771 0.04391012711609652
10 95.24479999999991 0.10938723219716295
12 95.24479999999997 0.08089871534702613
13 95.24480000000005 0.09706797876106356
14 95.24480000000014 0.04983630356837592
16 136.58723242402226 0.03138834422816617
17 136.58723242402235 0.06283114423738173
18 136.58723242402243 0.0888365220933512
19 136.58723242402246 0.08387664060790223

127.98716499825774
3 37.1584 0.02307713200093835
5 70.13276757597762 0.16552135389919106
6 70.13276757597767 0.05433652006973081
7 70.13276757597767 0.01868365437816562
8 70.13276757597768 0.05225084215825926
9 70.13276757597771 0.014280254199513143
10 95.24479999999991 0.04557838687066766
12 95.24479999999997 0.11302617787978785
13 95.24480000000005 0.11145910712697829
14 95.24480000000014 0.09612797844364954
15 136.58723242402215 0.18161953540536604
16 136.58723242402226 0.02102264071026352
17 136.58723242402235 0.01839305487074639
18 136.58723242402243 0.05817526641951181
19 136.58723242402246 0.013982432524424

128.25884972025628
2 37.1584 0.01712614244454485
3 37.1584 0.022237978561192313
4 37.1584 0.017124338612455162
6 70.13276757597767 0.056650863308883644
7 70.13276757597767 0.09225947370505151
8 70.13276757597768 0.06934988486866406
9 70.13276757597771 0.05359295559486779
10 95.24479999999991 0.09636465424615723
11 95.24479999999996 0.031863661217188095
13 95.24480000000005 0.031837093365268375
14 95.24480000000014 0.04723532344769679
16 136.58723242402226 0.1385816698118238
17 136.58723242402235 0.10977048199032427
18 136.58723242402243 0.08872813963684972
19 136.58723242402246 0.06544137645144006

128.25886750430175
2 37.1584 0.017123565058793894
3 37.1584 0.017124091036570113
4 37.1584 0.02223703578414557
5 70.13276757597762 0.04956992299474389
6 70.13276757597767 0.0702024385325938
7 70.13276757597767 0.07368093157464221
8 70.13276757597768 0.05636077471046967
9 70.13276757597771 0.155828574671992
10 95.24479999999991 0.04105835111815176
11 95.24479999999996 0.20302237989096675
12 95.24479999999997 0.010777884851057599
13 95.24480000000005 0.014672072990538442
14 95.24480000000014 0.04338628869766903
15 136.58723242402215 0.053380346894316734
17 136.58723242402235 0.049496895928054785
18 136.58723242402243 0.010069701596939892
19 136.58723242402246 0.12759478444360436

128.25895989525677
2 37.1584 0.0222388428448064
3 37.1584 0.017124735113534077
4 37.1584 0.017124562186236373
5 70.13276757597762 0.10165673030149126
6 70.13276757597767 0.04399574970092895
7 70.13276757597767 0.018321385507958376
8 70.13276757597768 0.06820156231157633
9 70.13276757597771 0.03350960280833691
10 95.24479999999991 0.026678905918025363
11 95.24479999999996 0.03186191569948263
13 95.24480000000005 0.0711698704275926
14 95.24480000000014 0.08196089599721668
15 136.58723242402215 0.0850193215741727
16 136.58723242402226 0.1375822488877639
17 136.58723242402235 0.08658234609742217
18 136.58723242402243 0.08522722705240957
19 136.58723242402246 0.02474324806272568

129.72321320240985
1 0.0 0.6299473359894603
2 37.1584 0.12157567173616123
3 37.1584 0.12157694013951949
4 37.1584 0.12157782736623018

136.31262529066993
1 0.0 0.07681820319427461
2 37.1584 0.06553699535777151
3 37.1584 0.06553689940153623
5 70.13276757597762 0.012668233358105872
6 70.13276757597767 0.13120241247800601
7 70.13276757597767 0.0171294997950921
8 70.13276757597768 0.13145112888395383
9 70.13276757597771 0.025464603826969443
10 95.24479999999991 0.04091378407131325
13 95.24480000000005 0.12539064214982418
14 95.24480000000014 0.021954140716044433
16 136.58723242402226 0.0634542363189249
17 136.58723242402235 0.039796269113984636
18 136.58723242402243 0.17607216974153547
19 136.58723242402246 0.011663363148611553

136.3127522083968
1 0.0 0.07681439614485111
3 37.1584 0.06553341493615798
4 37.1584 0.06553383902860224
6 70.13276757597767 0.0373636324306313
7 70.13276757597767 0.12921006770378135
8 70.13276757597768 0.017355353349723025
9 70.13276757597771 0.04522096520460111
10 95.24479999999991 0.05066345828977688
11 95.24479999999996 0.019819778475680474
12 95.24479999999997 0.19234627356013456
13 95.24480000000005 0.024632858569746195
14 95.24480000000014 0.02498185055350502
17 136.58723242402235 0.0691473137934835
18 136.58723242402243 0.018682968066847033
19 136.58723242402246 0.11988036466381508

136.31285793818745
1 0.0 0.07681196534687956
2 37.1584 0.06553266488831652
4 37.1584 0.06553369574888596
5 70.13276757597762 0.17058834869497982
6 70.13276757597767 0.01603652495103953
8 70.13276757597768 0.015420909158892755
9 70.13276757597771 0.011377157562078117
10 95.24479999999991 0.016229342225837384
11 95.24479999999996 0.019820861308402198
12 95.24479999999997 0.19235136361883687
13 95.24480000000005 0.0440665509018805
14 95.24480000000014 0.04214000525644488
15 136.58723242402215 0.2391709414117754

137.75850580210425
1 0.0 0.04288966963685738
2 37.1584 0.025842301726313764
3 37.1584 0.010195225142022432
4 37.1584 0.06451651291895613
5 70.13276757597762 0.038904323548937414
6 70.13276757597767 0.01548289373149181
7 70.13276757597767 0.052627739689157176
8 70.13276757597768 0.04258619702230906
9 70.13276757597771 0.016457712205956813
10 95.24479999999991 0.07086010897302289
13 95.24480000000005 0.02198858215993392
14 95.24480000000014 0.07075119708681729
15 136.58723242402215 0.02363181131929846
16 136.58723242402226 0.22060281454946484
17 136.58723242402235 0.1370044076942106
18 136.58723242402243 0.09019970281537364
19 136.58723242402246 0.02104568760570171

137.7588423029654
1 0.0 0.0428885191739498
2 37.1584 0.04119332749520235
3 37.1584 0.05684029336125071
5 70.13276757597762 0.025534259398366652
6 70.13276757597767 0.07796133920480766
7 70.13276757597767 0.05202250524496311
8 70.13276757597768 0.06843381086243563
9 70.13276757597771 0.1766925519510561
10 95.24479999999991 0.02031438044179664
11 95.24479999999996 0.15454384626354944
13 95.24480000000005 0.013657209617176978
14 95.24480000000014 0.0318342495771083
15 136.58723242402215 0.015514357267122863
16 136.58723242402226 0.01223605114804388
17 136.58723242402235 0.056355075641877056
18 136.58723242402243 0.014201654232036896
19 136.58723242402246 0.15265893826715538

140.90310344315387
1 0.0 0.16232752907761971
2 37.1584 0.17804076401914137
3 37.1584 0.17804220005862334
4 37.1584 0.17803943347082624
5 70.13276757597762 0.010899877192582483
10 95.24479999999991 0.012312725966132905
13 95.24480000000005 0.013767713231314238
14 95.24480000000014 0.01226357275101055
15 136.58723242402215 0.01002594337932875
21 142.33127604660274 0.06132870987089672
32 206.72000000000017 0.05797822062947305
39 287.33912395339746 0.06872471112358526

141.19415511741582
1 0.0 0.18316951262758333
2 37.1584 0.14714055941475487
3 37.1584 0.2681491424944111
4 37.1584 0.14683160122016867
6 70.13276757597767 0.010912195762396574
7 70.13276757597767 0.013000141053206831
8 70.13276757597768 0.012510291428788194
10 95.24479999999991 0.014923047171084142
13 95.24480000000005 0.011094887379467297
16 136.58723242402226 0.014349868650740052
17 136.58723242402235 0.012090619868424773
18 136.58723242402243 0.012519894974800392
22 142.33127604660274 0.01461172710219011
26 142.33127604660297 0.023344950815050416
30 206.7199999999999 0.013257090017248079
33 206.7200000000005 0.02183498187441107
34 287.33912395339695 0.015227051585069847
40 287.33912395339746 0.02022580692216433

141.1941554217521
1 0.0 0.18316610454648583
2 37.1584 0.2681439265616224
3 37.1584 0.14711917831037893
4 37.1584 0.14685452665441362
5 70.13276757597762 0.014546867008614472
8 70.13276757597768 0.012343821284826738
13 95.24480000000005 0.016751392854699405
14 95.24480000000014 0.01156836156014146
15 136.58723242402215 0.012316926681409669
16 136.58723242402226 0.014206247903956127
18 136.58723242402243 0.012008326305050799
23 142.3312760466028 0.02454491694871366
25 142.33127604660285 0.014835329139448131
28 206.7199999999998 0.013253243591324956
29 206.7199999999999 0.021851708951093993
36 287.3391239533971 0.025223791142838105
37 287.3391239533971 0.015234123830562732

141.19445135535926
1 0.0 0.1831678575300621
2 37.1584 0.14701114984851113
3 37.1584 0.14697400205984773
4 37.1584 0.2681404161036975
5 70.13276757597762 0.011847319944879305
7 70.13276757597767 0.012140469674112178
9 70.13276757597771 0.015615042723604216
10 95.24479999999991 0.012062384602251357
11 95.24479999999996 0.0262780855339116
14 95.24480000000014 0.013524007092488763
15 136.58723242402215 0.010679177984827572
19 136.58723242402246 0.011918738641970069
20 142.3312760466027 0.0386669735635063
27 206.71999999999974 0.03446221402370662
35 287.339123953397 0.03945351219621502

141.6798362830813
1 0.0 0.16196852877729415
2 37.1584 0.3192189341372959
3 37.1584 0.08583130238603033
4 37.1584 0.08607707345906124
6 70.13276757597767 0.012232186290426762
8 70.13276757597768 0.013318916261635463
9 70.13276757597771 0.019542107788384614
11 95.24479999999996 0.03619565058842227
16 136.58723242402226 0.010515312221151618
19 136.58723242402246 0.011039767557926036
23 142.3312760466028 0.0238619110669078
25 142.33127604660285 0.039770117979191284
28 206.7199999999998 0.03393318350910529
29 206.7199999999999 0.020280276647231112
36 287.3391239533971 0.02476473000345319
37 287.3391239533971 0.04124142810007287

141.67991576736463
1 0.0 0.161963870150955
2 37.1584 0.0859154496044605
3 37.1584 0.08595269561680986
4 37.1584 0.319249374868074
8 70.13276757597768 0.011750761519225716
14 95.24480000000014 0.010786098040658639
16 136.58723242402226 0.030541298133310114
17 136.58723242402235 0.019773924348950023
18 136.58723242402243 0.013536658009599026
24 142.3312760466028 0.08722737660448548
38 287.3391239533971 0.07432667282077196
40 287.33912395339746 0.017910555079187283

141.6799455431933
1 0.0 0.1619735799791182
2 37.1584 0.0858155745472492
3 37.1584 0.31921097706026375
4 37.1584 0.0861081202847858
6 70.13276757597767 0.012705710269138476
7 70.13276757597767 0.010785722635941202
8 70.13276757597768 0.013360270190964606
9 70.13276757597771 0.02029357226689468
11 95.24479999999996 0.036189037780179054
16 136.58723242402226 0.010548845957410673
17 136.58723242402235 0.010649625740621527
19 136.58723242402246 0.012430945441634781
22 142.33127604660274 0.03898596604179637
26 142.33127604660297 0.022704372058801037
30 206.7199999999999 0.033926024535383625
33 206.7200000000005 0.020273289002294775
34 287.33912395339695 0.041188639983532595
40 287.33912395339746 0.019863498858547244

143.2535935971434
5 70.13276757597762 0.023891830792719823
6 70.13276757597767 0.1058230146679477
7 70.13276757597767 0.02786521436016376
8 70.13276757597768 0.10361895074099846
9 70.13276757597771 0.03819221387664571
10 95.24479999999991 0.070150557387895
11 95.24479999999996 0.03847215935861671
12 95.24479999999997 0.16499689303344203
13 95.24480000000005 0.1988924612556503
14 95.24480000000014 0.037104110121859664
15 136.58723242402215 0.018513855086216446
16 136.58723242402226 0.027362266578084816
17 136.58723242402235 0.022372449969612143
18 136.58723242402243 0.07138796928053355
19 136.58723242402246 0.017269273864717112

143.25365476155943
5 70.13276757597762 0.024167075488335008
6 70.13276757597767 0.10578216299107328
7 70.13276757597767 0.027665797541427083
8 70.13276757597768 0.10360938097054564
9 70.13276757597771 0.038131648776006395
10 95.24479999999991 0.06650390097142912
11 95.24479999999996 0.03845835845513559
12 95.24479999999997 0.16502214564024256
13 95.24480000000005 0.20094519463101748
14 95.24480000000014 0.03892804890924009
15 136.58723242402215 0.014728236705665969
16 136.58723242402226 0.027406893131202655
17 136.58723242402235 0.02341563819117053
18 136.58723242402243 0.07154263221677762
19 136.58723242402246 0.01909931732699313

143.25395068307222
5 70.13276757597762 0.0459970262010065
7 70.13276757597767 0.034918989901121016
9 70.13276757597771 0.012229614412618132
10 95.24479999999991 0.057691471368336404
12 95.24479999999997 0.6551725229323292
13 95.24480000000005 0.023555635670599952
14 95.24480000000014 0.06700991073822916
15 136.58723242402215 0.03194091980693111
19 136.58723242402246 0.017085691785478536
31 206.71999999999994 0.02348047730901257

144.1076886859903
5 70.13276757597762 0.07177541836150042
6 70.13276757597767 0.08457960205917565
7 70.13276757597767 0.05941922206274543
8 70.13276757597768 0.08231449240185892
9 70.13276757597771 0.027828769134582772
10 95.24479999999991 0.12481752584458457
13 95.24480000000005 0.1746195493393874
14 95.24480000000014 0.11605611345342766
15 136.58723242402215 0.04366950638008755
16 136.58723242402226 0.04016005122131217
17 136.58723242402235 0.035159466860532125
18 136.58723242402243 0.06853221747035544
19 136.58723242402246 0.0239818598878005
32 206.72000000000017 0.013273641889750958

144.10806571315456
6 70.13276757597767 0.0541862571649524
7 70.13276757597767 0.0999159021223615
8 70.13276757597768 0.039259179538287586
9 70.13276757597771 0.08546840188563873
10 95.24479999999991 0.12248874660777147
11 95.24479999999996 0.13464927292795734
12 95.24479999999997 0.2325232759079641
13 95.24480000000005 0.02721005047776275
14 95.24480000000014 0.05871263111346236
16 136.58723242402226 0.010029596660099052
17 136.58723242402235 0.035630216553698794
18 136.58723242402243 0.016445616984004267
19 136.58723242402246 0.0655297861390525

144.10812963320586
5 70.13276757597762 0.11271982495277427
6 70.13276757597767 0.03998327383263183
7 70.13276757597767 0.016887238860802442
8 70.13276757597768 0.03797762382261374
9 70.13276757597771 0.062923831302757
10 95.24479999999991 0.031593931374120574
11 95.24479999999996 0.13466188387205835
12 95.24479999999997 0.2324897206134722
13 95.24480000000005 0.0785182671507022
14 95.24480000000014 0.10399587415149784
15 136.58723242402215 0.08000421862448144
17 136.58723242402235 0.013633664566459812
18 136.58723242402243 0.0131281447392641
19 136.58723242402246 0.026923822069268317

144.2998475240397
5 70.13276757597762 0.08027336413400206
6 70.13276757597767 0.045447744483897434
7 70.13276757597767 0.08178003407075324
8 70.13276757597768 0.039884982921572915
9 70.13276757597771 0.09364247768762922
10 95.24479999999991 0.11231140282404033
11 95.24479999999996 0.16636034442257058
13 95.24480000000005 0.04144739233763526
14 95.24480000000014 0.12772436781887422
15 136.58723242402215 0.0487593489382042
16 136.58723242402226 0.031417432766279695
17 136.58723242402235 0.04238418477938422
18 136.58723242402243 0.01644476488517884
19 136.58723242402246 0.05932719841115649
27 206.71999999999974 0.014117205899725802

144.49499778496715
1 0.0 0.2701598678063532
2 37.1584 0.31178090312983436
3 37.1584 0.11791958926762668
4 37.1584 0.11796557556125296
5 70.13276757597762 0.01677203423070237
6 70.13276757597767 0.01393211854064713
8 70.13276757597768 0.014670555060755484
9 70.13276757597771 0.012658676209802553
11 95.24479999999996 0.01744148223213635
13 95.24480000000005 0.021455385224250556
14 95.24480000000014 0.01435103866257132
15 136.58723242402215 0.013323185093173606
18 136.58723242402243 0.011202642279964

144.49506761936033
1 0.0 0.27016497434794634
2 37.1584 0.11791721374339935
3 37.1584 0.31180593798526884
4 37.1584 0.11795368737774069
6 70.13276757597767 0.015837820270880116
7 70.13276757597767 0.016114627579546216
8 70.13276757597768 0.014843460495642667
9 70.13276757597771 0.015681465942645443
10 95.24479999999991 0.01876179878604344
11 95.24479999999996 0.017437557152117512
13 95.24480000000005 0.014609144967168421
17 136.58723242402235 0.011256189088501255
18 136.58723242402243 0.011651836420652553
19 136.58723242402246 0.013604310557657838

144.49509455069148
1 0.0 0.2701667236570439
2 37.1584 0.11796219483823524
3 37.1584 0.11796390170430525
4 37.1584 0.3117549036766099
5 70.13276757597762 0.016078770573995472
7 70.13276757597767 0.01406342936811506
10 95.24479999999991 0.017940068271665645
14 95.24480000000014 0.020769136174522723
15 136.58723242402215 0.012902037586735847
16 136.58723242402226 0.020708590173582814
17 136.58723242402235 0.0157807776653876
18 136.58723242402243 0.010402490841958868

150.5405463423896
5 70.13276757597762 0.11284781242727875
6 70.13276757597767 0.023979628134140046
7 70.13276757597767 0.08665850040670069
8 70.13276757597768 0.010278831818338906
9 70.13276757597771 0.033874058466760254
10 95.24479999999991 0.15503109349814198
11 95.24479999999996 0.017941873694440055
12 95.24479999999997 0.18486512192343746
13 95.24480000000005 0.066496426280475
14 95.24480000000014 0.17921218053111132
15 136.58723242402215 0.0687115250403257
17 136.58723242402235 0.02172406655110852
19 136.58723242402246 0.039185622591150056

150.54133304988983
6 70.13276757597767 0.07509039674876788
7 70.13276757597767 0.1128261311446243
8 70.13276757597768 0.05954760702158253
9 70.13276757597771 0.10996079911695611
10 95.24479999999991 0.14942803751290246
11 95.24479999999996 0.1846915090375158
12 95.24479999999997 0.04647024291055923
13 95.24480000000005 0.048550429435157284
14 95.24480000000014 0.07037997466701722
16 136.58723242402226 0.01844599460359374
17 136.58723242402235 0.041640377447624874
18 136.58723242402243 0.02641490933197903
19 136.58723242402246 0.07130761213089061

150.5413654167061
5 70.13276757597762 0.12157362384587758
6 70.13276757597767 0.059812440287876696
7 70.13276757597767 0.023548354970779173
8 70.13276757597768 0.05816326415971706
9 70.13276757597771 0.08571564888247632
10 95.24479999999991 0.04157237855073001
11 95.24479999999996 0.18469721664296226
12 95.24479999999997 0.046457091594240274
13 95.24480000000005 0.10942004548796631
14 95.24480000000014 0.12411037676539256
15 136.58723242402215 0.07459732449064539
16 136.58723242402226 0.01756476786121458
17 136.58723242402235 0.02122212631487236
18 136.58723242402243 0.023332355468019598
19 136.58723242402246 0.03547337881519315

151.44556833345567
2 37.1584 0.10402125363965986
5 70.13276757597762 0.022624866488922393
6 70.13276757597767 0.014168969657462118
8 70.13276757597768 0.01641578222900047
13 95.24480000000005 0.03362942810824834
14 95.24480000000014 0.02136514950343105
15 136.58723242402215 0.015835163525156164
16 136.58723242402226 0.014155931275809889
18 136.58723242402243 0.014454753255641377
23 142.3312760466028 0.1518311682779273
25 142.33127604660285 0.09152882713781137
28 206.7199999999998 0.07205097917647241
29 206.7199999999999 0.11908453070141428
36 287.3391239533971 0.16008557982530505
37 287.3391239533971 0.09643858841496483

151.44568060498497
4 37.1584 0.10399321183411532
5 70.13276757597762 0.020616706045676902
7 70.13276757597767 0.018027684767069858
9 70.13276757597771 0.014769989385154654
10 95.24479999999991 0.025525367890426334
11 95.24479999999996 0.014821213372665756
12 95.24479999999997 0.011400529487362504
14 95.24480000000014 0.029568270814644207
15 136.58723242402215 0.014616130594129705
19 136.58723242402246 0.014429818236928137
20 142.3312760466027 0.23921759019524774
21 142.33127604660274 0.018760408645401735
27 206.71999999999974 0.18794662952002406
35 287.339123953397 0.2503995541003577

151.4461265691449
3 37.1584 0.10400568166103467
6 70.13276757597767 0.017011615632459627
7 70.13276757597767 0.018953323052562376
8 70.13276757597768 0.01666331991301246
10 95.24479999999991 0.027952668656721285
13 95.24480000000005 0.023239454649942884
14 95.24480000000014 0.012248622663051274
16 136.58723242402226 0.014339584939012202
17 136.58723242402235 0.013258850312278676
18 136.58723242402243 0.01510408267655753
19 136.58723242402246 0.010368436980259535
22 142.33127604660274 0.09000378688657645
26 142.33127604660297 0.14449131846578053
30 206.7199999999999 0.07195596927084838
33 206.7200000000005 0.11906334131870534
34 287.33912395339695 0.09623631375448832
38 287.3391239533971 0.025267871832185037
40 287.33912395339746 0.1284278041748765

152.7049214874568
5 70.13276757597762 0.044730419877150776
6 70.13276757597767 0.11883253374741369
7 70.13276757597767 0.0414084695620172
8 70.13276757597768 0.11978170768853598
9 70.13276757597771 0.02897668515680869
10 95.24479999999991 0.0881955329415724
13 95.24480000000005 0.16720923921722028
14 95.24480000000014 0.07168468567851478
15 136.58723242402215 0.028214911900140333
16 136.58723242402226 0.06388731057255725
17 136.58723242402235 0.045169899416291744
18 136.58723242402243 0.13563239755051873
19 136.58723242402246 0.01953535393685579

152.7050943646487
6 70.13276757597767 0.051769845915301996
7 70.13276757597767 0.1566412506045718
8 70.13276757597768 0.028202961651192224
9 70.13276757597771 0.07844044300030843
10 95.24479999999991 0.14517598646559182
11 95.24479999999996 0.07877709887436758
12 95.24479999999997 0.11545167145302865
13 95.24480000000005 0.022921545385815402
14 95.24480000000014 0.07643375820621658
16 136.58723242402226 0.010910301968120954
17 136.58723242402235 0.06462359354316569
18 136.58723242402243 0.01925856029236574
19 136.58723242402246 0.11311164683861312

152.70522028392872
5 70.13276757597762 0.197694823083005
6 70.13276757597767 0.02766254528568468
7 70.13276757597767 0.01580156906427064
8 70.13276757597768 0.026014263921339282
9 70.13276757597771 0.04018579800996031
10 95.24479999999991 0.04030562964950305
11 95.24479999999996 0.0787714681747628
12 95.24479999999997 0.11546521293829759
13 95.24480000000005 0.08211281311631631
14 95.24480000000014 0.1286987422868625
15 136.58723242402215 0.1978013142683329
17 136.58723242402235 0.01154361811571879
18 136.58723242402243 0.0112435957425431
19 136.58723242402246 0.019950813321078828

152.9322139234613
1 0.0 0.019543285206016395
2 37.1584 0.04679558049098226
5 70.13276757597762 0.012815675770464163
6 70.13276757597767 0.018377470968483123
7 70.13276757597767 0.010154075647776652
8 70.13276757597768 0.019716838353339934
9 70.13276757597771 0.026306371284044887
10 95.24479999999991 0.010256886577561597
11 95.24479999999996 0.05033020283242574
13 95.24480000000005 0.01904119617260306
14 95.24480000000014 0.014401854231130499
16 136.58723242402226 0.012421144371474542
17 136.58723242402235 0.011545410927004562
18 136.58723242402243 0.010311839237804361
19 136.58723242402246 0.01325218957565173
23 142.3312760466028 0.09171012681216369
25 142.33127604660285 0.15301117075634044
28 206.7199999999998 0.11769321643460383
29 206.7199999999999 0.07025094132238255
36 287.3391239533971 0.09711932182005709
37 287.3391239533971 0.16191373149412422

152.93223337039134
1 0.0 0.01954409161972815
4 37.1584 0.046797034463090276
5 70.13276757597762 0.015538672314593667
7 70.13276757597767 0.015565495175916377
8 70.13276757597768 0.01493658815358989
10 95.24479999999991 0.02023865619629712
14 95.24480000000014 0.02335261873220006
15 136.58723242402215 0.010329401380218555
16 136.58723242402226 0.03983289253011127
17 136.58723242402235 0.025755709213167905
18 136.58723242402243 0.016758840447062915
24 142.3312760466028 0.32567491919860486
26 142.33127604660297 0.017535203332016455
38 287.3391239533971 0.2832601598825333
40 287.33912395339746 0.06798781661991443

152.93326508356228
1 0.0 0.01953893179000051
3 37.1584 0.04678900476928803
6 70.13276757597767 0.01958320658891662
7 70.13276757597767 0.017041430948448053
8 70.13276757597768 0.019840312334812267
9 70.13276757597771 0.02818077792236277
10 95.24479999999991 0.017871520085535136
11 95.24479999999996 0.050324909550083535
13 95.24480000000005 0.014787271483529277
14 95.24480000000014 0.010613177348270534
16 136.58723242402226 0.012464642143393542
17 136.58723242402235 0.013330386779929789
18 136.58723242402243 0.010598056435576266
19 136.58723242402246 0.016420250086615504
22 142.33127604660274 0.15009628317488322
26 142.33127604660297 0.08716760818745829
30 206.7199999999999 0.11775219804963695
33 206.7200000000005 0.07014947153316477
34 287.33912395339695 0.16181630070039735
38 287.3391239533971 0.017530760398641872
40 287.33912395339746 0.07781802532302293

153.11948097344296
1 0.0 0.026732845444584277
2 37.1584 0.015726824367932525
3 37.1584 0.015732802170444284
4 37.1584 0.015727727338360198
5 70.13276757597762 0.02351652709967284
6 70.13276757597767 0.01881660122734638
7 70.13276757597767 0.01840347200528227
8 70.13276757597768 0.016213038024846804
10 95.24479999999991 0.0341464017374328
12 95.24479999999997 0.018020503638779942
13 95.24480000000005 0.03959280400378759
14 95.24480000000014 0.03367316783281842
15 136.58723242402215 0.016992210571428877
18 136.58723242402243 0.013437451288868562
21 142.33127604660274 0.2144666509528565
32 206.72000000000017 0.18422257597441155
39 287.33912395339746 0.24500990404849918

153.85893160271164
5 70.13276757597762 0.04210725838529586
6 70.13276757597767 0.0767716121682863
7 70.13276757597767 0.05543688890689203
8 70.13276757597768 0.07011128503292635
9 70.13276757597771 0.17212506592732005
10 95.24479999999991 0.03160570203917029
11 95.24479999999996 0.27929683197198657
13 95.24480000000005 0.0223522114748154
14 95.24480000000014 0.05046132059387476
15 136.58723242402215 0.026536487612250116
16 136.58723242402226 0.0213845944944422
17 136.58723242402235 0.048107498483938
18 136.58723242402243 0.015315237485109533
19 136.58723242402246 0.1090534871675176

153.85939730519928
5 70.13276757597762 0.04988359949631199
6 70.13276757597767 0.026649869660937294
7 70.13276757597767 0.07323959554557029
8 70.13276757597768 0.055344286840667146
9 70.13276757597771 0.03057452044588469
10 95.24479999999991 0.09977745812063948
11 95.24479999999996 0.024518621299841163
13 95.24480000000005 0.03390149492838326
14 95.24480000000014 0.0944964787016565
15 136.58723242402215 0.030427591484915355
16 136.58723242402226 0.16949366942067148
17 136.58723242402235 0.11281135395142365
18 136.58723242402243 0.07333617746395377
19 136.58723242402246 0.03226241695996999

155.6653228681596
2 37.1584 0.17199356501918756
3 37.1584 0.4002309456744268
4 37.1584 0.17196311979023637
7 70.13276757597767 0.015136397685990684
8 70.13276757597768 0.015600831339049452
9 70.13276757597771 0.013707403470942549
10 95.24479999999991 0.011123141083528396
11 95.24479999999996 0.014885017153190447
16 136.58723242402226 0.02926762863608453
17 136.58723242402235 0.022414737096947485
18 136.58723242402243 0.015918395474379114
19 136.58723242402246 0.013507151489137247
26 142.33127604660297 0.01328611102620877
33 206.7200000000005 0.010685554144452367
40 287.33912395339746 0.011868287563347698

155.6653672481289
2 37.1584 0.4002342008994119
3 37.1584 0.1719988847526697
4 37.1584 0.17195539951033065
5 70.13276757597762 0.013162040936157351
8 70.13276757597768 0.015456785724225949
9 70.13276757597771 0.011186975596996097
11 95.24479999999996 0.01488745399555455
15 136.58723242402215 0.011853213423270628
16 136.58723242402226 0.029130290884453798
17 136.58723242402235 0.01924485407782477
18 136.58723242402243 0.015439580221354787
23 142.3312760466028 0.013961616516979827
29 206.7199999999999 0.01068984338762603
36 287.3391239533971 0.014786329033989758

155.66557086410864
2 37.1584 0.17198224337926893
3 37.1584 0.1719834563422416
4 37.1584 0.4002762207659846
6 70.13276757597767 0.01457696469186433
7 70.13276757597767 0.011724425294240564
8 70.13276757597768 0.013584264236224008
9 70.13276757597771 0.03245405176230626
11 95.24479999999996 0.06632610698927806
17 136.58723242402235 0.01213232286449454
19 136.58723242402246 0.018246561914386977
20 142.3312760466027 0.022026206673788684
27 206.71999999999974 0.016954397248910433
35 287.339123953397 0.02314370855129674

156.54994201758166
2 37.1584 0.3323932645427671
3 37.1584 0.4943902203624816
4 37.1584 0.016028511260772565
5 70.13276757597762 0.01659223105306609
7 70.13276757597767 0.01152721855204716
10 95.24479999999991 0.012707579461093426
12 95.24479999999997 0.019003594359872082
14 95.24480000000014 0.017353543031860413
15 136.58723242402215 0.014486182090118123
19 136.58723242402246 0.012708976968101821

156.55024532610116
2 37.1584 0.22948351080192247
3 37.1584 0.06747825501725879
4 37.1584 0.5458505505658193
6 70.13276757597767 0.014307226071950615
8 70.13276757597768 0.014366124635074562
10 95.24479999999991 0.01234064056520922
13 95.24480000000005 0.022166852880070035
15 136.58723242402215 0.010653126503367638
16 136.58723242402226 0.013716760449491418
17 136.58723242402235 0.011319350095216294
18 136.58723242402243 0.0157307672610208

159.0353380318349
2 37.1584 0.12920378750442746
3 37.1584 0.5794655871580634
4 37.1584 0.12922867838865515
6 70.13276757597767 0.012622997055441811
7 70.13276757597767 0.011649735006679958
8 70.13276757597768 0.012749470671619556
9 70.13276757597771 0.01760606825376784
11 95.24479999999996 0.023504749264028256
16 136.58723242402226 0.011661876748203848
17 136.58723242402235 0.0126827810574494
18 136.58723242402243 0.011118480728058076
19 136.58723242402246 0.015107547090689882

159.03542121208451
2 37.1584 0.5794724700340436
3 37.1584 0.12919926144832058
4 37.1584 0.12923139989115837
6 70.13276757597767 0.011732129687145477
8 70.13276757597768 0.012668496911556068
9 70.13276757597771 0.016191799635796825
11 95.24479999999996 0.023502346882981504
15 136.58723242402215 0.010809433242220874
16 136.58723242402226 0.011570076849243889
17 136.58723242402235 0.010548190195562022
18 136.58723242402243 0.010796304851503447
19 136.58723242402246 0.011360714925058467

159.03582846717208
2 37.1584 0.12921874059662078
3 37.1584 0.1292148412032434
4 37.1584 0.5794766819755343
15 136.58723242402215 0.010645137936679441
16 136.58723242402226 0.027457908396647496
17 136.58723242402235 0.019346034513339987
18 136.58723242402243 0.013031182884387333

170.9778151436148
2 37.1584 0.024874949877842768
3 37.1584 0.024869114243230465
4 37.1584 0.03049803564250797
5 70.13276757597762 0.06028982227772083
6 70.13276757597767 0.04491104826327081
7 70.13276757597767 0.04945097691721108
8 70.13276757597768 0.04614485695253343
9 70.13276757597771 0.018670333536682168
10 95.24479999999991 0.049063507720919254
12 95.24479999999997 0.010158012895200384
13 95.24480000000005 0.05603238317194664
14 95.24480000000014 0.04859127512854352
15 136.58723242402215 0.06789528060083846
16 136.58723242402226 0.0552140609741681
17 136.58723242402235 0.05017158998884258
18 136.58723242402243 0.0622183142982984
19 136.58723242402246 0.03516286354960511
21 142.33127604660274 0.041087522328769645
23 142.3312760466028 0.020084429064010943
26 142.33127604660297 0.019111019849821737
29 206.7199999999999 0.015113310888325477
32 206.72000000000017 0.034466237101153305
33 206.7200000000005 0.01510724303596379
36 287.3391239533971 0.021337493754298043
39 287.33912395339746 0.047070367357673566
40 287.33912395339746 0.017126357213618656

170.9781315489561
2 37.1584 0.024876706918550928
3 37.1584 0.030497210346977503
4 37.1584 0.024869621264136162
5 70.13276757597762 0.06102738022203392
6 70.13276757597767 0.05087137638997849
7 70.13276757597767 0.05190359236988654
8 70.13276757597768 0.04512588935011437
9 70.13276757597771 0.03751316929668101
10 95.24479999999991 0.048469084018470755
11 95.24479999999996 0.021395985521915174
12 95.24479999999997 0.01659851280061278
13 95.24480000000005 0.05289083386843078
14 95.24480000000014 0.050048321289056195
15 136.58723242402215 0.0672593395463298
16 136.58723242402226 0.026716568702931674
17 136.58723242402235 0.038514791333650926
18 136.58723242402243 0.051435853447582114
19 136.58723242402246 0.05000204213075977
20 142.3312760466027 0.0193574305006164
21 142.33127604660274 0.04247473759444515
25 142.33127604660285 0.01610908220638227
27 206.71999999999974 0.014566562631024155
28 206.7199999999998 0.012289755906222787
32 206.72000000000017 0.0343434261185829
35 287.339123953397 0.020472480712711724
37 287.3391239533971 0.017071815892904393
39 287.33912395339746 0.04702233689194226

170.9783318341806
2 37.1584 0.030497098979775823
3 37.1584 0.024875809078691063
4 37.1584 0.02487063926922804
5 70.13276757597762 0.059741656462929345
6 70.13276757597767 0.05103376523781586
7 70.13276757597767 0.05285078824666776
8 70.13276757597768 0.045141577552579346
9 70.13276757597771 0.03776838794291807
10 95.24479999999991 0.050554150226174197
11 95.24479999999996 0.021393704634950883
12 95.24479999999997 0.016598782808345633
13 95.24480000000005 0.051715589341751446
14 95.24480000000014 0.0490095467743297
15 136.58723242402215 0.06756196988226876
16 136.58723242402226 0.02671644000989291
17 136.58723242402235 0.03843228972080322
18 136.58723242402243 0.05142560440802998
19 136.58723242402246 0.04985292691196074
20 142.3312760466027 0.019246924963340514
21 142.33127604660274 0.04245567798268196
22 142.33127604660274 0.01585717329722239
27 206.71999999999974 0.014486818512728542
30 206.7199999999999 0.012289227994764007
32 206.72000000000017 0.03434376892687774
34 287.33912395339695 0.017055711332953846
35 287.339123953397 0.02030614550120342
39 287.33912395339746 0.0470224114270829

171.39916938469716
2 37.1584 0.03211411043210215
3 37.1584 0.031749214688058955
4 37.1584 0.020230273176219914
5 70.13276757597762 0.02449728935932704
6 70.13276757597767 0.06549086009398249
7 70.13276757597767 0.03149192415609426
8 70.13276757597768 0.07220524111276386
9 70.13276757597771 0.04687993659392591
10 95.24479999999991 0.027847376917435416
11 95.24479999999996 0.036724067699575084
13 95.24480000000005 0.0552777514908847
14 95.24480000000014 0.022057795971171478
15 136.58723242402215 0.02602258683222413
16 136.58723242402226 0.07485149005516713
17 136.58723242402235 0.05854519322299422
18 136.58723242402243 0.08286042849502138
19 136.58723242402246 0.041843616047227826
22 142.33127604660274 0.02452634829746116
23 142.3312760466028 0.010308249994741805
24 142.3312760466028 0.0216268806271563
25 142.33127604660285 0.024408821077558162
26 142.33127604660297 0.01015317617123651
28 206.7199999999998 0.018188212206461614
30 206.7199999999999 0.018343615542135424
34 287.33912395339695 0.02620620911831522
36 287.3391239533971 0.010913807304597537
37 287.3391239533971 0.025976843613530785
38 287.3391239533971 0.02036133814558655
40 287.33912395339746 0.012450457865559286

171.39973534774646
2 37.1584 0.023944319489191887
3 37.1584 0.024324283844916916
4 37.1584 0.035816622006737596
5 70.13276757597762 0.06153914983693529
6 70.13276757597767 0.026086649570437485
7 70.13276757597767 0.06004658637530882
8 70.13276757597768 0.027314537370749705
9 70.13276757597771 0.050032062656106595
10 95.24479999999991 0.04454083206238515
11 95.24479999999996 0.042770967113130554
13 95.24480000000005 0.016076480527270703
14 95.24480000000014 0.0503948634330002
15 136.58723242402215 0.06879056775762256
16 136.58723242402226 0.05462202793163007
17 136.58723242402235 0.05948490755923046
18 136.58723242402243 0.02610142063487448
19 136.58723242402246 0.06338767684653374
20 142.3312760466027 0.039874340705004674
23 142.3312760466028 0.02135697591117138
26 142.33127604660297 0.02105538075704952
27 206.71999999999974 0.030040356457402932
29 206.7199999999999 0.01569842378474922
33 206.7200000000005 0.016270168357923213
35 287.339123953397 0.04221780714971074
36 287.3391239533971 0.022783321376553697
40 287.33912395339746 0.01893564617032769

172.06978858807466
2 37.1584 0.050430838102810634
4 37.1584 0.050436857475871705
5 70.13276757597762 0.1279720298718794
6 70.13276757597767 0.011038903667139202
7 70.13276757597767 0.011013411901816253
8 70.13276757597768 0.025422463562083605
9 70.13276757597771 0.01871829577146666
10 95.24479999999991 0.01632659550198905
11 95.24479999999996 0.02051991349577241
13 95.24480000000005 0.03204673996043261
14 95.24480000000014 0.06375090695461674
15 136.58723242402215 0.14641025094120882
16 136.58723242402226 0.0784278103896382
17 136.58723242402235 0.04970845217262494
18 136.58723242402243 0.032355540689326764
19 136.58723242402246 0.015121361054354176
20 142.3312760466027 0.01839346145923248
23 142.3312760466028 0.03884913987577498
24 142.3312760466028 0.029292386460471425
27 206.71999999999974 0.013982037824001004
29 206.7199999999999 0.02883960030191031
35 287.339123953397 0.019656943091187505
36 287.3391239533971 0.04137223431102479
38 287.3391239533971 0.025785100220022738

172.07006331842607
3 37.1584 0.050432597067367975
4 37.1584 0.05043587530411783
6 70.13276757597767 0.027019462931493026
7 70.13276757597767 0.10438427259013221
8 70.13276757597768 0.02687135527349386
9 70.13276757597771 0.04407958242617039
10 95.24479999999991 0.07050548781916562
11 95.24479999999996 0.02052196212531646
14 95.24480000000014 0.03675505295397727
16 136.58723242402226 0.0801532259290184
17 136.58723242402235 0.08980390948076002
18 136.58723242402243 0.03840767633462058
19 136.58723242402246 0.08549626084454943
20 142.3312760466027 0.01777226477344252
24 142.3312760466028 0.030943113804597872
26 142.33127604660297 0.038475281810137464
27 206.71999999999974 0.013545302771363838
33 206.7200000000005 0.02882274618396299
35 287.339123953397 0.018710003157527667
38 287.3391239533971 0.03174567859913755
40 287.33912395339746 0.03931155572034018

172.070268394677
2 37.1584 0.05043864457890366
3 37.1584 0.05044044221998936
6 70.13276757597767 0.09927892199939922
7 70.13276757597767 0.022698254764476775
8 70.13276757597768 0.09593386130912164
9 70.13276757597771 0.08044113281852396
10 95.24479999999991 0.017745267068505627
11 95.24479999999996 0.07186284623756248
13 95.24480000000005 0.06919264211342106
16 136.58723242402226 0.034286579949925546
17 136.58723242402235 0.038093617941868704
18 136.58723242402243 0.09553863176544106
19 136.58723242402246 0.05927335704605084
22 142.33127604660274 0.039160458228247416
25 142.33127604660285 0.04002706829993938
28 206.7199999999998 0.029653332429333323
30 206.7199999999999 0.029655900261115527
34 287.33912395339695 0.042591943769403756
37 287.3391239533971 0.04264196532439583

