1 23.56 1 0.0 2.5698508561278375e-8
1 23.56 2 0.0 2.0721279096247765e-13
1 23.56 3 0.0 2.7129649504709564e-8
1 23.56 4 16.13 0.2366764232034435
1 23.56 5 16.13 0.23667997362954388
1 23.56 6 16.13 1.090735647254973e-13
1 23.56 7 43.0 0.08487215588190815
1 23.56 8 43.0 6.5672084215395425e-15
1 23.56 9 43.0 0.0848707202262659
1 23.56 10 45.84 0.07524023370593708
1 23.56 11 45.84 0.03196940932538028
1 23.56 12 57.49 0.0008188608211415414
1 23.56 13 58.56 0.01130961708291982
1 23.56 14 58.56 1.0942892009961298e-15
1 23.56 15 58.56 0.011309541843395766
1 23.56 16 65.7 4.0274010876821376e-23
1 23.56 17 65.7 9.02937586895458e-26
1 23.56 18 66.28 1.95819442891311e-7
1 23.56 19 66.28 4.3965036292414515e-6
1 23.56 20 66.28 3.2912149030577457e-10
1 23.56 21 66.99 0.0799959908767661
1 23.56 22 66.99 0.010659832279718796
1 23.56 23 68.84 0.06493805811191625
1 23.56 24 68.84 5.522085557009447e-15
1 23.56 25 68.84 0.06493678611117358
1 23.56 26 72.31 2.256268421430275e-9
1 23.56 27 72.31 2.6346416631984777e-9
1 23.56 28 72.31 1.9308249823139165e-10
1 23.56 29 74.55 1.6931131411303054e-25
1 23.56 30 92.86 6.730403671230752e-10
1 23.56 31 92.86 1.1954967735467804e-8
1 23.56 32 92.86 8.529909422213355e-9
1 23.56 33 92.9 1.2007856007367894e-23
1 23.56 34 94.67 1.1576653468570004e-11
1 23.56 35 94.67 4.785987398058309e-9
1 23.56 36 94.67 2.736620380931746e-9
1 23.56 37 104.69 2.8430521410409987e-8
1 23.56 38 104.69 2.9697445010407005e-8
1 23.56 39 104.69 3.115535528398739e-12
1 23.56 40 105.44 2.01768060741863e-24
1 23.56 41 105.44 3.2314501068796156e-25
1 23.56 42 105.62 2.4091005419331392e-8
1 23.56 43 105.62 2.4849741327634066e-8
1 23.56 44 105.62 4.4890681188092694e-10
1 23.56 45 112.37 1.0528764179992789e-12
1 23.56 46 112.37 1.4715758777902518e-10
1 23.56 47 112.37 7.598783787539734e-10
1 23.56 48 113.33 2.2083744843842622e-23
1 23.56 49 113.33 1.9017529578206182e-25
1 23.56 50 115.62 1.0694292449400092e-22
1 23.56 51 116.46 2.796297968730321e-13
1 23.56 52 116.46 8.83998492652794e-15
1 23.56 53 116.46 5.502184039559431e-10
1 23.56 54 117.05 4.358852063827928e-9
1 23.56 55 117.05 7.665168148307808e-9
1 23.56 56 117.05 3.4843423768167595e-12
1 23.56 57 119.99 4.043533475342041e-6
1 23.56 58 119.99 2.689794066039342e-19
1 23.56 59 119.99 4.044575346702795e-6
1 23.56 60 121.81 2.0109804646227663e-6
1 23.56 61 121.81 7.420665023014957e-20
1 23.56 62 121.81 2.011087383824672e-6
1 23.56 63 122.49 3.293371767718929e-10
1 23.56 64 122.49 1.3718770662959687e-10
1 23.56 65 122.49 6.696935915639073e-10
1 23.56 66 122.77 9.503815143415132e-18
1 23.56 67 128.54 1.5808248315208575e-17
1 23.56 68 128.54 0.00021360376951914224
1 23.56 69 128.54 0.00021351422607448952
1 23.56 70 129.66 2.9548974873471974e-17
1 23.56 71 129.66 0.0004310047038483977
1 23.56 72 129.66 0.0004310827199355368
1 23.56 73 130.12 1.7620631939418703e-8
1 23.56 74 130.12 3.529927541804196e-8
1 23.56 75 130.12 1.6971094994023353e-9
1 23.56 76 130.73 0.0001560303226221307
1 23.56 77 130.73 7.769372906670369e-5
1 23.56 78 131.24 3.988554979873816e-8
1 23.56 79 131.25 2.572221362572851e-8
1 23.56 80 131.25 1.2467800165652168e-13
1 23.56 81 131.27 4.4572016333163605e-24
1 23.56 82 131.27 2.2090974940970777e-24
1 23.56 83 132.86 2.3979917129750038e-23
1 23.56 84 134.7 2.053699744883154e-9
1 23.56 85 134.7 8.347073571756376e-12
1 23.56 86 134.7 5.76973989972059e-12
1 23.56 87 135.67 1.454076258268283e-10
1 23.56 88 135.67 1.0063030702996135e-9
1 23.56 89 135.67 2.6838269256021957e-12
1 23.56 90 137.01 3.209138358933797e-5
1 23.56 91 137.01 2.2351233757181975e-18
1 23.56 92 137.01 3.208685343856247e-5
1 23.56 93 145.13 8.246556401632454e-6
1 23.56 94 145.13 8.251777927802006e-6
1 23.56 95 145.13 5.75822011198005e-19
1 23.56 96 146.6 3.844812249983223e-6
1 23.56 97 146.6 3.841675522447403e-6
1 23.56 98 146.6 1.4426660016071453e-18
1 23.56 99 147.85 4.298459823282061e-14
1 23.56 100 148.26 6.382897413246302e-20
2 23.56 2 0.0 5.4608553410679966e-11
2 23.56 3 0.0 2.368946330784166e-21
2 23.56 4 16.13 0.23667958906530842
2 23.56 5 16.13 7.713035202508999e-14
2 23.56 6 16.13 0.23667840623830086
2 23.56 7 43.0 0.08487047670126913
2 23.56 8 43.0 0.08487017583624289
2 23.56 9 43.0 8.38505804456629e-15
2 23.56 10 45.84 0.0003131811007501063
2 23.56 11 45.84 0.10689627107132217
2 23.56 12 57.49 0.0008185662350649882
2 23.56 13 58.56 0.011308947615249282
2 23.56 14 58.56 0.011309086158449166
2 23.56 15 58.56 1.295539805770371e-15
2 23.56 16 65.7 6.100011518360477e-10
2 23.56 17 65.7 3.738852439370151e-15
2 23.56 18 66.28 1.7659692445126213e-20
2 23.56 19 66.28 1.673292711293166e-7
2 23.56 20 66.28 1.435698264319553e-9
2 23.56 21 66.99 0.05328664135859108
2 23.56 22 66.99 0.03737365007311161
2 23.56 23 68.84 0.06493839128482835
2 23.56 24 68.84 0.06493884320499077
2 23.56 25 68.84 7.0853711342566816e-15
2 23.56 26 72.31 1.9171116459280208e-22
2 23.56 27 72.31 1.8242920507891644e-9
2 23.56 28 72.31 1.7028038929623997e-10
2 23.56 29 74.55 2.819955494777952e-12
2 23.56 30 92.86 1.6115936175890003e-10
2 23.56 31 92.86 6.790153184114716e-10
2 23.56 32 92.86 7.389237031305297e-22
2 23.56 33 92.9 1.7541110292776406e-10
2 23.56 34 94.67 8.276534812495346e-13
2 23.56 35 94.67 1.1154034193357936e-9
2 23.56 36 94.67 2.4182517497595133e-22
2 23.56 37 104.69 2.4950743836412993e-21
2 23.56 38 104.69 1.8102530502902035e-11
2 23.56 39 104.69 4.4353651193947583e-13
2 23.56 40 105.44 3.063102354560282e-11
2 23.56 41 105.44 5.147340770706642e-12
2 23.56 42 105.62 2.1106178239667835e-21
2 23.56 43 105.62 1.086905318132077e-15
2 23.56 44 105.62 8.047619165878066e-12
2 23.56 45 112.37 1.6277953924402202e-25
2 23.56 46 112.37 1.0825878917361494e-15
2 23.56 47 112.37 9.965261048358745e-10
2 23.56 48 113.33 3.302486781182736e-10
2 23.56 49 113.33 2.501846621282852e-12
2 23.56 50 115.62 1.5879879175968845e-9
2 23.56 51 116.46 3.3527513235713075e-24
2 23.56 52 116.46 3.2779623754621135e-11
2 23.56 53 116.46 9.78032689283558e-10
2 23.56 54 117.05 3.7677817932139076e-22
2 23.56 55 117.05 2.361472050318742e-11
2 23.56 56 117.05 3.258990491996761e-12
2 23.56 57 119.99 4.042767088929577e-6
2 23.56 58 119.99 4.044000378216074e-6
2 23.56 59 119.99 3.450034093490205e-19
2 23.56 60 121.81 2.0099343961844684e-6
2 23.56 61 121.81 2.0093317824380307e-6
2 23.56 62 121.81 8.779138258012821e-20
2 23.56 63 122.49 3.2686219595438497e-12
2 23.56 64 122.49 1.6250292410291842e-11
2 23.56 65 122.49 5.78525922523384e-23
2 23.56 66 122.77 3.644611434796662e-14
2 23.56 67 128.54 0.00021353555123430082
2 23.56 68 128.54 0.0002135529760229991
2 23.56 69 128.54 1.8698229879456053e-17
2 23.56 70 129.66 0.0004310915040570173
2 23.56 71 129.66 0.00043108590773564516
2 23.56 72 129.66 3.732882383854454e-17
2 23.56 73 130.12 3.4141105858531357e-12
2 23.56 74 130.12 3.050623069768458e-21
2 23.56 75 130.12 2.187667155457326e-11
2 23.56 76 130.73 1.9280422615854407e-6
2 23.56 77 130.73 0.00023183442773677565
2 23.56 78 131.24 1.1160406341109944e-8
2 23.56 79 131.25 2.227980315321992e-21
2 23.56 80 131.25 1.05373341420294e-11
2 23.56 81 131.27 6.533758840750436e-11
2 23.56 82 131.27 3.2791353934061437e-11
2 23.56 83 132.86 3.569346380215851e-10
2 23.56 84 134.7 1.549723895732457e-11
2 23.56 85 134.7 6.471443178692899e-24
2 23.56 86 134.7 8.265718703299339e-12
2 23.56 87 135.67 2.0999716937755296e-23
2 23.56 88 135.67 1.1203984066009275e-11
2 23.56 89 135.67 5.323927392786566e-10
2 23.56 90 137.01 2.8907802770982804e-18
2 23.56 91 137.01 3.20892143415092e-5
2 23.56 92 137.01 3.209019373339396e-5
2 23.56 93 145.13 6.944739005618218e-19
2 23.56 94 145.13 8.241681341252623e-6
2 23.56 95 145.13 8.243704382104265e-6
2 23.56 96 146.6 3.843542707149312e-6
2 23.56 97 146.6 1.579851325865325e-18
2 23.56 98 146.6 3.846381647663904e-6
2 23.56 99 147.85 3.226764182829913e-14
2 23.56 100 148.26 9.453556415107864e-7
3 23.56 3 0.0 2.646394507601186e-8
3 23.56 4 16.13 9.403435751095879e-14
3 23.56 5 16.13 0.23667640306602317
3 23.56 6 16.13 0.23667761337491236
3 23.56 7 43.0 7.279046539741188e-17
3 23.56 8 43.0 0.0848717497984278
3 23.56 9 43.0 0.08487158788812939
3 23.56 10 45.84 0.08526225208471226
3 23.56 11 45.84 0.021948339742723002
3 23.56 12 57.49 0.0008186506807625419
3 23.56 13 58.56 9.465019357585016e-17
3 23.56 14 58.56 0.011309576487345095
3 23.56 15 58.56 0.0113091467819356
3 23.56 16 65.7 1.6735319987731612e-9
3 23.56 17 65.7 4.829283245313604e-13
3 23.56 18 66.28 2.1652887106154984e-7
3 23.56 19 66.28 2.909059981577283e-6
3 23.56 20 66.28 1.7622631937295544e-23
3 23.56 21 66.99 0.0027036967917932397
3 23.56 22 66.99 0.08795347630811366
3 23.56 23 68.84 9.886138917706606e-17
3 23.56 24 68.84 0.06493798065172321
3 23.56 25 68.84 0.06493853639543194
3 23.56 26 72.31 1.8280460288560072e-9
3 23.56 27 72.31 4.967299448280029e-12
3 23.56 28 72.31 8.526753027897287e-25
3 23.56 29 74.55 3.074620194956774e-12
3 23.56 30 92.86 2.61881544100843e-25
3 23.56 31 92.86 1.4256178577548354e-11
3 23.56 32 92.86 6.662764834650007e-10
3 23.56 33 92.9 1.123588746261875e-9
3 23.56 34 94.67 2.8568692471062818e-24
3 23.56 35 94.67 3.9440650720309536e-9
3 23.56 36 94.67 1.1885275856876817e-9
3 23.56 37 104.69 3.504060119374097e-8
3 23.56 38 104.69 3.9479649481766067e-8
3 23.56 39 104.69 5.152438036560153e-23
3 23.56 40 105.44 8.12495973801375e-11
3 23.56 41 105.44 1.1321838426162106e-13
3 23.56 42 105.62 2.6791445131510125e-8
3 23.56 43 105.62 3.082494460666728e-8
3 23.56 44 105.62 5.504389805239463e-23
3 23.56 45 112.37 4.202253221119576e-10
3 23.56 46 112.37 9.181603521520938e-10
3 23.56 47 112.37 1.0901070214111799e-24
3 23.56 48 113.33 1.3121035659503541e-9
3 23.56 49 113.33 6.407990661296697e-13
3 23.56 50 115.62 9.290418379234492e-11
3 23.56 51 116.46 2.073811069609513e-9
3 23.56 52 116.46 5.115228889968252e-9
3 23.56 53 116.46 7.356522715750115e-23
3 23.56 54 117.05 1.9345655525434052e-11
3 23.56 55 117.05 2.095968861392802e-10
3 23.56 56 117.05 4.344477741161069e-27
3 23.56 57 119.99 9.556606463216944e-21
3 23.56 58 119.99 4.043665769262108e-6
3 23.56 59 119.99 4.044029203350384e-6
3 23.56 60 121.81 5.028168885974854e-21
3 23.56 61 121.81 2.011482891658439e-6
3 23.56 62 121.81 2.0127167128769996e-6
3 23.56 63 122.49 2.1423790928111498e-10
3 23.56 64 122.49 2.8173359633256635e-25
3 23.56 65 122.49 3.591424316827428e-11
3 23.56 66 122.77 6.951332506173823e-15
3 23.56 67 128.54 0.00021362724936455242
3 23.56 68 128.54 1.866003112772464e-18
3 23.56 69 128.54 0.00021367327824265353
3 23.56 70 129.66 0.0004310057369150827
3 23.56 71 129.66 1.2184508789231393e-18
3 23.56 72 129.66 0.0004309668174584093
3 23.56 73 130.12 2.0828318418564426e-8
3 23.56 74 130.12 1.7913800957941924e-9
3 23.56 75 130.12 4.968727455698793e-25
3 23.56 76 130.73 0.00019264834205501023
3 23.56 77 130.73 4.110924629418833e-5
3 23.56 78 131.24 5.608397907295385e-9
3 23.56 79 131.24 1.812357991007229e-9
3 23.56 80 131.25 3.809519735965548e-26
3 23.56 81 131.27 9.529860214213687e-10
3 23.56 82 131.27 9.874084548128204e-11
3 23.56 83 132.86 5.468572010603014e-11
3 23.56 84 134.69 4.315590477775016e-9
3 23.56 85 134.69 5.440239352426617e-9
3 23.56 86 134.7 2.688179050173787e-25
3 23.56 87 135.67 7.660121494457972e-9
3 23.56 88 135.67 2.9726410838692416e-9
3 23.56 89 135.67 1.069425567024903e-24
3 23.56 90 137.01 3.208648132800199e-5
3 23.56 91 137.01 3.2090260709439144e-5
3 23.56 92 137.01 5.882859098241993e-20
3 23.56 93 145.13 8.252079498169984e-6
3 23.56 94 145.13 5.858476353040666e-20
3 23.56 95 145.13 8.249401870119213e-6
3 23.56 96 146.6 1.175913707937074e-20
3 23.56 97 146.6 3.845327978938831e-6
3 23.56 98 146.6 3.8426685140443434e-6
3 23.56 99 147.85 5.473426720955834e-15
3 23.56 100 148.26 9.474417953310722e-7
4 39.7 4 0.0 5.7416376292338976e-11
4 39.7 5 0.0 3.499176226725743e-23
4 39.7 6 0.0 1.9425418517503918e-10
4 39.7 7 26.87 1.9602816340020422e-11
4 39.7 8 26.87 1.8343886813512318e-11
4 39.7 9 26.87 1.324117858972513e-20
4 39.7 10 29.71 3.332364057455484e-8
4 39.7 11 29.71 1.9803004615363844e-11
4 39.7 12 41.36 1.0811246485860538e-9
4 39.7 13 42.43 1.900471870905678e-9
4 39.7 14 42.43 2.082702254351957e-9
4 39.7 15 42.43 6.896785733349356e-22
4 39.7 16 49.56 0.03652957935282297
4 39.7 17 49.56 0.014082247194519839
4 39.7 18 50.15 1.509153971871771e-14
4 39.7 19 50.15 0.035946709264326464
4 39.7 20 50.15 0.03594719545438596
4 39.7 21 50.86 1.0137401607752024e-6
4 39.7 22 50.86 6.667314232238945e-7
4 39.7 23 52.71 8.319985018468991e-12
4 39.7 24 52.71 3.006603546422145e-10
4 39.7 25 52.71 2.35651760740234e-20
4 39.7 26 56.17 1.9273007737863623e-16
4 39.7 27 56.17 0.00043359144640361377
4 39.7 28 56.17 0.00043365908742892123
4 39.7 29 58.42 0.013209974601626574
4 39.7 30 76.73 9.304928916956996e-5
4 39.7 31 76.73 9.307007580398824e-5
4 39.7 32 76.73 3.943532991823392e-17
4 39.7 33 76.77 1.2168194271500988e-11
4 39.7 34 78.54 1.314297814074942e-5
4 39.7 35 78.54 1.3159815843648758e-5
4 39.7 36 78.54 4.309940153133219e-18
4 39.7 37 88.56 9.656183330125995e-16
4 39.7 38 88.56 0.0019301206954316227
4 39.7 39 88.56 0.001929835402213471
4 39.7 40 89.31 0.024972189186780885
4 39.7 41 89.31 0.020929787858410417
4 39.7 42 89.49 1.865653774878702e-14
4 39.7 43 89.49 0.04550041352326731
4 39.7 44 89.49 0.04549748000413913
4 39.7 45 96.24 1.0993100393214872e-13
4 39.7 46 96.24 0.04656146726132017
4 39.7 47 96.24 0.04656399224744597
4 39.7 48 97.2 0.07107572696992934
4 39.7 49 97.2 0.014663116180258845
4 39.7 50 99.49 1.6685329761043428e-10
4 39.7 51 100.32 2.2346865772546353e-15
4 39.7 52 100.32 0.005573120925001848
4 39.7 53 100.32 0.005573528856353544
4 39.7 54 100.92 1.1747866647667006e-17
4 39.7 55 100.92 2.8703184802850434e-5
4 39.7 56 100.92 2.8616192777313425e-5
4 39.7 57 103.86 1.0147936301162443e-9
4 39.7 58 103.86 5.5051291206399795e-9
4 39.7 59 103.86 8.523998636340399e-21
4 39.7 60 105.68 1.0955189931864589e-8
4 39.7 61 105.68 4.1263485217485314e-10
4 39.7 62 105.68 3.829898095167143e-20
4 39.7 63 106.36 0.00011523682269410675
4 39.7 64 106.36 0.00011514058553317328
4 39.7 65 106.36 4.7426268584943213e-17
4 39.7 66 106.64 1.5036231099282913e-10
4 39.7 67 112.41 5.131386213003313e-9
4 39.7 68 112.41 9.178754316111159e-9
4 39.7 69 112.41 5.2916183851470735e-20
4 39.7 70 113.52 1.9449090919770973e-9
4 39.7 71 113.52 2.337162349906677e-10
4 39.7 72 113.52 2.519468777139303e-19
4 39.7 73 113.99 0.01831276547071412
4 39.7 74 113.99 7.504576582848541e-15
4 39.7 75 113.99 0.018317065173512462
4 39.7 76 114.6 2.9671635901693155e-6
4 39.7 77 114.6 7.458588244930814e-10
4 39.7 78 115.11 0.00027449547470531166
4 39.7 79 115.11 1.1418212751655651e-16
4 39.7 80 115.11 0.00027396457151618065
4 39.7 81 115.13 0.018899954097538495
4 39.7 82 115.13 0.000588656623177847
4 39.7 83 116.73 7.176883510807118e-11
4 39.7 84 118.56 0.0005032114457578322
4 39.7 85 118.56 1.9627056200953999e-16
4 39.7 86 118.56 0.000503383631122022
4 39.7 87 119.53 3.3480575719645428e-18
4 39.7 88 119.53 8.596124685812788e-6
4 39.7 89 119.53 8.607310110620752e-6
4 39.7 90 120.88 9.30009830124215e-23
4 39.7 91 120.88 1.0906362217026866e-10
4 39.7 92 120.88 2.7872101027420716e-10
4 39.7 93 129.0 2.3554166853728926e-23
4 39.7 94 129.0 1.0376987371709906e-9
4 39.7 95 129.0 1.619830775638731e-11
4 39.7 96 130.46 4.2082334135319003e-10
4 39.7 97 130.46 8.914411686574555e-21
4 39.7 98 130.46 1.6918532748973247e-9
4 39.7 99 131.71 1.457199800836597e-8
4 39.7 100 132.12 2.417438107960104e-13
5 39.7 5 0.0 6.768622107837995e-11
5 39.7 6 0.0 5.3301670787403666e-12
5 39.7 7 26.87 5.836319864500537e-24
5 39.7 8 26.87 8.742888105727714e-12
5 39.7 9 26.87 2.5177927179457723e-8
5 39.7 10 29.71 2.3230318559355557e-8
5 39.7 11 29.71 5.4010555854195674e-14
5 39.7 12 41.36 1.354395704318528e-9
5 39.7 13 42.43 2.838831665354448e-22
5 39.7 14 42.43 9.185434779471406e-15
5 39.7 15 42.43 1.8335387975719469e-9
5 39.7 16 49.56 5.1980617781225665e-5
5 39.7 17 49.56 0.0505585724029257
5 39.7 18 50.15 0.03594788961441112
5 39.7 19 50.15 0.035946662052521415
5 39.7 20 50.15 5.042595437747628e-15
5 39.7 21 50.86 9.922510659900782e-7
5 39.7 22 50.86 6.612911907405536e-7
5 39.7 23 52.71 7.382626970501896e-24
5 39.7 24 52.71 7.492149777605917e-12
5 39.7 25 52.71 5.4431658780682816e-8
5 39.7 26 56.17 0.0004337202772399405
5 39.7 27 56.17 0.00043381056984047366
5 39.7 28 56.17 6.387354645667127e-17
5 39.7 29 58.42 0.013209646699681145
5 39.7 30 76.73 1.3381499258158312e-17
5 39.7 31 76.73 9.309198136104513e-5
5 39.7 32 76.73 9.310327039274013e-5
5 39.7 33 76.77 4.2798486527224593e-13
5 39.7 34 78.54 1.494654889914459e-18
5 39.7 35 78.54 1.311227547488756e-5
5 39.7 36 78.54 1.311356389885628e-5
5 39.7 37 88.56 0.0019364338623524566
5 39.7 38 88.56 0.0019329170767498456
5 39.7 39 88.56 2.9640900361925015e-16
5 39.7 40 89.31 0.00214121608879206
5 39.7 41 89.31 0.04375929500480816
5 39.7 42 89.49 0.04549491467025545
5 39.7 43 89.49 0.045497713330866295
5 39.7 44 89.49 7.027865304621105e-15
5 39.7 45 96.24 0.046559938456488675
5 39.7 46 96.24 0.04656165380678927
5 39.7 47 96.24 6.78055574961787e-15
5 39.7 48 97.2 0.0008083880218690844
5 39.7 49 97.2 0.08493188461913492
5 39.7 50 99.49 7.421353036714957e-12
5 39.7 51 100.32 0.00557332729490995
5 39.7 52 100.32 0.005573000830083249
5 39.7 53 100.32 6.297207197300001e-16
5 39.7 54 100.92 2.8975823143918834e-5
5 39.7 55 100.92 2.858448227219735e-5
5 39.7 56 100.92 4.0149754377607376e-18
5 39.7 57 103.86 3.617879228864874e-22
5 39.7 58 103.86 1.1472429714387026e-8
5 39.7 59 103.86 1.2569893525031136e-8
5 39.7 60 105.68 1.252162456611497e-21
5 39.7 61 105.68 1.4653846315178383e-9
5 39.7 62 105.68 3.7656041032866e-8
5 39.7 63 106.36 0.00011492910172843393
5 39.7 64 106.36 1.6688991741283762e-17
5 39.7 65 106.36 0.00011513210890274717
5 39.7 66 106.64 2.0138524085665423e-7
5 39.7 67 112.41 5.055146431848008e-10
5 39.7 68 112.41 1.3396180421489998e-21
5 39.7 69 112.41 1.9007513547215708e-7
5 39.7 70 113.52 1.7369712333703787e-11
5 39.7 71 113.52 5.436773715780883e-22
5 39.7 72 113.52 5.272363700011525e-7
5 39.7 73 113.99 0.01831294878016506
5 39.7 74 113.99 0.018315374608542507
5 39.7 75 113.99 2.5958084525722787e-15
5 39.7 76 114.6 3.4441282877366175e-6
5 39.7 77 114.6 6.619418317931262e-8
5 39.7 78 115.11 0.0002737257761503553
5 39.7 79 115.11 0.00027425404122384534
5 39.7 80 115.11 3.793821426379488e-17
5 39.7 81 115.13 0.0022779515806553583
5 39.7 82 115.13 0.017211183260397167
5 39.7 83 116.73 1.662155369657065e-11
5 39.7 84 118.56 0.0005033797988015505
5 39.7 85 118.56 0.0005032149516614806
5 39.7 86 118.56 6.949966686996259e-17
5 39.7 87 119.53 8.573176285887915e-6
5 39.7 88 119.53 8.57096972917165e-6
5 39.7 89 119.53 1.1711284820674988e-18
5 39.7 90 120.88 3.162465757569356e-10
5 39.7 91 120.88 4.772888254722092e-10
5 39.7 92 120.88 4.8065922981406896e-23
5 39.7 93 129.0 3.015878465604008e-11
5 39.7 94 129.0 1.198231430614538e-22
5 39.7 95 129.0 1.447295173695092e-9
5 39.7 96 130.46 8.675761140805456e-23
5 39.7 97 130.46 6.033734590352674e-8
5 39.7 98 130.46 7.327128590471237e-10
5 39.7 99 131.71 7.60680217286355e-8
5 39.7 100 132.12 2.514145171493517e-10
6 39.7 6 0.0 1.2845594864982487e-10
6 39.7 7 26.86 1.674454528572162e-12
6 39.7 8 26.87 1.219976231183204e-11
6 39.7 9 26.87 3.5059464715626564e-8
6 39.7 10 29.71 1.0306734797489686e-20
6 39.7 11 29.71 5.8036890271948974e-24
6 39.7 12 41.36 3.502110352832245e-22
6 39.7 13 42.43 1.8702351227677886e-9
6 39.7 14 42.43 2.0570487974639164e-9
6 39.7 15 42.43 1.5584964369978299e-9
6 39.7 16 49.56 0.03933772443472525
6 39.7 17 49.56 0.01127425573418241
6 39.7 18 50.15 0.03594806233422758
6 39.7 19 50.15 1.1854147604754951e-14
6 39.7 20 50.15 0.035947220830185644
6 39.7 21 50.86 3.209206454204086e-19
6 39.7 22 50.86 2.1158374160766932e-19
6 39.7 23 52.71 5.65774430369936e-11
6 39.7 24 52.71 9.966638928929389e-11
6 39.7 25 52.71 5.894309745073828e-8
6 39.7 26 56.17 0.000433659747236002
6 39.7 27 56.17 1.4430743764913414e-16
6 39.7 28 56.17 0.00043376096497842247
6 39.7 29 58.42 0.013209945223810787
6 39.7 30 76.73 9.304445927582273e-5
6 39.7 31 76.73 3.091128859708251e-17
6 39.7 32 76.73 9.308664081586974e-5
6 39.7 33 76.77 1.1881354483097148e-11
6 39.7 34 78.54 1.313721466558467e-5
6 39.7 35 78.54 3.3110725255944715e-18
6 39.7 36 78.54 1.316123457909001e-5
6 39.7 37 88.56 0.001926586014225544
6 39.7 38 88.56 7.851058025872004e-16
6 39.7 39 88.56 0.0019331541571064163
6 39.7 40 89.31 0.04173844727966049
6 39.7 41 89.31 0.004162249238836841
6 39.7 42 89.49 0.04550410472970749
6 39.7 43 89.49 1.5286245620281407e-14
6 39.7 44 89.49 0.04549454675653018
6 39.7 45 96.24 0.04656068761545075
6 39.7 46 96.24 1.111248437196747e-13
6 39.7 47 96.24 0.04656372135663401
6 39.7 48 97.2 0.05672425835852874
6 39.7 49 97.2 0.02901547521180454
6 39.7 50 99.49 2.585788294382289e-10
6 39.7 51 100.32 0.005573907181973259
6 39.7 52 100.32 1.6172350648129788e-15
6 39.7 53 100.32 0.005573516750542099
6 39.7 54 100.92 2.8311138006996897e-5
6 39.7 55 100.92 9.1802170755393e-18
6 39.7 56 100.92 2.868834752921709e-5
6 39.7 57 103.86 7.792669389454451e-9
6 39.7 58 103.86 4.6157644151209866e-11
6 39.7 59 103.86 2.3855633773453638e-8
6 39.7 60 105.68 1.0043307725043247e-11
6 39.7 61 105.68 2.882095487202378e-9
6 39.7 62 105.68 1.134760651443091e-7
6 39.7 63 106.36 3.771792330554404e-17
6 39.7 64 106.36 0.00011514326750280141
6 39.7 65 106.36 0.0001151398605635724
6 39.7 66 106.64 5.321529518137667e-21
6 39.7 67 112.41 9.507893659520435e-9
6 39.7 68 112.41 1.0030105460157286e-8
6 39.7 69 112.41 1.0865454933167401e-7
6 39.7 70 113.52 1.235800282454958e-9
6 39.7 71 113.52 2.560529934780031e-10
6 39.7 72 113.52 6.496289531779618e-7
6 39.7 73 113.99 5.817994481063548e-15
6 39.7 74 113.99 0.018315518936082294
6 39.7 75 113.99 0.018316863033125373
6 39.7 76 114.6 9.540771183731955e-19
6 39.7 77 114.6 1.949096561557696e-21
6 39.7 78 115.11 8.939931034518641e-17
6 39.7 79 115.11 0.00027397821147750914
6 39.7 80 115.11 0.00027430348725185024
6 39.7 81 115.13 0.008054954036933645
6 39.7 82 115.13 0.011433852034527783
6 39.7 83 116.73 2.0782174557884047e-11
6 39.7 84 118.56 1.5078680274952892e-16
6 39.7 85 118.56 0.0005033929761692372
6 39.7 86 118.56 0.0005031595561083245
6 39.7 87 119.53 8.60560755197668e-6
6 39.7 88 119.53 2.5402493920565407e-18
6 39.7 89 119.53 8.595900060091506e-6
6 39.7 90 120.88 1.9570248892067557e-10
6 39.7 91 120.88 1.494485291621898e-9
6 39.7 92 120.88 5.294985439046828e-10
6 39.7 93 129.0 6.506973328154352e-11
6 39.7 94 129.0 8.158222768936524e-11
6 39.7 95 129.0 1.2623642007156546e-9
6 39.7 96 130.46 1.5469130393183216e-9
6 39.7 97 130.46 7.841068063689457e-9
6 39.7 98 130.46 1.6917547261514956e-10
6 39.7 99 131.71 6.2315353936040754e-21
6 39.7 100 132.12 8.958285213123493e-10
7 66.56 7 0.0 3.9132309772112155e-9
7 66.56 8 0.0 3.853509755760243e-9
7 66.56 9 0.0 2.1094629531759043e-24
7 66.56 10 2.85 1.023528683832609e-8
7 66.56 11 2.85 5.029601740919191e-12
7 66.56 12 14.49 7.678944217460072e-10
7 66.56 13 15.56 2.864220027907598e-10
7 66.56 14 15.56 4.3827253589362234e-10
7 66.56 15 15.56 3.9224123791178435e-23
7 66.56 16 22.7 0.03981316003060859
7 66.56 17 22.7 0.10326353403133692
7 66.56 18 23.28 1.425691115481158e-16
7 66.56 19 23.28 0.043143428872798026
7 66.56 20 23.28 0.04314327245895229
7 66.56 21 23.99 1.463910864262417e-6
7 66.56 22 24.0 9.547354152730548e-7
7 66.56 23 25.84 3.1171120383217496e-9
7 66.56 24 25.84 1.5978886737672798e-9
7 66.56 25 25.84 1.3606084674418246e-22
7 66.56 26 29.31 1.8856375819437837e-17
7 66.56 27 29.31 0.026887708303526058
7 66.56 28 29.31 0.026888352163469298
7 66.56 29 31.55 3.390244404922924e-13
7 66.56 30 49.86 0.061156894009133766
7 66.56 31 49.86 0.06114911812734395
7 66.56 32 49.86 3.8502914072294314e-17
7 66.56 33 49.9 0.07741607854960403
7 66.56 34 51.67 0.0405082265800527
7 66.56 35 51.67 0.04051271708382147
7 66.56 36 51.67 2.17113154754722e-16
7 66.56 37 61.69 7.962443980270725e-18
7 66.56 38 61.69 0.0014162555627118096
7 66.56 39 61.69 0.001416288063919971
7 66.56 40 62.44 0.01064239287274128
7 66.56 41 62.44 0.012697249976281109
7 66.56 42 62.62 1.0945645853626482e-17
7 66.56 43 62.62 0.011002584919586588
7 66.56 44 62.62 0.011002464263904171
7 66.56 45 69.37 1.714392913892977e-14
7 66.56 46 69.37 0.017404897878347154
7 66.56 47 69.37 0.01740443064860483
7 66.56 48 70.33 0.004111606795246968
7 66.56 49 70.33 0.01992798007147286
7 66.56 50 72.62 0.016446785485447882
7 66.56 51 73.46 5.03929846253175e-18
7 66.56 52 73.46 0.00816622022425223
7 66.56 53 73.46 0.008164837523910277
7 66.56 54 74.05 1.2036831928011754e-17
7 66.56 55 74.05 0.010911244471738748
7 66.56 56 74.05 0.010911677295124522
7 66.56 57 76.99 2.22006226403654e-9
7 66.56 58 76.99 8.16619550145262e-9
7 66.56 59 76.99 2.0878681358044396e-23
7 66.56 60 78.81 1.7158280160009118e-11
7 66.56 61 78.81 1.2571565590405721e-10
7 66.56 62 78.81 6.892061734490772e-24
7 66.56 63 79.49 9.300474409863951e-5
7 66.56 64 79.49 9.305261810326333e-5
7 66.56 65 79.49 8.974551255210204e-21
7 66.56 66 79.77 4.0851467171213654e-8
7 66.56 67 85.55 3.6791397115675564e-9
7 66.56 68 85.55 2.119121754952027e-9
7 66.56 69 85.55 3.687279515441377e-24
7 66.56 70 86.66 1.0104292938171864e-9
7 66.56 71 86.66 1.3978163795518073e-9
7 66.56 72 86.66 2.391002626387178e-23
7 66.56 73 87.12 0.0030905238657911137
7 66.56 74 87.12 3.6546018587485773e-19
7 66.56 75 87.12 0.003090743776863028
7 66.56 76 87.73 7.045869451798189e-7
7 66.56 77 87.73 5.875547591697194e-8
7 66.56 78 88.25 0.0007241173760613827
7 66.56 79 88.25 1.0747059567746974e-19
7 66.56 80 88.25 0.0007241933366218272
7 66.56 81 88.27 0.00031109057990015993
7 66.56 82 88.27 0.009986611345608468
7 66.56 83 89.86 0.007112008264705232
7 66.56 84 91.7 0.003561181154286039
7 66.56 85 91.7 1.8160764556576646e-18
7 66.56 86 91.7 0.003560465681267213
7 66.56 87 92.67 3.315903980403978e-18
7 66.56 88 92.67 0.006850022289641819
7 66.56 89 92.67 0.006850171939167197
7 66.56 90 94.02 1.023574188105624e-23
7 66.56 91 94.02 1.3841891416791661e-9
7 66.56 92 94.02 3.169285939541618e-8
7 66.56 93 102.13 1.9257155520614933e-24
7 66.56 94 102.13 2.2099839376964773e-12
7 66.56 95 102.13 2.4222000176738425e-10
7 66.56 96 103.6 1.6718809369530687e-12
7 66.56 97 103.6 6.864595823575478e-24
7 66.56 98 103.6 5.7566995784476475e-11
7 66.56 99 104.85 1.8295932481472688e-9
7 66.56 100 105.26 4.4173139380882124e-10
8 66.56 8 0.0 3.0402696595607055e-9
8 66.56 9 0.0 1.0007924886729838e-8
8 66.56 10 2.85 3.1409847397360944e-25
8 66.56 11 2.85 4.40189198646137e-24
8 66.56 12 14.49 1.3849815681025895e-22
8 66.56 13 15.56 5.307407880670563e-10
8 66.56 14 15.56 3.4586647321333287e-10
8 66.56 15 15.56 8.803920514609988e-10
8 66.56 16 22.7 0.03187556741926446
8 66.56 17 22.7 0.11120080266420546
8 66.56 18 23.28 0.043145171884741804
8 66.56 19 23.28 1.8676526150795312e-16
8 66.56 20 23.28 0.043142809399389956
8 66.56 21 23.99 4.266028783778537e-22
8 66.56 22 23.99 7.558839792121097e-22
8 66.56 23 25.84 1.6556414837987702e-9
8 66.56 24 25.84 1.1116142787697189e-9
8 66.56 25 25.84 1.560001241212901e-7
8 66.56 26 29.31 0.026888270364772985
8 66.56 27 29.31 9.416030946216037e-18
8 66.56 28 29.31 0.026889125772351957
8 66.56 29 31.55 5.475329726919092e-14
8 66.56 30 49.86 0.061157515437480436
8 66.56 31 49.86 7.479122603211141e-17
8 66.56 32 49.86 0.06115116768475848
8 66.56 33 49.9 0.077416340454346
8 66.56 34 51.67 0.04050829604364871
8 66.56 35 51.67 1.8938871565291033e-16
8 66.56 36 51.67 0.04051110000676154
8 66.56 37 61.69 0.0014150190918970934
8 66.56 38 61.69 1.085997972599468e-17
8 66.56 39 61.69 0.0014174311879446742
8 66.56 40 62.44 0.0021168139313731153
8 66.56 41 62.44 0.0212224581335922
8 66.56 42 62.62 0.011004443105775155
8 66.56 43 62.62 5.636607477944302e-17
8 66.56 44 62.62 0.011001068237221474
8 66.56 45 69.37 0.0174056760495983
8 66.56 46 69.37 1.880542331084467e-14
8 66.56 47 69.37 0.01740371600003512
8 66.56 48 70.33 0.008136045503156459
8 66.56 49 70.33 0.01590339757264951
8 66.56 50 72.62 0.016447287809952277
8 66.56 51 73.46 0.008156337233319377
8 66.56 52 73.46 6.226558258791855e-17
8 66.56 53 73.46 0.008164044428263757
8 66.56 54 74.05 0.010919500371198347
8 66.56 55 74.05 1.1727365149879265e-17
8 66.56 56 74.05 0.010913170929987087
8 66.56 57 76.99 1.6657534962061446e-9
8 66.56 58 76.99 2.378411012328465e-13
8 66.56 59 76.99 1.1714880028014135e-8
8 66.56 60 78.81 3.799996649149424e-9
8 66.56 61 78.81 1.7853262216190662e-9
8 66.56 62 78.81 3.3940249807290093e-9
8 66.56 63 79.49 2.3097823480217494e-19
8 66.56 64 79.49 9.307187822027212e-5
8 66.56 65 79.49 9.303662606560831e-5
8 66.56 66 79.77 2.5304704011536354e-23
8 66.56 67 85.55 3.430087440620848e-10
8 66.56 68 85.55 3.2946286381128217e-9
8 66.56 69 85.55 4.924371218128442e-9
8 66.56 70 86.66 1.2381321819939961e-9
8 66.56 71 86.66 1.222091354183851e-9
8 66.56 72 86.66 5.710442870672561e-8
8 66.56 73 87.12 1.8343680642291464e-18
8 66.56 74 87.12 0.0030904447638811236
8 66.56 75 87.12 0.003090946677649326
8 66.56 76 87.73 2.0189624065841316e-22
8 66.56 77 87.73 8.183462605708318e-23
8 66.56 78 88.25 4.2580195738627188e-19
8 66.56 79 88.25 0.0007244531955447822
8 66.56 80 88.25 0.0007238329520139583
8 66.56 81 88.27 0.0060418917011032785
8 66.56 82 88.27 0.00425657521438274
8 66.56 83 89.86 0.007111244303470103
8 66.56 84 91.7 2.5618665035137224e-18
8 66.56 85 91.7 0.003561518963010844
8 66.56 86 91.7 0.003559382949916946
8 66.56 87 92.67 0.00685008039110506
8 66.56 88 92.67 7.459650458013575e-18
8 66.56 89 92.67 0.006851436114833125
8 66.56 90 94.02 2.3068540543754086e-8
8 66.56 91 94.02 3.394685778760955e-9
8 66.56 92 94.02 1.527219627880367e-8
8 66.56 93 102.13 1.5349067211278477e-11
8 66.56 94 102.13 1.443379713790373e-10
8 66.56 95 102.13 3.710191732783154e-10
8 66.56 96 103.6 3.3466209244546075e-10
8 66.56 97 103.6 9.815411490978173e-10
8 66.56 98 103.6 4.0670239782844667e-10
8 66.56 99 104.85 3.5159360302819514e-25
8 66.56 100 105.26 9.126810107480239e-11
9 66.56 9 0.0 2.2398868537120284e-10
9 66.56 10 2.85 4.878084772663114e-10
9 66.56 11 2.85 9.669132208969468e-9
9 66.56 12 14.49 2.9739413584156224e-7
9 66.56 13 15.56 1.9406861592174422e-22
9 66.56 14 15.56 4.14809227178179e-9
9 66.56 15 15.56 3.929257608647236e-7
9 66.56 16 22.7 0.14292361238630585
9 66.56 17 22.7 0.00014689791881589335
9 66.56 18 23.28 0.04314296639296512
9 66.56 19 23.28 0.04313850125929327
9 66.56 20 23.28 2.90805130787311e-17
9 66.56 21 23.99 9.103887406263867e-7
9 66.56 22 23.99 1.6863349785974306e-6
9 66.56 23 25.84 9.042138684154271e-24
9 66.56 24 25.84 4.6368328800248897e-10
9 66.56 25 25.84 1.9403598808050817e-7
9 66.56 26 29.31 0.02688783379778377
9 66.56 27 29.31 0.026887058021929946
9 66.56 28 29.31 1.1090500999041698e-17
9 66.56 29 31.55 1.8759385183203757e-12
9 66.56 30 49.86 4.0002207156358526e-17
9 66.56 31 49.86 0.061166672259418346
9 66.56 32 49.86 0.06116288833989871
9 66.56 33 49.9 0.07742122984771425
9 66.56 34 51.67 6.26461466017957e-17
9 66.56 35 51.67 0.04050369193309081
9 66.56 36 51.67 0.04050454312669269
9 66.56 37 61.69 0.0014181747520090437
9 66.56 38 61.69 0.0014167619342727391
9 66.56 39 61.69 4.5469333395223895e-18
9 66.56 40 62.44 0.022249297533346955
9 66.56 41 62.44 0.001088734258829929
9 66.56 42 62.62 0.010998912146853942
9 66.56 43 62.62 0.010999758227943527
9 66.56 44 62.62 4.5964414778432076e-17
9 66.56 45 69.37 0.017405202030360393
9 66.56 46 69.37 0.01740430194708311
9 66.56 47 69.37 2.69291620737426e-17
9 66.56 48 70.33 0.023810437518374705
9 66.56 49 70.33 0.0002265798692834728
9 66.56 50 72.62 0.016450028522066215
9 66.56 51 73.46 0.008170210397080605
9 66.56 52 73.46 0.008162497461621952
9 66.56 53 73.46 8.643814815805017e-17
9 66.56 54 74.05 0.010905890956446963
9 66.56 55 74.05 0.01091430648357849
9 66.56 56 74.05 6.560320815640383e-18
9 66.56 57 76.99 4.3033385749493774e-24
9 66.56 58 76.99 4.084640355361191e-9
9 66.56 59 76.99 2.248656008875132e-7
9 66.56 60 78.81 3.497066459359882e-24
9 66.56 61 78.81 6.067461680205855e-9
9 66.56 62 78.81 5.968811328869595e-9
9 66.56 63 79.49 9.305982132178853e-5
9 66.56 64 79.49 2.4371472187140732e-19
9 66.56 65 79.49 9.315620993724127e-5
9 66.56 66 79.77 5.306710313330245e-8
9 66.56 67 85.55 9.02003142498858e-9
9 66.56 68 85.55 6.802517635636457e-23
9 66.56 69 85.55 2.7829248247765866e-8
9 66.56 70 86.66 4.163925084811397e-9
9 66.56 71 86.66 1.6390556833090465e-22
9 66.56 72 86.66 2.639575222170249e-7
9 66.56 73 87.12 0.0030898090434132303
9 66.56 74 87.12 0.0030905095601339388
9 66.56 75 87.12 2.2241964969151358e-18
9 66.56 76 87.73 4.2387852232580264e-7
9 66.56 77 87.73 1.745888876501911e-7
9 66.56 78 88.25 0.0007241108610787472
9 66.56 79 88.25 0.0007240839593153409
9 66.56 80 88.25 4.791666893562872e-19
9 66.56 81 88.27 0.009093511491676528
9 66.56 82 88.27 0.001203670800669282
9 66.56 83 89.86 0.0071130964672655485
9 66.56 84 91.7 0.003558667325555209
9 66.56 85 91.7 0.003558625214878542
9 66.56 86 91.7 1.5423203858019141e-18
9 66.56 87 92.67 0.006852710551822197
9 66.56 88 92.67 0.0068523194852334
9 66.56 89 92.67 4.788717928457581e-18
9 66.56 90 94.02 6.759323058535027e-8
9 66.56 91 94.02 5.754226547604169e-9
9 66.56 92 94.02 1.615751850939247e-23
9 66.56 93 102.13 2.1746808702078758e-8
9 66.56 94 102.13 1.1344740408251789e-24
9 66.56 95 102.13 3.0620788091342166e-12
9 66.56 96 103.6 1.6373821888889953e-25
9 66.56 97 103.6 1.648193504870999e-12
9 66.56 98 103.6 7.002422456173992e-11
9 66.56 99 104.85 7.456187151526894e-10
9 66.56 100 105.26 8.642002095662999e-10
10 69.41 10 0.0 7.080718955644915e-10
10 69.41 11 0.0 7.215074776909612e-9
10 69.41 12 11.64 2.2202408316812163e-7
10 69.41 13 12.72 2.4983395595730073e-9
10 69.41 14 12.72 1.1128389422392494e-21
10 69.41 15 12.72 3.1493561061059963e-7
10 69.41 16 19.85 1.9167616753288138e-24
10 69.41 17 19.85 3.011029574919743e-25
10 69.41 18 20.44 0.02684159074796323
10 69.41 19 20.44 0.03909327673813694
10 69.41 20 20.44 0.13071983929639078
10 69.41 21 21.15 2.0772906514005514e-6
10 69.41 22 21.15 6.408468938173013e-7
10 69.41 23 23.0 4.4955455276163074e-11
10 69.41 24 23.0 1.0205189905681e-20
10 69.41 25 23.0 1.390479820130136e-7
10 69.41 26 26.46 0.020502782062944976
10 69.41 27 26.46 0.01809394808185051
10 69.41 28 26.46 7.53007323667031e-5
10 69.41 29 28.71 1.2883933378501664e-26
10 69.41 30 47.02 0.09007673982632185
10 69.41 31 47.02 0.02694704757994639
10 69.41 32 47.02 0.018499529844231484
10 69.41 33 47.06 1.8078621319666827e-22
10 69.41 34 48.82 0.0004031446329584705
10 69.41 35 48.83 0.09687149458672469
10 69.41 36 48.83 0.10977775082725395
10 69.41 37 58.85 0.004852753398276611
10 69.41 38 58.85 0.0042825882972278755
10 69.41 39 58.85 1.777406965535345e-5
10 69.41 40 59.6 1.4765521301678704e-26
10 69.41 41 59.6 1.755373819832355e-26
10 69.41 42 59.78 0.001781043055892401
10 69.41 43 59.78 0.0025930331141699103
10 69.41 44 59.78 0.008667217771720071
10 69.41 45 66.53 0.0014234524897834308
10 69.41 46 66.53 0.002073703166742934
10 69.41 47 66.53 0.0069327203381377
10 69.41 48 67.49 1.339152982639473e-26
10 69.41 49 67.49 2.1391839684791818e-25
10 69.41 50 69.77 4.066324614510051e-25
10 69.41 51 70.61 0.00901037682075046
10 69.41 52 70.61 0.013104861901970867
10 69.41 53 70.61 0.04382913010388057
10 69.41 54 71.21 0.024784169902607674
10 69.41 55 71.21 0.021883964477463654
10 69.41 56 71.21 9.112596907748958e-5
10 69.41 57 74.15 1.4577334087309525e-9
10 69.41 58 74.15 1.510690601192237e-23
10 69.41 59 74.15 2.6697960442417204e-7
10 69.41 60 75.97 5.421428843074004e-9
10 69.41 61 75.97 1.2588812535590746e-20
10 69.41 62 75.97 2.620518757945105e-7
10 69.41 63 76.65 0.0015492994818683404
10 69.41 64 76.65 6.451297535850532e-6
10 69.41 65 76.65 0.0017560602311816474
10 69.41 66 76.93 6.298953756591931e-7
10 69.41 67 82.7 7.375337355534979e-23
10 69.41 68 82.7 1.069264512383248e-8
10 69.41 69 82.7 3.382539154622095e-8
10 69.41 70 83.81 5.581941721367203e-25
10 69.41 71 83.81 7.694142335828157e-10
10 69.41 72 83.81 7.247404926961155e-9
10 69.41 73 84.28 0.004128570830039745
10 69.41 74 84.28 0.002834200829093233
10 69.41 75 84.28 0.013804219808666795
10 69.41 76 84.89 1.3699148856501159e-6
10 69.41 77 84.89 9.21299401833091e-7
10 69.41 78 85.4 0.0072799568831716545
10 69.41 79 85.4 0.008252279413272275
10 69.41 80 85.4 3.032636069937954e-5
10 69.41 81 85.42 5.71475550098296e-23
10 69.41 82 85.42 3.9301790696861476e-24
10 69.41 83 87.01 5.122316730767553e-27
10 69.41 84 88.85 0.0008714551440354273
10 69.41 85 88.85 0.0009877313916973672
10 69.41 86 88.85 3.617119802294737e-6
10 69.41 87 89.82 0.0018973235357122266
10 69.41 88 89.82 0.0027632288368083188
10 69.41 89 89.82 0.009238452739651116
10 69.41 90 91.17 1.9554836114066257e-8
10 69.41 91 91.17 2.187654365303998e-24
10 69.41 92 91.17 3.5125558503698106e-8
10 69.41 93 99.29 1.8220624615953393e-8
10 69.41 94 99.29 1.0068114895173548e-11
10 69.41 95 99.29 8.297611537085797e-25
10 69.41 96 100.75 2.0633355687431145e-11
10 69.41 97 100.75 4.5102383525650815e-9
10 69.41 98 100.75 5.647596703838752e-22
10 69.41 99 102.0 5.324393350644551e-9
10 69.41 100 102.41 1.4085090635190615e-25
11 69.41 11 0.0 5.147787399339938e-10
11 69.41 12 11.64 3.96904560014753e-9
11 69.41 13 12.72 1.0892560863064482e-11
11 69.41 14 12.72 1.3722593323239393e-24
11 69.41 15 12.72 3.515189198683798e-10
11 69.41 16 19.85 1.5187103672154586e-24
11 69.41 17 19.85 1.945272670411151e-25
11 69.41 18 20.44 0.1042626485016759
11 69.41 19 20.44 0.09200303866184956
11 69.41 20 20.44 0.0003829423200866149
11 69.41 21 21.15 3.3844106728937908e-6
11 69.41 22 21.15 2.5042388010377795e-6
11 69.41 23 23.0 1.9212195331549937e-10
11 69.41 24 23.0 4.344351255854704e-20
11 69.41 25 23.0 5.933204826100108e-7
11 69.41 26 26.46 0.00527713589777112
11 69.41 27 26.46 0.007686317839092618
11 69.41 28 26.46 0.02570371115004867
11 69.41 29 28.71 3.226117976545939e-27
11 69.41 30 47.02 0.0002638531140362619
11 69.41 31 47.02 0.06339316840701498
11 69.41 32 47.02 0.07184126568527414
11 69.41 33 47.05 3.5355273164340604e-22
11 69.41 34 48.82 0.13764606180262895
11 69.41 35 48.82 0.04117372086178685
11 69.41 36 48.82 0.028266358149660338
11 69.41 37 58.85 0.0012511562380969354
11 69.41 38 58.85 0.0018208456485632007
11 69.41 39 58.85 0.006086689243759844
11 69.41 40 59.6 2.5868969908244506e-26
11 69.41 41 59.6 2.253439816320752e-26
11 69.41 42 59.78 0.006909923372556471
11 69.41 43 59.78 0.006098882230637293
11 69.41 44 59.78 2.532279931105476e-5
11 69.41 45 66.53 0.005529249670239049
11 69.41 46 66.53 0.0048803120853236365
11 69.41 47 66.53 2.0292365191354565e-5
11 69.41 48 67.48 4.213737836601314e-26
11 69.41 49 67.48 3.367533336042479e-26
11 69.41 50 69.77 4.0916180668909996e-25
11 69.41 51 70.61 0.034947596166010196
11 69.41 52 70.61 0.030852126430005327
11 69.41 53 70.61 0.00012847048909739954
11 69.41 54 71.21 0.006394784639576574
11 69.41 55 71.21 0.009294818152988287
11 69.41 56 71.21 0.031086883829955933
11 69.41 57 74.15 1.4390136957667896e-8
11 69.41 58 74.15 8.571519033588183e-24
11 69.41 59 74.15 2.5404406718791187e-8
11 69.41 60 75.97 4.390880029369655e-8
11 69.41 61 75.97 1.0787260687284593e-20
11 69.41 62 75.97 2.2456346355244085e-7
11 69.41 63 76.65 0.0006585835966473627
11 69.41 64 76.65 0.0022024121859994224
11 69.41 65 76.65 0.00045221754632232514
11 69.41 66 76.93 1.5212390266832062e-7
11 69.41 67 82.7 1.3570239769840598e-23
11 69.41 68 82.7 3.2495546088874397e-11
11 69.41 69 82.7 6.783137313671606e-8
11 69.41 70 83.81 2.831270944138692e-25
11 69.41 71 83.81 1.6261440725103056e-11
11 69.41 72 83.81 4.79037997790887e-7
11 69.41 73 84.28 0.009714007662720786
11 69.41 74 84.28 0.011010765534657857
11 69.41 75 84.28 4.0472639372278905e-5
11 69.41 76 84.89 1.2635245436602936e-6
11 69.41 77 84.89 8.300231787183175e-8
11 69.41 78 85.4 0.0030956111502093344
11 69.41 79 85.4 0.00212425982083038
11 69.41 80 85.4 0.010345338372751565
11 69.41 81 85.42 3.404676347568135e-23
11 69.41 82 85.42 3.765307332449652e-24
11 69.41 83 87.01 5.9290633690652345e-27
11 69.41 84 88.85 0.0003709335191112755
11 69.41 85 88.85 0.00025469726527610915
11 69.41 86 88.85 0.0012388607303996674
11 69.41 87 89.82 0.00736851070667453
11 69.41 88 89.82 0.0065021308068438505
11 69.41 89 89.82 2.702936503692844e-5
11 69.41 90 91.17 3.287293921037823e-8
11 69.41 91 91.17 2.3953010404179176e-24
11 69.41 92 91.17 2.796353901078404e-9
11 69.41 93 99.29 5.539039304049251e-10
11 69.41 94 99.29 8.908174222548853e-9
11 69.41 95 99.29 3.692774950018149e-23
11 69.41 96 100.75 6.265822485993877e-9
11 69.41 97 100.75 2.867140179011594e-9
11 69.41 98 100.75 3.5986342900393405e-22
11 69.41 99 102.0 9.70950266005925e-11
11 69.41 100 102.41 5.609672225983041e-25
12 81.05 12 0.0 1.735226135281408e-9
12 81.05 13 1.07 9.46580874369552e-11
12 81.05 14 1.07 1.4408376037659255e-23
12 81.05 15 1.07 3.947597097381779e-9
12 81.05 16 8.21 4.1778099097230225e-26
12 81.05 17 8.21 4.0167285650715413e-26
12 81.05 18 8.79 2.3379656001891664e-13
12 81.05 19 8.79 2.574757673886083e-11
12 81.05 20 8.79 4.433119270897803e-12
12 81.05 21 9.5 2.6710427250362176e-8
12 81.05 22 9.5 9.08610289681169e-8
12 81.05 23 11.35 4.089707717307782e-10
12 81.05 24 11.35 4.560901007290636e-21
12 81.05 25 11.35 6.17433488009665e-8
12 81.05 26 14.82 0.1358970127947687
12 81.05 27 14.82 0.13589545435403869
12 81.05 28 14.82 0.13589459279492744
12 81.05 29 17.06 1.5774015227875844e-25
12 81.05 30 35.37 3.0451897944290833e-12
12 81.05 31 35.37 5.1599409081424295e-11
12 81.05 32 35.37 4.555176947819578e-12
12 81.05 33 35.41 6.825070393810189e-26
12 81.05 34 37.18 0.005631960616875728
12 81.05 35 37.18 0.00563039692095249
12 81.05 36 37.18 0.005631004839641855
12 81.05 37 47.2 0.14954356068640848
12 81.05 38 47.2 0.14954394783394695
12 81.05 39 47.2 0.14954435151040862
12 81.05 40 47.95 7.560726611529942e-26
12 81.05 41 47.95 5.12438076476887e-26
12 81.05 42 48.13 8.39973139107538e-9
12 81.05 43 48.13 6.810062208035443e-10
12 81.05 44 48.13 1.0456231085354312e-9
12 81.05 45 54.88 2.4505286260561554e-11
12 81.05 46 54.88 2.638599894750122e-12
12 81.05 47 54.88 5.454919333112952e-12
12 81.05 48 55.84 1.408548136493987e-26
12 81.05 49 55.84 2.677672056668165e-26
12 81.05 50 58.13 8.258217095650586e-27
12 81.05 51 58.97 1.054701529371143e-10
12 81.05 52 58.97 2.6664260086854595e-13
12 81.05 53 58.97 7.19833794517515e-12
12 81.05 54 59.56 0.0004577825299501846
12 81.05 55 59.56 0.00045783248466083575
12 81.05 56 59.56 0.0004579349056660624
12 81.05 57 62.5 7.504429004551963e-11
12 81.05 58 62.5 5.962254374260445e-25
12 81.05 59 62.5 9.63598221160952e-9
12 81.05 60 64.32 7.129188934998535e-8
12 81.05 61 64.32 3.9719823042460156e-20
12 81.05 62 64.32 8.267688084197165e-7
12 81.05 63 65.0 0.006522000403099029
12 81.05 64 65.0 0.006524250317914446
12 81.05 65 65.0 0.006523556263057696
12 81.05 66 65.28 2.662210573033122e-6
12 81.05 67 71.06 3.3095872172978024e-24
12 81.05 68 71.06 1.3696298293968699e-10
12 81.05 69 71.06 1.2054075184739933e-8
12 81.05 70 72.17 1.4944654710188349e-25
12 81.05 71 72.17 1.855210872400574e-10
12 81.05 72 72.17 8.812393158224493e-8
12 81.05 73 72.63 5.678984676046042e-12
12 81.05 74 72.63 1.215279470371868e-11
12 81.05 75 72.63 3.330429885282533e-12
12 81.05 76 73.24 2.6040339410809676e-7
12 81.05 77 73.24 3.6428857856263107e-7
12 81.05 78 73.76 0.009140201872634646
12 81.05 79 73.76 0.009140072365184257
12 81.05 80 73.76 0.009141634999283482
12 81.05 81 73.78 7.902808742573346e-23
12 81.05 82 73.78 6.732781783024273e-24
12 81.05 83 75.37 9.03156624647798e-27
12 81.05 84 77.21 0.024359031590328834
12 81.05 85 77.21 0.024359620767242587
12 81.05 86 77.21 0.024357944537653275
12 81.05 87 78.18 2.7971228894957546e-10
12 81.05 88 78.18 2.0526108817102665e-10
12 81.05 89 78.18 3.516240948756222e-11
12 81.05 90 79.53 1.4399273061694468e-8
12 81.05 91 79.53 1.1294291490488705e-24
12 81.05 92 79.53 3.30688534758309e-9
12 81.05 93 87.64 2.6747877403491388e-9
12 81.05 94 87.64 3.2401563527494054e-8
12 81.05 95 87.64 1.3434230141554894e-22
12 81.05 96 89.11 1.9380034864752492e-8
12 81.05 97 89.11 8.405518928578541e-8
12 81.05 98 89.11 1.0533053811548544e-20
12 81.05 99 90.36 5.519099537021223e-8
12 81.05 100 90.77 1.9056693927781403e-24
13 82.12 13 0.0 1.9575679605553955e-8
13 82.12 14 0.0 1.9338747924280768e-8
13 82.12 15 0.0 8.781295641104945e-23
13 82.12 16 7.14 0.049406087174172594
13 82.12 17 7.14 0.019047528345386273
13 82.12 18 7.72 6.008462928024442e-16
13 82.12 19 7.72 0.05140909852690159
13 82.12 20 7.72 0.05141001513190326
13 82.12 21 8.43 1.9160235631804116e-6
13 82.12 22 8.43 1.2435551573208759e-6
13 82.12 23 10.28 4.2086992511218946e-11
13 82.12 24 10.28 7.497796108598542e-10
13 82.12 25 10.28 1.8139350912818764e-21
13 82.12 26 13.74 8.565260916211924e-16
13 82.12 27 13.74 0.06793837431498462
13 82.12 28 13.74 0.06793754810669597
13 82.12 29 15.99 0.14821289475725666
13 82.12 30 34.3 1.4463681340529478e-5
13 82.12 31 34.3 1.446559761029979e-5
13 82.12 32 34.3 1.4699281123879593e-19
13 82.12 33 34.34 6.3824311445733544e-12
13 82.12 34 36.11 0.0004406133556737165
13 82.12 35 36.11 0.00044069705494939696
13 82.12 36 36.11 7.014929307111252e-19
13 82.12 37 46.13 1.0011815126555915e-15
13 82.12 38 46.13 0.03775043140949775
13 82.12 39 46.13 0.037750269558054904
13 82.12 40 46.88 0.0213150252162455
13 82.12 41 46.88 0.01786377747326001
13 82.12 42 47.06 2.0554196141076307e-16
13 82.12 43 47.06 0.023541367536072104
13 82.12 44 47.06 0.023544767103937245
13 82.12 45 53.81 1.9133511849851025e-14
13 82.12 46 53.81 0.016754767977381322
13 82.12 47 53.81 0.01675182607523169
13 82.12 48 54.77 0.024058192110029093
13 82.12 49 54.77 0.004962978902469217
13 82.12 50 57.06 2.0943959081920784e-11
13 82.12 51 57.9 1.955521831493727e-17
13 82.12 52 57.9 0.003052320684433827
13 82.12 53 57.9 0.0030524227034404937
13 82.12 54 58.49 4.334720992471176e-18
13 82.12 55 58.49 0.000494673405969955
13 82.12 56 58.49 0.0004949328669412872
13 82.12 57 61.43 2.4260233151830072e-8
13 82.12 58 61.43 9.063592440221502e-10
13 82.12 59 61.43 1.9859687779160154e-23
13 82.12 60 63.25 6.131222862487507e-8
13 82.12 61 63.25 2.930278987794773e-10
13 82.12 62 63.25 1.1218395307122535e-21
13 82.12 63 63.93 0.0044991113194557475
13 82.12 64 63.93 0.004501957933656936
13 82.12 65 63.93 3.652876354275682e-17
13 82.12 66 64.21 2.8596239460276306e-6
13 82.12 67 69.98 1.242639331288172e-8
13 82.12 68 69.98 2.9726084457764465e-8
13 82.12 69 69.98 4.2873837111410924e-21
13 82.12 70 71.1 4.764306115295349e-10
13 82.12 71 71.1 8.923739329926657e-10
13 82.12 72 71.1 1.3512447290848452e-20
13 82.12 73 71.56 0.07584774394543815
13 82.12 74 71.56 5.673738052852148e-16
13 82.12 75 71.56 0.07585958506802595
13 82.12 76 72.17 1.6097326218520423e-5
13 82.12 77 72.17 5.430864476574105e-7
13 82.12 78 72.68 0.00448412804519178
13 82.12 79 72.68 3.993502723086653e-17
13 82.12 80 72.68 0.004489260604410193
13 82.12 81 72.71 0.08968531720325149
13 82.12 82 72.71 0.0027931812780601136
13 82.12 83 74.3 2.7665394078834986e-10
13 82.12 84 76.13 0.009364472657920663
13 82.12 85 76.13 4.7355482402710506e-17
13 82.12 86 76.13 0.00936265815212677
13 82.12 87 77.11 1.806614879191932e-18
13 82.12 88 77.11 0.00035530349194743104
13 82.12 89 77.11 0.00035564142150815723
13 82.12 90 78.45 1.3926334199837558e-23
13 82.12 91 78.45 3.2608945233278164e-11
13 82.12 92 78.45 2.3412778073180492e-9
13 82.12 93 86.57 3.870859834050407e-24
13 82.12 94 86.57 2.2400261828065764e-9
13 82.12 95 86.57 2.4115848623210883e-10
13 82.12 96 88.03 6.718709691810087e-9
13 82.12 97 88.03 2.742625266395053e-22
13 82.12 98 88.03 1.4535367663873205e-9
13 82.12 99 89.28 1.4669796954567962e-8
13 82.12 100 89.69 2.712469766736093e-9
14 82.12 14 0.0 2.0833903378369927e-8
14 82.12 15 0.0 2.3819898354247916e-10
14 82.12 16 7.14 0.05320368643021175
14 82.12 17 7.14 0.015249574793593207
14 82.12 18 7.72 0.05141081224508496
14 82.12 19 7.72 8.241580845657458e-16
14 82.12 20 7.72 0.051409240361930036
14 82.12 21 8.43 1.739167942643328e-20
14 82.12 22 8.43 1.1423109038531612e-20
14 82.12 23 10.28 4.5229168939008647e-10
14 82.12 24 10.28 4.1912334807560487e-10
14 82.12 25 10.28 2.522419968889766e-7
14 82.12 26 13.74 0.06793968413638574
14 82.12 27 13.74 8.719152899369063e-16
14 82.12 28 13.74 0.06793801344112665
14 82.12 29 15.99 0.14821221287417405
14 82.12 30 34.3 1.4449760360503596e-5
14 82.12 31 34.3 1.9574994021125988e-19
14 82.12 32 34.3 1.4463630271803859e-5
14 82.12 33 34.34 9.963757886945116e-12
14 82.12 34 36.11 0.00044051879800892184
14 82.12 35 36.11 1.8546663819288803e-18
14 82.12 36 36.11 0.00044061428255192867
14 82.12 37 46.13 0.0377413643388862
14 82.12 38 46.13 1.2331949178876442e-15
14 82.12 39 46.13 0.037758954172868266
14 82.12 40 46.88 0.03562691698447492
14 82.12 41 46.88 0.003553168271355941
14 82.12 42 47.06 0.023551342594204272
14 82.12 43 47.06 4.41425900603244e-16
14 82.12 44 47.06 0.023535182030513746
14 82.12 45 53.81 0.016753363589748285
14 82.12 46 53.81 2.092259647457339e-14
14 82.12 47 53.81 0.016752718222028035
14 82.12 48 54.77 0.019200150138612704
14 82.12 49 54.77 0.009820230508010187
14 82.12 50 57.06 2.998266768342991e-11
14 82.12 51 57.9 0.0030517893389003076
14 82.12 52 57.9 4.1441391796821404e-17
14 82.12 53 57.9 0.0030524111937349375
14 82.12 54 58.49 0.0004957184603292075
14 82.12 55 58.49 5.817107187591842e-18
14 82.12 56 58.49 0.000494857912626756
14 82.12 57 61.43 1.4371001113190055e-8
14 82.12 58 61.43 2.589572845465047e-10
14 82.12 59 61.43 5.059082184523046e-10
14 82.12 60 63.25 1.1110878013345824e-7
14 82.12 61 63.25 1.4044520559650962e-10
14 82.12 62 63.25 1.3808039288769494e-7
14 82.12 63 63.93 7.150122731957693e-17
14 82.12 64 63.93 0.004501647443586724
14 82.12 65 63.93 0.004502002909718254
14 82.12 66 64.21 2.5683941811597426e-20
14 82.12 67 69.98 2.4842863877957805e-8
14 82.12 68 69.98 2.130834345405287e-8
14 82.12 69 69.98 6.018999124596619e-7
14 82.12 70 71.1 1.925767742118575e-10
14 82.12 71 71.1 1.116038703214082e-9
14 82.12 72 71.1 1.7877804233525862e-6
14 82.12 73 71.56 8.36110387453892e-16
14 82.12 74 71.56 0.07585856095839227
14 82.12 75 71.56 0.07586116069347887
14 82.12 76 72.17 1.5945405562924915e-19
14 82.12 77 72.17 4.084884681036259e-21
14 82.12 78 72.68 5.509649389235981e-17
14 82.12 79 72.68 0.004488445321852502
14 82.12 80 72.68 0.004487155096514082
14 82.12 81 72.71 0.03822289124479474
14 82.12 82 72.71 0.054255838285649845
14 82.12 83 74.3 6.496708018225438e-11
14 82.12 84 76.13 7.122187148045069e-17
14 82.12 85 76.13 0.009363470003461568
14 82.12 86 76.13 0.00936370501772533
14 82.12 87 77.11 0.00035529732148464237
14 82.12 88 77.11 2.776689841568658e-18
14 82.12 89 77.11 0.00035596009624794744
14 82.12 90 78.45 1.495288362894788e-9
14 82.12 91 78.45 4.17386020128332e-9
14 82.12 92 78.45 1.5636175215119713e-9
14 82.12 93 86.57 4.936008568513213e-10
14 82.12 94 86.57 1.105168761355044e-8
14 82.12 95 86.57 1.9534613353393044e-9
14 82.12 96 88.03 1.7986788787805284e-9
14 82.12 97 88.03 1.2148219455068086e-8
14 82.12 98 88.03 3.3695923866920776e-11
14 82.12 99 89.28 1.5881177698025226e-22
14 82.12 100 89.69 6.309960612758931e-10
15 82.13 15 0.0 8.13587844041345e-9
15 82.13 16 7.14 7.024443449217889e-5
15 82.13 17 7.14 0.06838405670986406
15 82.13 18 7.72 0.051408746700547514
15 82.13 19 7.72 0.051407538113457885
15 82.13 20 7.72 2.055169091299863e-16
15 82.13 21 8.43 1.021306607068656e-6
15 82.13 22 8.43 6.782973930684064e-7
15 82.13 23 10.28 1.5146379922438278e-24
15 82.13 24 10.28 9.803731945839984e-12
15 82.13 25 10.28 3.333598184510319e-9
15 82.13 26 13.74 0.06793685545090979
15 82.13 27 13.74 0.06794053640965543
15 82.13 28 13.74 2.507857370163636e-16
15 82.13 29 15.99 0.14820985450736401
15 82.13 30 34.3 5.682395575125891e-20
15 82.13 31 34.3 1.4467520444180457e-5
15 82.13 32 34.3 1.4459444374964604e-5
15 82.13 33 34.34 4.753371638914479e-12
15 82.13 34 36.11 1.6842154566277096e-18
15 82.13 35 36.11 0.00044050053004734854
15 82.13 36 36.11 0.0004405565681643005
15 82.13 37 46.13 0.037768391695917516
15 82.13 38 46.13 0.03775952566799909
15 82.13 39 46.13 3.5736214502099954e-16
15 82.13 40 46.88 0.0018282021145240746
15 82.13 41 46.88 0.03735321515579359
15 82.13 42 47.06 0.023523970616795443
15 82.13 43 47.06 0.02353326479764601
15 82.13 44 47.06 2.3959462074341583e-16
15 82.13 45 53.81 0.01675478999009938
15 82.13 46 53.81 0.016755357889239302
15 82.13 47 53.81 8.48285701549345e-17
15 82.13 48 54.77 0.00027370075293061595
15 82.13 49 54.77 0.028745893152980727
15 82.13 50 57.06 8.755882139471198e-13
15 82.13 51 57.9 0.0030535406054887416
15 82.13 52 57.9 0.0030518337954004273
15 82.13 53 57.9 2.9782025641855633e-17
15 82.13 54 58.49 0.000493774601253786
15 82.13 55 58.49 0.0004948187268734826
15 82.13 56 58.49 1.960427672464044e-18
15 82.13 57 61.43 5.644374459654679e-23
15 82.13 58 61.43 2.0858695775530975e-10
15 82.13 59 61.43 4.5065642585856624e-8
15 82.13 60 63.25 4.472282567798371e-22
15 82.13 61 63.25 1.244604706129148e-10
15 82.13 62 63.25 5.628793962695346e-7
15 82.13 63 63.93 0.004500382914344887
15 82.13 64 63.93 3.7062409474002034e-17
15 82.13 65 63.93 0.0045011323251642945
15 82.13 66 64.21 1.418201144808193e-6
15 82.13 67 69.98 2.7656232892177e-9
15 82.13 68 69.98 1.0158677753650991e-22
15 82.13 69 69.98 1.5586386654406026e-7
15 82.13 70 71.1 4.820404810467795e-10
15 82.13 71 71.1 1.5890636451208872e-21
15 82.13 72 71.1 2.615437229698939e-6
15 82.13 73 71.56 0.0758456683383291
15 82.13 74 71.56 0.07585884599588946
15 82.13 75 71.56 3.206599152800083e-16
15 82.13 76 72.17 1.2313484560124448e-5
15 82.13 77 72.17 4.0978900821352973e-8
15 82.13 78 72.68 0.0044908410279446715
15 82.13 79 72.68 0.004486820819034121
15 82.13 80 72.68 1.7477664344378692e-17
15 82.13 81 72.71 0.010809519764459295
15 82.13 82 72.71 0.08166942068577185
15 82.13 83 74.3 3.752472325217784e-11
15 82.13 84 76.13 0.00936312541916084
15 82.13 85 76.13 0.0093640784643164
15 82.13 86 76.13 2.936208896313589e-17
15 82.13 87 77.11 0.00035606473316238693
15 82.13 88 77.11 0.00035607515209568107
15 82.13 89 77.11 1.3059515637242357e-18
15 82.13 90 78.45 9.960379322300858e-9
15 82.13 91 78.45 4.083596811222189e-9
15 82.13 92 78.45 6.247072497422938e-24
15 82.13 93 86.57 4.207913017304256e-10
15 82.13 94 86.57 2.322140100938174e-22
15 82.13 95 86.57 4.806360149548724e-8
15 82.13 96 88.03 2.0654049847760548e-23
15 82.13 97 88.03 3.931485994166241e-8
15 82.13 98 88.03 2.8709219070596334e-8
15 82.13 99 89.28 1.509272359475342e-8
15 82.13 100 89.69 1.6705612557197704e-8
16 89.26 16 0.0 8.549816519561205e-9
16 89.26 17 0.0 9.186059264468793e-11
16 89.26 18 0.58 2.5038524871464294e-7
16 89.26 19 0.58 8.953955143431228e-22
16 89.26 20 0.58 8.164453437635697e-9
16 89.26 21 1.3 7.592309210208825e-25
16 89.26 22 1.3 5.088253557600539e-25
16 89.26 23 3.14 0.014367294080044418
16 89.26 24 3.14 0.011502777937346064
16 89.26 25 3.14 0.05157957741105402
16 89.26 26 6.61 2.447581440003167e-11
16 89.26 27 6.61 3.4175527040573877e-25
16 89.26 28 6.61 1.1040903116925691e-9
16 89.26 29 8.85 2.122994776180615e-9
16 89.26 30 27.17 1.1491542549511906e-12
16 89.26 31 27.17 3.26849487955261e-24
16 89.26 32 27.17 3.6957716656223796e-9
16 89.26 33 27.2 3.0441021161660254e-10
16 89.26 34 28.97 5.011241811774593e-10
16 89.26 35 28.97 7.40688272751387e-25
16 89.26 36 28.97 1.2990813504758575e-10
16 89.26 37 38.99 7.174822204384489e-8
16 89.26 38 38.99 3.4846422971208554e-22
16 89.26 39 38.99 1.0404103460221577e-9
16 89.26 40 39.74 5.954796707814298e-11
16 89.26 41 39.74 3.3682966389311366e-10
16 89.26 42 39.92 2.3307552284889492e-8
16 89.26 43 39.92 2.643624152259288e-23
16 89.26 44 39.92 2.4897268033475307e-11
16 89.26 45 46.67 4.501148377894516e-9
16 89.26 46 46.67 4.8649361714750624e-21
16 89.26 47 46.67 3.0712906363160527e-10
16 89.26 48 47.63 4.6100170130561256e-10
16 89.26 49 47.63 1.5092342112327746e-8
16 89.26 50 49.92 6.049013165563926e-10
16 89.26 51 50.76 3.328266315442693e-8
16 89.26 52 50.76 1.7382852642841247e-23
16 89.26 53 50.76 8.905575647442184e-10
16 89.26 54 51.35 8.057426595976277e-8
16 89.26 55 51.35 3.908542965481663e-23
16 89.26 56 51.35 1.835232743462492e-9
16 89.26 57 54.29 0.05516089641575384
16 89.26 58 54.29 0.05939478059396469
16 89.26 59 54.29 7.865018044047924e-5
16 89.26 60 56.12 0.011751596416479495
16 89.26 61 56.12 0.009413958337301529
16 89.26 62 56.12 0.04219063293046667
16 89.26 63 56.79 8.087194738934241e-22
16 89.26 64 56.79 6.665560747548514e-7
16 89.26 65 56.79 3.849423984174082e-6
16 89.26 66 57.07 7.371404488141025e-25
16 89.26 67 62.85 0.0002149676709606738
16 89.26 68 62.85 0.00026846442648537566
16 89.26 69 62.85 0.0009632383782823091
16 89.26 70 63.96 5.1357667046365934e-5
16 89.26 71 63.96 4.769683722708903e-5
16 89.26 72 63.96 7.142160256884279e-8
16 89.26 73 64.42 1.5668376624286473e-25
16 89.26 74 64.42 1.9106170964216343e-8
16 89.26 75 64.42 9.955898712079771e-9
16 89.26 76 65.03 6.402991965755944e-26
16 89.26 77 65.03 5.128326178161195e-26
16 89.26 78 65.55 9.095836997559964e-25
16 89.26 79 65.55 1.530647559726748e-8
16 89.26 80 65.55 5.346559696042338e-10
16 89.26 81 65.57 5.994938991147909e-9
16 89.26 82 65.57 9.272978090808569e-9
16 89.26 83 67.16 2.06433257287268e-9
16 89.26 84 69.0 4.556273251834461e-24
16 89.26 85 69.0 1.3665980405183656e-8
16 89.26 86 69.0 1.2236552501668298e-8
16 89.26 87 69.97 6.556679300035838e-9
16 89.26 88 69.97 3.697593819834565e-24
16 89.26 89 69.97 2.5838906337980787e-8
16 89.26 90 71.32 1.231526379333125e-5
16 89.26 91 71.32 0.009321429235365082
16 89.26 92 71.32 0.008656030910167551
16 89.26 93 79.44 5.926870492227789e-6
16 89.26 94 79.44 0.004147567617297446
16 89.26 95 79.44 0.004466634645479651
16 89.26 96 80.9 0.0014069561600076976
16 89.26 97 80.9 0.0050524719177069835
16 89.26 98 80.9 0.0011263404140982064
16 89.26 99 82.15 6.63057874825818e-26
16 89.26 100 82.56 6.0189416804514936e-5
17 89.26 17 0.0 6.242565785149934e-11
17 89.26 18 0.58 2.3188754042100275e-9
17 89.26 19 0.58 8.305169977595398e-24
17 89.26 20 0.58 2.719161344017493e-10
17 89.26 21 1.3 1.2073089299909118e-25
17 89.26 22 1.3 9.298978871721032e-26
17 89.26 23 3.14 0.037266759353741324
17 89.26 24 3.14 0.040131119808989264
17 89.26 25 3.14 5.2998324570851197e-5
17 89.26 26 6.61 1.2542878432783894e-9
17 89.26 27 6.61 5.072756336215253e-25
17 89.26 28 6.61 5.367498140316416e-11
17 89.26 29 8.85 4.218662260346257e-11
17 89.26 30 27.17 6.357688359413609e-9
17 89.26 31 27.17 4.2672082798404433e-23
17 89.26 32 27.17 4.9095240718586576e-8
17 89.26 33 27.2 9.640420151481275e-9
17 89.26 34 28.97 7.126326584153347e-12
17 89.26 35 28.97 3.6552073587007804e-22
17 89.26 36 28.97 9.257695711035039e-8
17 89.26 37 38.99 1.0230355817786245e-8
17 89.26 38 38.99 4.91756562180041e-23
17 89.26 39 38.99 1.7774930073603833e-11
17 89.26 40 39.74 2.9048745084857156e-8
17 89.26 41 39.74 1.1005640173765817e-9
17 89.26 42 39.92 2.825359455114195e-9
17 89.26 43 39.92 6.074891678836978e-23
17 89.26 44 39.92 3.224302329998196e-8
17 89.26 45 46.67 1.6630529897088406e-8
17 89.26 46 46.67 1.8000784519644622e-20
17 89.26 47 46.67 1.611413150958403e-8
17 89.26 48 47.63 1.1513307882426792e-8
17 89.26 49 47.63 1.03240567029942e-9
17 89.26 50 49.92 2.3894466058768544e-9
17 89.26 51 50.76 4.7610268525896866e-7
17 89.26 52 50.76 1.17559048273614e-22
17 89.26 53 50.76 5.6934675335729905e-12
17 89.26 54 51.35 8.411253681022567e-7
17 89.26 55 51.35 4.063885463543496e-22
17 89.26 56 51.35 2.290477109680721e-12
17 89.26 57 54.29 0.02126410826743742
17 89.26 58 54.29 0.017029797901074638
17 89.26 59 54.29 0.07634558419614562
17 89.26 60 56.12 0.030488096165725113
17 89.26 61 56.12 0.03282562555678637
17 89.26 62 56.12 4.348533134405074e-5
17 89.26 63 56.79 2.349838270500031e-22
17 89.26 64 56.79 2.0966991557694933e-7
17 89.26 65 56.79 2.1589601631593902e-7
17 89.26 66 57.07 1.3850978816761493e-25
17 89.26 67 62.85 0.0007491794951582012
17 89.26 68 62.85 0.0006956211635778923
17 89.26 69 62.85 9.960685971693032e-7
17 89.26 70 63.96 1.480834230376328e-5
17 89.26 71 63.96 1.8469397447683365e-5
17 89.26 72 63.96 6.61859123154601e-5
17 89.26 73 64.42 2.815119964446596e-26
17 89.26 74 64.42 4.3006234674273293e-10
17 89.26 75 64.42 1.7719469572117477e-10
17 89.26 76 65.03 9.197038127614017e-27
17 89.26 77 65.03 6.0913880519953904e-27
17 89.26 78 65.55 4.866358238265189e-25
17 89.26 79 65.55 8.629596169457964e-9
17 89.26 80 65.55 4.1518543947665196e-12
17 89.26 81 65.57 4.977830118103474e-10
17 89.26 82 65.57 1.0345307881622019e-10
17 89.26 83 67.16 8.701629907391367e-11
17 89.26 84 69.0 1.1370893347992887e-23
17 89.26 85 69.0 4.157653686392105e-8
17 89.26 86 69.0 4.5818560931005613e-10
17 89.26 87 69.97 1.4703860086333664e-7
17 89.26 88 69.97 7.673291174797098e-23
17 89.26 89 69.97 5.227036928936851e-9
17 89.26 90 71.32 0.011979667371278846
17 89.26 91 71.32 0.002671506949960618
17 89.26 92 71.32 0.0033368959934800798
17 89.26 93 79.43 0.005739487727304246
17 89.26 94 79.44 0.0015989054265564409
17 89.26 95 79.44 0.0012799415051467213
17 89.26 96 80.9 0.003650106840187015
17 89.26 97 80.9 5.2225276807808975e-6
17 89.26 98 80.9 0.003930773767146561
17 89.26 99 82.15 1.564668357971986e-26
17 89.26 100 82.56 0.00021009425319245376
18 89.84 18 0.0 3.0824685794030695e-7
18 89.84 19 0.0 1.7820625948841833e-6
18 89.84 20 0.0 9.100469833064266e-21
18 89.84 21 0.71 0.05083748303840476
18 89.84 22 0.71 0.0015632514123643472
18 89.84 23 2.56 5.569428846214852e-17
18 89.84 24 2.56 0.012322579171300667
18 89.84 25 2.56 0.012322752531153704
18 89.84 26 6.02 1.9931939254750596e-7
18 89.84 27 6.02 1.0973468381812416e-7
18 89.84 28 6.02 2.299962292594588e-22
18 89.84 29 8.27 6.913423530849808e-9
18 89.84 30 26.58 2.723096943602798e-21
18 89.84 31 26.58 3.43739072361393e-8
18 89.84 32 26.58 1.4067482786134552e-8
18 89.84 33 26.62 1.972343375658986e-8
18 89.84 34 28.39 7.57711083563775e-23
18 89.84 35 28.39 3.782059880664262e-8
18 89.84 36 28.39 1.4407567250250286e-8
18 89.84 37 38.41 1.4500432567251226e-8
18 89.84 38 38.41 3.787938272559339e-8
18 89.84 39 38.41 6.258851570215604e-23
18 89.84 40 39.16 5.964239515267818e-7
18 89.84 41 39.16 4.346390540384454e-8
18 89.84 42 39.34 2.0925422177106188e-7
18 89.84 43 39.34 2.7866210480963786e-7
18 89.84 44 39.34 2.0782824193637074e-20
18 89.84 45 46.09 7.626549663928508e-8
18 89.84 46 46.09 5.8004773873384803e-8
18 89.84 47 46.09 7.922011892215125e-22
18 89.84 48 47.05 6.713617166064702e-8
18 89.84 49 47.05 3.1658786317277156e-10
18 89.84 50 49.34 1.4370795883272731e-7
18 89.84 51 50.18 1.5545076242755954e-7
18 89.84 52 50.18 5.556671261198229e-8
18 89.84 53 50.18 7.640309242829092e-21
18 89.84 54 50.77 7.076683623140694e-7
18 89.84 55 50.77 1.1944606538075946e-7
18 89.84 56 50.77 3.064513832214742e-22
18 89.84 57 53.71 4.338742591289638e-17
18 89.84 58 53.71 0.031027757854249948
18 89.84 59 53.71 0.03102608983965654
18 89.84 60 55.53 1.2984217367305452e-16
18 89.84 61 55.53 0.04051527500829261
18 89.84 62 55.53 0.04051271240587891
18 89.84 63 56.21 1.5816051304017223e-5
18 89.84 64 56.21 1.8701355308657598e-20
18 89.84 65 56.21 3.4878454827692646e-6
18 89.84 66 56.49 0.038603728699100046
18 89.84 67 62.26 0.0025952240129799597
18 89.84 68 62.26 2.0774719899335232e-17
18 89.84 69 62.26 0.0025949044441112568
18 89.84 70 63.38 0.000235620355518678
18 89.84 71 63.38 6.035441956652998e-19
18 89.84 72 63.38 0.00023565638651372038
18 89.84 73 63.84 4.447847624485107e-7
18 89.84 74 63.84 6.646103716272914e-10
18 89.84 75 63.84 3.685676694916043e-21
18 89.84 76 64.45 0.0007412272591382857
18 89.84 77 64.45 0.0034756779564625155
18 89.84 78 64.96 5.745414828144553e-7
18 89.84 79 64.96 3.0188994673290215e-8
18 89.84 80 64.96 3.100993286951665e-22
18 89.84 81 64.99 7.010013722818662e-8
18 89.84 82 64.99 1.976837998325885e-8
18 89.84 83 66.58 1.3183861439504563e-7
18 89.84 84 68.41 6.257965026398581e-8
18 89.84 85 68.41 3.1829669760823725e-8
18 89.84 86 68.41 3.087186263981791e-23
18 89.84 87 69.39 3.325279101348859e-8
18 89.84 88 69.39 1.3331549675571242e-7
18 89.84 89 69.39 4.780539527404828e-21
18 89.84 90 70.73 0.001706825013031925
18 89.84 91 70.73 0.00170650940655973
18 89.84 92 70.73 3.746449471686993e-18
18 89.84 93 78.85 0.0035014623797241773
18 89.84 94 78.85 6.714239958478131e-18
18 89.84 95 78.85 0.0035009316768875847
18 89.84 96 80.32 6.120779219597913e-18
18 89.84 97 80.32 0.0024786002544599935
18 89.84 98 80.32 0.002478918425568584
18 89.84 99 81.57 0.0025991626968247823
18 89.84 100 81.98 0.0005820298906990615
19 89.84 19 0.0 1.5534877525909652e-6
19 89.84 20 0.0 3.143901635501026e-6
19 89.84 21 0.71 0.006162687653390608
19 89.84 22 0.71 0.046235050576259894
19 89.84 23 2.56 0.012322015488332092
19 89.84 24 2.56 9.704969764969476e-16
19 89.84 25 2.56 0.012320781318653922
19 89.84 26 6.02 1.6686737590554633e-6
19 89.84 27 6.02 3.096866811949472e-6
19 89.84 28 6.02 5.604478768524652e-8
19 89.84 29 8.27 2.4798071683213828e-23
19 89.84 30 26.58 9.421930948975123e-7
19 89.84 31 26.58 2.0723884375628656e-7
19 89.84 32 26.58 4.6263815390437564e-7
19 89.84 33 26.62 7.040520003967807e-23
19 89.84 34 28.39 1.5708978301937657e-8
19 89.84 35 28.39 8.423198815377796e-7
19 89.84 36 28.39 4.6110544221820703e-7
19 89.84 37 38.41 8.53232877726502e-9
19 89.84 38 38.41 2.804921008985344e-8
19 89.84 39 38.41 4.930015012196905e-9
19 89.84 40 39.16 2.125947340217259e-21
19 89.84 41 39.16 1.549958473206535e-22
19 89.84 42 39.34 3.250340652903445e-6
19 89.84 43 39.34 1.0270828904677768e-6
19 89.84 44 39.34 7.01969119228951e-6
19 89.84 45 46.09 1.4889120472632043e-7
19 89.84 46 46.09 3.8468866184322e-8
19 89.84 47 46.09 2.4440059204737404e-7
19 89.84 48 47.05 2.397407835343568e-22
19 89.84 49 47.05 1.1848628112812991e-24
19 89.84 50 49.34 5.116398842414781e-22
19 89.84 51 50.18 2.2273688885770377e-6
19 89.84 52 50.18 3.667911514279846e-7
19 89.84 53 50.18 2.3714735237107126e-6
19 89.84 54 50.77 2.3101989266177784e-6
19 89.84 55 50.77 2.4586653603994734e-6
19 89.84 56 50.77 1.0590175864920992e-7
19 89.84 57 53.71 0.03101709716182945
19 89.84 58 53.71 5.757571609028734e-17
19 89.84 59 53.71 0.031016961018511924
19 89.84 60 55.53 0.040521269496970144
19 89.84 61 55.53 2.0603276611303814e-15
19 89.84 62 55.53 0.04051550179760658
19 89.84 63 56.21 1.9011725823051816e-5
19 89.84 64 56.21 3.1581277483737357e-7
19 89.84 65 56.21 4.175748179454981e-6
19 89.84 66 56.49 0.0385984000231641
19 89.84 67 62.26 1.981815947391767e-17
19 89.84 68 62.26 0.0025951563628637073
19 89.84 69 62.26 0.0025952639014240574
19 89.84 70 63.38 5.405546759005702e-19
19 89.84 71 63.38 0.00023560783247070092
19 89.84 72 63.38 0.00023500318692633562
19 89.84 73 63.84 9.992364577580169e-7
19 89.84 74 63.84 6.014600282228693e-7
19 89.84 75 63.84 1.2730608826992574e-6
19 89.84 76 64.45 0.0014020964164588219
19 89.84 77 64.45 0.002814064180445551
19 89.84 78 64.96 3.868312687870797e-6
19 89.84 79 64.96 1.935481554143577e-6
19 89.84 80 64.96 1.0794198404847007e-7
19 89.84 81 64.99 2.501518657655973e-22
19 89.84 82 64.99 7.06284877462679e-23
19 89.84 83 66.58 4.699071229161906e-22
19 89.84 84 68.41 4.4435012621109815e-7
19 89.84 85 68.41 2.1632998329699304e-7
19 89.84 86 68.41 9.524113787198926e-9
19 89.84 87 69.39 5.195293210513449e-7
19 89.84 88 69.39 2.820110855282536e-7
19 89.84 89 69.39 1.6547366971711748e-6
19 89.84 90 70.73 0.0017070175162209843
19 89.84 91 70.73 5.7506899480066384e-18
19 89.84 92 70.73 0.0017061210191320043
19 89.84 93 78.85 0.003500315441264877
19 89.84 94 78.85 0.003501048082385844
19 89.84 95 78.85 7.082966124162261e-18
19 89.84 96 80.32 0.002478590675818846
19 89.84 97 80.32 0.002479489176573391
19 89.84 98 80.32 3.1994012118917193e-16
19 89.84 99 81.57 0.0025996872568466636
19 89.84 100 81.98 1.6267447159431838e-18
20 89.84 20 0.0 1.1039225928034203e-8
20 89.84 21 0.71 0.021601065366729903
20 89.84 22 0.71 0.03079950792685488
20 89.84 23 2.56 0.012323771848529255
20 89.84 24 2.56 0.012323368692235822
20 89.84 25 2.56 9.220238874649322e-16
20 89.84 26 6.02 1.3625547387984017e-23
20 89.84 27 6.02 1.658399182706708e-11
20 89.84 28 6.02 3.1874291930790673e-9
20 89.84 29 8.27 1.7371101435215107e-9
20 89.84 30 26.58 2.918710965968942e-10
20 89.84 31 26.58 2.488572443366375e-9
20 89.84 32 26.58 4.086224538337006e-24
20 89.84 33 26.62 5.867951134344245e-11
20 89.84 34 28.39 4.2621078265362925e-10
20 89.84 35 28.39 9.443521986063718e-11
20 89.84 36 28.39 3.08990143688115e-24
20 89.84 37 38.41 3.0485896365698816e-22
20 89.84 38 38.41 5.0378533659816224e-8
20 89.84 39 38.41 4.0288784089151467e-10
20 89.84 40 39.16 9.143489308907415e-12
20 89.84 41 39.16 4.8529243866340734e-11
20 89.84 42 39.34 2.6779184237694766e-23
20 89.84 43 39.34 9.687725181628023e-9
20 89.84 44 39.34 1.3495499003914336e-11
20 89.84 45 46.09 1.2741374642426345e-21
20 89.84 46 46.09 1.2933846174358177e-9
20 89.84 47 46.09 5.579850518123188e-10
20 89.84 48 47.05 2.3435513490012455e-10
20 89.84 49 47.05 1.3213335140522668e-8
20 89.84 50 49.34 1.322433808418508e-9
20 89.84 51 50.18 1.3298375562317098e-23
20 89.84 52 50.18 6.661587322762397e-9
20 89.84 53 50.18 1.1130557066434218e-9
20 89.84 54 50.77 2.8904933844714224e-23
20 89.84 55 50.77 1.4683724525446836e-8
20 89.84 56 50.77 1.9245271510982705e-9
20 89.84 57 53.71 0.031027547906282812
20 89.84 58 53.71 0.03101853948269302
20 89.84 59 53.71 7.93123632871108e-19
20 89.84 60 55.53 0.04051726356899383
20 89.84 61 55.53 0.04052613622111624
20 89.84 62 55.53 2.002866350523392e-15
20 89.84 63 56.21 1.7229281834145537e-5
20 89.84 64 56.21 1.2214268507431425e-6
20 89.84 65 56.21 4.298574381597505e-22
20 89.84 66 56.49 0.03860480890291846
20 89.84 67 62.26 0.0025946289056639534
20 89.84 68 62.26 0.0025944704152035766
20 89.84 69 62.26 3.7562903058295877e-19
20 89.84 70 63.38 0.00023571467519641575
20 89.84 71 63.38 0.00023573561729524657
20 89.84 72 63.38 1.187134576523317e-19
20 89.84 73 63.84 5.282302670691553e-7
20 89.84 74 63.84 3.322762290585232e-24
20 89.84 75 63.84 1.2648837311398186e-8
20 89.84 76 64.45 0.004181516858065784
20 89.84 77 64.45 3.4731629693524045e-5
20 89.84 78 64.96 1.0424001842173433e-7
20 89.84 79 64.96 1.936347099403334e-23
20 89.84 80 64.96 2.0978188498076693e-10
20 89.84 81 64.99 9.555435614602522e-9
20 89.84 82 64.99 5.6216092522949e-10
20 89.84 83 66.58 1.5327315018362822e-9
20 89.84 84 68.41 9.033789162334049e-10
20 89.84 85 68.41 1.782708134962214e-24
20 89.84 86 68.41 2.1937977936744714e-9
20 89.84 87 69.39 4.032379085219514e-24
20 89.84 88 69.39 4.9215456126062425e-9
20 89.84 89 69.39 7.926143677529168e-9
20 89.84 90 70.73 2.3737516719127295e-19
20 89.84 91 70.73 0.001706593295110591
20 89.84 92 70.73 0.0017065024953513046
20 89.84 93 78.85 1.76968078405477e-19
20 89.84 94 78.85 0.0035010961387853807
20 89.84 95 78.85 0.0035015173181131448
20 89.84 96 80.32 0.0024784872058582633
20 89.84 97 80.32 2.986062343315226e-16
20 89.84 98 80.32 0.0024783025061329445
20 89.84 99 81.57 0.002599346481171917
20 89.84 100 81.98 0.0005817160056688695
21 90.56 21 0.0 1.562005078216404e-6
21 90.56 22 0.0 7.024169082151637e-7
21 90.56 23 1.85 5.55432686789157e-7
21 90.56 24 1.85 1.162978574582991e-19
21 90.56 25 1.85 1.5870844669828828e-6
21 90.56 26 5.31 0.0016114463526498736
21 90.56 27 5.31 0.04767895909231191
21 90.56 28 5.31 0.031758702432045316
21 90.56 29 7.56 7.08215144336408e-27
21 90.56 30 25.87 0.006919883349214622
21 90.56 31 25.87 0.001973841284889724
21 90.56 32 25.87 0.016288312613432544
21 90.56 33 25.91 2.831015662522859e-23
21 90.56 34 27.68 0.007212595848964637
21 90.56 35 27.68 0.010829776919297747
21 90.56 36 27.68 0.00036536345429883407
21 90.56 37 37.7 1.5331570674506802e-6
21 90.56 38 37.7 5.1516163465879375e-5
21 90.56 39 37.7 3.4519633561263e-5
21 90.56 40 38.45 2.2950615564937873e-25
21 90.56 41 38.45 3.316715712825612e-25
21 90.56 42 38.63 0.10643193163804422
21 90.56 43 38.63 0.012900234799864196
21 90.56 44 38.63 0.04521841800723301
21 90.56 45 45.38 0.006041657046192405
21 90.56 46 45.38 0.0007326279243539102
21 90.56 47 45.38 0.002567589730787735
21 90.56 48 46.34 2.3352343217823762e-26
21 90.56 49 46.34 1.4549421088839837e-25
21 90.56 50 48.63 5.003732459654959e-25
21 90.56 51 49.46 0.046715594708096025
21 90.56 52 49.46 0.005665656466698224
21 90.56 53 49.46 0.019848239623563427
21 90.56 54 50.06 0.0018096634607793673
21 90.56 55 50.06 0.05375173337561099
21 90.56 56 50.06 0.03580607061343525
21 90.56 57 53.0 9.005163227037896e-7
21 90.56 58 53.0 5.636687403113252e-22
21 90.56 59 53.0 2.302438423982028e-6
21 90.56 60 54.82 2.0886111742234116e-6
21 90.56 61 54.82 9.570914168857589e-20
21 90.56 62 54.82 1.987998202240019e-6
21 90.56 63 55.5 0.001737185130904581
21 90.56 64 55.5 0.0011583307592328432
21 90.56 65 55.5 5.8916942197356806e-5
21 90.56 66 55.78 3.855189994425443e-6
21 90.56 67 61.55 6.559773045055488e-22
21 90.56 68 61.55 1.0396285588122467e-7
21 90.56 69 61.55 3.296270466381525e-9
21 90.56 70 62.66 1.3216788011069013e-23
21 90.56 71 62.66 1.8850865951696892e-8
21 90.56 72 62.66 1.7944907901767882e-6
21 90.56 73 63.13 0.0024014629233358267
21 90.56 74 63.13 0.019811789237791606
21 90.56 75 63.13 0.008417487972286726
21 90.56 76 63.74 1.8579066912287244e-6
21 90.56 77 63.74 3.340540739413565e-6
21 90.56 78 64.25 0.04779853856277184
21 90.56 79 64.25 0.0016148924101500276
21 90.56 80 64.25 0.031844150487484936
21 90.56 81 64.27 3.508317348163191e-22
21 90.56 82 64.27 2.663955615490028e-23
21 90.56 83 65.87 4.6688192703021784e-26
21 90.56 84 67.7 0.0062283267644130825
21 90.56 85 67.7 0.00020967488614700124
21 90.56 86 67.7 0.004150326970852871
21 90.56 87 68.67 0.024736583815206478
21 90.56 88 68.67 0.0029967854627779207
21 90.56 89 68.67 0.010509270851049694
21 90.56 90 70.02 6.378797725581716e-8
21 90.56 91 70.02 9.647693234486448e-24
21 90.56 92 70.02 1.8921586734854451e-7
21 90.56 93 78.14 6.615921716552747e-8
21 90.56 94 78.14 6.114906441447855e-8
21 90.56 95 78.14 2.544667890834525e-22
21 90.56 96 79.6 1.3082703980444005e-7
21 90.56 97 79.6 3.1927186484980747e-7
21 90.56 98 79.6 3.999156556997207e-20
21 90.56 99 80.85 1.1959299290637633e-8
21 90.56 100 81.26 3.2118236881945435e-25
22 90.56 22 0.0 5.7232077251142026e-6
22 90.56 23 1.85 3.567360840954173e-7
22 90.56 24 1.85 5.4950067533541e-21
22 90.56 25 1.85 7.338985629311807e-8
22 90.56 26 5.31 0.05242252912218777
22 90.56 27 5.31 0.006354185062852772
22 90.56 28 5.31 0.02227578253496027
22 90.56 29 7.56 8.662034662093427e-27
22 90.56 30 25.87 0.009867251766610852
22 90.56 31 25.87 0.014814554068080379
22 90.56 32 25.87 0.000500674113640629
22 90.56 33 25.91 7.084769941733428e-23
22 90.56 34 27.68 0.00505853869211081
22 90.56 35 27.68 0.001441383075586412
22 90.56 36 27.68 0.011906609422060083
22 90.56 37 37.7 5.676386026212222e-5
22 90.56 38 37.7 6.720156511257558e-6
22 90.56 39 37.7 2.381026873066944e-5
22 90.56 40 38.45 8.457771923746617e-26
22 90.56 41 38.45 5.75097713727179e-26
22 90.56 42 38.63 0.003272219680039132
22 90.56 43 38.63 0.09680409672459475
22 90.56 44 38.63 0.06447694634291369
22 90.56 45 45.38 0.0001856850246855627
22 90.56 46 45.38 0.005495995873902407
22 90.56 47 45.38 0.0036619951221496584
22 90.56 48 46.34 6.135205420538995e-26
22 90.56 49 46.34 1.0192273910067957e-25
22 90.56 50 48.63 4.896363574845443e-25
22 90.56 51 49.46 0.0014293449142777396
22 90.56 52 49.46 0.0424811730928918
22 90.56 53 49.46 0.028297391844420348
22 90.56 54 50.06 0.05910909753780118
22 90.56 55 50.06 0.007165671885292921
22 90.56 56 50.06 0.02511355379711625
22 90.56 57 53.0 1.1001971557905664e-6
22 90.56 58 53.0 6.174763517635185e-22
22 90.56 59 53.0 1.6341424428799547e-6
22 90.56 60 54.82 8.038332735346164e-7
22 90.56 61 54.82 3.7857552015789095e-21
22 90.56 62 54.82 7.767498119405212e-8
22 90.56 63 55.5 0.00023077015487794935
22 90.56 64 55.5 0.0008126578392116939
22 90.56 65 55.5 0.0019133973731285739
22 90.56 66 55.78 2.2941188491788115e-6
22 90.56 67 61.55 7.783521956809745e-22
22 90.56 68 61.55 1.1347295154317679e-7
22 90.56 69 61.55 2.825694194047179e-7
22 90.56 70 62.66 6.1114067999578985e-24
22 90.56 71 62.66 8.463968780024439e-9
22 90.56 72 62.66 1.315718143988846e-6
22 90.56 73 63.13 0.01801631499521573
22 90.56 74 63.13 0.0006090575769837895
22 90.56 75 63.13 0.012004785694044985
22 90.56 76 63.74 2.61964515172492e-6
22 90.56 77 63.74 4.40754219101654e-7
22 90.56 78 64.25 0.006371111847633087
22 90.56 79 64.25 0.05255862173874968
22 90.56 80 64.25 0.022331946098851068
22 90.56 81 64.27 1.2521178509609087e-22
22 90.56 82 64.27 1.3628930316301847e-23
22 90.56 83 65.87 1.5691261673104857e-26
22 90.56 84 67.7 0.0008288117314040393
22 90.56 85 67.7 0.006846580543394493
22 90.56 86 67.7 0.0029094465153642526
22 90.56 87 68.67 0.0007597845863456515
22 90.56 88 68.67 0.022501200392872567
22 90.56 89 68.67 0.014986961352487421
22 90.56 90 70.02 1.0643361709089654e-10
22 90.56 91 70.02 3.4274456419587e-24
22 90.56 92 70.02 1.1728415150717122e-7
22 90.56 93 78.14 1.5702119755450037e-8
22 90.56 94 78.14 1.4575720654988442e-7
22 90.56 95 78.14 5.993181396366082e-22
22 90.56 96 79.6 2.3882790226274924e-8
22 90.56 97 79.6 1.0999825441859526e-8
22 90.56 98 79.6 1.3916727863021952e-21
22 90.56 99 80.85 2.1568686250542161e-7
22 90.56 100 81.26 2.4415648472469406e-24
23 92.4 23 0.0 1.792601593043094e-8
23 92.4 24 0.0 9.363867328904324e-9
23 92.4 25 0.0 7.179885875528586e-22
23 92.4 26 3.47 2.957260171439966e-17
23 92.4 27 3.47 0.03885792434959125
23 92.4 28 3.47 0.0388595949959226
23 92.4 29 5.71 2.5390297832968956e-12
23 92.4 30 24.02 0.004795176059844333
23 92.4 31 24.02 0.004794366174019309
23 92.4 32 24.02 7.925609534943209e-19
23 92.4 33 24.06 0.006338814286915759
23 92.4 34 25.83 0.003532920661812287
23 92.4 35 25.83 0.0035337819045902627
23 92.4 36 25.83 2.3278291293341117e-17
23 92.4 37 35.85 1.907071772120814e-18
23 92.4 38 35.85 0.00037360180708851054
23 92.4 39 35.85 0.000373805945356082
23 92.4 40 36.6 0.04515049399296319
23 92.4 41 36.6 0.053869599823405355
23 92.4 42 36.78 1.0857605936049567e-17
23 92.4 43 36.78 0.02487329558670533
23 92.4 44 36.78 0.024870315825398594
23 92.4 45 43.53 2.1426717680903297e-14
23 92.4 46 43.53 0.02162418274612984
23 92.4 47 43.53 0.021626903632061257
23 92.4 48 44.49 0.0064580009037002225
23 92.4 49 44.49 0.03129477426103104
23 92.4 50 46.78 0.047112316386018795
23 92.4 51 47.62 7.987099712850063e-18
23 92.4 52 47.62 0.030647799612256672
23 92.4 53 47.62 0.030642601793811352
23 92.4 54 48.21 3.571694251668387e-17
23 92.4 55 48.21 0.019392356537355243
23 92.4 56 48.21 0.01939429841279661
23 92.4 57 51.15 1.7294635415298153e-8
23 92.4 58 51.15 8.258553353024757e-9
23 92.4 59 51.15 2.9274045381710605e-23
23 92.4 60 52.97 6.762196930055494e-8
23 92.4 61 52.97 1.5039326391712562e-9
23 92.4 62 52.97 2.7143691576005457e-22
23 92.4 63 53.65 0.003930253941272757
23 92.4 64 53.65 0.003931366268503947
23 92.4 65 53.65 6.634857284519868e-19
23 92.4 66 53.93 1.828776950834719e-6
23 92.4 67 59.7 1.0369618999115847e-8
23 92.4 68 59.7 6.4167978929362975e-9
23 92.4 69 59.71 2.5025218176921447e-24
23 92.4 70 60.82 6.49231549973472e-9
23 92.4 71 60.82 1.5418421813756058e-9
23 92.4 72 60.82 1.1866345526462621e-22
23 92.4 73 61.28 0.0031715121076287952
23 92.4 74 61.28 6.633825050299157e-19
23 92.4 75 61.28 0.0031725903653948093
23 92.4 76 61.89 1.324049857876305e-7
23 92.4 77 61.89 3.872943468028154e-7
23 92.4 78 62.41 0.009604288219019928
23 92.4 79 62.41 2.3286104909871867e-18
23 92.4 80 62.41 0.009602878053800572
23 92.4 81 62.43 0.0004837718098472992
23 92.4 82 62.43 0.015544123408044582
23 92.4 83 64.02 0.025531018830840732
23 92.4 84 65.86 0.010449222672857037
23 92.4 85 65.86 9.666521076617521e-18
23 92.4 86 65.86 0.010448735113154955
23 92.4 87 66.83 1.360354150245478e-17
23 92.4 88 66.83 0.025952192449887133
23 92.4 89 66.83 0.025956756935795165
23 92.4 90 68.17 4.1693213736401086e-23
23 92.4 91 68.17 2.376667982047761e-8
23 92.4 92 68.17 1.2541878654653036e-7
23 92.4 93 76.29 3.8296932286674204e-25
23 92.4 94 76.29 1.8519977637446378e-10
23 92.4 95 76.29 4.449091242726571e-9
23 92.4 96 77.76 3.818485855148402e-10
23 92.4 97 77.76 8.368081237361416e-23
23 92.4 98 77.76 5.737180848931809e-10
23 92.4 99 79.01 7.280226534391432e-8
23 92.4 100 79.42 6.524820369625945e-9
24 92.4 24 0.0 1.0175402053848119e-8
24 92.4 25 0.0 1.0013942889785934e-7
24 92.4 26 3.47 0.03885816040973371
24 92.4 27 3.47 2.829208565869667e-15
24 92.4 28 3.47 0.038858770203836615
24 92.4 29 5.71 1.4402983067094204e-11
24 92.4 30 24.02 0.004795231041754757
24 92.4 31 24.02 3.4066157103032093e-16
24 92.4 32 24.02 0.004794485037511829
24 92.4 33 24.06 0.00633881627458096
24 92.4 34 25.83 0.003532981773160348
24 92.4 35 25.83 3.054695133382795e-16
24 92.4 36 25.83 0.003533500479037682
24 92.4 37 35.85 0.00037485994010322656
24 92.4 38 35.85 3.252493182964417e-17
24 92.4 39 35.85 0.0003728428875781075
24 92.4 40 36.6 0.008980826000408235
24 92.4 41 36.6 0.09004069106854935
24 92.4 42 36.78 0.02487092521297898
24 92.4 43 36.78 1.9662578920219642e-15
24 92.4 44 36.78 0.02487049363146432
24 92.4 45 43.53 0.021627053882993033
24 92.4 46 43.53 2.4736871466928302e-14
24 92.4 47 43.53 0.021625490163771063
24 92.4 48 44.49 0.012777044701552923
24 92.4 49 44.49 0.024972616007045378
24 92.4 50 46.78 0.04711403864557815
24 92.4 51 47.62 0.030623848994760734
24 92.4 52 47.62 3.3839155423742066e-15
24 92.4 53 47.62 0.030640947123604403
24 92.4 54 48.21 0.01941504544503107
24 92.4 55 48.21 1.459046837317812e-15
24 92.4 56 48.21 0.019397704427222866
24 92.4 57 51.15 2.3513237727430518e-8
24 92.4 58 51.15 2.0270855292697782e-9
24 92.4 59 51.15 8.27380506759833e-9
24 92.4 60 52.97 8.763164397077e-8
24 92.4 61 52.97 9.728488773411236e-10
24 92.4 62 52.97 5.841590147069434e-7
24 92.4 63 53.65 3.5044132001815937e-16
24 92.4 64 53.65 0.003931303324544697
24 92.4 65 53.65 0.003931903353764767
24 92.4 66 53.93 4.65083835980114e-20
24 92.4 67 59.7 3.6762392770182912e-9
24 92.4 68 59.7 1.5736134550526934e-9
24 92.4 69 59.7 2.3207833398682515e-10
24 92.4 70 60.82 7.927116657904355e-9
24 92.4 71 60.82 1.963165642108892e-9
24 92.4 72 60.82 4.5283415996766077e-7
24 92.4 73 61.28 2.35246911418702e-16
24 92.4 74 61.28 0.003172058943351944
24 92.4 75 61.28 0.0031716439048178518
24 92.4 76 61.89 1.169938435891931e-19
24 92.4 77 61.89 4.758094741344964e-20
24 92.4 78 62.4 7.091899690495173e-16
24 92.4 79 62.4 0.009604081506022733
24 92.4 80 62.41 0.00960316280238853
24 92.4 81 62.43 0.009401596533755335
24 92.4 82 62.43 0.006624501240477012
24 92.4 83 64.02 0.02553295112748199
24 92.4 84 65.85 7.291591542274642e-16
24 92.4 85 65.86 0.010449018951164837
24 92.4 86 65.86 0.010445684980629621
24 92.4 87 66.83 0.025951563819604
24 92.4 88 66.83 1.9301033046203226e-15
24 92.4 89 66.83 0.025960628975193578
24 92.4 90 68.17 6.918022525060278e-8
24 92.4 91 68.17 9.150204079017852e-9
24 92.4 92 68.17 6.815489928957373e-8
24 92.4 93 76.29 1.385021722121034e-10
24 92.4 94 76.29 7.033613701457546e-13
24 92.4 95 76.29 2.797294358743184e-9
24 92.4 96 77.76 1.4424257655694694e-9
24 92.4 97 77.76 7.093974506766232e-8
24 92.4 98 77.76 6.366284435122223e-9
24 92.4 99 79.01 1.2354879556886286e-22
24 92.4 100 79.42 4.653500172599717e-10
25 92.4 25 0.0 1.3940893635111518e-7
25 92.4 26 3.47 0.03885886760587411
25 92.4 27 3.47 0.038858192407569346
25 92.4 28 3.47 2.8586414027333656e-15
25 92.4 29 5.71 8.676100246412392e-12
25 92.4 30 24.02 3.4224193936708724e-16
25 92.4 31 24.02 0.004795959829711213
25 92.4 32 24.02 0.0047956101838066865
25 92.4 33 24.06 0.006341349064494752
25 92.4 34 25.83 2.9563737117933403e-16
25 92.4 35 25.83 0.003533215693741474
25 92.4 36 25.83 0.003533542488718713
25 92.4 37 35.85 0.0003718545057137123
25 92.4 38 35.85 0.00037296009616816185
25 92.4 39 35.85 3.1574129846375776e-17
25 92.4 40 36.6 0.09439954194305152
25 92.4 41 36.6 0.004619799566090016
25 92.4 42 36.78 0.024871823155801165
25 92.4 43 36.78 0.024871925974353976
25 92.4 44 36.78 2.0010770253947005e-15
25 92.4 45 43.53 0.021627162758651768
25 92.4 46 43.53 0.021624967721588083
25 92.4 47 43.53 1.3401442079680455e-15
25 92.4 48 44.49 0.037387099520297534
25 92.4 49 44.49 0.000355870999958818
25 92.4 50 46.78 0.047120290058795575
25 92.4 51 47.62 0.03066189531190607
25 92.4 52 47.62 0.03063807040319702
25 92.4 53 47.62 3.5742764228031194e-15
25 92.4 54 48.21 0.01937880110235408
25 92.4 55 48.21 0.01940017452601579
25 92.4 56 48.21 1.456430552803235e-15
25 92.4 57 51.15 1.849474365927593e-21
25 92.4 58 51.15 1.747697013074653e-7
25 92.4 59 51.15 7.748170036265538e-7
25 92.4 60 52.97 6.838986578299041e-21
25 92.4 61 52.97 2.457235450123345e-7
25 92.4 62 52.97 1.1427612694845324e-6
25 92.4 63 53.65 0.003930791046715226
25 92.4 64 53.65 3.5873711456226854e-16
25 92.4 65 53.65 0.003930129524815645
25 92.4 66 53.93 6.310348896872811e-7
25 92.4 67 59.7 2.0442909589072164e-8
25 92.4 68 59.7 2.6728079634327353e-22
25 92.4 69 59.7 1.2128248306468591e-8
25 92.4 70 60.82 7.789193876218629e-9
25 92.4 71 60.82 3.824147418572691e-22
25 92.4 72 60.82 3.761104893240666e-7
25 92.4 73 61.28 0.0031710548424436387
25 92.4 74 61.28 0.0031722231520119972
25 92.4 75 61.28 2.3858969114153814e-16
25 92.4 76 61.89 1.5999283423249426e-6
25 92.4 77 61.89 6.49924343766377e-7
25 92.4 78 62.4 0.00960173696144169
25 92.4 79 62.4 0.009602768075036293
25 92.4 80 62.41 7.174783642541932e-16
25 92.4 81 62.43 0.014156284921484737
25 92.4 82 62.43 0.0018736080105292167
25 92.4 83 64.02 0.025528782218182413
25 92.4 84 65.85 0.010441549812640581
25 92.4 85 65.85 0.01044118441174322
25 92.4 86 65.86 7.345795792447535e-16
25 92.4 87 66.83 0.025961833463970137
25 92.4 88 66.83 0.02596234810279994
25 92.4 89 66.83 1.9428620903898127e-15
25 92.4 90 68.17 3.1730069766730463e-7
25 92.4 91 68.17 9.609190327032722e-9
25 92.4 92 68.17 5.079767077279908e-21
25 92.4 93 76.29 2.075370149512369e-9
25 92.4 94 76.29 5.678961808019124e-23
25 92.4 95 76.29 1.4078919331430432e-8
25 92.4 96 77.76 1.0763272486897025e-22
25 92.4 97 77.76 3.0582552156899518e-9
25 92.4 98 77.76 6.670746862029816e-9
25 92.4 99 79.01 1.5022860235084796e-9
25 92.4 100 79.42 5.139475274230046e-12
26 95.87 26 0.0 3.4550723404552982e-9
26 95.87 27 0.0 7.545694785477186e-9
26 95.87 28 0.0 5.947733400417e-24
26 95.87 29 2.24 2.1122683731661738e-9
26 95.87 30 20.56 1.6789404464638627e-24
26 95.87 31 20.56 2.058934222405006e-10
26 95.87 32 20.56 6.5387546477343095e-9
26 95.87 33 20.59 4.7528854665717136e-9
26 95.87 34 22.36 6.41736116370765e-24
26 95.87 35 22.36 3.2042411877193644e-9
26 95.87 36 22.36 3.958307404140237e-9
26 95.87 37 32.38 7.330030402872384e-9
26 95.87 38 32.38 1.8413712827237135e-8
26 95.87 39 32.38 2.4234015041276433e-23
26 95.87 40 33.13 3.006485012318701e-8
26 95.87 41 33.13 1.2530721879999802e-10
26 95.87 42 33.32 5.645113975265629e-10
26 95.87 43 33.32 6.377588343293734e-9
26 95.87 44 33.32 2.661630512136175e-23
26 95.87 45 40.07 3.269803231580885e-12
26 95.87 46 40.07 2.0662974015245964e-11
26 95.87 47 40.07 1.0411730633618144e-23
26 95.87 48 41.02 7.25047319251837e-10
26 95.87 49 41.02 1.7991854333268243e-10
26 95.87 50 43.31 3.053471879319937e-10
26 95.87 51 44.15 1.0414420171376938e-8
26 95.87 52 44.15 7.728977621366299e-9
26 95.87 53 44.15 1.1330256947357246e-22
26 95.87 54 44.74 4.038710794950084e-9
26 95.87 55 44.74 1.4453319732192022e-9
26 95.87 56 44.74 1.119283996469144e-24
26 95.87 57 47.69 1.8361702324761095e-19
26 95.87 58 47.69 0.000383896159831786
26 95.87 59 47.69 0.0003840188598464434
26 95.87 60 49.51 4.2260801445287656e-19
26 95.87 61 49.51 0.0003004504499265002
26 95.87 62 49.51 0.0003002973232543544
26 95.87 63 50.18 1.6289242841381436e-8
26 95.87 64 50.18 2.9791094021705097e-23
26 95.87 65 50.18 2.5612226655229216e-8
26 95.87 66 50.47 1.9026516408049598e-11
26 95.87 67 56.24 0.019278718321260036
26 95.87 68 56.24 2.1766520928495838e-16
26 95.87 69 56.24 0.019280199209587488
26 95.87 70 57.35 0.027470217384061545
26 95.87 71 57.35 5.30988354237414e-17
26 95.87 72 57.35 0.0274667351025255
26 95.87 73 57.81 3.5916087118983276e-6
26 95.87 74 57.82 3.9891483137244506e-7
26 95.87 75 57.82 7.15447671833833e-23
26 95.87 76 58.43 0.019833705294488295
26 95.87 77 58.43 0.00423203120241229
26 95.87 78 58.94 1.3466314215525757e-8
26 95.87 79 58.94 8.608224051334713e-7
26 95.87 80 58.94 3.1890210160187764e-24
26 95.87 81 58.96 8.126829450478046e-9
26 95.87 82 58.96 2.1632981431331233e-9
26 95.87 83 60.55 5.62190345236607e-9
26 95.87 84 62.39 1.714382661472706e-8
26 95.87 85 62.39 7.697953639444792e-8
26 95.87 86 62.39 2.0041688875247268e-24
26 95.87 87 63.36 2.3487349864456793e-7
26 95.87 88 63.36 1.553183748437444e-10
26 95.87 89 63.36 7.667624468595059e-23
26 95.87 90 64.71 0.014828597788395787
26 95.87 91 64.71 0.014827936697646421
26 95.87 92 64.71 9.936196822630503e-18
26 95.87 93 72.83 0.00018453728032400888
26 95.87 94 72.83 4.1123468879473894e-19
26 95.87 95 72.83 0.00018458268662776924
26 95.87 96 74.29 2.088744560603444e-19
26 95.87 97 74.29 0.00027824224710029915
26 95.87 98 74.29 0.0002782582190967018
26 95.87 99 75.54 5.717971063330585e-13
26 95.87 100 75.95 3.346961052784009e-5
27 95.87 27 0.0 1.5749234020071935e-9
27 95.87 28 0.0 8.40954757860544e-9
27 95.87 29 2.24 6.780025428678424e-25
27 95.87 30 20.56 2.937580926597333e-9
27 95.87 31 20.56 1.0332096264967209e-8
27 95.87 32 20.56 1.0820049855164187e-9
27 95.87 33 20.59 1.847649531213255e-24
27 95.87 34 22.36 1.269587592995535e-9
27 95.87 35 22.36 3.464117462106717e-9
27 95.87 36 22.36 2.3486087883503678e-9
27 95.87 37 32.38 8.007259564410993e-9
27 95.87 38 32.38 1.6432400641057583e-8
27 95.87 39 32.38 1.1680184326207957e-9
27 95.87 40 33.13 1.086440024656026e-23
27 95.87 41 33.13 2.0471915276501685e-25
27 95.87 42 33.32 7.655744939279235e-10
27 95.87 43 33.32 9.476340221393045e-9
27 95.87 44 33.32 2.411072470234475e-8
27 95.87 45 40.07 1.353440462553478e-9
27 95.87 46 40.07 2.7112539976513168e-9
27 95.87 47 40.07 1.4856035535325883e-10
27 95.87 48 41.02 3.575806677319829e-24
27 95.87 49 41.02 1.494111142489912e-25
27 95.87 50 43.31 1.9320798231710448e-24
27 95.87 51 44.15 2.8612928974941455e-9
27 95.87 52 44.15 9.452451635585508e-10
27 95.87 53 44.15 1.157989126808854e-9
27 95.87 54 44.74 4.2983163731905e-9
27 95.87 55 44.74 1.5242220018180512e-8
27 95.87 56 44.74 2.102403253024053e-9
27 95.87 57 47.69 0.0003838897990394841
27 95.87 58 47.69 2.096209956105992e-19
27 95.87 59 47.69 0.0003840610954978235
27 95.87 60 49.51 0.0003003077801110131
27 95.87 61 49.51 1.6067099962853196e-17
27 95.87 62 49.51 0.00030018736626336636
27 95.87 63 50.18 4.088305315667329e-9
27 95.87 64 50.18 2.176666502852972e-8
27 95.87 65 50.18 6.222751089866075e-9
27 95.87 66 50.47 6.625583055148635e-11
27 95.87 67 56.24 1.8368184243371312e-16
27 95.87 68 56.24 0.019277575037725644
27 95.87 69 56.24 0.01926832128366405
27 95.87 70 57.35 7.607518834686269e-18
27 95.87 71 57.35 0.02747203628925609
27 95.87 72 57.35 0.027477923782320484
27 95.87 73 57.81 3.2883135394970877e-6
27 95.87 74 57.82 1.3242319319495426e-6
27 95.87 75 57.82 2.632626467925151e-8
27 95.87 76 58.43 0.016063992098421524
27 95.87 77 58.43 0.008000319885180041
27 95.87 78 58.94 1.4565391498837804e-6
27 95.87 79 58.94 5.069022228284962e-7
27 95.87 80 58.94 2.1083976418434052e-10
27 95.87 81 58.96 4.7131417878207196e-24
27 95.87 82 58.96 2.1219482154692455e-24
27 95.87 83 60.55 4.561300995001277e-24
27 95.87 84 62.39 2.9920454696558363e-9
27 95.87 85 62.39 1.504817514279972e-7
27 95.87 86 62.39 1.5197741247256627e-10
27 95.87 87 63.36 3.6898722398791963e-7
27 95.87 88 63.36 1.6151483249297283e-8
27 95.87 89 63.36 5.423103981305381e-8
27 95.87 90 64.71 0.014828574001784743
27 95.87 91 64.71 7.644474346532858e-18
27 95.87 92 64.71 0.014827984904876423
27 95.87 93 72.83 0.00018453537339458938
27 95.87 94 72.83 0.00018461575282129988
27 95.87 95 72.83 5.194326935093419e-19
27 95.87 96 74.29 0.00027822056230067784
27 95.87 97 74.29 0.00027822144424350195
27 95.87 98 74.29 3.2839598406972555e-17
27 95.87 99 75.54 7.376651673326094e-11
27 95.87 100 75.95 7.182665982732814e-21
28 95.87 28 0.0 5.134982764663132e-10
28 95.87 29 2.24 1.5891128877855013e-11
28 95.87 30 20.56 2.7465872068320748e-9
28 95.87 31 20.56 1.1503350026440887e-7
28 95.87 32 20.56 8.57371730218713e-23
28 95.87 33 20.59 3.079079899673944e-9
28 95.87 34 22.36 2.4338099018074282e-11
28 95.87 35 22.36 2.044580312223726e-7
28 95.87 36 22.36 7.92956943532119e-22
28 95.87 37 32.38 7.61041151796466e-23
28 95.87 38 32.38 1.2173507039080942e-8
28 95.87 39 32.38 7.385068157729067e-12
28 95.87 40 33.13 2.6042047543300556e-9
28 95.87 41 33.13 5.416897377707062e-10
28 95.87 42 33.32 3.604431265755679e-24
28 95.87 43 33.32 3.1824529556038906e-9
28 95.87 44 33.32 4.886690661922267e-9
28 95.87 45 40.07 3.612260387982506e-20
28 95.87 46 40.07 3.658987324607055e-8
28 95.87 47 40.07 3.050784235794954e-8
28 95.87 48 41.02 2.2607431190001302e-8
28 95.87 49 41.02 6.207083541104361e-10
28 95.87 50 43.31 1.3382425460120925e-8
28 95.87 51 44.15 4.9568737413101786e-23
28 95.87 52 44.15 1.7153808549595492e-7
28 95.87 53 44.15 1.0979860376567251e-9
28 95.87 54 44.74 2.6868679163819186e-22
28 95.87 55 44.74 3.123551190474962e-7
28 95.87 56 44.74 9.722551169964555e-11
28 95.87 57 47.69 0.0003844959807010653
28 95.87 58 47.69 0.00038451798925830794
28 95.87 59 47.69 1.866146053468035e-19
28 95.87 60 49.51 0.0003000833707356026
28 95.87 61 49.51 0.00030000102737366035
28 95.87 62 49.51 1.6502814877232303e-17
28 95.87 63 50.18 1.101178611441618e-8
28 95.87 64 50.18 1.4173844926108962e-9
28 95.87 65 50.18 8.601298714912865e-24
28 95.87 66 50.47 7.776782690239083e-12
28 95.87 67 56.24 0.019271062271226318
28 95.87 68 56.24 0.019272501048269573
28 95.87 69 56.24 1.3277681707456199e-17
28 95.87 70 57.35 0.027478806891750123
28 95.87 71 57.35 0.02747714788672602
28 95.87 72 57.35 4.270964617656364e-17
28 95.87 73 57.81 4.25958339671291e-10
28 95.87 74 57.82 2.395438778224601e-22
28 95.87 75 57.82 1.2142732314419507e-8
28 95.87 76 58.43 0.00019848858202751473
28 95.87 77 58.43 0.023870041644472935
28 95.87 78 58.94 9.559164451039596e-7
28 95.87 79 58.94 3.8030749568771123e-22
28 95.87 80 58.94 8.244104942394764e-10
28 95.87 81 58.96 1.6097788065201362e-8
28 95.87 82 58.96 9.751137917053025e-9
28 95.87 83 60.55 2.248801576149589e-8
28 95.87 84 62.39 7.313334070470626e-11
28 95.87 85 62.39 3.665775679620516e-23
28 95.87 86 62.39 2.2849952777031865e-9
28 95.87 87 63.36 1.2235285361040918e-22
28 95.87 88 63.36 2.571017543615297e-10
28 95.87 89 63.36 6.613607337637608e-8
28 95.87 90 64.71 7.366587163396384e-18
28 95.87 91 64.71 0.014829157909451742
28 95.87 92 64.71 0.014829004768417892
28 95.87 93 72.83 7.677333418593669e-20
28 95.87 94 72.83 0.00018451074045151733
28 95.87 95 72.83 0.00018452166595205388
28 95.87 96 74.29 0.0002781680107916952
28 95.87 97 74.29 3.173547258069371e-17
28 95.87 98 74.29 0.0002782187336419216
28 95.87 99 75.54 1.0347667051606562e-10
28 95.87 100 75.95 3.3441292866465495e-5
29 98.11 29 0.0 5.224964608740196e-12
29 98.11 30 18.31 5.019319184330876e-10
29 98.11 31 18.31 6.075412171505694e-23
29 98.11 32 18.31 6.987754014281977e-8
29 98.11 33 18.35 4.054891154753591e-10
29 98.11 34 20.12 5.130742299139223e-12
29 98.11 35 20.12 4.963422544492431e-22
29 98.11 36 20.12 1.2546137765614788e-7
29 98.11 37 30.14 8.473040672853513e-9
29 98.11 38 30.14 4.085176568447449e-23
29 98.11 39 30.14 1.1563378878649117e-13
29 98.11 40 30.89 8.09053142440218e-11
29 98.11 41 30.89 1.1250010769101432e-11
29 98.11 42 31.07 2.1827890108393584e-9
29 98.11 43 31.07 2.6624273827318037e-24
29 98.11 44 31.07 6.096887612107649e-11
29 98.11 45 37.82 1.3488906877600716e-8
29 98.11 46 37.82 1.459628443236384e-20
29 98.11 47 37.82 1.595756952322971e-8
29 98.11 48 38.78 7.2365128908818805e-9
29 98.11 49 38.78 3.229444674814898e-13
29 98.11 50 41.07 1.4575870253140858e-8
29 98.11 51 41.91 9.37696782855295e-8
29 98.11 52 41.91 8.205396630100293e-23
29 98.11 53 41.91 5.697793892036907e-9
29 98.11 54 42.5 1.5330111533415788e-7
29 98.11 55 42.5 7.39130877468198e-23
29 98.11 56 42.5 1.4063504832574914e-12
29 98.11 57 45.44 0.00011470450496357869
29 98.11 58 45.44 0.00011474324310779397
29 98.11 59 45.44 0.00011470465614480423
29 98.11 60 47.26 6.6966524737853e-11
29 98.11 61 47.26 8.890443160750688e-11
29 98.11 62 47.26 4.876112106180557e-12
29 98.11 63 47.94 1.6797867563017114e-24
29 98.11 64 47.94 8.778609139191381e-10
29 98.11 65 47.94 3.245269583898513e-8
29 98.11 66 48.22 4.013612964264008e-27
29 98.11 67 53.99 2.308572757615893e-10
29 98.11 68 53.99 7.760323144196577e-11
29 98.11 69 53.99 6.477320980768936e-10
29 98.11 70 55.11 0.03838557567683433
29 98.11 71 55.11 0.03838538522719843
29 98.11 72 55.11 0.0383831344989376
29 98.11 73 55.57 1.4642829887791004e-24
29 98.11 74 55.57 1.1774551603639755e-6
29 98.11 75 55.57 2.1838749740902588e-10
29 98.11 76 56.18 4.660202689601883e-27
29 98.11 77 56.18 2.4273231282844286e-26
29 98.11 78 56.7 5.901190936651914e-23
29 98.11 79 56.7 1.1322121872107812e-6
29 98.11 80 56.7 2.365566164847916e-10
29 98.11 81 56.72 8.07136703087765e-10
29 98.11 82 56.72 4.944060346733345e-10
29 98.11 83 58.31 1.0116610906280843e-8
29 98.11 84 60.15 3.9793634102932174e-23
29 98.11 85 60.15 1.4801560866273412e-7
29 98.11 86 60.15 3.8451558249360905e-10
29 98.11 87 61.12 2.741346109632793e-7
29 98.11 88 61.12 1.4630881535777376e-22
29 98.11 89 61.12 1.9942617142212546e-8
29 98.11 90 62.46 0.0015539032362546041
29 98.11 91 62.46 0.001554031540113959
29 98.11 92 62.46 0.0015540646226597575
29 98.11 93 70.58 4.474524691191405e-6
29 98.11 94 70.58 4.478910283891184e-6
29 98.11 95 70.58 4.477368255059559e-6
29 98.11 96 72.05 3.0703345555040975e-12
29 98.11 97 72.05 6.043779747428758e-14
29 98.11 98 72.05 3.757495602679259e-12
29 98.11 99 73.3 8.499440168064023e-28
29 98.11 100 73.71 1.137260349538946e-12
