translational analysis para
#nmax= 3 NR= 11 Ntheta= 11 Nphi= 11
#jmax= 3 Nalpha= 11 Nphi= 11 Nchi= 11
0.0
1 65.120461299245 0.9344750578814228
2 108.53410216540831 0.017775757457779887
3 108.53410216540831 0.017775707790939888
4 108.53410216540833 0.017775377081486913
10 151.94774303157166 0.01044846288029996

32.41396675087532
1 65.120461299245 0.7267487461866736
2 108.53410216540831 0.24540962910666528

32.41402142423652
1 65.120461299245 0.7267472375274245
3 108.53410216540831 0.24541102025314956

32.41410399429255
1 65.120461299245 0.7267493186583529
4 108.53410216540833 0.2454092958746184

60.99739896911369
1 65.120461299245 0.23147756323790933
4 108.53410216540833 0.6780152897848418
6 151.94774303157163 0.014553516447550301
7 151.94774303157163 0.014553397673545356
9 151.94774303157166 0.01816198911693322
10 151.94774303157166 0.026122692034420546
20 195.36138389773498 0.012540281615422236

60.99748342396972
1 65.120461299245 0.231479099180152
3 108.53410216540831 0.6780133587552055
5 151.94774303157163 0.014553786948109965
7 151.94774303157163 0.014553379298111204
8 151.94774303157163 0.013634706296180066
10 151.94774303157166 0.026122530793987186
18 195.36138389773492 0.01254016702709487

60.997509398499744
1 65.120461299245 0.23147765620729
2 108.53410216540831 0.6780149594368955
5 151.94774303157163 0.01455377960235743
6 151.94774303157163 0.01455335187308458
8 151.94774303157163 0.013634624996278483
10 151.94774303157166 0.026122532092731517
17 195.36138389773492 0.012540227321696613

67.267178701805
1 65.120461299245 0.7275534422190503
2 108.53410216540831 0.02250008251929126
3 108.53410216540831 0.07805603240828378
4 108.53410216540833 0.1277913514786318
9 151.94774303157166 0.03135113283128432

67.26751364688674
1 65.120461299245 0.72755920275755
2 108.53410216540831 0.1297291442988032
3 108.53410216540831 0.07417449463193557
4 108.53410216540833 0.024440212597468664
8 151.94774303157163 0.031348696362781064

67.63720121434662
1 65.120461299245 0.8156266647914251
2 108.53410216540831 0.06727270528468662
3 108.53410216540831 0.0672730490930234
4 108.53410216540833 0.02015312312985051
5 151.94774303157163 0.01854365382762538

67.6374632456983
1 65.120461299245 0.8156387031803236
2 108.53410216540831 0.06726764223055662
3 108.53410216540831 0.02015404175006336
4 108.53410216540833 0.06726732186856137
6 151.94774303157163 0.018541453858752634

67.63753042927516
1 65.120461299245 0.8156391298452903
2 108.53410216540831 0.02015420541069687
3 108.53410216540831 0.06726689356617128
4 108.53410216540833 0.06726751253559754
7 151.94774303157163 0.01854143540661422

84.9434429409675
1 65.120461299245 0.15341822651740508
2 108.53410216540831 0.29498851944880755
3 108.53410216540831 0.29499213084960163
4 108.53410216540833 0.010166806551205318
5 151.94774303157163 0.21197996957922963

84.9438205183472
1 65.120461299245 0.15340487353029558
2 108.53410216540831 0.2949901249317354
3 108.53410216540831 0.010166250708027761
4 108.53410216540833 0.29500142039391025
6 151.94774303157163 0.21198310237752427

84.94382138599444
1 65.120461299245 0.15340470741804754
2 108.53410216540831 0.010166373078850934
3 108.53410216540831 0.29499776291163915
4 108.53410216540833 0.29499337898888756
7 151.94774303157163 0.21198343102451553

86.54116111469982
1 65.120461299245 0.23337764165774302
2 108.53410216540831 0.030610946135540124
3 108.53410216540831 0.17720051888025612
4 108.53410216540833 0.3029947617099736
8 151.94774303157163 0.021606031904477623
9 151.94774303157166 0.19787937741628311
10 151.94774303157166 0.014913024381307727

86.54140947217846
1 65.120461299245 0.23337021751836867
2 108.53410216540831 0.30988446554343474
3 108.53410216540831 0.16328141455150172
4 108.53410216540833 0.03764463207604144
8 151.94774303157163 0.19788118484917933
9 151.94774303157166 0.021607889656026728
10 151.94774303157166 0.014912191817274796

86.95184376937905
1 65.120461299245 0.021118150893884
2 108.53410216540831 0.22330279694584926
3 108.53410216540831 0.22331377494488508
4 108.53410216540833 0.2231559195859565
10 151.94774303157166 0.27199999730015595

89.97341808921827
1 65.120461299245 0.8140913681817614
2 108.53410216540831 0.08749215369267689
3 108.53410216540831 0.08255527666525936

89.97363522394255
1 65.120461299245 0.8140939648252278
2 108.53410216540831 0.02707360280023812
3 108.53410216540831 0.032010097462317415
4 108.53410216540833 0.11276329201533256

93.4320098994848
1 65.120461299245 0.8120343249370401
2 108.53410216540831 0.024226055637811876
3 108.53410216540831 0.025350374107671447
4 108.53410216540833 0.12309220118643505

93.43208690811818
1 65.120461299245 0.8133488274801219
2 108.53410216540831 0.12254366399367929
3 108.53410216540831 0.02462060134216949
4 108.53410216540833 0.02426415638582994

93.43219755006533
1 65.120461299245 0.8139747994990861
2 108.53410216540831 0.02428396501058337
3 108.53410216540831 0.1222713012315759
4 108.53410216540833 0.02428267201545228

93.46648676415894
2 108.53410216540831 0.4693288749050428
3 108.53410216540831 0.46926082811964626
5 151.94774303157163 0.016246594306273014
8 151.94774303157163 0.010945062852136648
17 195.36138389773492 0.013320835570114483
18 195.36138389773492 0.013319353204252737

93.46672209523082
2 108.53410216540831 0.4696069107137253
4 108.53410216540833 0.4695955244642723
6 151.94774303157163 0.016258020865626447
17 195.36138389773492 0.013329669043119337
20 195.36138389773498 0.013329420740255433

93.46684083956534
3 108.53410216540831 0.4685332187850266
4 108.53410216540833 0.4687794154036193
7 151.94774303157163 0.01622191091087545
18 195.36138389773492 0.013298938719028318
20 195.36138389773498 0.013303307623091098

114.97144552180985
1 65.120461299245 0.13935473095704817
2 108.53410216540831 0.23127971385170185
3 108.53410216540831 0.23128140126429889
4 108.53410216540833 0.23128605065156307
5 151.94774303157163 0.03754357296005535
6 151.94774303157163 0.037544412187517036
7 151.94774303157163 0.03754476585746105
8 151.94774303157163 0.012618255158599725
9 151.94774303157166 0.012618459445949758
12 195.36138389773492 0.017376546915402795

116.10330884552742
1 65.120461299245 0.12870037068143828
2 108.53410216540831 0.22957632429846636
3 108.53410216540831 0.2415203893353492
4 108.53410216540833 0.24129813221535237
5 151.94774303157163 0.0393727668360595
6 151.94774303157163 0.03933318179174699
7 151.94774303157163 0.010820553128754169
8 151.94774303157163 0.01440481495536718
9 151.94774303157166 0.026275888627073005

116.10342466046633
1 65.120461299245 0.1287009889622725
2 108.53410216540831 0.2413628611624284
3 108.53410216540831 0.22957878997135436
4 108.53410216540833 0.24144952366114983
5 151.94774303157163 0.03934468014918631
6 151.94774303157163 0.010820490956149158
7 151.94774303157163 0.03936176021772949
8 151.94774303157163 0.014383798672933292
9 151.94774303157166 0.026298896261164984

116.10368949531075
1 65.120461299245 0.1286963458584472
2 108.53410216540831 0.2414163116310779
3 108.53410216540831 0.24140156005747898
4 108.53410216540833 0.229586192643801
5 151.94774303157163 0.010821625350154462
6 151.94774303157163 0.03935252995678054
7 151.94774303157163 0.03935080939018126
8 151.94774303157163 0.03223605113252619
15 195.36138389773492 0.015308501391147561

116.31282077550054
1 65.120461299245 0.10224507641437913
2 108.53410216540831 0.4078417890979134
3 108.53410216540831 0.13123219444071693
4 108.53410216540833 0.1314290298249133
5 151.94774303157163 0.03692589314121704
6 151.94774303157163 0.036963648025837174
8 151.94774303157163 0.08018802201912015
9 151.94774303157166 0.02807828094502507
11 195.36138389773492 0.017919385903474482
13 195.36138389773492 0.010993349824697234

116.3128645753926
1 65.120461299245 0.10224394917960868
2 108.53410216540831 0.13137472881698736
3 108.53410216540831 0.4078543398544559
4 108.53410216540833 0.13126658325682727
5 151.94774303157163 0.0369545482192232
7 151.94774303157163 0.03693415988406963
8 151.94774303157163 0.08021383895845793
9 151.94774303157166 0.02805982489327493
14 195.36138389773492 0.010984692148911564
16 195.36138389773492 0.017928842889949507

116.31311959258811
1 65.120461299245 0.10223500933268584
2 108.53410216540831 0.13131150127061636
3 108.53410216540831 0.13131981706895776
4 108.53410216540833 0.4078649167828982
6 151.94774303157163 0.036944350132510496
7 151.94774303157163 0.03694656942268908
9 151.94774303157166 0.10628094917534794
19 195.36138389773498 0.028333776836298057

120.93627647214883
1 65.120461299245 0.10857539589839689
2 108.53410216540831 0.06714392357549452
3 108.53410216540831 0.019790122669444743
4 108.53410216540833 0.09546617188909853
8 151.94774303157163 0.06491551913523559
9 151.94774303157166 0.5350820701164392
13 195.36138389773492 0.019899137315836504
14 195.36138389773492 0.014202177811785505
17 195.36138389773492 0.016533425662652642
19 195.36138389773498 0.02281421601709036
20 195.36138389773498 0.025706178827188016

120.93632486053764
1 65.120461299245 0.10857593729130166
2 108.53410216540831 0.054454917783942146
3 108.53410216540831 0.10181175599311108
4 108.53410216540833 0.02613429771795549
8 151.94774303157163 0.5350815425213745
9 151.94774303157166 0.06491515860895404
11 195.36138389773492 0.02038833926992229
15 195.36138389773492 0.014971511920144618
16 195.36138389773492 0.019335786654003755
17 195.36138389773492 0.012424036330317518
18 195.36138389773492 0.027759841054701737

122.88320601285126
1 65.120461299245 0.15637563877614571
2 108.53410216540831 0.06538772534745554
3 108.53410216540831 0.06538855341464771
4 108.53410216540833 0.028086042177879543
5 151.94774303157163 0.5776692912783107
11 195.36138389773492 0.021399881922284713
12 195.36138389773492 0.01586092606676783
16 195.36138389773492 0.021399170255355256
17 195.36138389773492 0.02059975356920879
18 195.36138389773492 0.02059916300817882

122.88343620870603
1 65.120461299245 0.1563654418545927
2 108.53410216540831 0.02808091196013395
3 108.53410216540831 0.06538813650157319
4 108.53410216540833 0.0653877528282716
7 151.94774303157163 0.5776867606014707
12 195.36138389773492 0.015861650072204133
14 195.36138389773492 0.02265180313238552
15 195.36138389773492 0.013873349175064057
18 195.36138389773492 0.020599960335157715
20 195.36138389773498 0.020599493529363983

122.88345220715031
1 65.120461299245 0.15636789767009207
2 108.53410216540831 0.06538776169382732
3 108.53410216540831 0.028081107186929338
4 108.53410216540833 0.0653877279549975
6 151.94774303157163 0.5776849296590587
12 195.36138389773492 0.015861491496986048
13 195.36138389773492 0.022651668778428002
15 195.36138389773492 0.013873347257132296
17 195.36138389773492 0.020599837092773184
20 195.36138389773498 0.020599555749496668

124.59396981112707
2 108.53410216540831 0.2628497148713083
3 108.53410216540831 0.27491277605781533
4 108.53410216540833 0.2628841319019392
8 151.94774303157163 0.017025202385948568
10 151.94774303157166 0.10431913878939421
18 195.36138389773492 0.027355388841239836

124.59402881713574
2 108.53410216540831 0.27492956588290385
3 108.53410216540831 0.26283674275665403
4 108.53410216540833 0.2628738947454288
8 151.94774303157163 0.017023937068231892
10 151.94774303157166 0.10431740465540867
17 195.36138389773492 0.027354773708853787

124.59418360401826
2 108.53410216540831 0.26286870113164973
3 108.53410216540831 0.262883814638839
4 108.53410216540833 0.27489448904755437
9 151.94774303157166 0.02077434890047399
10 151.94774303157166 0.10432044330910317
20 195.36138389773498 0.02735570470935728

127.98710334266002
1 65.120461299245 0.14338610038768113
2 108.53410216540831 0.014498665613683476
3 108.53410216540831 0.43146895940180363
4 108.53410216540833 0.2893766077522431
5 151.94774303157163 0.018774431517302646
6 151.94774303157163 0.02309488360106132
7 151.94774303157163 0.010415362455749326
8 151.94774303157163 0.010610158441424688
9 151.94774303157166 0.011705175786289533
10 151.94774303157166 0.03427613424402595

127.98716499825774
1 65.120461299245 0.1433872070457406
2 108.53410216540831 0.47573321464091584
3 108.53410216540831 0.058761062178988306
4 108.53410216540833 0.2008492066517991
5 151.94774303157163 0.016081666606574088
6 151.94774303157163 0.011761284885147471
7 151.94774303157163 0.0244411480377961
8 151.94774303157163 0.011705305229940432
9 151.94774303157166 0.010610179449875246
10 151.94774303157166 0.034276279188037335

128.25884972025628
1 65.120461299245 0.1382507142572787
2 108.53410216540831 0.4456478560042145
3 108.53410216540831 0.13931886658968376
4 108.53410216540833 0.13931296138540958
5 151.94774303157163 0.025231455601284848
6 151.94774303157163 0.025229483275616034
7 151.94774303157163 0.010777438160569879
8 151.94774303157163 0.01510658391966139
9 151.94774303157166 0.02035986491035223
10 151.94774303157166 0.026488932483696367

128.25886750430175
1 65.120461299245 0.13825226903406915
2 108.53410216540831 0.13932236662850972
3 108.53410216540831 0.13931535999194172
4 108.53410216540833 0.44564350037732164
5 151.94774303157163 0.010777876805100919
6 151.94774303157163 0.025229486076232897
7 151.94774303157163 0.02522888447798271
8 151.94774303157163 0.02298542420490902
9 151.94774303157166 0.012479833086687772
10 151.94774303157166 0.026489717837743326

128.25895989525677
1 65.120461299245 0.13825302262472852
2 108.53410216540831 0.1393186092500791
3 108.53410216540831 0.445640235073324
4 108.53410216540833 0.13931868723545535
5 151.94774303157163 0.025229750082326183
6 151.94774303157163 0.01077771704584641
7 151.94774303157163 0.02522963000840759
8 151.94774303157163 0.015106929650634569
9 151.94774303157166 0.02036076381943023
10 151.94774303157166 0.02648918231102864

129.72321320240985
1 65.120461299245 0.04068778459333696
2 108.53410216540831 0.067657058306296
3 108.53410216540831 0.06765616227315156
4 108.53410216540833 0.06765769052604827
10 151.94774303157166 0.5892600997951938
17 195.36138389773492 0.054348021394790454
18 195.36138389773492 0.05434750504557091
20 195.36138389773498 0.054348019712225984

136.31262529066993
1 65.120461299245 0.38818326290134053
2 108.53410216540831 0.08967108273087916
3 108.53410216540831 0.08967454638152342
4 108.53410216540833 0.25449844721111115
5 151.94774303157163 0.08232027397517923
9 151.94774303157166 0.018646790053330906
10 151.94774303157166 0.03368341904717812

136.3127522083968
1 65.120461299245 0.388189523992373
2 108.53410216540831 0.08967088662478093
3 108.53410216540831 0.25450976018119126
4 108.53410216540833 0.08966273392045734
6 151.94774303157163 0.08231572785044038
8 151.94774303157163 0.013999960040886435
10 151.94774303157166 0.03368297272565751

136.31285793818745
1 65.120461299245 0.38818845011051806
2 108.53410216540831 0.2545108064247811
3 108.53410216540831 0.08967269966487454
4 108.53410216540833 0.08966301767891724
7 151.94774303157163 0.08231362937269449
8 151.94774303157163 0.013999786758873036
10 151.94774303157166 0.03368326556521894

137.75850580210425
1 65.120461299245 0.4841524661067937
2 108.53410216540831 0.18003114328292455
3 108.53410216540831 0.14667853001466372
4 108.53410216540833 0.06420528719065279
9 151.94774303157166 0.049215514722169014
10 151.94774303157166 0.03779699919565621

137.7588423029654
1 65.120461299245 0.48414116171532723
2 108.53410216540831 0.08057526310697882
3 108.53410216540831 0.11392870144504243
4 108.53410216540833 0.19642288416064588
8 151.94774303157163 0.049214615215386635
10 151.94774303157166 0.037798551182841915

140.90310344315387
1 65.120461299245 0.18902698433647439
2 108.53410216540831 0.026410822399538153
3 108.53410216540831 0.026411892166595792
4 108.53410216540833 0.026413119918920154
5 151.94774303157163 0.1781163570321395
6 151.94774303157163 0.17811770047977166
7 151.94774303157163 0.17811909880211907
12 195.36138389773492 0.16232754447787745

141.19415511741582
1 65.120461299245 0.11188958283846448
2 108.53410216540831 0.041282876072766386
3 108.53410216540831 0.030052804231156433
4 108.53410216540833 0.02998988294353743
5 151.94774303157163 0.1472228608403248
6 151.94774303157163 0.1469136401050312
8 151.94774303157163 0.07381449049149155
9 151.94774303157166 0.2032053629051618
11 195.36138389773492 0.07195815923432083
13 195.36138389773492 0.11632872301599638

141.1941554217521
1 65.120461299245 0.11189439668424828
2 108.53410216540831 0.030052327949071554
3 108.53410216540831 0.04128119011187773
4 108.53410216540833 0.029993418712181915
5 151.94774303157163 0.147201452097519
7 151.94774303157163 0.1469363094851456
8 151.94774303157163 0.07378264560238779
9 151.94774303157166 0.20323282694769687
14 195.36138389773492 0.11634720345987863
16 195.36138389773492 0.07193601711447652

141.19445135535926
1 65.120461299245 0.11189392024859166
2 108.53410216540831 0.030016230204205605
3 108.53410216540831 0.030024275427052015
4 108.53410216540833 0.04127910421338099
6 151.94774303157163 0.14705608176660034
7 151.94774303157163 0.14709325999073125
8 151.94774303157163 0.2681963880975484
15 195.36138389773492 0.1833244183744519

141.6798362830813
1 65.120461299245 0.17912239236851307
2 108.53410216540831 0.017312820267914718
3 108.53410216540831 0.08318363339603993
4 108.53410216540833 0.01735574938294781
5 151.94774303157163 0.09239578559390292
7 151.94774303157163 0.09264113074066353
8 151.94774303157163 0.23527118109718392
9 151.94774303157166 0.08012588011268237
14 195.36138389773492 0.06557400266248006
16 195.36138389773492 0.1060396638649084
18 195.36138389773492 0.010814500279986629

141.67991576736463
1 65.120461299245 0.17911560631702073
2 108.53410216540831 0.017333766478585227
3 108.53410216540831 0.0173261095668118
4 108.53410216540833 0.0832096561868279
6 151.94774303157163 0.09251860099515584
7 151.94774303157163 0.09248145270705672
9 151.94774303157166 0.31314021891558586
19 195.36138389773498 0.16709742184443513
20 195.36138389773498 0.010815975932249082

141.6799455431933
1 65.120461299245 0.17910807023088487
2 108.53410216540831 0.08317804470506965
3 108.53410216540831 0.017311966774355186
4 108.53410216540833 0.017364740670874332
5 151.94774303157163 0.09237961681764409
6 151.94774303157163 0.09267255420004385
8 151.94774303157163 0.23523565878675307
9 151.94774303157166 0.08015031125968052
11 195.36138389773492 0.1060248999850414
13 195.36138389773492 0.06559279791345915
17 195.36138389773492 0.010813949419319279

143.2535935971434
1 65.120461299245 0.02178081762821989
2 108.53410216540831 0.07552224822752882
3 108.53410216540831 0.6434992810375413
4 108.53410216540833 0.07556070111406364
5 151.94774303157163 0.07348100743470039
6 151.94774303157163 0.010212202322732582
7 151.94774303157163 0.07347862180585633
18 195.36138389773492 0.010050279813721412

143.25365476155943
1 65.120461299245 0.021781265635758024
2 108.53410216540831 0.6434986213797897
3 108.53410216540831 0.07549689205965712
4 108.53410216540833 0.07558453373030313
5 151.94774303157163 0.07348029844591118
6 151.94774303157163 0.07347860148063051
7 151.94774303157163 0.010211983360751785
17 195.36138389773492 0.01005032172063032

143.25395068307222
1 65.120461299245 0.02178004628681603
2 108.53410216540831 0.07552479493390697
3 108.53410216540831 0.07555444862082375
4 108.53410216540833 0.6434978141596355
5 151.94774303157163 0.01021484083598534
6 151.94774303157163 0.0734809715969557
7 151.94774303157163 0.07347840642153781
20 195.36138389773498 0.01005059970638426

144.1076886859903
1 65.120461299245 0.05666336420729224
2 108.53410216540831 0.22882991585009632
3 108.53410216540831 0.22880562856485429
4 108.53410216540833 0.3072606757935785
5 151.94774303157163 0.06154319252965594
9 151.94774303157166 0.089137781724487

144.10806571315456
1 65.120461299245 0.05666653674088662
2 108.53410216540831 0.2288346593886067
3 108.53410216540831 0.30725600408401704
4 108.53410216540833 0.22880886669891654
6 151.94774303157163 0.06154144092678581
8 151.94774303157163 0.06698288321365327
9 151.94774303157166 0.02266999873453241

144.10812963320586
1 65.120461299245 0.05666465698640022
2 108.53410216540831 0.3072513482168829
3 108.53410216540831 0.22885738842781178
4 108.53410216540833 0.22878481638513662
7 151.94774303157163 0.061542570827853235
8 151.94774303157163 0.06698395784894785
9 151.94774303157166 0.022670652726506025

144.2998475240397
1 65.120461299245 0.025622328564292085
2 108.53410216540831 0.2547541210290386
3 108.53410216540831 0.2547580174240673
4 108.53410216540833 0.25473714689898985
8 151.94774303157163 0.09307834381606071
9 151.94774303157166 0.0930764668508615

144.49499778496715
1 65.120461299245 0.016762755553559012
2 108.53410216540831 0.039970547978136074
3 108.53410216540831 0.061581525714599954
4 108.53410216540833 0.03998404992614919
5 151.94774303157163 0.11850426135031414
7 151.94774303157163 0.11855023113068924
8 151.94774303157163 0.09331068898247742
9 151.94774303157166 0.03281443443651572
10 151.94774303157166 0.17852138281556018
18 195.36138389773492 0.261960454469582

144.49506761936033
1 65.120461299245 0.016763879885286468
2 108.53410216540831 0.061582568487474246
3 108.53410216540831 0.039964215214950666
4 108.53410216540833 0.03997608520448517
5 151.94774303157163 0.11850255995585636
6 151.94774303157163 0.11853848962149069
8 151.94774303157163 0.09332215362932816
9 151.94774303157166 0.032821861874260914
10 151.94774303157166 0.17852282148562665
17 195.36138389773492 0.2619667082082321

144.49509455069148
1 65.120461299245 0.016755850969451244
2 108.53410216540831 0.03997971711790284
3 108.53410216540831 0.03997882851223551
4 108.53410216540833 0.06156661895580417
6 151.94774303157163 0.11854842617192146
7 151.94774303157163 0.1185470327387554
9 151.94774303157166 0.12348601486102852
10 151.94774303157166 0.1785391103233251
20 195.36138389773498 0.2619651245183765

150.5405463423896
2 108.53410216540831 0.3537976380577317
3 108.53410216540831 0.35377179448120943
4 108.53410216540833 0.17952785394327442
5 151.94774303157163 0.04544779075298542
8 151.94774303157163 0.03041069897797085

150.54133304988983
2 108.53410216540831 0.3538676977293676
3 108.53410216540831 0.17957588670604938
4 108.53410216540833 0.35387826236774855
6 151.94774303157163 0.04547567105637015
9 151.94774303157166 0.023255194283712206

150.5413654167061
2 108.53410216540831 0.17956914301565283
3 108.53410216540831 0.35387885473695696
4 108.53410216540833 0.3538403045022906
7 151.94774303157163 0.045473106282883785
9 151.94774303157166 0.02325590673859466

151.44556833345567
1 65.120461299245 0.6667658583589757
2 108.53410216540831 0.062164625434837265
3 108.53410216540831 0.038841924387027334
4 108.53410216540833 0.062098514641957356
6 151.94774303157163 0.011397740708583867
8 151.94774303157163 0.030918447360599077
9 151.94774303157166 0.08008449849466165
10 151.94774303157166 0.02279473408444816

151.44568060498497
1 65.120461299245 0.6667692611226007
2 108.53410216540831 0.06213364504755857
3 108.53410216540831 0.06213973996671478
4 108.53410216540833 0.03886320118740248
5 151.94774303157163 0.011397224532273955
8 151.94774303157163 0.104673123985847
10 151.94774303157166 0.022793856402255442

151.4461265691449
1 65.120461299245 0.6665773600418654
2 108.53410216540831 0.03890671776730281
3 108.53410216540831 0.06221342228939234
4 108.53410216540833 0.06216679345353521
7 151.94774303157163 0.011395092079965164
8 151.94774303157163 0.030892133943289747
9 151.94774303157166 0.08009901905637332
10 151.94774303157166 0.02278761749384959

152.7049214874568
1 65.120461299245 0.37524730161326497
2 108.53410216540831 0.12751134798893324
3 108.53410216540831 0.12740277587155888
4 108.53410216540833 0.1540271798027585
5 151.94774303157163 0.0639412699761335
6 151.94774303157163 0.021885868518156916
7 151.94774303157163 0.02188468208966168
9 151.94774303157166 0.020452285683191566
10 151.94774303157166 0.07835161020792429

152.7050943646487
1 65.120461299245 0.37519304921105234
2 108.53410216540831 0.12746553532151902
3 108.53410216540831 0.15404565868362954
4 108.53410216540833 0.12746900354329926
5 151.94774303157163 0.021888593187915553
6 151.94774303157163 0.06394933957919281
7 151.94774303157163 0.021889160763229852
8 151.94774303157163 0.015428611789124554
10 151.94774303157166 0.07836146335207264

152.70522028392872
1 65.120461299245 0.37518590515781364
2 108.53410216540831 0.15405085636848703
3 108.53410216540831 0.12745108752262793
4 108.53410216540833 0.12748136431297658
5 151.94774303157163 0.021890636945577042
6 151.94774303157163 0.021889153377281728
7 151.94774303157163 0.06395096739306455
8 151.94774303157163 0.015429536222059172
10 151.94774303157166 0.07836396158933873

152.9322139234613
1 65.120461299245 0.6680878794950713
2 108.53410216540831 0.03927755893796213
3 108.53410216540831 0.12773749561964062
4 108.53410216540833 0.03929470743912061
5 151.94774303157163 0.010863905037088322
7 151.94774303157163 0.010862680557436102
8 151.94774303157163 0.033411613225468866
9 151.94774303157166 0.012797435473318316
10 151.94774303157166 0.02393646643071563
16 195.36138389773492 0.011759504499889759

152.93223337039134
1 65.120461299245 0.6681815224818323
2 108.53410216540831 0.03926333582014957
3 108.53410216540831 0.03926020821429869
4 108.53410216540833 0.12772345409559047
6 151.94774303157163 0.010863664830826528
7 151.94774303157163 0.010863602233336392
9 151.94774303157166 0.04375538384478367
10 151.94774303157166 0.023922248104992973
19 195.36138389773498 0.018419667700512763

152.93326508356228
1 65.120461299245 0.6680540665846454
2 108.53410216540831 0.12768623361750822
3 108.53410216540831 0.03935578873332238
4 108.53410216540833 0.03930057226635705
5 151.94774303157163 0.010888697824230227
6 151.94774303157163 0.010865439185229957
8 151.94774303157163 0.033417929752308125
9 151.94774303157166 0.012769311946812316
10 151.94774303157166 0.023934736913732574
11 195.36138389773492 0.011759940206616859

153.11948097344296
1 65.120461299245 0.6374753483336972
2 108.53410216540831 0.07141777549461323
3 108.53410216540831 0.07141380643813243
4 108.53410216540833 0.07140150605367201
5 151.94774303157163 0.016454311239777447
6 151.94774303157163 0.016456787669940205
7 151.94774303157163 0.016460400416807196
8 151.94774303157163 0.01801762582870026
9 151.94774303157166 0.018016918287605793
10 151.94774303157166 0.024654829365027765
12 195.36138389773492 0.026732659393876142

153.85893160271164
1 65.120461299245 0.36333878756969995
2 108.53410216540831 0.03782191583785565
3 108.53410216540831 0.11453685731616337
4 108.53410216540833 0.2590994724743763
6 151.94774303157163 0.01683022249202963
7 151.94774303157163 0.025148254470381763
8 151.94774303157163 0.04143461797258758
9 151.94774303157166 0.04072241133001244
10 151.94774303157166 0.09005861293852326

153.85939730519928
1 65.120461299245 0.3633867519191607
2 108.53410216540831 0.2364548530655145
3 108.53410216540831 0.15975930187916357
4 108.53410216540833 0.015202770451074016
5 151.94774303157163 0.027609221840474915
6 151.94774303157163 0.011924690591064846
8 151.94774303157163 0.04072446131923245
9 151.94774303157166 0.04142472560528441
10 151.94774303157166 0.09004666344385887

155.6653228681596
1 65.120461299245 0.06907542110730036
2 108.53410216540831 0.10031693570617656
5 151.94774303157163 0.1740746305855895
6 151.94774303157163 0.17404463771686587
8 151.94774303157163 0.10679118643278261
9 151.94774303157166 0.3024452481616955
10 151.94774303157166 0.014557180923329539
11 195.36138389773492 0.013782949409188058
13 195.36138389773492 0.01786514713645379

155.6653672481289
1 65.120461299245 0.06907389169174095
3 108.53410216540831 0.10031634609965685
5 151.94774303157163 0.17407941178263592
7 151.94774303157163 0.17403728359514545
8 151.94774303157163 0.10679422374307328
9 151.94774303157166 0.3024464582196116
10 151.94774303157166 0.01455816862019494
14 195.36138389773492 0.01786440399220836
16 195.36138389773492 0.013782407198175362

155.66557086410864
1 65.120461299245 0.06903996585293558
4 108.53410216540833 0.10030390283906243
6 151.94774303157163 0.1740647218279165
7 151.94774303157163 0.17406342987647422
8 151.94774303157163 0.40032396352652017
10 151.94774303157166 0.014556517428855432
15 195.36138389773492 0.023995168970255738

156.54994201758166
2 108.53410216540831 0.0434961729156778
3 108.53410216540831 0.029309113117412276
5 151.94774303157163 0.019545318421389353
6 151.94774303157163 0.3338834579096175
7 151.94774303157163 0.4948428306905692
10 151.94774303157166 0.011065678699111568
12 195.36138389773492 0.02211804267578832
15 195.36138389773492 0.016267929061603733

156.55024532610116
3 108.53410216540831 0.020301539051854302
4 108.53410216540833 0.04800049949424598
5 151.94774303157163 0.5459729156962874
6 151.94774303157163 0.23163259916701404
7 151.94774303157163 0.07066523072416854
10 151.94774303157166 0.011066260359499628
12 195.36138389773492 0.02211791427156202

159.0353380318349
1 65.120461299245 0.010600896212234876
2 108.53410216540831 0.062216418381739885
3 108.53410216540831 0.012940177370437225
4 108.53410216540833 0.012940474202786937
5 151.94774303157163 0.13181373893538806
6 151.94774303157163 0.1318382095706014
8 151.94774303157163 0.08505911117608377
9 151.94774303157166 0.030671997878538016
10 151.94774303157166 0.46138547990711515
17 195.36138389773492 0.016981835580449838

159.03542121208451
1 65.120461299245 0.01059940662329755
2 108.53410216540831 0.012941398469114495
3 108.53410216540831 0.06221220106246317
4 108.53410216540833 0.012940615035550255
5 151.94774303157163 0.13180910959632025
7 151.94774303157163 0.1318405281074262
8 151.94774303157163 0.08505958753384396
9 151.94774303157166 0.0306756262368815
10 151.94774303157166 0.4613884010129367
18 195.36138389773492 0.016981612637668873

159.03582846717208
1 65.120461299245 0.010597431038544354
2 108.53410216540831 0.012940862544656142
3 108.53410216540831 0.012940466648125901
4 108.53410216540833 0.06220966275969739
6 151.94774303157163 0.131824429183429
7 151.94774303157163 0.13182832281015155
9 151.94774303157166 0.11228579951636683
10 151.94774303157166 0.46138267993240334
20 195.36138389773498 0.016980893220570215

170.9778151436148
2 108.53410216540831 0.061469178232162996
3 108.53410216540831 0.06148858485810305
4 108.53410216540833 0.12910728500719282
5 151.94774303157163 0.10462398391028963
6 151.94774303157163 0.17547629774206155
7 151.94774303157163 0.1754829785490379
9 151.94774303157166 0.17856983693422218
12 195.36138389773492 0.030641547497357393
13 195.36138389773492 0.024244673944756646
14 195.36138389773492 0.02424446371970797
15 195.36138389773492 0.010158015761218182
19 195.36138389773498 0.014391301528744087

170.9781315489561
2 108.53410216540831 0.12911597497210717
3 108.53410216540831 0.06147982342100409
4 108.53410216540833 0.06146903505541443
5 151.94774303157163 0.1754783577440943
6 151.94774303157163 0.17548442819723598
7 151.94774303157163 0.10461625522766292
8 151.94774303157163 0.1341325291026533
9 151.94774303157166 0.045136314984672805
11 195.36138389773492 0.012805258250846994
12 195.36138389773492 0.0306403822542388
13 195.36138389773492 0.011744466416894847
15 195.36138389773492 0.023298214949771665
16 195.36138389773492 0.01970777865123019

170.9783318341806
2 108.53410216540831 0.06147396828279563
3 108.53410216540831 0.12911725097841475
4 108.53410216540833 0.06147189178914741
5 151.94774303157163 0.17547495621800732
6 151.94774303157163 0.10461608525515771
7 151.94774303157163 0.17549053501271475
8 151.94774303157163 0.1341176274029205
9 151.94774303157166 0.04515077940611861
11 195.36138389773492 0.019706888469711664
12 195.36138389773492 0.03064000379665414
14 195.36138389773492 0.01174546370944473
15 195.36138389773492 0.023295636822030213
16 195.36138389773492 0.012804726561298867

171.39916938469716
2 108.53410216540831 0.09662957403434133
3 108.53410216540831 0.09831293799773223
4 108.53410216540833 0.04388379838614574
5 151.94774303157163 0.2400398580234041
6 151.94774303157163 0.057805532911897814
7 151.94774303157163 0.06344948174913088
8 151.94774303157163 0.14176576244722996
9 151.94774303157166 0.14243078849313534
11 195.36138389773492 0.028266416305803326
13 195.36138389773492 0.01139666381489367
14 195.36138389773492 0.012104984180537145
16 195.36138389773492 0.028083223311119846
19 195.36138389773498 0.020017123068674907

171.39973534774646
2 108.53410216540831 0.06261538175203346
3 108.53410216540831 0.060903641020108
4 108.53410216540833 0.11531305228961486
6 151.94774303157163 0.18305974671896802
7 151.94774303157163 0.17735292863386018
8 151.94774303157163 0.14249368088166728
9 151.94774303157166 0.14171611634738746
13 195.36138389773492 0.024145240848431688
14 195.36138389773492 0.02342691931074491
15 195.36138389773492 0.035846204208821626

172.06978858807466
3 108.53410216540831 0.11192060562851143
4 108.53410216540833 0.11194822773193998
7 151.94774303157163 0.2776149139994531
8 151.94774303157163 0.09183037044724934
9 151.94774303157166 0.27560514707758016
14 195.36138389773492 0.054564498560291
15 195.36138389773492 0.02419301978728493
19 195.36138389773498 0.03334041519052348

172.07006331842607
2 108.53410216540831 0.11191923865981163
4 108.53410216540833 0.11194618951867108
6 151.94774303157163 0.2776145980086915
8 151.94774303157163 0.0918420083521707
9 151.94774303157166 0.2755961857543044
13 195.36138389773492 0.054563103062361604
15 195.36138389773492 0.024195782539263837
19 195.36138389773498 0.03333934980131055

172.070268394677
2 108.53410216540831 0.1119302928845051
3 108.53410216540831 0.11192404653073923
5 151.94774303157163 0.2776026945082435
8 151.94774303157163 0.36744018308138
11 195.36138389773492 0.05684760423502779
16 195.36138389773492 0.05684831961164949

