1 0.0 1  0.0 1.320353110579698e-14
1 0.0 2  32.41 0.2837803084199103
1 0.0 3  32.41 0.2837791946761939
1 0.0 4  32.41 0.28377940372418714
1 0.0 5  61.0 0.04813818286495495
1 0.0 6  61.0 0.04813840940047536
1 0.0 7  61.0 0.0481381006167661
1 0.0 8  67.27 5.369149355089148e-9
1 0.0 9  67.27 5.4870309989889584e-8
1 0.0 10  67.64 5.789606380345946e-8
1 0.0 11  67.64 1.943686127191485e-24
1 0.0 12  67.64 4.723084048514113e-12
1 0.0 13  84.94 3.1502010368068954e-10
1 0.0 14  84.94 1.667467811676996e-22
1 0.0 15  84.94 1.7515142085280475e-11
1 0.0 16  86.54 5.910207605242626e-11
1 0.0 17  86.54 4.686956102790803e-10
1 0.0 18  86.95 5.113589187908031e-13
1 0.0 19  89.97 1.3506037834276322e-29
1 0.0 20  89.97 5.843043998620858e-31
1 0.0 21  93.43 3.9468797176563853e-13
1 0.0 22  93.43 1.218619627569464e-12
1 0.0 23  93.43 5.084399036913012e-13
1 0.0 24  93.47 6.050133362065295e-12
1 0.0 25  93.47 6.504128880965422e-27
1 0.0 26  93.47 1.2170317097831954e-11
1 0.0 27  114.97 5.15114650675347e-30
1 0.0 28  116.1 3.2700990445017084e-13
1 0.0 29  116.1 1.2153306736084153e-12
1 0.0 30  116.1 8.864736255192516e-16
1 0.0 31  116.31 1.0656674457929418e-5
1 0.0 32  116.31 1.065807687654994e-5
1 0.0 33  116.31 1.0661950816458148e-5
1 0.0 34  120.94 7.916058759811844e-13
1 0.0 35  120.94 1.7658164443986623e-10
1 0.0 36  122.88 3.7083836953032415e-11
1 0.0 37  122.88 5.642816075920694e-13
1 0.0 38  122.88 1.667830729562756e-26
1 0.0 39  124.59 1.0052513932913775e-5
1 0.0 40  124.59 1.0053271719833345e-5
1 0.0 41  124.59 1.0056765931076752e-5
1 0.0 42  127.99 1.3880461290792796e-30
1 0.0 43  127.99 3.998703639293537e-30
1 0.0 44  128.26 1.2271736565417957e-13
1 0.0 45  128.26 2.5265623440382353e-14
1 0.0 46  128.26 1.527983698367187e-14
1 0.0 47  129.72 6.045495299646955e-14
1 0.0 48  136.31 6.632212435070791e-10
1 0.0 49  136.31 3.05491999552862e-28
1 0.0 50  136.31 9.239358728610641e-12
1 0.0 51  137.76 1.3184141286344248e-12
1 0.0 52  137.76 7.441710767190013e-10
1 0.0 53  140.9 1.0660421566577986e-30
1 0.0 54  141.19 6.125030693693752e-13
1 0.0 55  141.19 1.5582023718947267e-12
1 0.0 56  141.19 2.321493402157822e-16
1 0.0 57  141.68 7.249293069279097e-8
1 0.0 58  141.68 7.17347850761413e-8
1 0.0 59  141.68 7.301692264917293e-8
1 0.0 60  143.25 3.91525631161007e-26
1 0.0 61  143.25 3.9342124963562576e-10
1 0.0 62  143.25 2.9319461387077923e-10
1 0.0 63  144.11 2.63624803382245e-9
1 0.0 64  144.11 1.5031725968246305e-25
1 0.0 65  144.11 2.6895139909876983e-9
1 0.0 66  144.3 8.163418759137368e-9
1 0.0 67  144.49 0.00022697188711483818
1 0.0 68  144.5 0.00022697460876296982
1 0.0 69  144.5 0.0002269753623738848
1 0.0 70  150.54 5.134375008042296e-10
1 0.0 71  150.54 1.477820996427647e-27
1 0.0 72  150.54 3.840398949589182e-14
1 0.0 73  151.45 7.789676957938462e-13
1 0.0 74  151.45 1.1468848783235738e-16
1 0.0 75  151.45 3.595330323279708e-13
1 0.0 76  152.7 2.4021141202766584e-10
1 0.0 77  152.71 1.0581100066543697e-28
1 0.0 78  152.71 2.5139631342810946e-12
1 0.0 79  152.93 9.828979859486436e-7
1 0.0 80  152.93 9.817591055640257e-7
1 0.0 81  152.93 9.826364035281578e-7
1 0.0 82  153.12 1.3107551868182694e-29
1 0.0 83  153.86 6.896771304756157e-12
1 0.0 84  153.86 1.2400651029183706e-10
1 0.0 85  155.67 2.1484294031901963e-15
1 0.0 86  155.67 4.3872455124965056e-13
1 0.0 87  155.67 2.3341293308832198e-15
1 0.0 88  156.55 1.350386947227923e-28
1 0.0 89  156.55 9.926595176892493e-30
1 0.0 90  159.04 0.00013776210423359247
1 0.0 91  159.04 0.00013776002507225505
1 0.0 92  159.04 0.00013776170032789385
1 0.0 93  170.98 7.922897596937534e-10
1 0.0 94  170.98 1.1122000649215959e-10
1 0.0 95  170.98 4.7292762447269804e-27
1 0.0 96  171.4 3.8916266215679697e-10
1 0.0 97  171.4 1.4442800918069535e-10
1 0.0 98  172.07 7.698670417273384e-12
1 0.0 99  172.07 7.443237234598069e-28
1 0.0 100  172.07 6.648597648132863e-10
2 32.41 2  0.0 2.9970252464558016e-8
2 32.41 3  0.0 2.9978883186494e-8
2 32.41 4  0.0 7.61871394637778e-25
2 32.41 5  28.58 5.0982662926490245e-23
2 32.41 6  28.58 5.781927865745616e-8
2 32.41 7  28.58 4.409122238181069e-8
2 32.41 8  34.85 0.008499868235331859
2 32.41 9  34.85 0.1349973067253166
2 32.41 10  35.22 0.09028787350231915
2 32.41 11  35.22 0.09028469096736286
2 32.41 12  35.22 4.812109436139535e-16
2 32.41 13  52.53 0.021164819680310514
2 32.41 14  52.53 0.0211653128394438
2 32.41 15  52.53 2.0397611335627497e-13
2 32.41 16  54.13 0.0007998176660351489
2 32.41 17  54.13 0.013426467924653232
2 32.41 18  54.54 0.009895039532374725
2 32.41 19  57.56 2.795077619842916e-11
2 32.41 20  57.56 9.14270576756264e-10
2 32.41 21  61.02 1.0747053436328028e-20
2 32.41 22  61.02 2.160230842650491e-5
2 32.41 23  61.02 8.161914058081613e-12
2 32.41 24  61.05 0.02791656934539477
2 32.41 25  61.05 0.02793830069819658
2 32.41 26  61.05 4.15003372734862e-18
2 32.41 27  82.56 4.828326461527777e-9
2 32.41 28  83.69 4.4348831982706276e-8
2 32.41 29  83.69 4.4409095896505135e-8
2 32.41 30  83.69 4.9587811649223705e-24
2 32.41 31  83.9 2.3171000285314855e-8
2 32.41 32  83.9 1.24321477078409e-8
2 32.41 33  83.9 6.3133723173604964e-24
2 32.41 34  88.52 0.018145873335039503
2 32.41 35  88.52 0.013585893442125263
2 32.41 36  90.47 0.030488127474767347
2 32.41 37  90.47 7.92078172066154e-16
2 32.41 38  90.47 0.030487788316170848
2 32.41 39  92.18 6.004419980433728e-8
2 32.41 40  92.18 3.217160822228766e-7
2 32.41 41  92.18 1.7858074031659005e-24
2 32.41 42  95.57 4.239089934873183e-9
2 32.41 43  95.57 3.0918604038369218e-9
2 32.41 44  95.84 2.3503222097492606e-10
2 32.41 45  95.84 3.9146709234505256e-24
2 32.41 46  95.84 3.009672057605182e-11
2 32.41 47  97.31 0.0016827928982647473
2 32.41 48  103.9 0.02812120550598058
2 32.41 49  103.9 0.028122218466057405
2 32.41 50  103.9 1.12637517614561e-17
2 32.41 51  105.34 0.006784393151126855
2 32.41 52  105.34 0.04207997893343771
2 32.41 53  108.49 4.278405600331236e-13
2 32.41 54  108.78 2.7657053974988498e-8
2 32.41 55  108.78 2.1722905012611915e-8
2 32.41 56  108.78 8.668038348953039e-26
2 32.41 57  109.27 1.0886008776755022e-7
2 32.41 58  109.27 5.122121117390455e-23
2 32.41 59  109.27 7.78817686235575e-9
2 32.41 60  110.84 5.584117770857423e-6
2 32.41 61  110.84 7.415872413823034e-22
2 32.41 62  110.84 5.5502737514535914e-6
2 32.41 63  111.69 0.00193436786815224
2 32.41 64  111.69 0.0019347323388322873
2 32.41 65  111.69 1.6882808298620617e-19
2 32.41 66  111.89 3.924623606421558e-11
2 32.41 67  112.08 7.731252152545552e-9
2 32.41 68  112.08 3.5040722965088693e-11
2 32.41 69  112.08 3.808537597599789e-24
2 32.41 70  118.13 0.00032385264407069827
2 32.41 71  118.13 0.00032405713022369147
2 32.41 72  118.13 1.2962519287317487e-18
2 32.41 73  119.03 3.044572379729003e-7
2 32.41 74  119.03 1.1638212173736904e-23
2 32.41 75  119.03 1.9243343223831478e-7
2 32.41 76  120.29 0.019588715318949398
2 32.41 77  120.29 0.01959264073491103
2 32.41 78  120.29 5.878887741661258e-18
2 32.41 79  120.52 9.84454463709819e-7
2 32.41 80  120.52 4.717923796965688e-22
2 32.41 81  120.52 4.7612094734599e-6
2 32.41 82  120.71 9.124319624010601e-7
2 32.41 83  121.44 0.0216249261335355
2 32.41 84  121.45 0.00286920805126236
2 32.41 85  123.25 5.4397605680885946e-9
2 32.41 86  123.25 3.591707474431996e-8
2 32.41 87  123.25 1.832257051696749e-25
2 32.41 88  124.14 1.4262991632561525e-9
2 32.41 89  124.14 1.4018546111013843e-9
2 32.41 90  126.62 3.1912193064350258e-9
2 32.41 91  126.62 5.464708411956579e-9
2 32.41 92  126.62 6.87920290463523e-26
2 32.41 93  138.56 2.2635252446893682e-7
2 32.41 94  138.56 3.808232888571664e-23
2 32.41 95  138.56 2.2526307330339208e-7
2 32.41 96  138.99 7.761949014662459e-7
2 32.41 97  138.99 2.183716841947645e-6
2 32.41 98  139.66 6.133073612490675e-21
2 32.41 99  139.66 1.87462145955202e-5
2 32.41 100  139.66 1.873196693855142e-5
3 32.41 3  0.0 3.2688596000305944e-8
3 32.41 4  0.0 3.1032761827414496e-12
3 32.41 5  28.58 1.4292187124032493e-11
3 32.41 6  28.58 5.19984314378596e-8
3 32.41 7  28.58 4.681201538199589e-8
3 32.41 8  34.85 0.07403888091751831
3 32.41 9  34.85 0.06945924615755393
3 32.41 10  35.22 0.09028796470933308
3 32.41 11  35.22 5.724507406685106e-16
3 32.41 12  35.22 0.09028453672333957
3 32.41 13  52.53 0.02116527463007697
3 32.41 14  52.53 2.0037623177999585e-13
3 32.41 15  52.53 0.021166045242464952
3 32.41 16  54.13 0.007427603799083408
3 32.41 17  54.13 0.006798410841621973
3 32.41 18  54.54 0.009895120529340646
3 32.41 19  57.56 1.6143545151724202e-26
3 32.41 20  57.56 6.87820774645857e-26
3 32.41 21  61.02 6.555782845151847e-5
3 32.41 22  61.02 2.148574164392877e-5
3 32.41 23  61.02 1.0780674868227992e-9
3 32.41 24  61.05 0.027916325635420392
3 32.41 25  61.05 8.623855556399586e-18
3 32.41 26  61.05 0.027872614366802644
3 32.41 27  82.56 5.007443337686578e-25
3 32.41 28  83.69 1.5918743057682493e-8
3 32.41 29  83.69 6.177783487126523e-9
3 32.41 30  83.69 5.450253768030554e-9
3 32.41 31  83.9 6.325991260477138e-8
3 32.41 32  83.9 6.8581005521215e-8
3 32.41 33  83.9 5.179059807202755e-11
3 32.41 34  88.52 0.0011281561699041532
3 32.41 35  88.52 0.030603495851524238
3 32.41 36  90.47 0.03048822703537608
3 32.41 37  90.47 0.030487436937052526
3 32.41 38  90.47 7.003352627553211e-16
3 32.41 39  92.18 4.730588847777555e-8
3 32.41 40  92.18 3.539810423817881e-7
3 32.41 41  92.18 4.9267996857283235e-11
3 32.41 42  95.57 4.0367769031845476e-25
3 32.41 43  95.57 3.250543020614832e-25
3 32.41 44  95.84 5.565814531091765e-10
3 32.41 45  95.84 6.736450947759578e-9
3 32.41 46  95.84 8.972820171416083e-11
3 32.41 47  97.31 0.0016827807470101521
3 32.41 48  103.9 0.028121425456443704
3 32.41 49  103.9 3.504520847206457e-18
3 32.41 50  103.9 0.028121938231862986
3 32.41 51  105.34 0.018623264687448165
3 32.41 52  105.34 0.030240960198907353
3 32.41 53  108.49 1.5394504967999442e-26
3 32.41 54  108.78 3.797055088210616e-9
3 32.41 55  108.78 1.3253186102414408e-7
3 32.41 56  108.78 2.37542355719144e-10
3 32.41 57  109.27 1.4930103766668232e-7
3 32.41 58  109.27 1.0640144528231413e-9
3 32.41 59  109.27 1.2700285594437463e-8
3 32.41 60  110.84 3.0014263572282104e-22
3 32.41 61  110.84 5.605235713056298e-6
3 32.41 62  110.84 5.528237001594871e-6
3 32.41 63  111.69 0.0019344321508138345
3 32.41 64  111.69 5.714080818288065e-20
3 32.41 65  111.69 0.0019345859849291148
3 32.41 66  111.89 5.753279012063206e-11
3 32.41 67  112.08 2.4864682953979025e-8
3 32.41 68  112.08 6.283789082933028e-9
3 32.41 69  112.08 2.2169461195775866e-8
3 32.41 70  118.13 0.00032409980211127324
3 32.41 71  118.13 1.3726317683892926e-18
3 32.41 72  118.13 0.0003237160440378428
3 32.41 73  119.03 1.9966374763683446e-7
3 32.41 74  119.03 7.649526202675701e-8
3 32.41 75  119.03 1.6528297741081995e-9
3 32.41 76  120.29 0.01958879984112081
3 32.41 77  120.29 3.0904537119793138e-18
3 32.41 78  120.29 0.019593976772745915
3 32.41 79  120.52 2.821276068869565e-6
3 32.41 80  120.52 2.501138155216857e-9
3 32.41 81  120.52 4.576049932279166e-6
3 32.41 82  120.71 9.305279737896708e-23
3 32.41 83  121.44 0.014382832240212315
3 32.41 84  121.45 0.010109657031199405
3 32.41 85  123.25 1.1453348726064744e-9
3 32.41 86  123.25 5.652777644600793e-9
3 32.41 87  123.25 1.2362152521177414e-9
3 32.41 88  124.14 1.4785759595604923e-25
3 32.41 89  124.14 1.3119254127654194e-25
3 32.41 90  126.62 8.152514446143795e-10
3 32.41 91  126.62 4.286811843794824e-9
3 32.41 92  126.62 1.1148395892492561e-10
3 32.41 93  138.56 2.2500403996607057e-7
3 32.41 94  138.56 2.2498952405941923e-7
3 32.41 95  138.56 2.69307354713379e-23
3 32.41 96  138.99 7.063117598005481e-7
3 32.41 97  138.99 2.254313614199943e-6
3 32.41 98  139.66 1.8749269002790034e-5
3 32.41 99  139.66 4.714124770471596e-21
3 32.41 100  139.66 1.8721026943326004e-5
4 32.41 4  0.0 7.262244793058574e-13
4 32.41 5  28.58 3.5094198782609354e-11
4 32.41 6  28.58 3.5016780228905616e-15
4 32.41 7  28.58 1.4600804475471034e-24
4 32.41 8  34.85 0.13271104208597667
4 32.41 9  34.85 0.010789133632326461
4 32.41 10  35.22 5.707259622040227e-18
4 32.41 11  35.22 0.09028482783607958
4 32.41 12  35.22 0.09028476039918605
4 32.41 13  52.53 6.550375746141902e-19
4 32.41 14  52.53 0.021166096081037384
4 32.41 15  52.53 0.0211656356668166
4 32.41 16  54.13 0.013114968270927709
4 32.41 17  54.13 0.001117704684848326
4 32.41 18  54.54 0.009888274641610888
4 32.41 19  57.56 1.7471938778360327e-10
4 32.41 20  57.56 8.683738155109381e-10
4 32.41 21  61.02 6.600686995071772e-5
4 32.41 22  61.02 3.031474862830219e-21
4 32.41 23  61.02 1.411399894935565e-13
4 32.41 24  61.05 8.795980047559381e-19
4 32.41 25  61.05 0.02793755531144218
4 32.41 26  61.05 0.02787182189132111
4 32.41 27  82.56 1.6472301969073316e-10
4 32.41 28  83.69 1.4103804499167433e-22
4 32.41 29  83.69 1.0007789737824455e-7
4 32.41 30  83.69 1.0345524059320291e-10
4 32.41 31  83.9 1.746329928803508e-22
4 32.41 32  83.9 1.5687017142571986e-7
4 32.41 33  83.9 4.945512616430181e-11
4 32.41 34  88.52 0.028323419029246143
4 32.41 35  88.52 0.0034081452106095858
4 32.41 36  90.47 2.3994869378779818e-18
4 32.41 37  90.47 0.030487622046684065
4 32.41 38  90.47 0.03048789818683904
4 32.41 39  92.18 9.730599852412882e-10
4 32.41 40  92.18 9.974488088887657e-24
4 32.41 41  92.18 3.86268189042217e-11
4 32.41 42  95.57 5.052300073207821e-9
4 32.41 43  95.57 3.449459948529124e-9
4 32.41 44  95.84 8.743676348955847e-23
4 32.41 45  95.84 7.336187340590394e-9
4 32.41 46  95.84 7.90275904341292e-12
4 32.41 47  97.31 0.0016823369754085658
4 32.41 48  103.9 4.7640119541461854e-18
4 32.41 49  103.9 0.028122213647928523
4 32.41 50  103.9 0.028122289741977363
4 32.41 51  105.34 0.047889771318804494
4 32.41 52  105.34 0.0009756157292025605
4 32.41 53  108.49 9.163188153296994e-10
4 32.41 54  108.78 1.1404270982328117e-17
4 32.41 55  108.78 2.0805636511180975e-7
4 32.41 56  108.78 8.019588118709876e-10
4 32.41 57  109.27 3.720811595203099e-7
4 32.41 58  109.27 1.089750435537505e-9
4 32.41 59  109.27 3.1325700617672916e-23
4 32.41 60  110.84 5.494954809264005e-6
4 32.41 61  110.84 5.475055309177999e-6
4 32.41 62  110.84 4.177062252311944e-22
4 32.41 63  111.69 4.3414537146187127e-20
4 32.41 64  111.69 0.0019347871125484663
4 32.41 65  111.69 0.0019346948110352446
4 32.41 66  111.89 2.167244511340384e-12
4 32.41 67  112.08 1.5094627233505966e-9
4 32.41 68  112.08 1.2428594215235814e-22
4 32.41 69  112.08 2.451744072343708e-8
4 32.41 70  118.13 6.793413623676626e-21
4 32.41 71  118.13 0.00032389507786963396
4 32.41 72  118.13 0.00032422557297564087
4 32.41 73  119.03 8.013930668200309e-7
4 32.41 74  119.03 2.6346058566500964e-9
4 32.41 75  119.03 3.3017089818931195e-25
4 32.41 76  120.29 1.276654841841432e-18
4 32.41 77  120.29 0.019592805298680124
4 32.41 78  120.29 0.019593766694827264
4 32.41 79  120.52 6.470568073238418e-6
4 32.41 80  120.52 2.581939154221316e-9
4 32.41 81  120.52 1.1950774470914359e-22
4 32.41 82  120.71 1.0242685694499302e-6
4 32.41 83  121.44 0.0007358246269367223
4 32.41 84  121.45 0.023751269116436102
4 32.41 85  123.25 3.668799732905681e-23
4 32.41 86  123.25 9.018354782509223e-8
4 32.41 87  123.25 1.5661250621256442e-9
4 32.41 88  124.14 1.5752998170494674e-9
4 32.41 89  124.14 8.582380233734049e-10
4 32.41 90  126.62 6.47247507069689e-26
4 32.41 91  126.62 4.225320440702891e-10
4 32.41 92  126.62 2.7722615809767964e-10
4 32.41 93  138.56 1.0318042677096409e-23
4 32.41 94  138.56 2.2524966594554654e-7
4 32.41 95  138.56 2.2487910200984465e-7
4 32.41 96  138.99 2.964373242118372e-6
4 32.41 97  138.99 5.528464162664091e-10
4 32.41 98  139.66 1.8722828923679356e-5
4 32.41 99  139.66 1.8724146053029475e-5
4 32.41 100  139.66 6.776302163678009e-22
5 61.0 5  0.0 8.199426402894261e-12
5 61.0 6  0.0 2.517689830354072e-11
5 61.0 7  0.0 2.4363564286812816e-24
5 61.0 8  6.27 0.0022565376972527914
5 61.0 9  6.27 0.00018348840484291607
5 61.0 10  6.64 1.0947712494774899e-20
5 61.0 11  6.64 1.0367375229176021e-5
5 61.0 12  6.64 1.036369128759275e-5
5 61.0 13  23.95 1.0784730827217953e-16
5 61.0 14  23.95 0.10091057174562588
5 61.0 15  23.95 0.10090756433250442
5 61.0 16  25.54 0.11945774645124556
5 61.0 17  25.54 0.01018170326391449
5 61.0 18  25.95 0.09055807094223123
5 61.0 19  28.98 7.365042128659627e-10
5 61.0 20  28.98 5.524816049766251e-9
5 61.0 21  32.43 0.00032106613698664946
5 61.0 22  32.43 1.6165678931400928e-19
5 61.0 23  32.43 1.65828635367361e-11
5 61.0 24  32.47 2.0073238581973347e-16
5 61.0 25  32.47 0.13568734929182305
5 61.0 26  32.47 0.1353685458794286
5 61.0 27  53.97 5.664450701594516e-9
5 61.0 28  55.11 4.200463762529888e-23
5 61.0 29  55.11 8.716330160595282e-9
5 61.0 30  55.11 5.818333756963893e-9
5 61.0 31  55.32 5.369419505525067e-23
5 61.0 32  55.32 1.204987165643552e-8
5 61.0 33  55.32 8.282276231268138e-13
5 61.0 34  59.94 0.0014135962499190768
5 61.0 35  59.94 0.00017012251127128248
5 61.0 36  61.89 8.809729526628326e-21
5 61.0 37  61.89 6.288971989690074e-6
5 61.0 38  61.89 6.295686403432932e-6
5 61.0 39  63.6 1.0891480606334946e-9
5 61.0 40  63.6 6.757925298627224e-23
5 61.0 41  63.6 3.855913674371764e-13
5 61.0 42  66.99 5.811320851010062e-9
5 61.0 43  66.99 3.3792134420979624e-9
5 61.0 44  67.26 2.0578032877548824e-22
5 61.0 45  67.26 1.1508340207377427e-8
5 61.0 46  67.26 1.3539404594624715e-9
5 61.0 47  68.73 0.011461141981081268
5 61.0 48  75.32 3.205375109682759e-17
5 61.0 49  75.32 0.05253703211005138
5 61.0 50  75.32 0.05253677072968677
5 61.0 51  76.76 0.0718216289911217
5 61.0 52  76.76 0.0014631640549464784
5 61.0 53  79.91 3.16820069541624e-9
5 61.0 54  80.2 1.5223733993522406e-17
5 61.0 55  80.2 2.7773828398538314e-7
5 61.0 56  80.2 2.7534834447762785e-9
5 61.0 57  80.68 4.768585160081657e-7
5 61.0 58  80.68 1.4243244146092717e-9
5 61.0 59  80.68 5.083648780835135e-23
5 61.0 60  82.26 3.573260636065392e-6
5 61.0 61  82.26 3.556111575581067e-6
5 61.0 62  82.26 2.9110215554762236e-21
5 61.0 63  83.11 2.4406016931537913e-18
5 61.0 64  83.11 0.002327360804079101
5 61.0 65  83.11 0.002327183964347626
5 61.0 66  83.3 1.2750259031042856e-12
5 61.0 67  83.5 2.0611756225890282e-9
5 61.0 68  83.5 1.3811753498581413e-22
5 61.0 69  83.5 2.718373596768545e-8
5 61.0 70  89.54 8.90706549805096e-20
5 61.0 71  89.54 8.477961212118753e-5
5 61.0 72  89.54 8.492998306129883e-5
5 61.0 73  90.45 7.398749570844757e-7
5 61.0 74  90.45 1.7824784644473455e-8
5 61.0 75  90.45 9.732954850682661e-23
5 61.0 76  91.71 1.6167299222298505e-17
5 61.0 77  91.71 0.017163865785721915
5 61.0 78  91.71 0.017164818000669622
5 61.0 79  91.93 5.480321182779485e-6
5 61.0 80  91.93 2.4340513483320092e-9
5 61.0 81  91.94 4.3503325701776706e-21
5 61.0 82  92.12 8.018320422872915e-7
5 61.0 83  92.86 0.0005915492609511702
5 61.0 84  92.86 0.019093421525741276
5 61.0 85  94.67 3.5888779522683895e-23
5 61.0 86  94.67 6.916473047991547e-8
5 61.0 87  94.67 7.545016580472807e-10
5 61.0 88  95.55 1.8556166199046406e-9
5 61.0 89  95.55 1.3472193085347456e-9
5 61.0 90  98.04 2.8846234889165364e-24
5 61.0 91  98.04 2.682233507819735e-10
5 61.0 92  98.04 3.7348060080776314e-10
5 61.0 93  109.98 4.602988270309585e-22
5 61.0 94  109.98 4.4869407596038326e-7
5 61.0 95  109.98 4.486838796663389e-7
5 61.0 96  110.4 2.7643129477422965e-6
5 61.0 97  110.4 5.169748725197651e-10
5 61.0 98  111.07 7.673711129443806e-6
5 61.0 99  111.07 7.673735829856657e-6
5 61.0 100  111.07 7.046042466652407e-21
6 61.0 6  0.0 4.80215205425089e-10
6 61.0 7  0.0 8.768091719297627e-10
6 61.0 8  6.27 0.0012588030006561136
6 61.0 9  6.27 0.0011809879972172717
6 61.0 10  6.64 1.0327809566785376e-5
6 61.0 11  6.64 9.102424572852306e-19
6 61.0 12  6.64 1.0375140733372208e-5
6 61.0 13  23.95 0.1009089509915152
6 61.0 14  23.95 1.0777225157835874e-12
6 61.0 15  23.95 0.10090909420471267
6 61.0 16  25.54 0.06765415674338573
6 61.0 17  25.54 0.06192025615775848
6 61.0 18  25.95 0.09062101602849966
6 61.0 19  28.98 2.2092870083957654e-23
6 61.0 20  28.98 1.7322413031277885e-20
6 61.0 21  32.43 0.00033421547273210586
6 61.0 22  32.43 0.00010697079423145416
6 61.0 23  32.43 6.103593522494711e-9
6 61.0 24  32.47 0.13558233986668203
6 61.0 25  32.47 1.0268285090084595e-14
6 61.0 26  32.47 0.13535363483899931
6 61.0 27  53.97 7.110228598494696e-22
6 61.0 28  55.11 5.123366200190172e-8
6 61.0 29  55.11 3.792101431419126e-8
6 61.0 30  55.11 1.0901076257892489e-8
6 61.0 31  55.32 1.7020021567317482e-8
6 61.0 32  55.32 1.0006971710086217e-7
6 61.0 33  55.32 2.7539280776891702e-11
6 61.0 34  59.94 5.630884282744426e-5
6 61.0 35  59.94 0.0015274687129173189
6 61.0 36  61.89 6.328189828889188e-6
6 61.0 37  61.89 6.294580895388342e-6
6 61.0 38  61.89 9.461524198744446e-19
6 61.0 39  63.6 6.104023188319722e-8
6 61.0 40  63.6 7.49151994954267e-8
6 61.0 41  63.6 4.097603515088089e-13
6 61.0 42  66.99 3.6517130818373915e-22
6 61.0 43  66.99 2.4438647813760097e-22
6 61.0 44  67.26 3.303812987239685e-8
6 61.0 45  67.26 8.5979859524879e-9
6 61.0 46  67.26 1.9440369555502914e-8
6 61.0 47  68.73 0.01145996289962421
6 61.0 48  75.32 0.052537723166992165
6 61.0 49  75.32 3.2949811054956357e-15
6 61.0 50  75.32 0.05253718636066042
6 61.0 51  76.76 0.027931473605394382
6 61.0 52  76.76 0.04535386718470474
6 61.0 53  79.91 1.1396165382667602e-23
6 61.0 54  80.2 2.0735415334924275e-8
6 61.0 55  80.2 7.309663001499028e-8
6 61.0 56  80.2 3.237866924418834e-10
6 61.0 57  80.68 2.508662880043071e-8
6 61.0 58  80.68 3.5236955735128305e-10
6 61.0 59  80.68 6.9714771923203625e-9
6 61.0 60  82.26 2.4829629445067517e-19
6 61.0 61  82.26 3.671269496034704e-6
6 61.0 62  82.26 3.605774813433217e-6
6 61.0 63  83.11 0.002327025126761665
6 61.0 64  83.11 1.50185650451303e-16
6 61.0 65  83.11 0.002327166293459052
6 61.0 66  83.3 5.46090673950445e-11
6 61.0 67  83.5 1.5775919667315762e-8
6 61.0 68  83.5 7.703965406340882e-10
6 61.0 69  83.5 2.6765078004876098e-8
6 61.0 70  89.54 8.481328609960129e-5
6 61.0 71  89.54 4.8444385009335336e-18
6 61.0 72  89.54 8.47174643511267e-5
6 61.0 73  90.45 9.423498569621373e-9
6 61.0 74  90.45 1.0167678070016644e-8
6 61.0 75  90.45 1.0080095414827754e-9
6 61.0 76  91.71 0.017161433634790123
6 61.0 77  91.71 1.0782411738617237e-15
6 61.0 78  91.71 0.017165038367223953
6 61.0 79  91.93 1.1517458342055488e-6
6 61.0 80  91.93 3.492322058376725e-9
6 61.0 81  91.94 3.6463162286766325e-6
6 61.0 82  92.12 6.36242128619274e-20
6 61.0 83  92.86 0.011562488156623129
6 61.0 84  92.86 0.008128787777349954
6 61.0 85  94.67 1.3215359296369835e-8
6 61.0 86  94.67 1.837102739062042e-8
6 61.0 87  94.67 1.869917978431008e-9
6 61.0 88  95.55 1.1046308417986402e-22
6 61.0 89  95.55 1.433858928462597e-24
6 61.0 90  98.04 4.268386572457125e-9
6 61.0 91  98.04 1.261145264327714e-9
6 61.0 92  98.04 5.886912419059065e-10
6 61.0 93  109.98 4.470634180277644e-7
6 61.0 94  109.98 4.4845942614043855e-7
6 61.0 95  109.98 2.8473340369533646e-20
6 61.0 96  110.4 6.576023460940311e-7
6 61.0 97  110.4 2.1032114016318466e-6
6 61.0 98  111.07 7.66048514859806e-6
6 61.0 99  111.07 4.618695048052555e-19
6 61.0 100  111.07 7.668931453551163e-6
7 61.0 7  0.0 8.053912618956238e-10
7 61.0 8  6.27 0.00014464274104779206
7 61.0 9  6.27 0.002295125286728557
7 61.0 10  6.64 1.0330588826268893e-5
7 61.0 11  6.64 1.036095314146764e-5
7 61.0 12  6.64 8.437015377875399e-19
7 61.0 13  23.95 0.10090829063190691
7 61.0 14  23.95 0.10090650018907771
7 61.0 15  23.95 1.0899222437287786e-12
7 61.0 16  25.54 0.007284751849290314
7 61.0 17  25.54 0.12229555853970621
7 61.0 18  25.95 0.09061561957966816
7 61.0 19  28.98 3.4783801747358246e-10
7 61.0 20  28.98 2.753925551499721e-7
7 61.0 21  32.43 1.9923081891193828e-17
7 61.0 22  32.43 0.00010267818111401385
7 61.0 23  32.43 9.714303142528024e-11
7 61.0 24  32.47 0.13558752763256948
7 61.0 25  32.47 0.13569044161809948
7 61.0 26  32.47 9.470352467148688e-15
7 61.0 27  53.97 1.1266388213089122e-8
7 61.0 28  55.11 8.995332148054241e-9
7 61.0 29  55.11 7.41404477733823e-8
7 61.0 30  55.11 6.594247363933058e-22
7 61.0 31  55.32 5.80321886794158e-8
7 61.0 32  55.32 5.950151740762664e-8
7 61.0 33  55.32 3.011927416165495e-23
7 61.0 34  59.94 0.0009055631819504631
7 61.0 35  59.94 0.0006780155961003644
7 61.0 36  61.89 6.325042343896933e-6
7 61.0 37  61.89 9.767961307613551e-19
7 61.0 38  61.89 6.300836810561152e-6
7 61.0 39  63.6 8.235358412246607e-8
7 61.0 40  63.6 5.7814737343440895e-8
7 61.0 41  63.6 4.552642985886028e-25
7 61.0 42  66.99 5.785797000763224e-9
7 61.0 43  66.99 3.867371561015392e-9
7 61.0 44  67.26 3.7611454307010385e-8
7 61.0 45  67.26 1.0050177365773607e-21
7 61.0 46  67.26 2.0057865820217055e-8
7 61.0 47  68.73 0.011460141160341504
7 61.0 48  75.32 0.052537526501100384
7 61.0 49  75.32 0.05253739748483182
7 61.0 50  75.32 3.1063072692330015e-15
7 61.0 51  76.76 0.010176090025212962
7 61.0 52  76.76 0.0631090844378836
7 61.0 53  79.91 1.619706447414087e-10
7 61.0 54  80.2 4.31630077871969e-9
7 61.0 55  80.2 4.875617738108527e-10
7 61.0 56  80.2 2.0712350096806333e-23
7 61.0 57  80.68 6.401811853243736e-9
7 61.0 58  80.68 4.0570555479316877e-23
7 61.0 59  80.68 2.5414897012036144e-9
7 61.0 60  82.26 3.653892068565071e-6
7 61.0 61  82.26 2.245514586705634e-19
7 61.0 62  82.26 3.621038371741273e-6
7 61.0 63  83.11 0.0023269591766628453
7 61.0 64  83.11 0.002327382573755588
7 61.0 65  83.11 1.419506005140894e-16
7 61.0 66  83.3 3.052308281284183e-11
7 61.0 67  83.5 4.2602440681390295e-8
7 61.0 68  83.5 3.5822565331031624e-10
7 61.0 69  83.5 1.6137460588183994e-21
7 61.0 70  89.54 8.471104178265699e-5
7 61.0 71  89.54 8.48644627087852e-5
7 61.0 72  89.54 4.4528903740253765e-18
7 61.0 73  90.45 2.848768711664809e-8
7 61.0 74  90.45 6.128576920435881e-22
7 61.0 75  90.45 1.696497114878337e-7
7 61.0 76  91.71 0.01716020132004754
7 61.0 77  91.71 0.017163594394676587
7 61.0 78  91.71 1.0175928841646027e-15
7 61.0 79  91.93 2.5360771154554207e-7
7 61.0 80  91.93 3.347657413832694e-22
7 61.0 81  91.94 4.694597806153888e-6
7 61.0 82  92.12 1.0055463455277568e-6
7 61.0 83  92.86 0.01738478022195085
7 61.0 84  92.86 0.0023072551754684738
7 61.0 85  94.67 2.7455871885661866e-9
7 61.0 86  94.67 9.681702958515431e-8
7 61.0 87  94.67 1.114858320481033e-22
7 61.0 88  95.55 1.7462830299550836e-9
7 61.0 89  95.55 1.466759507864272e-11
7 61.0 90  98.04 1.5813335024169575e-9
7 61.0 91  98.04 1.3961293772932921e-8
7 61.0 92  98.04 3.5248531343418424e-23
7 61.0 93  109.98 4.4845552901011523e-7
7 61.0 94  109.98 2.6876184677248324e-20
7 61.0 95  109.98 4.4889847494860975e-7
7 61.0 96  110.4 7.230705944108446e-7
7 61.0 97  110.4 2.0373518453480923e-6
7 61.0 98  111.07 4.387177075674432e-19
7 61.0 99  111.07 7.66017617649261e-6
7 61.0 100  111.07 7.656197130417629e-6
8 67.27 8  0.0 9.387348566921863e-9
8 67.27 9  0.0 1.613362100763909e-8
8 67.27 10  0.37 4.3160592956438635e-8
8 67.27 11  0.37 1.5733032629871926e-23
8 67.27 12  0.37 2.426233672567026e-9
8 67.27 13  17.68 1.1472307074055327e-8
8 67.27 14  17.68 9.336032172413022e-20
8 67.27 15  17.68 9.8048983821312e-9
8 67.27 16  19.27 4.935874672087675e-8
8 67.27 17  19.27 1.4795369978341751e-8
8 67.27 18  19.68 2.546610208617911e-8
8 67.27 19  22.71 1.449921907108473e-22
8 67.27 20  22.71 4.60335684373587e-23
8 67.27 21  26.16 0.012557576065027495
8 67.27 22  26.16 0.15740120294551044
8 67.27 23  26.17 0.08104688408578188
8 67.27 24  26.2 0.00011767179738879808
8 67.27 25  26.2 2.592809318156428e-20
8 67.27 26  26.2 3.0798514528028594e-5
8 67.27 27  47.7 4.6069245976501496e-23
8 67.27 28  48.84 0.043679864973581416
8 67.27 29  48.84 0.02248868076931581
8 67.27 30  48.84 0.0034906508910385963
8 67.27 31  49.05 0.00524135819541197
8 67.27 32  49.05 0.04557008638331294
8 67.27 33  49.05 0.08169894443235293
8 67.27 34  53.67 1.948112975667333e-9
8 67.27 35  53.67 1.9175786570861796e-8
8 67.27 36  55.62 1.0349148915227082e-8
8 67.27 37  55.62 1.6273935796619335e-9
8 67.27 38  55.62 3.8212316115631423e-23
8 67.27 39  57.33 8.191076551780993e-5
8 67.27 40  57.33 9.431448408150275e-6
8 67.27 41  57.33 0.00014688329255089854
8 67.27 42  60.72 1.0167003056699942e-23
8 67.27 43  60.72 1.2265379463922848e-23
8 67.27 44  60.99 0.029442359678517372
8 67.27 45  60.99 0.0023528131863127097
8 67.27 46  60.99 0.015148801325814166
8 67.27 47  62.46 1.2326995505910676e-9
8 67.27 48  69.05 4.053676770821968e-9
8 67.27 49  69.05 7.522055178862703e-27
8 67.27 50  69.05 6.980102090404229e-13
8 67.27 51  70.49 1.3070030522722142e-8
8 67.27 52  70.49 3.7440935747284183e-8
8 67.27 53  73.64 7.244484492520142e-24
8 67.27 54  73.93 0.0007430148444576705
8 67.27 55  73.93 0.0003811875862994544
8 67.27 56  73.93 5.959333171605386e-5
8 67.27 57  74.41 0.005066034783599563
8 67.27 58  74.41 0.009077494482131937
8 67.27 59  74.41 0.0005822604141344919
8 67.27 60  75.99 1.4464752383135766e-24
8 67.27 61  75.99 1.2774208566921879e-8
8 67.27 62  75.99 2.381145616941788e-8
8 67.27 63  76.84 1.133857403382901e-8
8 67.27 64  76.84 6.180677091800796e-25
8 67.27 65  76.84 1.03500070867394e-8
8 67.27 66  77.03 4.965748726646268e-9
8 67.27 67  77.23 1.3774750842194836e-5
8 67.27 68  77.23 1.5788607431841935e-6
8 67.27 69  77.23 2.459608842858191e-5
8 67.27 70  83.27 1.1082894331136093e-5
8 67.27 71  83.27 9.32648340963841e-22
8 67.27 72  83.27 2.8491177739993435e-7
8 67.27 73  84.18 0.027757828480335138
8 67.27 74  84.18 0.004314994960777638
8 67.27 75  84.18 0.053979391059148715
8 67.27 76  85.44 3.3655594210920345e-7
8 67.27 77  85.44 5.207862773022714e-25
8 67.27 78  85.44 1.024408623476521e-8
8 67.27 79  85.67 0.0441561245858889
8 67.27 80  85.67 0.07912089473869977
8 67.27 81  85.67 0.0050681371681750255
8 67.27 82  85.85 4.506127956420669e-23
8 67.27 83  86.59 7.242867702650137e-8
8 67.27 84  86.59 6.302416059684072e-6
8 67.27 85  88.4 0.000527427183731262
8 67.27 86  88.4 0.00027109134903559925
8 67.27 87  88.4 4.210878666423533e-5
8 67.27 88  89.28 1.3743388240072034e-24
8 67.27 89  89.28 3.602597195809075e-25
8 67.27 90  91.77 6.453428508825532e-6
8 67.27 91  91.77 5.632960389149812e-5
8 67.27 92  91.77 0.00010077656887900917
8 67.27 93  103.71 8.363310543938384e-11
8 67.27 94  103.71 1.757313170602871e-10
8 67.27 95  103.71 9.27618662962449e-28
8 67.27 96  104.13 3.7703875890369265e-8
8 67.27 97  104.13 3.372150430997812e-10
8 67.27 98  104.8 4.9691461578122665e-11
8 67.27 99  104.8 3.278599148579556e-26
8 67.27 100  104.8 4.193206368916991e-8
9 67.27 9  0.0 4.3193700273674644e-8
9 67.27 10  0.37 5.198616163196317e-10
9 67.27 11  0.37 1.8540779100319182e-22
9 67.27 12  0.37 3.1610707680442094e-8
9 67.27 13  17.68 2.7176004288853777e-9
9 67.27 14  17.68 8.449062359242869e-19
9 67.27 15  17.68 8.869046094318971e-8
9 67.27 16  19.27 4.364112946091489e-7
9 67.27 17  19.27 5.776866040151743e-8
9 67.27 18  19.68 4.737962323355847e-7
9 67.27 19  22.71 3.0852415765173937e-23
9 67.27 20  22.71 2.9024777451220378e-22
9 67.27 21  26.16 0.15447195448569917
9 67.27 22  26.16 0.009914183403582579
9 67.27 23  26.16 0.08638797916784025
9 67.27 24  26.2 4.6581300068494835e-6
9 67.27 25  26.2 2.125024395250524e-19
9 67.27 26  26.2 0.00037633189315521194
9 67.27 27  47.7 7.785191651333714e-23
9 67.27 28  48.84 0.002759355795443905
9 67.27 29  48.84 0.023950683212540333
9 67.27 30  48.84 0.042947430405054006
9 67.27 31  49.05 0.08310192096560733
9 67.27 32  49.05 0.04277187817929412
9 67.27 33  49.05 0.0066413390726334605
9 67.27 34  53.67 6.0593182187079e-8
9 67.27 35  53.67 9.755412899367677e-8
9 67.27 36  55.62 5.980392623390306e-8
9 67.27 37  55.62 8.865802433338586e-9
9 67.27 38  55.62 2.12108717534844e-22
9 67.27 39  57.33 7.674150767824134e-5
9 67.27 40  57.33 0.0001491122591090947
9 67.27 41  57.33 1.1913853693354956e-5
9 67.27 42  60.72 2.5319013721463434e-23
9 67.27 43  60.72 1.7358565323402464e-23
9 67.27 44  60.99 0.001853613036528945
9 67.27 45  60.99 0.028942626479506035
9 67.27 46  60.99 0.01614682443670268
9 67.27 47  62.46 4.763965603347591e-8
9 67.27 48  69.05 6.350848810523549e-8
9 67.27 49  69.05 2.3977204871315302e-26
9 67.27 50  69.05 2.142877028856415e-11
9 67.27 51  70.49 1.1512706413883057e-7
9 67.27 52  70.49 7.352041566397741e-8
9 67.27 53  73.64 1.2478752160187642e-23
9 67.27 54  73.93 4.772039405454249e-5
9 67.27 55  73.93 0.00040963511359391546
9 67.27 56  73.93 0.0007313888618048306
9 67.27 57  74.41 0.004750356487268194
9 67.27 58  74.41 0.0007379880852305708
9 67.27 59  74.41 0.009233306530886217
9 67.27 60  75.99 3.343858230872601e-24
9 67.27 61  75.99 3.844650398690185e-8
9 67.27 62  75.99 1.3509075040444374e-9
9 67.27 63  76.84 1.8984424875915413e-8
9 67.27 64  76.84 3.595088824446951e-26
9 67.27 65  76.84 1.257662103658883e-10
9 67.27 66  77.03 1.041888405192541e-8
9 67.27 67  77.23 1.2912097215143372e-5
9 67.27 68  77.23 2.5110076528669122e-5
9 67.27 69  77.23 1.997388510935391e-6
9 67.27 70  83.27 1.0449178228608754e-5
9 67.27 71  83.27 1.1243161927244549e-20
9 67.27 72  83.27 3.529808646700408e-6
9 67.27 73  84.18 0.02963257872174874
9 67.27 74  84.18 0.0530751356862015
9 67.27 75  84.18 0.0033947630573948834
9 67.27 76  85.44 2.0686241206013216e-5
9 67.27 77  85.44 1.1720620678879615e-24
9 67.27 78  85.44 6.194193886060681e-9
9 67.27 79  85.66 0.04137407214954897
9 67.27 80  85.66 0.006432209496863695
9 67.27 81  85.67 0.08045576870715107
9 67.27 82  85.85 7.556912781400136e-23
9 67.27 83  86.59 1.2448113257951217e-7
9 67.27 84  86.59 1.417923087071566e-5
9 67.27 85  88.4 3.328337652506252e-5
9 67.27 86  88.4 0.00028951260696883025
9 67.27 87  88.4 0.000517636185040245
9 67.27 88  89.28 3.938450369761284e-25
9 67.27 89  89.28 2.349101263576407e-24
9 67.27 90  91.77 0.00010274209456904792
9 67.27 91  91.77 5.280187016552252e-5
9 67.27 92  91.77 8.189319828956476e-6
9 67.27 93  103.71 2.779675408664728e-9
9 67.27 94  103.71 4.096705022291256e-11
9 67.27 95  103.71 1.434005061403151e-26
9 67.27 96  104.13 4.3669468584433454e-7
9 67.27 97  104.13 4.706840694987362e-10
9 67.27 98  104.8 9.719302655472036e-10
9 67.27 99  104.8 4.16501424074603e-25
9 67.27 100  104.8 5.12712137641049e-7
10 67.64 10  0.0 6.184837921350306e-9
10 67.64 11  0.0 3.206753905866155e-8
10 67.64 12  0.0 1.6089753198779903e-22
10 67.64 13  17.31 1.3232957341290318e-10
10 67.64 14  17.31 1.323682799930306e-7
10 67.64 15  17.31 1.2849604082334186e-18
10 67.64 16  18.9 4.4589693099581717e-7
10 67.64 17  18.9 3.522992535895533e-8
10 67.64 18  19.31 4.2713107396309114e-7
10 67.64 19  22.34 0.00013492119685237306
10 67.64 20  22.34 0.2046817334885661
10 67.64 21  25.79 1.2837612169212678e-17
10 67.64 22  25.79 0.045721948369692046
10 67.64 23  25.79 0.045766230451650486
10 67.64 24  25.83 4.331044133119191e-5
10 67.64 25  25.83 1.6874033214475433e-7
10 67.64 26  25.83 4.7741170262850075e-21
10 67.64 27  47.33 0.04878524486886955
10 67.64 28  48.47 0.04908101392304702
10 67.64 29  48.47 0.04905020476676961
10 67.64 30  48.47 1.1062759729749466e-18
10 67.64 31  48.68 0.0244683264922466
10 67.64 32  48.68 0.02449813627363867
10 67.64 33  48.68 1.3004465017703381e-17
10 67.64 34  53.3 1.0752437554509314e-7
10 67.64 35  53.3 1.6316082061670196e-9
10 67.64 36  55.25 2.428011163800478e-8
10 67.64 37  55.25 2.558057560290563e-22
10 67.64 38  55.25 9.301243451438572e-9
10 67.64 39  56.96 1.4590417029451774e-5
10 67.64 40  56.96 1.4586922115070067e-5
10 67.64 41  56.96 8.654173409338439e-22
10 67.64 42  60.35 0.017772723875242123
10 67.64 43  60.35 0.012329683406486493
10 67.64 44  60.62 0.009516017175070907
10 67.64 45  60.62 1.150597036371521e-16
10 67.64 46  60.62 0.009516431064087078
10 67.64 47  62.09 5.038812349751784e-8
10 67.64 48  68.68 8.628690009278705e-8
10 67.64 49  68.68 2.7920525147626123e-12
10 67.64 50  68.68 9.49470970290973e-24
10 67.64 51  70.12 2.5075014065934487e-7
10 67.64 52  70.12 8.16565104339068e-8
10 67.64 53  73.27 0.007984988426773594
10 67.64 54  73.56 0.004198547062063077
10 67.64 55  73.56 0.004197549035744713
10 67.64 56  73.56 1.256723591978477e-19
10 67.64 57  74.04 0.0053097220268120094
10 67.64 58  74.04 2.3651562158137955e-17
10 67.64 59  74.04 0.00530798544326404
10 67.64 60  75.62 1.704883918448888e-8
10 67.64 61  75.62 4.623450584493916e-25
10 67.64 62  75.62 1.8184134389376198e-8
10 67.64 63  76.47 8.426273373851322e-10
10 67.64 64  76.47 1.466929983175532e-9
10 67.64 65  76.47 2.2160602536969114e-24
10 67.64 66  76.66 9.19535985547116e-9
10 67.64 67  76.86 0.002004707183547876
10 67.64 68  76.86 0.0020047360806740976
10 67.64 69  76.86 1.0244869685299742e-17
10 67.64 70  82.9 2.430596252738607e-5
10 67.64 71  82.9 5.408736841679854e-7
10 67.64 72  82.9 1.6343061215612621e-21
10 67.64 73  83.81 0.04395957976402406
10 67.64 74  83.81 2.298352498435914e-18
10 67.64 75  83.81 0.043917246551232664
10 67.64 76  85.07 8.365865563325706e-6
10 67.64 77  85.07 3.0646489178274793e-6
10 67.64 78  85.07 3.274867717737327e-22
10 67.64 79  85.3 0.03045052377216579
10 67.64 80  85.3 9.624764190605212e-18
10 67.64 81  85.3 0.030474196767246303
10 67.64 82  85.48 0.047858465778694834
10 67.64 83  86.22 5.81497887595748e-9
10 67.64 84  86.22 1.1808034322851845e-5
10 67.64 85  88.03 0.006721368952069263
10 67.64 86  88.03 0.006721459183039163
10 67.64 87  88.03 1.83856919987927e-19
10 67.64 88  88.91 5.007555569910903e-5
10 67.64 89  88.91 0.001704048981250058
10 67.64 90  91.4 0.0005601189236780036
10 67.64 91  91.4 0.0005597224052288541
10 67.64 92  91.4 3.561036695608711e-20
10 67.64 93  103.34 1.91489628146234e-9
10 67.64 94  103.34 5.079652598382531e-26
10 67.64 95  103.34 6.724800550504823e-11
10 67.64 96  103.76 3.625838447331724e-7
10 67.64 97  103.76 1.4079706837287093e-9
10 67.64 98  104.43 1.8322566674466327e-24
10 67.64 99  104.43 4.004813270825535e-10
10 67.64 100  104.43 4.1707395001406604e-7
11 67.64 11  0.0 1.0917395889125371e-9
11 67.64 12  0.0 8.124943022118376e-10
11 67.64 13  17.31 5.571850311567942e-9
11 67.64 14  17.31 3.013622474226342e-9
11 67.64 15  17.31 1.0609977529461262e-10
11 67.64 16  18.9 1.5794112157111305e-23
11 67.64 17  18.9 8.572171921136142e-23
11 67.64 18  19.31 1.5833465095827678e-23
11 67.64 19  22.34 0.14899887527069244
11 67.64 20  22.34 0.05582351861213671
11 67.64 21  25.79 0.04565843615109546
11 67.64 22  25.79 0.045731624894841616
11 67.64 23  25.79 3.1693886242123227e-16
11 67.64 24  25.83 3.538931264492916e-5
11 67.64 25  25.83 1.759353823034034e-8
11 67.64 26  25.83 0.00010991386313900268
11 67.64 27  47.33 0.04878563846703773
11 67.64 28  48.47 0.04904038273536912
11 67.64 29  48.47 4.62924086113007e-16
11 67.64 30  48.47 0.04905965102185949
11 67.64 31  48.68 0.024508999671650728
11 67.64 32  48.68 7.206454463873586e-17
11 67.64 33  48.68 0.024485607403299012
11 67.64 34  53.3 8.31023054692953e-23
11 67.64 35  53.3 2.6934045723569964e-22
11 67.64 36  55.25 3.8416803326713465e-8
11 67.64 37  55.25 2.7373709780489647e-11
11 67.64 38  55.25 1.049475661012215e-10
11 67.64 39  56.96 8.740283733016319e-20
11 67.64 40  56.96 1.4585989088970488e-5
11 67.64 41  56.96 1.4643585603124376e-5
11 67.64 42  60.35 0.026508538497519097
11 67.64 43  60.35 0.0035924957281512344
11 67.64 44  60.62 0.009515584293016417
11 67.64 45  60.62 0.009515694062670313
11 67.64 46  60.62 3.9596241418232635e-17
11 67.64 47  62.09 9.336761641332007e-24
11 67.64 48  68.68 8.337509833231072e-13
11 67.64 49  68.68 1.4928130969187736e-11
11 67.64 50  68.68 2.3217422957398845e-11
11 67.64 51  70.12 2.2198420565450437e-23
11 67.64 52  70.12 1.7000348662932963e-23
11 67.64 53  73.27 0.007985709986543908
11 67.64 54  73.56 0.004187324206975192
11 67.64 55  73.56 1.988491762240776e-13
11 67.64 56  73.56 0.004192330456985093
11 67.64 57  74.04 3.33556812797503e-17
11 67.64 58  74.04 0.005316141373465596
11 67.64 59  74.04 0.00532058085151007
11 67.64 60  75.62 1.9554321554732614e-9
11 67.64 61  75.62 1.1655761256497865e-8
11 67.64 62  75.62 7.4288850601071425e-9
11 67.64 63  76.47 2.2077454474542627e-8
11 67.64 64  76.47 5.436267255766586e-9
11 67.64 65  76.47 8.241570873827475e-8
11 67.64 66  76.66 3.346647821605793e-22
11 67.64 67  76.86 1.024437612975851e-17
11 67.64 68  76.86 0.0020042508440103776
11 67.64 69  76.86 0.002003829893328718
11 67.64 70  82.9 4.823283646465081e-6
11 67.64 71  82.9 2.87985571095574e-7
11 67.64 72  82.9 2.3650240566663865e-6
11 67.64 73  83.81 2.6004876702874246e-16
11 67.64 74  83.81 0.043939173323071616
11 67.64 75  83.81 0.04393373714997777
11 67.64 76  85.07 5.077933008599996e-6
11 67.64 77  85.07 2.2215958649828816e-6
11 67.64 78  85.07 1.3553201012320527e-7
11 67.64 79  85.29 1.8801452315489122e-16
11 67.64 80  85.29 0.030488948608610865
11 67.64 81  85.3 0.030482320060205414
11 67.64 82  85.48 0.047860412190027714
11 67.64 83  86.22 6.631237069106581e-22
11 67.64 84  86.22 2.210983534371377e-20
11 67.64 85  88.03 0.006720047046131025
11 67.64 86  88.03 6.302240553608365e-17
11 67.64 87  88.03 0.00671744749080649
11 67.64 88  88.91 0.0010376629856017352
11 67.64 89  88.91 0.000716248471974954
11 67.64 90  91.4 0.0005601636934233887
11 67.64 91  91.4 2.5995121293864086e-18
11 67.64 92  91.4 0.0005597698593759199
11 67.64 93  103.34 2.8051745159653124e-9
11 67.64 94  103.34 1.9331402416612728e-9
11 67.64 95  103.34 4.79048475980677e-9
11 67.64 96  103.76 4.65947834304121e-23
11 67.64 97  103.76 8.522633931030773e-24
11 67.64 98  104.43 5.930114096465225e-12
11 67.64 99  104.43 1.1563595965061839e-9
11 67.64 100  104.43 7.324326239981272e-9
12 67.64 12  0.0 9.959494537564028e-10
12 67.64 13  17.31 2.8344728867097777e-23
12 67.64 14  17.31 6.379012283567954e-10
12 67.64 15  17.31 5.3659102834536314e-11
12 67.64 16  18.9 2.2367489150526994e-10
12 67.64 17  18.9 1.4435562892788445e-8
12 67.64 18  19.31 3.2474518439106334e-10
12 67.64 19  22.34 0.15810013138689158
12 67.64 20  22.34 0.04672162027027735
12 67.64 21  25.79 0.04565827505766852
12 67.64 22  25.79 2.6797533118248304e-16
12 67.64 23  25.79 0.04576648613935607
12 67.64 24  25.83 1.7145116280096553e-19
12 67.64 25  25.83 2.6461033582662518e-8
12 67.64 26  25.83 0.00010997910119549222
12 67.64 27  47.33 0.04878627351789806
12 67.64 28  48.47 4.2430554081413e-16
12 67.64 29  48.47 0.04907101410820779
12 67.64 30  48.47 0.049057030381617496
12 67.64 31  48.68 5.2291803853064853e-17
12 67.64 32  48.68 0.024478505180742835
12 67.64 33  48.68 0.024488489511523222
12 67.64 34  53.3 1.3519854729087022e-8
12 67.64 35  53.3 4.559103562261266e-8
12 67.64 36  55.25 1.923183352661178e-22
12 67.64 37  55.25 3.900524106004451e-10
12 67.64 38  55.25 1.9917630610477135e-10
12 67.64 39  56.96 1.4632468739261833e-5
12 67.64 40  56.96 7.006086001453545e-20
12 67.64 41  56.96 1.4615595994956204e-5
12 67.64 42  60.35 0.0008705782276767143
12 67.64 43  60.35 0.02922978062133398
12 67.64 44  60.62 1.4619707922666622e-16
12 67.64 45  60.62 0.009515995332220372
12 67.64 46  60.62 0.009516114805462144
12 67.64 47  62.09 1.4660468903313809e-9
12 67.64 48  68.68 1.035821221628689e-25
12 67.64 49  68.68 5.2232727470097845e-11
12 67.64 50  68.68 4.703012099467042e-12
12 67.64 51  70.12 2.414650111916158e-9
12 67.64 52  70.12 2.4327019577532696e-9
12 67.64 53  73.27 0.007985888081672145
12 67.64 54  73.56 2.270873815237523e-13
12 67.64 55  73.56 0.004188336781419149
12 67.64 56  73.56 0.004193885244974821
12 67.64 57  74.04 0.00531981017137736
12 67.64 58  74.04 0.005314570439641922
12 67.64 59  74.04 5.3616498082162066e-17
12 67.64 60  75.62 4.1316488110471864e-9
12 67.64 61  75.62 4.876800254062804e-8
12 67.64 62  75.62 3.846814205847398e-23
12 67.64 63  76.47 1.1083618657263157e-22
12 67.64 64  76.47 4.193663279395902e-9
12 67.64 65  76.47 1.4075478905786276e-8
12 67.64 66  76.66 5.6728017992873914e-8
12 67.64 67  76.86 0.002004125015166905
12 67.64 68  76.86 1.8926080792692403e-17
12 67.64 69  76.86 0.002003667296808225
12 67.64 70  82.9 2.4240265215564665e-20
12 67.64 71  82.9 2.8499933218686906e-7
12 67.64 72  82.9 2.3597298231529906e-6
12 67.64 73  83.81 0.04391470340318028
12 67.64 74  83.81 0.04393994614486827
12 67.64 75  83.81 2.216304322906867e-16
12 67.64 76  85.07 2.54756358465528e-20
12 67.64 77  85.07 2.154231310012943e-6
12 67.64 78  85.07 5.086733197762857e-8
12 67.64 79  85.29 0.030507986207549798
12 67.64 80  85.29 0.03048776808106192
12 67.64 81  85.3 1.5370967516482132e-16
12 67.64 82  85.48 0.04786144305140746
12 67.64 83  86.22 1.1257289318238731e-7
12 67.64 84  86.22 3.7035677562565798e-6
12 67.64 85  88.03 5.555792120342607e-17
12 67.64 86  88.03 0.006719151315115534
12 67.64 87  88.03 0.0067177946114989635
12 67.64 88  88.91 0.0015428682977361205
12 67.64 89  88.91 0.00021061264995588495
12 67.64 90  91.4 2.2264009630887867e-18
12 67.64 91  91.4 0.0005603043499965888
12 67.64 92  91.4 0.0005599577439146164
12 67.64 93  103.34 1.4177362903553792e-23
12 67.64 94  103.34 6.103863035157316e-10
12 67.64 95  103.34 8.201319865911731e-9
12 67.64 96  103.76 5.955293338431676e-9
12 67.64 97  103.76 1.4413623341969578e-9
12 67.64 98  104.43 2.0346486406207647e-10
12 67.64 99  104.43 2.432188801514683e-10
12 67.64 100  104.43 3.716034334083833e-23
13 84.94 13  0.0 1.1780049574283702e-8
13 84.94 14  0.0 1.4239378435090607e-8
13 84.94 15  0.0 1.3819649831049092e-19
13 84.94 16  1.6 4.9268775241488745e-9
13 84.94 17  1.6 1.1898045328251985e-8
13 84.94 18  2.01 4.407305301045967e-9
13 84.94 19  5.03 5.983796073994147e-5
13 84.94 20  5.03 0.0908054397241688
13 84.94 21  8.49 5.731274259746015e-18
13 84.94 22  8.49 0.02749041082606315
13 84.94 23  8.49 0.027511104491170293
13 84.94 24  8.52 2.0178399487302663e-5
13 84.94 25  8.52 2.4951761148199572e-8
13 84.94 26  8.52 4.0238657169086728e-22
13 84.94 27  30.03 0.02497631729556373
13 84.94 28  31.16 0.027494415851051737
13 84.94 29  31.16 0.02747354657755091
13 84.94 30  31.16 1.959217369061364e-18
13 84.94 31  31.37 0.02122618946307947
13 84.94 32  31.37 0.021247536861128874
13 84.94 33  31.37 1.009324466189925e-17
13 84.94 34  35.99 3.787643331286445e-7
13 84.94 35  35.99 1.4581477470001168e-7
13 84.94 36  37.94 7.406714632164637e-8
13 84.94 37  37.94 1.4700332318383196e-22
13 84.94 38  37.94 5.247949561133827e-9
13 84.94 39  39.65 0.0017634385321232636
13 84.94 40  39.65 0.001763121842038407
13 84.94 41  39.65 3.5452672055505923e-20
13 84.94 42  43.04 0.005428411143535008
13 84.94 43  43.04 0.0037654920596026753
13 84.94 44  43.32 0.003987973000339834
13 84.94 45  43.32 4.692201059626164e-17
13 84.94 46  43.32 0.003987487637127942
13 84.94 47  44.78 1.2776859988006296e-7
13 84.94 48  51.37 1.3755657324119524e-8
13 84.94 49  51.37 4.982807071608065e-9
13 84.94 50  51.37 1.4821788597626555e-24
13 84.94 51  52.82 9.678059362916934e-7
13 84.94 52  52.82 1.4744417328660846e-9
13 84.94 53  55.96 0.04479814304494858
13 84.94 54  56.25 0.032222911938351
13 84.94 55  56.25 0.032218267621986804
13 84.94 56  56.25 1.027344012992965e-19
13 84.94 57  56.74 0.019505509644140134
13 84.94 58  56.74 9.170500397428861e-17
13 84.94 59  56.74 0.019500611401316606
13 84.94 60  58.31 9.541905560304322e-10
13 84.94 61  58.31 1.980944378447702e-24
13 84.94 62  58.31 1.2486075015408404e-7
13 84.94 63  59.16 6.383333286536941e-8
13 84.94 64  59.16 5.187868588374711e-10
13 84.94 65  59.16 1.307232093449755e-25
13 84.94 66  59.36 2.4014896953919265e-7
13 84.94 67  59.55 0.003487564040661605
13 84.94 68  59.55 0.0034870723838315064
13 84.94 69  59.55 1.8388402379891813e-17
13 84.94 70  65.6 6.6287028666443725e-6
13 84.94 71  65.6 3.026941265375055e-8
13 84.94 72  65.6 9.716055165955592e-23
13 84.94 73  66.5 0.01667085879524388
13 84.94 74  66.5 2.30729204937327e-19
13 84.94 75  66.5 0.016660934484454524
13 84.94 76  67.76 1.73916044006652e-6
13 84.94 77  67.76 2.6130462615875556e-7
13 84.94 78  67.76 6.405329263520627e-23
13 84.94 79  67.99 0.00462562390903625
13 84.94 80  67.99 2.0743892904294212e-18
13 84.94 81  67.99 0.004631982216247915
13 84.94 82  68.18 0.005056145282021449
13 84.94 83  68.92 9.096677607313791e-8
13 84.94 84  68.92 3.524824068681997e-6
13 84.94 85  70.72 0.005291805344627415
13 84.94 86  70.72 0.0052920751886865
13 84.94 87  70.72 2.9287247749708135e-20
13 84.94 88  71.61 0.0010230774992687972
13 84.94 89  71.61 0.03484481544715578
13 84.94 90  74.09 0.0049295311599644506
13 84.94 91  74.09 0.004929801062460737
13 84.94 92  74.09 7.774556671911137e-20
13 84.94 93  86.03 2.9985554249014086e-9
13 84.94 94  86.03 1.903215671040274e-26
13 84.94 95  86.03 3.3496851244775023e-10
13 84.94 96  86.46 9.200340196312589e-7
13 84.94 97  86.46 5.855046018531238e-10
13 84.94 98  87.13 6.298939070274583e-24
13 84.94 99  87.13 6.134146756079914e-10
13 84.94 100  87.13 1.4842346114901047e-6
14 84.94 14  0.0 3.1492779545420756e-8
14 84.94 15  0.0 1.6201311737305825e-8
14 84.94 16  1.6 1.5822649770395992e-20
14 84.94 17  1.6 1.3920162523301807e-19
14 84.94 18  2.01 1.1778966912329355e-22
14 84.94 19  5.03 0.06609583759462254
14 84.94 20  5.03 0.024763447471558248
14 84.94 21  8.49 0.027445413228181045
14 84.94 22  8.49 0.027487793634824058
14 84.94 23  8.49 2.6519819640677714e-13
14 84.94 24  8.52 2.1298751174179054e-5
14 84.94 25  8.52 2.1054793186083583e-9
14 84.94 26  8.52 6.373874395227287e-5
14 84.94 27  30.03 0.02497792918798327
14 84.94 28  31.16 0.027467652561888885
14 84.94 29  31.16 2.665589012751037e-13
14 84.94 30  31.16 0.02748190484490328
14 84.94 31  31.37 0.021254994356828313
14 84.94 32  31.37 2.0582557975892818e-13
14 84.94 33  31.37 0.0212410409918413
14 84.94 34  35.99 1.130173589997482e-20
14 84.94 35  35.99 3.1125173623772023e-19
14 84.94 36  37.94 1.2584015089488166e-8
14 84.94 37  37.94 7.899851133753079e-10
14 84.94 38  37.94 1.0921512068652367e-9
14 84.94 39  39.65 1.6829442545863564e-14
14 84.94 40  39.65 0.0017637135386524582
14 84.94 41  39.65 0.0017635804147879998
14 84.94 42  43.04 0.008097425700295858
14 84.94 43  43.04 0.00109708216666307
14 84.94 44  43.32 0.003987650549499714
14 84.94 45  43.32 0.003987969244821042
14 84.94 46  43.32 3.861962918353855e-14
14 84.94 47  44.78 1.2076647825069827e-21
14 84.94 48  51.37 7.463920819713612e-8
14 84.94 49  51.37 8.385715437587406e-10
14 84.94 50  51.37 3.4676931908673357e-9
14 84.94 51  52.81 8.996938210556926e-20
14 84.94 52  52.82 6.946104846118422e-19
14 84.94 53  55.96 0.04479843900762026
14 84.94 54  56.25 0.03215782366703687
14 84.94 55  56.25 3.162105097004212e-12
14 84.94 56  56.25 0.032187951163898075
14 84.94 57  56.74 1.84972186319096e-13
14 84.94 58  56.74 0.019534559046161876
14 84.94 59  56.74 0.019565793340026363
14 84.94 60  58.31 1.643178640486238e-9
14 84.94 61  58.31 1.2291778238522937e-8
14 84.94 62  58.31 9.053341180838816e-8
14 84.94 63  59.16 5.578204042666348e-10
14 84.94 64  59.16 2.95881125897188e-9
14 84.94 65  59.16 6.3806014191015935e-9
14 84.94 66  59.36 2.6474300829279e-19
14 84.94 67  59.55 3.3233909906306174e-14
14 84.94 68  59.55 0.0034899447059658843
14 84.94 69  59.55 0.0034910131950390776
14 84.94 70  65.6 2.4327020804718528e-6
14 84.94 71  65.6 3.1196858249444876e-8
14 84.94 72  65.6 8.758484963127703e-7
14 84.94 73  66.5 1.5873051215559453e-13
14 84.94 74  66.5 0.016662317744790656
14 84.94 75  66.5 0.016662606046922997
14 84.94 76  67.76 6.880892939857753e-7
14 84.94 77  67.76 1.9425573032889259e-7
14 84.94 78  67.76 3.0004535161370216e-8
14 84.94 79  67.99 4.419639494824128e-14
14 84.94 80  67.99 0.004633798582530139
14 84.94 81  67.99 0.004633317445126589
14 84.94 82  68.18 0.005055678713748769
14 84.94 83  68.92 3.834250743453846e-19
14 84.94 84  68.92 1.1018237330778026e-18
14 84.94 85  70.72 0.00529112053787907
14 84.94 86  70.72 5.0266402265131816e-14
14 84.94 87  70.72 0.0052933570957427655
14 84.94 88  71.61 0.021218300806374605
14 84.94 89  71.61 0.01464970561935261
14 84.94 90  74.09 0.004930667855083902
14 84.94 91  74.09 4.7036349152073565e-14
14 84.94 92  74.09 0.004930528785061891
14 84.94 93  86.03 5.666599366299727e-9
14 84.94 94  86.03 3.265209187306917e-9
14 84.94 95  86.03 7.304513846568274e-8
14 84.94 96  86.46 2.618087105913038e-20
14 84.94 97  86.46 4.73431548602362e-20
14 84.94 98  87.13 1.8037442209822091e-9
14 84.94 99  87.13 3.5766704753590224e-9
14 84.94 100  87.13 6.739500375910101e-9
15 84.94 15  0.0 1.6222436039992864e-8
15 84.94 16  1.6 1.6604394883327005e-9
15 84.94 17  1.6 1.4611056420758897e-8
15 84.94 18  2.01 1.2331874412278584e-11
15 84.94 19  5.03 0.07013364242711745
15 84.94 20  5.03 0.020725914180345577
15 84.94 21  8.49 0.027445069008283893
15 84.94 22  8.49 2.698842699850253e-13
15 84.94 23  8.49 0.027509050708668076
15 84.94 24  8.52 2.0691484891276117e-16
15 84.94 25  8.52 2.878996141510382e-10
15 84.94 26  8.52 6.391878992428411e-5
15 84.94 27  30.03 0.024977913210979658
15 84.94 28  31.16 2.7131524533475484e-13
15 84.94 29  31.16 0.02748870971730921
15 84.94 30  31.16 0.02748048242549506
15 84.94 31  31.37 2.0964029192591054e-13
15 84.94 32  31.37 0.021233295215323713
15 84.94 33  31.37 0.021242606977915707
15 84.94 34  35.99 1.1860082319168048e-9
15 84.94 35  35.99 3.266239368502438e-8
15 84.94 36  37.94 1.2213873743515953e-19
15 84.94 37  37.94 3.961284501966628e-12
15 84.94 38  37.94 2.1534074359010328e-10
15 84.94 39  39.65 0.0017639665141104847
15 84.94 40  39.65 1.7109183286211662e-14
15 84.94 41  39.65 0.0017638708803367046
15 84.94 42  43.04 0.0002659051943216969
15 84.94 43  43.04 0.00892882575112919
15 84.94 44  43.32 3.9381655370534976e-14
15 84.94 45  43.32 0.003987405178753357
15 84.94 46  43.32 0.003987670872278579
15 84.94 47  44.78 1.272250124900427e-10
15 84.94 48  51.37 7.24393092702806e-19
15 84.94 49  51.37 3.51981674180404e-9
15 84.94 50  51.37 3.901203429978406e-9
15 84.94 51  52.81 9.443855286620134e-9
15 84.94 52  52.82 7.291004103860979e-8
15 84.94 53  55.96 0.044798527758043195
15 84.94 54  56.25 3.4986938573140692e-12
15 84.94 55  56.25 0.032163483798508
15 84.94 56  56.25 0.03219649610892732
15 84.94 57  56.74 0.019560061454439306
15 84.94 58  56.74 0.01952617329477017
15 84.94 59  56.74 1.890771940593366e-13
15 84.94 60  58.31 6.213448702790801e-9
15 84.94 61  58.31 2.477477963028519e-8
15 84.94 62  58.31 8.785780099881944e-19
15 84.94 63  59.16 5.4442683428197646e-21
15 84.94 64  59.16 5.293881411072965e-12
15 84.94 65  59.16 1.306484284387584e-8
15 84.94 66  59.36 2.7778283074405012e-8
15 84.94 67  59.55 0.003490583648845237
15 84.94 68  59.55 3.383680331461562e-14
15 84.94 69  59.55 0.003490951643270745
15 84.94 70  65.6 2.3609367756413012e-17
15 84.94 71  65.6 4.032967615213681e-8
15 84.94 72  65.6 8.338277827880516e-7
15 84.94 73  66.5 0.016659608775155387
15 84.94 74  66.5 0.016662640579534104
15 84.94 75  66.5 1.6172509903378328e-13
15 84.94 76  67.76 6.6772681231005295e-18
15 84.94 77  67.76 3.0037661183975596e-7
15 84.94 78  67.76 1.5334906629949928e-8
15 84.94 79  67.99 0.004639375276849971
15 84.94 80  67.99 0.00463378430690013
15 84.94 81  67.99 4.4961504955776236e-14
15 84.94 82  68.18 0.00505480859827937
15 84.94 83  68.92 4.024806960700697e-8
15 84.94 84  68.92 1.1565861195043879e-7
15 84.94 85  70.72 5.123519060865626e-14
15 84.94 86  70.72 0.005291144047481701
15 84.94 87  70.72 0.00529313834600708
15 84.94 88  71.61 0.03156089443335337
15 84.94 89  71.61 0.004307752622374496
15 84.94 90  74.09 4.788546717511215e-14
15 84.94 91  74.09 0.004930585619605443
15 84.94 92  74.09 0.004930253123829273
15 84.94 93  86.03 5.499598045988651e-20
15 84.94 94  86.03 5.192419921940986e-9
15 84.94 95  86.03 6.530633909123665e-8
15 84.94 96  86.46 2.7476663158237227e-9
15 84.94 97  86.46 4.969234272579495e-9
15 84.94 98  87.13 5.6593217181166375e-11
15 84.94 99  87.13 9.736373183033507e-9
15 84.94 100  87.13 6.541195614819834e-20
16 86.54 16  0.0 4.581083902453866e-9
16 86.54 17  0.0 1.8816971525071843e-8
16 86.54 18  0.41 1.4212430704371004e-12
16 86.54 19  3.43 1.2621500118706666e-25
16 86.54 20  3.43 1.531783438463065e-25
16 86.54 21  6.89 0.008718007646352647
16 86.54 22  6.89 0.1049238701935259
16 86.54 23  6.89 0.053158988585753235
16 86.54 24  6.93 8.110727714053378e-5
16 86.54 25  6.93 1.774051150233938e-20
16 86.54 26  6.93 2.1019734521797365e-5
16 86.54 27  28.43 1.270238189878735e-25
16 86.54 28  29.56 0.019432399035358098
16 86.54 29  29.56 0.009843869476196799
16 86.54 30  29.56 0.0016174040249815774
16 86.54 31  29.77 0.002791319944362323
16 86.54 32  29.77 0.025861885979474343
16 86.54 33  29.77 0.04564532383339314
16 86.54 34  34.4 7.6891811880298e-8
16 86.54 35  34.4 9.899831721870832e-11
16 86.54 36  36.34 1.5526099795278964e-8
16 86.54 37  36.34 1.1339130485334046e-9
16 86.54 38  36.34 2.748960801720198e-23
16 86.54 39  38.05 0.0038598754374023644
16 86.54 40  38.05 0.00041430979474332597
16 86.54 41  38.05 0.006834220270061062
16 86.54 42  41.45 1.0907496129685196e-25
16 86.54 43  41.45 6.770390396708369e-25
16 86.54 44  41.72 0.005628927158837347
16 86.54 45  41.72 0.00046874088610061594
16 86.54 46  41.72 0.002849819666671247
16 86.54 47  43.18 2.613959836699526e-8
16 86.54 48  49.77 3.83756339772978e-9
16 86.54 49  49.77 3.814508099806603e-27
16 86.54 50  49.77 1.2955589038080073e-9
16 86.54 51  51.22 5.131015850624252e-8
16 86.54 52  51.22 2.924166938323844e-10
16 86.54 53  54.36 8.59830103809051e-25
16 86.54 54  54.65 0.053107582024309236
16 86.54 55  54.65 0.026861671726780386
16 86.54 56  54.65 0.00442483783159201
16 86.54 57  55.14 0.03903508566732504
16 86.54 58  55.14 0.06880134765838662
16 86.54 59  55.14 0.004222882721163733
16 86.54 60  56.71 1.1897027098920848e-23
16 86.54 61  56.71 1.4302779849539173e-7
16 86.54 62  56.71 4.737826600191703e-10
16 86.54 63  57.57 4.617864023821839e-8
16 86.54 64  57.57 6.675541458179987e-24
16 86.54 65  57.57 1.1824068419829936e-7
16 86.54 66  57.76 2.411642045903941e-7
16 86.54 67  57.95 0.0024661867381359512
16 86.54 68  57.95 0.0002651315704229438
16 86.54 69  57.95 0.0043556253574248294
16 86.54 70  64.0 8.80786051797572e-7
16 86.54 71  64.0 5.39296113212341e-23
16 86.54 72  64.0 1.63295447776271e-8
16 86.54 73  64.9 0.001591234565037982
16 86.54 74  64.9 0.00026205579430869485
16 86.54 75  64.9 0.0031465860849144364
16 86.54 76  66.16 1.7620534151059345e-7
16 86.54 77  66.16 1.2138583680311401e-25
16 86.54 78  66.16 2.7725034563269043e-9
16 86.54 79  66.39 0.008778229773937142
16 86.54 80  66.39 0.015491580540965822
16 86.54 81  66.39 0.0009461079465621233
16 86.54 82  66.58 1.4076622023188706e-26
16 86.54 83  67.32 6.291509350793499e-11
16 86.54 84  67.32 2.4789775055527224e-6
16 86.54 85  69.12 0.03530842399020135
16 86.54 86  69.12 0.017873466660069726
16 86.54 87  69.12 0.002938786664292244
16 86.54 88  70.01 8.155187409430823e-26
16 86.54 89  70.01 9.084586817619703e-26
16 86.54 90  72.49 0.00034346613008752437
16 86.54 91  72.49 0.003175359343046146
16 86.54 92  72.49 0.005586432322867929
16 86.54 93  84.44 7.4387274931945705e-9
16 86.54 94  84.44 3.8179225879875786e-8
16 86.54 95  84.44 6.171077399854259e-26
16 86.54 96  84.86 1.822259511706573e-7
16 86.54 97  84.86 2.1006452354870124e-10
16 86.54 98  85.53 4.6762930448301046e-9
16 86.54 99  85.53 1.9462861772333782e-25
16 86.54 100  85.53 2.9139232503748534e-8
17 86.54 17  0.0 6.294080923677663e-8
17 86.54 18  0.41 5.683126966260128e-9
17 86.54 19  3.43 3.515656812456224e-26
17 86.54 20  3.43 1.2817542118848718e-25
17 86.54 21  6.89 0.10228101109621782
17 86.54 22  6.89 0.006257997735266363
17 86.54 23  6.89 0.05810977240186314
17 86.54 24  6.93 4.5871428926902936e-6
17 86.54 25  6.93 1.385797791018628e-19
17 86.54 26  6.93 0.00024502270884215296
17 86.54 27  28.43 9.214950136391686e-26
17 86.54 28  29.56 0.0011636082137611173
17 86.54 29  29.56 0.010751593059682893
17 86.54 30  29.56 0.018977096265429528
17 86.54 31  29.77 0.046737934744232386
17 86.54 32  29.77 0.023669422161074875
17 86.54 33  29.77 0.003890420990218106
17 86.54 34  34.39 5.598360172428274e-7
17 86.54 35  34.39 7.205857969728003e-9
17 86.54 36  36.34 1.8240988391650024e-7
17 86.54 37  36.34 6.804891722579349e-9
17 86.54 38  36.34 1.7105203181174114e-22
17 86.54 39  38.05 0.003539781749486609
17 86.54 40  38.05 0.006987718647076196
17 86.54 41  38.05 0.0005824569534882379
17 86.54 42  41.45 1.11073730798611e-25
17 86.54 43  41.45 1.604408068298311e-24
17 86.54 44  41.72 0.0003356190715185547
17 86.54 45  41.72 0.005496143369266368
17 86.54 46  41.72 0.003115064870398228
17 86.54 47  43.18 1.4740360906855956e-7
17 86.54 48  49.77 9.614216003540426e-9
17 86.54 49  49.77 6.623270465879864e-26
17 86.54 50  49.77 1.2580421937003309e-8
17 86.54 51  51.22 1.0903777653095493e-6
17 86.54 52  51.22 8.772599656430174e-9
17 86.54 53  54.36 1.3084167652385826e-24
17 86.54 54  54.65 0.0031871878951147572
17 86.54 55  54.65 0.02943338568680874
17 86.54 56  54.65 0.051871326663274694
17 86.54 57  55.14 0.03564063849604907
17 86.54 58  55.14 0.0058680886675406
17 86.54 59  55.14 0.07044991726111757
17 86.54 60  56.71 3.2027508667140396e-24
17 86.54 61  56.71 1.2581313332736792e-8
17 86.54 62  56.71 1.4307073235671938e-7
17 86.54 63  57.57 1.2568120540208694e-7
17 86.54 64  57.57 3.2066819842747213e-25
17 86.54 65  57.57 2.6674230032728944e-9
17 86.54 66  57.76 4.385503257903425e-8
17 86.54 67  57.95 0.002260595281233428
17 86.54 68  57.95 0.004463688932931139
17 86.54 69  57.95 0.00037128556976324695
17 86.54 70  64.0 1.4079096088220993e-6
17 86.54 71  64.0 8.278317653088944e-22
17 86.54 72  64.0 2.5910809261904647e-7
17 86.54 73  64.9 0.0017442860746928735
17 86.54 74  64.9 0.0030744484718956268
17 86.54 75  64.9 0.00018728610524730203
17 86.54 76  66.16 3.771220813326841e-6
17 86.54 77  66.16 1.8834949833916046e-25
17 86.54 78  66.16 6.697546670699903e-10
17 86.54 79  66.39 0.008024491637435054
17 86.54 80  66.39 0.0013206305596691471
17 86.54 81  66.39 0.01585720695897995
17 86.54 82  66.58 3.9683679711918793e-26
17 86.54 83  67.32 4.73084110502306e-10
17 86.54 84  67.32 2.091813976742254e-6
17 86.54 85  69.12 0.002106288770331731
17 86.54 86  69.12 0.01954128321591922
17 86.54 87  69.12 0.03447531089567374
17 86.54 88  70.01 7.554126202959963e-26
17 86.54 89  70.01 5.710335753495517e-26
17 86.54 90  72.49 0.005728518124069977
17 86.54 91  72.49 0.0028973953225074427
17 86.54 92  72.49 0.0004762486463898463
17 86.54 93  84.44 2.1340136030618277e-9
17 86.54 94  84.44 4.900714251117631e-9
17 86.54 95  84.44 1.903953954218865e-26
17 86.54 96  84.86 1.820369261031703e-7
17 86.54 97  84.86 3.2685173055024226e-9
17 86.54 98  85.53 6.307997969867581e-11
17 86.54 99  85.53 4.331297410555461e-25
17 86.54 100  85.53 5.764681042788443e-7
18 86.95 18  0.0 1.5836559389011724e-10
18 86.95 19  3.02 7.468558454788274e-27
18 86.95 20  3.02 8.622421253479807e-27
18 86.95 21  6.48 4.1324062139941497e-11
18 86.95 22  6.48 3.29055209922244e-9
18 86.95 23  6.48 2.8157525926096164e-9
18 86.95 24  6.51 7.845260539138717e-10
18 86.95 25  6.51 7.272419817554946e-26
18 86.95 26  6.51 5.1517950154625776e-11
18 86.95 27  28.02 2.894185117446285e-27
18 86.95 28  29.15 6.805905457168994e-10
18 86.95 29  29.15 1.1455714376339297e-9
18 86.95 30  29.15 2.4137137087151697e-13
18 86.95 31  29.36 0.00037803721958357594
18 86.95 32  29.36 0.000378531517647168
18 86.95 33  29.36 0.00037631034605674704
18 86.95 34  33.98 1.0500648920366977e-7
18 86.95 35  33.98 3.97148573841078e-7
18 86.95 36  35.93 1.9129804505941607e-6
18 86.95 37  35.93 3.3392731262483815e-12
18 86.95 38  35.93 1.1852014073180066e-22
18 86.95 39  37.64 0.1074961907430188
18 86.95 40  37.64 0.10749326081013645
18 86.95 41  37.64 0.10747958876293541
18 86.95 42  41.04 8.715158462939483e-27
18 86.95 43  41.04 1.1905378959100667e-26
18 86.95 44  41.31 4.066850595618218e-10
18 86.95 45  41.31 3.0046311111295153e-11
18 86.95 46  41.31 2.632805092894153e-10
18 86.95 47  42.77 4.974330972014281e-11
18 86.95 48  49.36 9.990666666908771e-8
18 86.95 49  49.36 3.7254987238797035e-26
18 86.95 50  49.36 1.9950601509912927e-11
18 86.95 51  50.81 5.019195162412458e-9
18 86.95 52  50.81 7.382812605431096e-8
18 86.95 53  53.95 7.933221005128758e-27
18 86.95 54  54.24 5.967672674204912e-9
18 86.95 55  54.24 5.056496832470282e-9
18 86.95 56  54.24 4.562149523643913e-11
18 86.95 57  54.73 0.0018970102455570603
18 86.95 58  54.73 0.0019034932790053048
18 86.95 59  54.73 0.0018983232387489335
18 86.95 60  56.3 1.99957941199451e-24
18 86.95 61  56.3 9.73987550626302e-9
18 86.95 62  56.3 6.687071648450433e-8
18 86.95 63  57.16 1.1277398880835837e-7
18 86.95 64  57.16 7.65368089669672e-24
18 86.95 65  57.16 1.3646861688295878e-7
18 86.95 66  57.35 3.675686657759902e-7
18 86.95 67  57.54 0.011614902872907201
18 86.95 68  57.54 0.011614346995996552
18 86.95 69  57.54 0.011611717355714691
18 86.95 70  63.59 1.557651763351895e-8
18 86.95 71  63.59 5.913821963726183e-26
18 86.95 72  63.59 4.541407060218576e-12
18 86.95 73  64.49 1.1611855172379164e-11
18 86.95 74  64.49 1.8568882710802134e-13
18 86.95 75  64.49 1.1397296155803592e-10
18 86.95 76  65.75 2.366867217341286e-7
18 86.95 77  65.75 4.3290214417872257e-26
18 86.95 78  65.75 6.848219775944851e-10
18 86.95 79  65.98 0.0006713210735701999
18 86.95 80  65.98 0.0006692714788608811
18 86.95 81  65.98 0.0006710958425235916
18 86.95 82  66.17 2.2029238339517815e-27
18 86.95 83  66.91 1.659353300076133e-8
18 86.95 84  66.91 1.4004593893412643e-7
18 86.95 85  68.71 1.5959748370867624e-9
18 86.95 86  68.71 1.7225862876893363e-9
18 86.95 87  68.71 2.809296494710027e-12
18 86.95 88  69.6 4.178994342943203e-26
18 86.95 89  69.6 7.857460226117102e-27
18 86.95 90  72.08 0.046667798651221656
18 86.95 91  72.08 0.04666685108654643
18 86.95 92  72.08 0.04667661433514717
18 86.95 93  84.03 4.726586624874876e-9
18 86.95 94  84.03 5.579212415390749e-8
18 86.95 95  84.03 5.198884619957844e-26
18 86.95 96  84.45 1.666417380576554e-7
18 86.95 97  84.45 1.1163212963441743e-11
18 86.95 98  85.12 4.5719176956307085e-9
18 86.95 99  85.12 3.6129705078886904e-25
18 86.95 100  85.12 2.631164599840955e-7
19 89.97 19  0.0 1.9038469366291447e-10
19 89.97 20  0.0 1.2773240663637865e-8
19 89.97 21  3.46 3.4836487360350576e-6
19 89.97 22  3.46 4.704809141057744e-6
19 89.97 23  3.46 2.2260225602108983e-21
19 89.97 24  3.49 0.006058383366545434
19 89.97 25  3.49 0.001653764515835789
19 89.97 26  3.49 0.00138046488352986
19 89.97 27  25.0 1.2370916520368596e-12
19 89.97 28  26.13 1.8366526918114463e-8
19 89.97 29  26.13 2.3921009915881212e-23
19 89.97 30  26.13 1.9464150415314608e-10
19 89.97 31  26.34 2.2055834301551712e-8
19 89.97 32  26.34 2.820072686721923e-23
19 89.97 33  26.34 1.1775993747428139e-12
19 89.97 34  30.96 1.739734921879942e-26
19 89.97 35  30.96 4.5822723793948415e-26
19 89.97 36  32.91 2.8370981218675218e-5
19 89.97 37  32.91 0.03323952152219245
19 89.97 38  32.91 0.031326260289841305
19 89.97 39  34.62 1.4568481754495653e-26
19 89.97 40  34.62 2.7222287549525057e-11
19 89.97 41  34.62 1.664290948412316e-10
19 89.97 42  38.01 5.3221461078006216e-9
19 89.97 43  38.01 5.3108561628958095e-9
19 89.97 44  38.29 3.5687446963661696e-10
19 89.97 45  38.29 4.123724762694054e-9
19 89.97 46  38.29 1.2605665625457951e-24
19 89.97 47  39.75 3.822654454705179e-27
19 89.97 48  46.34 5.152275262196959e-5
19 89.97 49  46.34 0.05692650200305367
19 89.97 50  46.34 0.06040385470534893
19 89.97 51  47.79 2.3054724728995267e-26
19 89.97 52  47.79 4.263316882192677e-26
19 89.97 53  50.93 2.1105562770821735e-9
19 89.97 54  51.22 2.9405922346680147e-8
19 89.97 55  51.22 1.4136966386937031e-18
19 89.97 56  51.22 3.3271589538669478e-9
19 89.97 57  51.71 3.055293456521778e-23
19 89.97 58  51.71 2.4795725686368506e-9
19 89.97 59  51.71 2.1370714282953082e-7
19 89.97 60  53.28 0.004066971627657999
19 89.97 61  53.28 0.0034040775705990053
19 89.97 62  53.28 0.014914289519327193
19 89.97 63  54.13 1.5536704543412378e-6
19 89.97 64  54.13 0.001733323357333293
19 89.97 65  54.13 0.00183885821295612
19 89.97 66  54.33 1.7298141878412009e-25
19 89.97 67  54.52 5.178295157076038e-25
19 89.97 68  54.52 1.0657062461880841e-8
19 89.97 69  54.52 4.214816471755189e-9
19 89.97 70  60.57 0.011776632083067964
19 89.97 71  60.57 0.003213224030862917
19 89.97 72  60.57 0.002688329352885034
19 89.97 73  61.47 8.670712576053066e-25
19 89.97 74  61.47 3.596348666775232e-7
19 89.97 75  61.47 3.832568541075214e-6
19 89.97 76  62.73 1.404240771849501e-5
19 89.97 77  62.73 0.01563714730207545
19 89.97 78  62.73 0.01659365113433775
19 89.97 79  62.96 5.399852728149581e-25
19 89.97 80  62.96 2.8542457229276e-9
19 89.97 81  62.96 1.2713370255882957e-6
19 89.97 82  63.15 4.614302541601368e-7
19 89.97 83  63.89 5.677662246900479e-26
19 89.97 84  63.89 8.97979257794859e-28
19 89.97 85  65.69 4.251282136142858e-8
19 89.97 86  65.69 1.724534806013771e-23
19 89.97 87  65.69 1.9735926940030058e-10
19 89.97 88  66.58 5.409999363030111e-10
19 89.97 89  66.58 1.762964760801332e-9
19 89.97 90  69.06 6.6588049265277295e-9
19 89.97 91  69.06 5.485174604776135e-25
19 89.97 92  69.06 1.2506078188354876e-12
19 89.97 93  81.0 2.4835124953793854e-9
19 89.97 94  81.0 3.2412357589282976e-6
19 89.97 95  81.0 3.0483805742647892e-6
19 89.97 96  81.43 1.0804668595789607e-27
19 89.97 97  81.43 5.517773091451614e-29
19 89.97 98  82.1 5.387612085131173e-5
19 89.97 99  82.1 6.435457121240612e-5
19 89.97 100  82.1 0.0002358963390332229
20 89.97 20  0.0 2.873081264293396e-10
20 89.97 21  3.46 1.092790834733416e-5
20 89.97 22  3.46 3.1199893243932865e-7
20 89.97 23  3.46 1.890588434288643e-21
20 89.97 24  3.49 4.054208062562532e-6
20 89.97 25  3.49 0.004413352646616954
20 89.97 26  3.49 0.004672154769588643
20 89.97 27  25.0 6.585187791009303e-10
20 89.97 28  26.13 8.354956961528115e-9
20 89.97 29  26.13 1.1049207720304735e-23
20 89.97 30  26.13 7.13434054930916e-10
20 89.97 31  26.34 8.658859664475205e-9
20 89.97 32  26.34 1.06110070123617e-23
20 89.97 33  26.34 6.117724088286533e-12
20 89.97 34  30.96 5.710761761862199e-26
20 89.97 35  30.96 1.0771233698827076e-25
20 89.97 36  32.91 0.04303641345205191
20 89.97 37  32.91 0.00982264899130238
20 89.97 38  32.91 0.011736310290348755
20 89.97 39  34.62 2.0089024557268954e-25
20 89.97 40  34.62 3.594755157577231e-8
20 89.97 41  34.62 2.357590613017663e-10
20 89.97 42  38.01 7.90968768084755e-9
20 89.97 43  38.01 4.7922919139565006e-8
20 89.97 44  38.29 2.936950515204521e-7
20 89.97 45  38.29 6.034525989128398e-9
20 89.97 46  38.29 2.1764616997369844e-22
20 89.97 47  39.75 2.4497369139848505e-27
20 89.97 48  46.34 0.07819878525808621
20 89.97 49  46.34 0.021326320129617354
20 89.97 50  46.34 0.0178487249733893
20 89.97 51  47.78 4.1953939864888565e-26
20 89.97 52  47.79 1.2933002678386797e-26
20 89.97 53  50.93 4.592303699572464e-9
20 89.97 54  51.22 3.793169572381411e-9
20 89.97 55  51.22 1.8237470397496027e-19
20 89.97 56  51.22 3.212082653789694e-9
20 89.97 57  51.71 9.686978623260508e-24
20 89.97 58  51.71 4.958996013679554e-8
20 89.97 59  51.71 2.0714562174317238e-10
20 89.97 60  53.28 0.010857712367003294
20 89.97 61  53.28 0.011520477089698422
20 89.97 62  53.28 9.807051113928405e-6
20 89.97 63  54.13 0.0023825598337666376
20 89.97 64  54.13 0.0006498574818883966
20 89.97 65  54.13 0.0005443671978090472
20 89.97 66  54.33 1.1054470306447723e-25
20 89.97 67  54.52 2.3496743436761583e-24
20 89.97 68  54.52 3.45277447704442e-8
20 89.97 69  54.52 3.663412452134337e-8
20 89.97 70  60.57 7.780415958174709e-6
20 89.97 71  60.57 0.008575725849448658
20 89.97 72  60.57 0.00909999675351561
20 89.97 73  61.47 8.889629695451244e-25
20 89.97 74  61.47 3.934919936587665e-7
20 89.97 75  61.47 4.637999022615896e-8
20 89.97 76  62.73 0.021477744691350994
20 89.97 77  62.73 0.005858570333948622
20 89.97 78  62.73 0.004903236111814433
20 89.97 79  62.96 2.8127858445939606e-25
20 89.97 80  62.96 2.5664316124432756e-12
20 89.97 81  62.96 4.816820801387533e-6
20 89.97 82  63.15 6.102240998018206e-7
20 89.97 83  63.89 2.6361995511638015e-26
20 89.97 84  63.89 1.0295231339120618e-27
20 89.97 85  65.69 3.231710895857039e-9
20 89.97 86  65.69 1.3572405364583478e-24
20 89.97 87  65.69 9.89714710558652e-10
20 89.97 88  66.58 1.3726287007785036e-8
20 89.97 89  66.58 6.232813803327313e-10
20 89.97 90  69.06 1.456810855808561e-8
20 89.97 91  69.06 1.238165738738827e-24
20 89.97 92  69.06 1.0263462851176181e-8
20 89.97 93  81.0 4.210733049314951e-6
20 89.97 94  81.0 9.588020242208024e-7
20 89.97 95  81.0 1.1446385810581364e-6
20 89.97 96  81.43 1.4504876735904096e-27
20 89.97 97  81.43 1.2789183000538208e-28
20 89.97 98  82.1 0.00018226543862305233
20 89.97 99  82.1 0.00017177705049048426
20 89.97 100  82.1 1.553249071187022e-7
21 93.43 21  0.0 3.614259934984942e-5
21 93.43 22  0.0 5.262648150495097e-21
21 93.43 23  0.0 1.3235607301184735e-5
21 93.43 24  0.03 1.6089183831382262e-18
21 93.43 25  0.03 0.0038553636209278804
21 93.43 26  0.03 0.0038285689199033307
21 93.43 27  21.54 2.000491481462855e-10
21 93.43 28  22.67 2.7665206780932837e-24
21 93.43 29  22.67 9.75735570048569e-10
21 93.43 30  22.67 2.7532143235969447e-8
21 93.43 31  22.88 2.0927701286821345e-22
21 93.43 32  22.88 1.9180590840944877e-7
21 93.43 33  22.88 3.9176466994526913e-7
21 93.43 34  27.5 0.00396230989887018
21 93.43 35  27.5 0.03292949997298624
21 93.43 36  29.45 4.089862543385897e-18
21 93.43 37  29.45 0.009029656193884605
21 93.43 38  29.45 0.009029933767348964
21 93.43 39  31.16 7.954327936075775e-5
21 93.43 40  31.16 1.5050189074145956e-21
21 93.43 41  31.16 8.312000112343506e-5
21 93.43 42  34.56 0.00015861106109771965
21 93.43 43  34.56 4.043117644311247e-6
21 93.43 44  34.83 1.6214638663657415e-18
21 93.43 45  34.83 0.00012794301938312368
21 93.43 46  34.83 0.00013818444997674214
21 93.43 47  36.29 1.0005557100989635e-11
21 93.43 48  42.88 5.872016513899758e-18
21 93.43 49  42.88 0.014063962208132424
21 93.43 50  42.88 0.014064104022590505
21 93.43 51  44.33 0.0017850410257246527
21 93.43 52  44.33 0.08764141557511092
21 93.43 53  47.47 6.22024882407819e-13
21 93.43 54  47.76 4.517848691788726e-17
21 93.43 55  47.76 8.24510809166156e-7
21 93.43 56  47.76 8.294921832894078e-7
21 93.43 57  48.25 1.2502126888898189e-6
21 93.43 58  48.25 5.667891076617003e-7
21 93.43 59  48.25 3.553504367156063e-21
21 93.43 60  49.82 0.008424438025216316
21 93.43 61  49.82 0.00842280796524852
21 93.43 62  49.82 1.4330540555328801e-18
21 93.43 63  50.68 3.867619810804655e-18
21 93.43 64  50.68 0.018817753964142085
21 93.43 65  50.68 0.018818501496131748
21 93.43 66  50.87 0.01337064915418812
21 93.43 67  51.06 3.423429672587713e-7
21 93.43 68  51.06 1.6067808805109304e-20
21 93.43 69  51.06 3.251708604132769e-6
21 93.43 70  57.11 4.141972949609048e-19
21 93.43 71  57.11 0.0017446104043269944
21 93.43 72  57.11 0.0017455162067334874
21 93.43 73  58.01 1.9183909293469605e-6
21 93.43 74  58.01 1.3081384714097184e-6
21 93.43 75  58.01 4.1931309615694115e-23
21 93.43 76  59.27 3.4567845941232745e-19
21 93.43 77  59.27 0.0013637094400690973
21 93.43 78  59.27 0.0013636157438797506
21 93.43 79  59.5 1.0325709127246774e-7
21 93.43 80  59.5 1.0709490168617238e-9
21 93.43 81  59.5 8.022799775485376e-23
21 93.43 82  59.69 1.604360265931008e-7
21 93.43 83  60.43 0.01386053069744407
21 93.43 84  60.43 0.0004287738703560659
21 93.43 85  62.23 1.1444532242157588e-21
21 93.43 86  62.23 2.551429703536828e-6
21 93.43 87  62.23 2.8096927355907597e-6
21 93.43 88  63.12 1.9788037709461323e-6
21 93.43 89  63.12 1.1473738571023594e-5
21 93.43 90  65.6 1.9983365916893224e-22
21 93.43 91  65.6 2.9319924044708457e-6
21 93.43 92  65.6 2.987068470929906e-6
21 93.43 93  77.55 3.0090105245500343e-21
21 93.43 94  77.55 1.4711711631371193e-5
21 93.43 95  77.55 1.4668944595155068e-5
21 93.43 96  77.97 9.746755119252082e-9
21 93.43 97  77.97 4.686470224305983e-5
21 93.43 98  78.64 3.9591138611685216e-6
21 93.43 99  78.64 3.957121945943438e-6
21 93.43 100  78.64 8.050930543664647e-22
22 93.43 22  0.0 1.4108835736057987e-5
22 93.43 23  0.0 1.9797156697881094e-6
22 93.43 24  0.03 0.0038512979953098454
22 93.43 25  0.03 0.003861788446366512
22 93.43 26  0.03 6.044918011589175e-18
22 93.43 27  21.54 5.454147948046515e-9
22 93.43 28  22.67 9.656924624865353e-9
22 93.43 29  22.67 5.118230959154515e-10
22 93.43 30  22.67 1.6477773884002699e-24
22 93.43 31  22.88 4.389538099571954e-8
22 93.43 32  22.88 9.375282106039813e-10
22 93.43 33  22.88 9.5491988033801e-24
22 93.43 34  27.5 0.015823544113942108
22 93.43 35  27.5 0.021127858615445645
22 93.43 36  29.45 0.00904871982243606
22 93.43 37  29.45 2.873017918351152e-16
22 93.43 38  29.45 0.009043422816031377
22 93.43 39  31.16 3.0352723802521476e-5
22 93.43 40  31.16 2.3112513399902935e-5
22 93.43 41  31.16 2.4347932510990837e-21
22 93.43 42  34.56 2.229876949776564e-5
22 93.43 43  34.56 2.9793065775966343e-5
22 93.43 44  34.83 3.993355983290678e-5
22 93.43 45  34.83 4.807902056274343e-19
22 93.43 46  34.83 4.337336823462962e-5
22 93.43 47  36.29 2.6876915809190175e-11
22 93.43 48  42.88 0.014085313146377695
22 93.43 49  42.88 0.014085337022793947
22 93.43 50  42.88 8.723579660653815e-18
22 93.43 51  44.33 0.07713165566873965
22 93.43 52  44.33 0.012436780716479814
22 93.43 53  47.47 5.629396988947881e-9
22 93.43 54  47.76 5.4668974722150476e-8
22 93.43 55  47.76 2.032937934818337e-6
22 93.43 56  47.76 3.426268050428682e-23
22 93.43 57  48.25 1.8186743644150345e-6
22 93.43 58  48.25 3.322930103398764e-21
22 93.43 59  48.25 5.867308966066531e-7
22 93.43 60  49.82 0.008441167414529112
22 93.43 61  49.82 5.412216596865376e-18
22 93.43 62  49.82 0.008440570719351368
22 93.43 63  50.68 0.018845867229155978
22 93.43 64  50.68 0.0188457951434056
22 93.43 65  50.68 1.2092425855124988e-17
22 93.43 66  50.87 0.01339330624030769
22 93.43 67  51.06 1.346319152758093e-6
22 93.43 68  51.06 3.3707847425816905e-7
22 93.43 69  51.06 1.6197274133924818e-21
22 93.43 70  57.11 0.0017485199442953492
22 93.43 71  57.11 0.0017473559325701207
22 93.43 72  57.11 3.158123780599024e-18
22 93.43 73  58.01 5.287173845256447e-9
22 93.43 74  58.01 1.5420944089950578e-22
22 93.43 75  58.01 1.6027426793828186e-7
22 93.43 76  59.27 0.001365892610316009
22 93.43 77  59.27 0.0013657126067697786
22 93.43 78  59.27 6.062504346879918e-19
22 93.43 79  59.5 4.60344332223101e-6
22 93.43 80  59.5 2.2130107833815294e-21
22 93.43 81  59.5 4.1207291057873185e-7
22 93.43 82  59.69 2.2435334205788233e-10
22 93.43 83  60.43 0.0016770032168955187
22 93.43 84  60.43 0.012629921359760727
22 93.43 85  62.23 8.37590125776808e-7
22 93.43 86  62.23 7.426820089933975e-7
22 93.43 87  62.23 1.4438775667830466e-22
22 93.43 88  63.12 4.119181516923817e-6
22 93.43 89  63.12 1.0789193706777923e-7
22 93.43 90  65.6 7.512947669906407e-7
22 93.43 91  65.6 9.384204020724542e-7
22 93.43 92  65.6 9.315855468888019e-23
22 93.43 93  77.55 1.4725436939393415e-5
22 93.43 94  77.55 6.4866523497969155e-21
22 93.43 95  77.55 1.4711580344850318e-5
22 93.43 96  77.97 3.475570372108539e-5
22 93.43 97  77.97 1.2311228007712487e-5
22 93.43 98  78.64 1.1082881540678342e-21
22 93.43 99  78.64 3.943995553615281e-6
22 93.43 100  78.64 3.9616260708175564e-6
23 93.43 23  0.0 1.5200540436780344e-7
23 93.43 24  0.03 0.0038626332814273227
23 93.43 25  0.03 8.423534259701346e-18
23 93.43 26  0.03 0.003851521156525869
23 93.43 27  21.54 2.2520834125106126e-24
23 93.43 28  22.67 9.314828170038523e-9
23 93.43 29  22.67 7.954799127144305e-8
23 93.43 30  22.67 1.4515944232506866e-9
23 93.43 31  22.88 2.9338226879795653e-8
23 93.43 32  22.88 3.846932641299017e-8
23 93.43 33  22.88 2.416989996197329e-10
23 93.43 34  27.5 0.03566811500169993
23 93.43 35  27.5 0.0013148331998896828
23 93.43 36  29.45 0.009050794334704244
23 93.43 37  29.45 0.009050261813420618
23 93.43 38  29.45 2.5114235801123945e-16
23 93.43 39  31.16 8.856900066182409e-8
23 93.43 40  31.16 2.846418809051216e-7
23 93.43 41  31.16 1.0507673925218516e-9
23 93.43 42  34.55 3.3429349396199924e-20
23 93.43 43  34.55 1.1254914861197484e-20
23 93.43 44  34.83 1.533256992045946e-8
23 93.43 45  34.83 1.972100444412647e-8
23 93.43 46  34.83 1.8846301006719432e-8
23 93.43 47  36.29 7.686069148839206e-12
23 93.43 48  42.88 0.014097689481965742
23 93.43 49  42.88 7.233364855179697e-18
23 93.43 50  42.88 0.014096718661732845
23 93.43 51  44.33 0.05547554651130596
23 93.43 52  44.33 0.034160433798843585
23 93.43 53  47.47 2.283545752478838e-24
23 93.43 54  47.76 5.312881156580093e-8
23 93.43 55  47.76 9.852107489026241e-8
23 93.43 56  47.76 1.3511274624325235e-8
23 93.43 57  48.25 8.422566206825521e-7
23 93.43 58  48.25 3.809784863907754e-9
23 93.43 59  48.25 1.2547924400152128e-8
23 93.43 60  49.82 8.003275618401008e-18
23 93.43 61  49.82 0.00845165835313519
23 93.43 62  49.82 0.008444925819920774
23 93.43 63  50.68 0.01886283258851806
23 93.43 64  50.68 1.5270849195158154e-17
23 93.43 65  50.68 0.01885652313050097
23 93.43 66  50.87 0.013404257154734816
23 93.43 67  51.06 3.363744510962169e-7
23 93.43 68  51.06 2.468388514812483e-7
23 93.43 69  51.06 1.2625562493423774e-7
23 93.43 70  57.11 0.001748606250043294
23 93.43 71  57.11 4.031222710145338e-18
23 93.43 72  57.11 0.001748268994009494
23 93.43 73  58.01 7.375981944612722e-7
23 93.43 74  58.01 2.5985935772509276e-7
23 93.43 75  58.01 1.7453616603885884e-7
23 93.43 76  59.27 0.0013664856281772155
23 93.43 77  59.27 6.687317398841753e-19
23 93.43 78  59.27 0.001367234559382558
23 93.43 79  59.5 3.8047783129292503e-6
23 93.43 80  59.5 3.380063271591722e-10
23 93.43 81  59.5 4.35207577713534e-7
23 93.43 82  59.69 2.4429824120615807e-23
23 93.43 83  60.43 0.005913043554575566
23 93.43 84  60.43 0.008405097006382258
23 93.43 85  62.23 1.924562693754651e-10
23 93.43 86  62.23 1.2344999043200239e-8
23 93.43 87  62.23 1.3313353124413983e-8
23 93.43 88  63.12 1.77914111230832e-21
23 93.43 89  63.12 1.8879533465782038e-21
23 93.43 90  65.6 1.7977445640515342e-9
23 93.43 91  65.6 1.0713877492978219e-10
23 93.43 92  65.6 7.915739913650512e-10
23 93.43 93  77.55 1.4740353169334424e-5
23 93.43 94  77.55 1.4728088243077784e-5
23 93.43 95  77.55 8.189993228209996e-21
23 93.43 96  77.97 3.58339913819336e-5
23 93.43 97  77.97 1.1212155556190054e-5
23 93.43 98  78.64 3.945413721901942e-6
23 93.43 99  78.64 1.290155194271729e-21
23 93.43 100  78.64 3.961399065596047e-6
24 93.47 24  0.0 1.1639870032889308e-5
24 93.47 25  0.0 3.0346632126200267e-6
24 93.47 26  0.0 1.794221724547348e-21
24 93.47 27  21.5 4.931915639051128e-12
24 93.47 28  22.64 1.3135890086196238e-5
24 93.47 29  22.64 1.3076886357512534e-5
24 93.47 30  22.64 4.706299338891708e-22
24 93.47 31  22.85 0.0001512412710273322
24 93.47 32  22.85 0.00015155711305844024
24 93.47 33  22.85 4.350894605151116e-20
24 93.47 34  27.47 1.0797819218581449e-5
24 93.47 35  27.47 2.06124550494798e-5
24 93.47 36  29.42 3.030593430440816e-6
24 93.47 37  29.42 1.8891455589684505e-19
24 93.47 38  29.42 6.968164875002458e-6
24 93.47 39  31.13 0.035830311771174336
24 93.47 40  31.13 0.03583608354977332
24 93.47 41  31.13 3.1400569261199685e-18
24 93.47 42  34.52 0.02770446327876661
24 93.47 43  34.52 0.039938677994268694
24 93.47 44  34.79 0.05398166814494082
24 93.47 45  34.79 6.470382023050401e-16
24 93.47 46  34.79 0.05397640466860447
24 93.47 47  36.26 2.9977182456655034e-12
24 93.47 48  42.85 1.2948140208725811e-5
24 93.47 49  42.85 1.1056386477715804e-5
24 93.47 50  42.85 1.854453358164163e-21
24 93.47 51  44.29 5.955170499023623e-5
24 93.47 52  44.29 8.370358763758115e-6
24 93.47 53  47.44 5.291766460654515e-13
24 93.47 54  47.73 0.0003511936473805265
24 93.47 55  47.73 0.0003498744631860698
24 93.47 56  47.73 2.1611482218241845e-20
24 93.47 57  48.21 0.0004793209902864394
24 93.47 58  48.21 2.4234201984206697e-18
24 93.47 59  48.21 0.0004799761609396252
24 93.47 60  49.79 8.008474782740479e-6
24 93.47 61  49.79 3.539008292984236e-22
24 93.47 62  49.79 7.21515425567365e-6
24 93.47 63  50.64 1.3840899572005278e-5
24 93.47 64  50.64 1.2944811797997778e-5
24 93.47 65  50.64 8.481237959845419e-22
24 93.47 66  50.83 1.163144035816621e-5
24 93.47 67  51.03 0.0006791796677022436
24 93.47 68  51.03 0.0006801516620052763
24 93.47 69  51.03 3.4437269171471628e-18
24 93.47 70  57.07 4.599894629376067e-7
24 93.47 71  57.07 1.1923449186997687e-6
24 93.47 72  57.07 3.1510216696940005e-21
24 93.47 73  57.98 0.0008960859851717861
24 93.47 74  57.98 9.587685062416255e-20
24 93.47 75  57.98 0.0008950698345150714
24 93.47 76  59.24 7.693813110283369e-7
24 93.47 77  59.24 1.1898614281446862e-6
24 93.47 78  59.24 3.9818399832800616e-23
24 93.47 79  59.47 3.022304018872128e-11
24 93.47 80  59.47 1.7022485987224556e-25
24 93.47 81  59.47 9.543074288225608e-10
24 93.47 82  59.65 1.0272781262979281e-11
24 93.47 83  60.39 1.63204324495506e-6
24 93.47 84  60.39 8.791503846151222e-6
24 93.47 85  62.2 0.0011822938993154698
24 93.47 86  62.2 0.0011825413351487714
24 93.47 87  62.2 8.959077307934451e-20
24 93.47 88  63.08 0.005344175943953606
24 93.47 89  63.08 0.00015690067796459315
24 93.47 90  65.57 0.0010690235302722555
24 93.47 91  65.57 0.0010688172540779216
24 93.47 92  65.57 8.261099219216931e-20
24 93.47 93  77.51 2.0709008725538806e-8
24 93.47 94  77.51 1.2393125240402944e-25
24 93.47 95  77.51 1.4208200675801476e-8
24 93.47 96  77.93 1.0615134479651992e-9
24 93.47 97  77.93 1.3598749316363495e-8
24 93.47 98  78.6 8.624772663218049e-26
24 93.47 99  78.6 2.0087115292696568e-9
24 93.47 100  78.6 1.450800425054045e-8
25 93.47 25  0.0 2.983145616753182e-10
25 93.47 26  0.0 8.87680202178469e-6
25 93.47 27  21.5 1.3066045710877398e-13
25 93.47 28  22.64 1.3141014230628267e-5
25 93.47 29  22.64 4.60973851277768e-20
25 93.47 30  22.64 1.3127627416321588e-5
25 93.47 31  22.85 0.00015151332570787661
25 93.47 32  22.85 3.420204576600326e-19
25 93.47 33  22.85 0.00015157327165436852
25 93.47 34  27.47 6.656542347493406e-21
25 93.47 35  27.47 4.8078862112199575e-20
25 93.47 36  29.42 5.491981079627887e-7
25 93.47 37  29.42 1.7620823573243754e-10
25 93.47 38  29.42 1.0242576436406022e-9
25 93.47 39  31.13 2.5853378270950372e-17
25 93.47 40  31.13 0.03586243808148475
25 93.47 41  31.13 0.03586000074458737
25 93.47 42  34.52 0.008078339091346004
25 93.47 43  34.52 0.05961734278365174
25 93.47 44  34.79 0.054018223972650915
25 93.47 45  34.79 0.05402030503494081
25 93.47 46  34.79 1.038370957542068e-16
25 93.47 47  36.26 2.585128782237151e-24
25 93.47 48  42.85 1.1949004621903137e-8
25 93.47 49  42.85 1.2842428568120708e-8
25 93.47 50  42.85 2.1836016371103183e-8
25 93.47 51  44.29 6.87935054596043e-21
25 93.47 52  44.29 1.1807591714443431e-19
25 93.47 53  47.44 2.8383828733654874e-12
25 93.47 54  47.73 0.000349982570293531
25 93.47 55  47.73 1.6885043833673746e-14
25 93.47 56  47.73 0.0003505958672312008
25 93.47 57  48.21 2.7386705399898426e-19
25 93.47 58  48.21 0.00048106647793618427
25 93.47 59  48.21 0.00048144998477626526
25 93.47 60  49.79 9.322716406349039e-9
25 93.47 61  49.79 3.762746013856855e-9
25 93.47 62  49.79 3.1721778328507028e-9
25 93.47 63  50.64 5.422330361252923e-9
25 93.47 64  50.64 3.6902415738169254e-13
25 93.47 65  50.64 6.875133061122274e-10
25 93.47 66  50.83 1.7934965704754674e-20
25 93.47 67  51.03 3.102092753894365e-19
25 93.47 68  51.03 0.0006806157516469085
25 93.47 69  51.03 0.000680592377166824
25 93.47 70  57.07 2.2596396547755601e-7
25 93.47 71  57.07 1.4626892857267198e-10
25 93.47 72  57.07 4.431077974263938e-8
25 93.47 73  57.98 5.468681742326805e-19
25 93.47 74  57.98 0.0008949681282027515
25 93.47 75  57.98 0.0008950403564667931
25 93.47 76  59.24 1.271692429555999e-9
25 93.47 77  59.24 3.676085220174025e-12
25 93.47 78  59.24 1.1508150801114398e-9
25 93.47 79  59.47 9.892296827499668e-25
25 93.47 80  59.47 2.0945349132780485e-9
25 93.47 81  59.47 1.7941037747263771e-9
25 93.47 82  59.65 8.26405367002605e-12
25 93.47 83  60.39 1.86896888148982e-20
25 93.47 84  60.39 1.4834256831053567e-21
25 93.47 85  62.2 0.0011831435582875017
25 93.47 86  62.2 1.6937099701585564e-18
25 93.47 87  62.2 0.0011833583313322362
25 93.47 88  63.08 0.0022486607984536387
25 93.47 89  63.08 0.0032570445043468743
25 93.47 90  65.57 0.0010700982138545784
25 93.47 91  65.57 5.078703924452862e-19
25 93.47 92  65.57 0.0010698539138868097
25 93.47 93  77.51 1.8307275630177423e-11
25 93.47 94  77.51 9.278825143884523e-10
25 93.47 95  77.51 2.344356444936428e-9
25 93.47 96  77.93 4.7442814658885445e-24
25 93.47 97  77.93 6.219598334705104e-23
25 93.47 98  78.6 2.4106101254993028e-11
25 93.47 99  78.6 1.9031103890265887e-9
25 93.47 100  78.6 1.661744568585551e-8
26 93.47 26  0.0 3.5684354352399805e-5
26 93.47 27  21.5 4.768015131444865e-12
26 93.47 28  22.64 4.318938429838595e-20
26 93.47 29  22.64 1.3199732501690799e-5
26 93.47 30  22.64 1.3114947523661291e-5
26 93.47 31  22.85 2.4891350542370336e-19
26 93.47 32  22.85 0.0001513649991694501
26 93.47 33  22.85 0.00015128249369230297
26 93.47 34  27.47 1.0378851339200255e-5
26 93.47 35  27.47 8.280348312001073e-5
26 93.47 36  29.42 2.377601425966556e-21
26 93.47 37  29.42 2.086625028180578e-5
26 93.47 38  29.42 2.088837018747655e-5
26 93.47 39  31.13 0.03578244806780931
26 93.47 40  31.13 1.1455498814559268e-17
26 93.47 41  31.13 0.03577976276431359
26 93.47 42  34.52 0.06557957269682767
26 93.47 43  34.52 0.0019535975911863794
26 93.47 44  34.79 7.27384485057175e-16
26 93.47 45  34.79 0.05388985795701424
26 93.47 46  34.79 0.053880806068085645
26 93.47 47  36.26 3.433716139117713e-9
26 93.47 48  42.85 5.53446525318164e-21
26 93.47 49  42.85 3.423607158399752e-5
26 93.47 50  42.85 3.4427709197677405e-5
26 93.47 51  44.29 4.5167901246563005e-6
26 93.47 52  44.29 0.00020815753271757277
26 93.47 53  47.44 2.543257197208534e-12
26 93.47 54  47.73 1.9194897986244812e-14
26 93.47 55  47.73 0.0003492623117475307
26 93.47 56  47.73 0.00034977302577009065
26 93.47 57  48.21 0.0004801179582331452
26 93.47 58  48.21 0.00048033711978136197
26 93.47 59  48.21 2.6822468884938836e-18
26 93.47 60  49.79 1.9929430058818078e-5
26 93.47 61  49.79 1.9274025966471685e-5
26 93.47 62  49.79 6.029801063500572e-22
26 93.47 63  50.64 1.1173595172075426e-22
26 93.47 64  50.64 4.528921932848417e-5
26 93.47 65  50.64 4.591073971971489e-5
26 93.47 66  50.83 3.028446309707149e-5
26 93.47 67  51.03 0.0006809303050274534
26 93.47 68  51.03 3.503168097070426e-18
26 93.47 69  51.03 0.0006777490681315229
26 93.47 70  57.07 1.0829905922832757e-22
26 93.47 71  57.07 4.032049249375991e-6
26 93.47 72  57.07 3.2881665230103706e-6
26 93.47 73  57.98 0.0008934199651076193
26 93.47 74  57.98 0.0008939552539907056
26 93.47 75  57.98 3.5694008454564446e-19
26 93.47 76  59.24 1.125162136193349e-22
26 93.47 77  59.24 3.234009178486702e-6
26 93.47 78  59.24 3.3331257897961463e-6
26 93.47 79  59.47 3.5453580471958295e-10
26 93.47 80  59.47 1.7852038400908825e-9
26 93.47 81  59.47 6.917628279322844e-25
26 93.47 82  59.65 3.789563581834072e-10
26 93.47 83  60.39 3.290803289448487e-5
26 93.47 84  60.39 1.4969725215820588e-6
26 93.47 85  62.2 1.4740164220795602e-18
26 93.47 86  62.2 0.0011804689433836972
26 93.47 87  62.2 0.0011805480577521438
26 93.47 88  63.08 0.0006591880911684401
26 93.47 89  63.08 0.004833025161182332
26 93.47 90  65.57 2.8213396337956024e-19
26 93.47 91  65.57 0.0010670941893742348
26 93.47 92  65.57 0.001066896564183386
26 93.47 93  77.51 8.28766219071419e-25
26 93.47 94  77.51 2.8009547765883202e-8
26 93.47 95  77.51 6.246177384317623e-8
26 93.47 96  77.93 8.591798530691386e-9
26 93.47 97  77.93 1.0893110275861448e-7
26 93.47 98  78.6 4.611116015052036e-9
26 93.47 99  78.6 6.6515406359261395e-9
26 93.47 100  78.6 6.510344802006445e-24
