translational analysis ortho
#nmax= 3 NR= 11 Ntheta= 11 Nphi= 11
#jmax= 3 Nalpha= 11 Nphi= 11 Nchi= 11
23.56305222348749
1 65.120461299245 0.927871636209233
2 108.53410216540831 0.027081682997580042
4 108.53410216540833 0.02708132502227604
10 151.94774303157166 0.010063271032041632

23.563063189508323
1 65.120461299245 0.9278709174069174
2 108.53410216540831 0.027082007390526932
3 108.53410216540831 0.027081926063537015
10 151.94774303157166 0.010063165079030167

23.56317982765706
1 65.120461299245 0.9278712595624683
3 108.53410216540831 0.027081918174128843
4 108.53410216540833 0.027081524984249056
10 151.94774303157166 0.01006306840005895

39.69621468287274
1 65.120461299245 0.8405995952034953
3 108.53410216540831 0.07111199954082076
4 108.53410216540833 0.07111044609658645

39.69623425881662
1 65.120461299245 0.8405986569264368
2 108.53410216540831 0.07111206942170899
3 108.53410216540831 0.07111162811494634

39.69625352753715
1 65.120461299245 0.8405989164197777
2 108.53410216540831 0.07111249610339046
4 108.53410216540833 0.07111064162199038

66.56124973589667
1 65.120461299245 0.3992980199340784
3 108.53410216540831 0.275853798521895
4 108.53410216540833 0.2758534644062165
9 151.94774303157166 0.014680993536516217

66.56132695942749
1 65.120461299245 0.39929620415614264
2 108.53410216540831 0.2758553310426083
4 108.53410216540833 0.2758536260065274
9 151.94774303157166 0.014681028352324117

66.56158874374337
1 65.120461299245 0.3992999344235486
2 108.53410216540831 0.2758494646180656
3 108.53410216540831 0.27585683334794275
8 151.94774303157163 0.018910207701568267

69.40731889604419
1 65.120461299245 0.3966501751083003
2 108.53410216540831 0.29326986442329317
3 108.53410216540831 0.2591604203025528
5 151.94774303157163 0.018852817548557554

69.40772226350765
1 65.120461299245 0.396649876307353
2 108.53410216540831 0.07775428104997248
3 108.53410216540831 0.11186673818226492
4 108.53410216540833 0.36691639992581515
6 151.94774303157163 0.013905939204718928
7 151.94774303157163 0.015471603984923166

81.05161061157565
2 108.53410216540831 0.3112917885500159
3 108.53410216540831 0.31129533830614886
4 108.53410216540833 0.311293291868663

82.12485011324887
1 65.120461299245 0.12459857956065751
3 108.53410216540831 0.3832710404491431
4 108.53410216540833 0.3832806299495165
5 151.94774303157163 0.01220820046252312
6 151.94774303157163 0.012208160686245665
8 151.94774303157163 0.01177780384322703
9 151.94774303157166 0.01138236714674651
10 151.94774303157166 0.04160130297527768

82.12492010484208
1 65.120461299245 0.12459925382685957
2 108.53410216540831 0.3832704651507763
4 108.53410216540833 0.3832804556150708
5 151.94774303157163 0.012208167451432113
7 151.94774303157163 0.012208167962066755
8 151.94774303157163 0.0117778065372742
9 151.94774303157166 0.011382366640780588
10 151.94774303157166 0.04160142923982785

82.12502963398431
1 65.120461299245 0.12460013011131434
2 108.53410216540831 0.3832827453082075
3 108.53410216540831 0.38326757151889573
6 151.94774303157163 0.01220821438884878
7 151.94774303157163 0.012207847627716659
8 151.94774303157163 0.011184069894292036
9 151.94774303157166 0.011975927176152026
10 151.94774303157166 0.04160138232469907

89.26037289168958
1 65.120461299245 0.05992136659223356
2 108.53410216540831 0.37116070003885937
3 108.53410216540831 0.3990328977224283
5 151.94774303157163 0.09217759950287925
6 151.94774303157163 0.02147556902080819
7 151.94774303157163 0.026528759230790355

89.2607492608519
1 65.120461299245 0.05991785159733784
2 108.53410216540831 0.1483542296696962
3 108.53410216540831 0.12048189576412037
4 108.53410216540833 0.5104358692571187
6 151.94774303157163 0.07197782039112878
7 151.94774303157163 0.06692478314318838

89.8440373026198
1 65.120461299245 0.05685064425460695
3 108.53410216540831 0.3873888176426748
4 108.53410216540833 0.3873911377269418
5 151.94774303157163 0.020872675075061964
6 151.94774303157163 0.020871416087608965
8 151.94774303157163 0.02611554844036814
9 151.94774303157166 0.07526951795771945

89.84407177548383
1 65.120461299245 0.05687730035617716
2 108.53410216540831 0.38737031888275986
4 108.53410216540833 0.38737758220172896
5 151.94774303157163 0.02087253644393682
7 151.94774303157163 0.02087095249445043
8 151.94774303157163 0.02611310022685458
9 151.94774303157166 0.07526550276136126

89.84435982342205
1 65.120461299245 0.05684661023017329
2 108.53410216540831 0.38738964082601246
3 108.53410216540831 0.3873948176231726
6 151.94774303157163 0.020871875705057018
7 151.94774303157163 0.020872132165639396
8 151.94774303157163 0.09984464492737453

90.55621760563758
1 65.120461299245 0.5649451236523664
2 108.53410216540831 0.011480321131165733
3 108.53410216540831 0.21322805854061583
4 108.53410216540833 0.14352640568577898
7 151.94774303157163 0.019368434640999486
10 151.94774303157166 0.021774179166032595

90.55625531076942
1 65.120461299245 0.5649478837611649
2 108.53410216540831 0.23401585500748529
3 108.53410216540831 0.032237147341161065
4 108.53410216540833 0.1019798023863212
5 151.94774303157163 0.012912470747345821
6 151.94774303157163 0.017886493348165586
10 151.94774303157166 0.021774421619957574

92.40296835406313
1 65.120461299245 0.5597498917386979
3 108.53410216540831 0.18138284753464207
4 108.53410216540833 0.18137542760016684
9 151.94774303157166 0.014940710776612277
10 151.94774303157166 0.027376672343426275

92.40310488619367
1 65.120461299245 0.5597518707705903
2 108.53410216540831 0.18138144483197954
4 108.53410216540833 0.1813748166228929
9 151.94774303157166 0.014940804074588563
10 151.94774303157166 0.027376536939780396

92.40312902048083
1 65.120461299245 0.5597461238455479
2 108.53410216540831 0.181375924064229
3 108.53410216540831 0.18138373147651554
8 151.94774303157163 0.018835131349011876
10 151.94774303157166 0.02737590934109103

95.8688497803745
1 65.120461299245 0.02915785709315462
3 108.53410216540831 0.3840247471433615
4 108.53410216540833 0.38402144810435224
5 151.94774303157163 0.024675592847790077
6 151.94774303157163 0.02467389841093556
8 151.94774303157163 0.03007298370642129
9 151.94774303157166 0.013792126401870008
10 151.94774303157166 0.09209956386491308

95.86892426544355
1 65.120461299245 0.02915731955248692
2 108.53410216540831 0.3840329329572555
4 108.53410216540833 0.3840148538311861
5 151.94774303157163 0.024676343348614686
7 151.94774303157163 0.024673089018225652
8 151.94774303157163 0.030072669271288578
9 151.94774303157166 0.013791844864417847
10 151.94774303157166 0.09209929021132952

95.86896808522141
1 65.120461299245 0.02915827503645557
2 108.53410216540831 0.38402469093700753
3 108.53410216540831 0.3840203357371169
6 151.94774303157163 0.02467408002994428
7 151.94774303157163 0.024673769454327723
9 151.94774303157166 0.03821518963454789
10 151.94774303157166 0.0921005612626505

98.11302067160035
2 108.53410216540831 0.31714189637970697
3 108.53410216540831 0.3171406945036671
4 108.53410216540833 0.31714537031467244

116.42576912184582
1 65.120461299245 0.10063102399927953
2 108.53410216540831 0.18712958369873528
3 108.53410216540831 0.18713046374375092
4 108.53410216540833 0.12466039922406374
6 151.94774303157163 0.11445016826188772
7 151.94774303157163 0.1144495890770437
8 151.94774303157163 0.1345356984710554

116.42589606919161
1 65.120461299245 0.1006311046577831
2 108.53410216540831 0.18714853132051704
3 108.53410216540831 0.12466067493084976
4 108.53410216540833 0.1871126914340533
5 151.94774303157163 0.11446135435783178
7 151.94774303157163 0.11443975129452968
8 151.94774303157163 0.03498599662110626
9 151.94774303157166 0.1013376350799012

116.42595938908454
1 65.120461299245 0.10062919069300412
2 108.53410216540831 0.12465696694256684
3 108.53410216540831 0.18714632104541593
4 108.53410216540833 0.18711797431053237
5 151.94774303157163 0.11445660692231088
6 151.94774303157163 0.11444345302599912
8 151.94774303157163 0.03498405851400205
9 151.94774303157166 0.1013431102857733

116.46250579206719
1 65.120461299245 0.12878678872436367
2 108.53410216540831 0.17514508682749275
3 108.53410216540831 0.17514483082205415
4 108.53410216540833 0.17513567830753615
5 151.94774303157163 0.10504821874523894
6 151.94774303157163 0.1050496273116069
7 151.94774303157163 0.10505123861707405

118.23214966743116
1 65.120461299245 0.11975929385293863
2 108.53410216540831 0.14320717514994102
3 108.53410216540831 0.14321127725779062
4 108.53410216540833 0.23165157350317403
6 151.94774303157163 0.0737947276760131
7 151.94774303157163 0.07379487598817401
9 151.94774303157166 0.17334800403084158
13 195.36138389773492 0.011042289738219494
14 195.36138389773492 0.011042254721238104

118.23235058367962
1 65.120461299245 0.11975467042720774
2 108.53410216540831 0.1431746995302685
3 108.53410216540831 0.23166056526394468
4 108.53410216540833 0.1432322035263804
5 151.94774303157163 0.07378061038875544
7 151.94774303157163 0.07380871655234031
8 151.94774303157163 0.13057403686651103
9 151.94774303157166 0.04505953891729831
11 195.36138389773492 0.010465970017984386

118.2324507821042
1 65.120461299245 0.11975245270554202
2 108.53410216540831 0.23165570682350137
3 108.53410216540831 0.14318679261143874
4 108.53410216540833 0.14322384569957186
5 151.94774303157163 0.07378530314565832
6 151.94774303157163 0.07380539640075032
8 151.94774303157163 0.13058046150567643
9 151.94774303157166 0.045054126105587865
16 195.36138389773492 0.010466565873011778

128.25358843311312
1 65.120461299245 0.016274614977522462
2 108.53410216540831 0.3353490174623037
3 108.53410216540831 0.14163973625392304
4 108.53410216540833 0.14151655158540352
5 151.94774303157163 0.011237312724202553
6 151.94774303157163 0.011239883798042605
8 151.94774303157163 0.01530555444262261
10 151.94774303157166 0.29089276537196923
18 195.36138389773492 0.011910372151212708
20 195.36138389773498 0.011903974097140228

128.25362167496863
1 65.120461299245 0.01627336647552912
2 108.53410216540831 0.14160518775106543
3 108.53410216540831 0.3353443207893661
4 108.53410216540833 0.1415569674120509
5 151.94774303157163 0.011239927355961162
7 151.94774303157163 0.011237855233205155
8 151.94774303157163 0.0153072650910774
10 151.94774303157166 0.29089235652636963
17 195.36138389773492 0.011907635465828872
20 195.36138389773498 0.011906294429381846

128.25369660039888
1 65.120461299245 0.016274398806379268
2 108.53410216540831 0.14159472940479284
3 108.53410216540831 0.1415535572082523
4 108.53410216540833 0.3353612120229363
6 151.94774303157163 0.011237686019790681
7 151.94774303157163 0.01123808825637576
9 151.94774303157166 0.019562899159507267
10 151.94774303157166 0.2908905933908
17 195.36138389773492 0.01190835598415687
18 195.36138389773492 0.011906189995446763

129.00361167353978
1 65.120461299245 0.09964401109608681
2 108.53410216540831 0.24094913870345225
3 108.53410216540831 0.09418381737637645
4 108.53410216540833 0.44081249333910183
5 151.94774303157163 0.044364346763471174
6 151.94774303157163 0.011492592933931858
7 151.94774303157163 0.025415410254858512

129.00363219701063
1 65.120461299245 0.09964133292542736
2 108.53410216540831 0.2763435844855619
3 108.53410216540831 0.42310882497818997
4 108.53410216540833 0.07649184878717082
6 151.94774303157163 0.042691394624385016
7 151.94774303157163 0.028770625464606014

129.1841694194651
1 65.120461299245 0.15960932051876617
2 108.53410216540831 0.5159223352019011
3 108.53410216540831 0.11770191943496297
4 108.53410216540833 0.11781289399756138
5 151.94774303157163 0.012901832222058787
6 151.94774303157163 0.012899464258372326
8 151.94774303157163 0.011600753171240836
9 151.94774303157166 0.02191653993041306
17 195.36138389773492 0.011644152277607083

129.18428622262525
1 65.120461299245 0.1596048512068024
2 108.53410216540831 0.11774891555462434
3 108.53410216540831 0.5159204531047641
4 108.53410216540833 0.11777138609889115
5 151.94774303157163 0.012899922336782537
7 151.94774303157163 0.01290173655277962
8 151.94774303157163 0.011599118189930787
9 151.94774303157166 0.02191853349544471
18 195.36138389773492 0.011644041188579146

129.1843811001925
1 65.120461299245 0.1595901256819692
2 108.53410216540831 0.11774271376472899
3 108.53410216540831 0.11777933270386703
4 108.53410216540833 0.5159238237571706
6 151.94774303157163 0.01290267907239182
7 151.94774303157163 0.012901605018966802
8 151.94774303157163 0.027088311203989787
20 195.36138389773498 0.011644089717481125

135.9340999717963
1 65.120461299245 0.4675385735248771
5 151.94774303157163 0.02453209730149631
6 151.94774303157163 0.024530916436718477
8 151.94774303157163 0.09576779586696932
9 151.94774303157166 0.2870783108667315
10 151.94774303157166 0.010800530406705894
14 195.36138389773492 0.016056657879272813
18 195.36138389773492 0.012128550300400871
19 195.36138389773498 0.014140834070636345
20 195.36138389773498 0.012128181887324483

135.9341035402987
1 65.120461299245 0.467529623990636
5 151.94774303157163 0.02453343738226046
7 151.94774303157163 0.024534987003755126
8 151.94774303157163 0.09577821588800152
9 151.94774303157166 0.28707028037551385
10 151.94774303157166 0.010800267683322795
13 195.36138389773492 0.016056559825243413
17 195.36138389773492 0.012128375991765758
19 195.36138389773498 0.014140287210673754
20 195.36138389773498 0.012128532715087341

135.9341394032083
1 65.120461299245 0.46753724234048394
6 151.94774303157163 0.024533775555715242
7 151.94774303157163 0.024533237238887243
8 151.94774303157163 0.38272433552494534
10 151.94774303157166 0.01079887333276098
11 195.36138389773492 0.018262766604423213
16 195.36138389773492 0.018262663794038184
17 195.36138389773492 0.012128146986731545
18 195.36138389773492 0.012128258156447518

136.89231903919895
1 65.120461299245 0.5115243122418918
5 151.94774303157163 0.26514203878567066
6 151.94774303157163 0.09061565700973435
7 151.94774303157163 0.0458276979941455
10 151.94774303157166 0.012410417171801438
11 195.36138389773492 0.011774890851935773
16 195.36138389773492 0.011839330105476182
17 195.36138389773492 0.01192954887992483

136.89264984294798
1 65.120461299245 0.5115286038554708
6 151.94774303157163 0.1771010831388713
7 151.94774303157163 0.22188235271402665
10 151.94774303157166 0.012409377679983638
14 195.36138389773492 0.010316605533226306
19 195.36138389773498 0.010500418315327923
20 195.36138389773498 0.01398408688137274

139.1814210838105
1 65.120461299245 0.7171912457638664
5 151.94774303157163 0.07359899663349406
6 151.94774303157163 0.07361895526680057
7 151.94774303157163 0.0736259229560369
10 151.94774303157166 0.01709912122257486

140.0208214491842
1 65.120461299245 0.6584536521845002
3 108.53410216540831 0.010490044733531717
4 108.53410216540833 0.010492174331650022
5 151.94774303157163 0.13000958842273405
6 151.94774303157163 0.12991474387997293
10 151.94774303157166 0.013432353575865318
12 195.36138389773492 0.01233594185060932

140.02099345477654
1 65.120461299245 0.6584624767883855
2 108.53410216540831 0.010492350104457447
4 108.53410216540833 0.010488232381561892
5 151.94774303157163 0.1299617319312498
7 151.94774303157163 0.12995823482115781
10 151.94774303157166 0.013432220045057635
12 195.36138389773492 0.012335765158121391

140.02102346799887
1 65.120461299245 0.658459419556456
2 108.53410216540831 0.01049042205353183
3 108.53410216540831 0.010489652534577036
6 151.94774303157163 0.12996056110281248
7 151.94774303157163 0.12996510355204152
10 151.94774303157166 0.013432273318275387
12 195.36138389773492 0.012336265118031741

140.61290305256554
1 65.120461299245 0.604405002564191
3 108.53410216540831 0.010800966671411645
4 108.53410216540833 0.010794088138761556
5 151.94774303157163 0.017328244537595915
6 151.94774303157163 0.01740041893707718
8 151.94774303157163 0.21107889840002453
9 151.94774303157166 0.07049939206716543
10 151.94774303157166 0.014213243746027403
15 195.36138389773492 0.010667854635618375
16 195.36138389773492 0.015090652087406953

140.61295608928532
1 65.120461299245 0.6043983404282887
2 108.53410216540831 0.010797683270136646
4 108.53410216540833 0.010797338576323362
5 151.94774303157163 0.01737621866420018
7 151.94774303157163 0.01735449222502347
8 151.94774303157163 0.21108220555594445
9 151.94774303157166 0.07050130915604634
10 151.94774303157166 0.014212627913392398
11 195.36138389773492 0.015097281501267278
15 195.36138389773492 0.01066365987037895

140.6133406632131
1 65.120461299245 0.6043864887949142
2 108.53410216540831 0.01079757317247217
3 108.53410216540831 0.010797598919011218
6 151.94774303157163 0.017368338122308785
7 151.94774303157163 0.017365982444590176
9 151.94774303157166 0.2813874696575053
10 151.94774303157166 0.014212411369589324
13 195.36138389773492 0.016330975138841835
14 195.36138389773492 0.016330309812884487

143.55403927752891
2 108.53410216540831 0.08257207962940982
3 108.53410216540831 0.024843929281528225
4 108.53410216540833 0.024841032778615917
5 151.94774303157163 0.12283003812873002
6 151.94774303157163 0.1227933866350495
8 151.94774303157163 0.3410477679231981
9 151.94774303157166 0.11841711298551556
15 195.36138389773492 0.04166701837435077
16 195.36138389773492 0.06979779387725904
19 195.36138389773498 0.031042100900025425

143.55418387563518
2 108.53410216540831 0.024835913664929016
3 108.53410216540831 0.08257205863357192
4 108.53410216540833 0.024847492040252446
5 151.94774303157163 0.12279558270952524
7 151.94774303157163 0.12282861527984919
8 151.94774303157163 0.3410124897879058
9 151.94774303157166 0.1184533572373091
11 195.36138389773492 0.06978562946473237
15 195.36138389773492 0.0416700065138321
19 195.36138389773498 0.031051636056998795

143.55445147281586
2 108.53410216540831 0.024840164819120616
3 108.53410216540831 0.02484579778076263
4 108.53410216540833 0.08256932852513932
6 151.94774303157163 0.12280161991154676
7 151.94774303157163 0.12282399973440024
9 151.94774303157166 0.45235805823252906
13 195.36138389773492 0.07244431552204161
14 195.36138389773492 0.07245206900634285

145.37593686386276
2 108.53410216540831 0.036295832564112555
3 108.53410216540831 0.04316229627150831
4 108.53410216540833 0.043172588374514514
5 151.94774303157163 0.19201519626045604
6 151.94774303157163 0.1920440672141696
7 151.94774303157163 0.01236534591561303
8 151.94774303157163 0.09028395794920403
9 151.94774303157166 0.23050450703691974
12 195.36138389773492 0.039228540486200336
14 195.36138389773492 0.012476958449821952
16 195.36138389773492 0.04311506265622824
19 195.36138389773498 0.052306559443330194

145.37609378456943
2 108.53410216540831 0.04316897486398832
3 108.53410216540831 0.036295226016477354
4 108.53410216540833 0.04316486632421881
5 151.94774303157163 0.19205518403693836
6 151.94774303157163 0.012361912596330222
7 151.94774303157163 0.19200865488580146
8 151.94774303157163 0.09032773637222613
9 151.94774303157166 0.23046183344582574
11 195.36138389773492 0.04312992881753063
12 195.36138389773492 0.03922931085255031
13 195.36138389773492 0.01247557759872529
19 195.36138389773498 0.05229735229038573

145.37610552596487
2 108.53410216540831 0.043164550002281074
3 108.53410216540831 0.043165882239795526
4 108.53410216540833 0.03629595851831852
5 151.94774303157163 0.012380851521161458
6 151.94774303157163 0.19204690740276667
7 151.94774303157163 0.1920032325561812
8 151.94774303157163 0.3005686678038429
9 151.94774303157166 0.02020822289608804
11 195.36138389773492 0.02473037481247046
12 195.36138389773492 0.0392261215922455
13 195.36138389773492 0.030868555871748363
14 195.36138389773492 0.030863056182101074
16 195.36138389773492 0.024730413988747653

146.05296434434672
1 65.120461299245 0.040539775475774954
2 108.53410216540831 0.05244729124952607
4 108.53410216540833 0.05244125314189628
5 151.94774303157163 0.2335261364595491
7 151.94774303157163 0.23352427622691763
8 151.94774303157163 0.17560701911231508
9 151.94774303157166 0.05894385823978419
10 151.94774303157166 0.032436702687699555
11 195.36138389773492 0.011676390611560332
17 195.36138389773492 0.03524908596040002
20 195.36138389773498 0.03524804249234215

146.053067000361
1 65.120461299245 0.040552171784865504
2 108.53410216540831 0.05244719778259199
3 108.53410216540831 0.052448481338807855
6 151.94774303157163 0.2335243635996348
7 151.94774303157163 0.23352651622057283
9 151.94774303157166 0.23403290435062754
10 151.94774303157166 0.03244315244649867
13 195.36138389773492 0.01261051443450978
14 195.36138389773492 0.012610798186287566
17 195.36138389773492 0.03526145497983505
18 195.36138389773492 0.03526203756398984

146.05320995496473
1 65.120461299245 0.04055038721512943
3 108.53410216540831 0.05244770320823095
4 108.53410216540833 0.05244949751523512
5 151.94774303157163 0.23349367792988152
6 151.94774303157163 0.2335323788756234
8 151.94774303157163 0.17569125808155758
9 151.94774303157166 0.05896934872064364
10 151.94774303157166 0.032442378809187704
16 195.36138389773492 0.011665203500651342
18 195.36138389773492 0.03525861687894495
20 195.36138389773498 0.035260270255015

146.33458258454417
2 108.53410216540831 0.043107675176330594
3 108.53410216540831 0.04308695349434588
4 108.53410216540833 0.043107844931113734
5 151.94774303157163 0.2321715029758811
6 151.94774303157163 0.23206763453213802
7 151.94774303157163 0.2321584909978431
8 151.94774303157163 0.012771765843372064
9 151.94774303157166 0.012720303614620941
11 195.36138389773492 0.018703626907931013
13 195.36138389773492 0.030066483617257857
14 195.36138389773492 0.030068284585259043
15 195.36138389773492 0.04711136088228883
16 195.36138389773492 0.018706122055982786

152.10795777166706
2 108.53410216540831 0.02358242811223223
3 108.53410216540831 0.04446888324049881
4 108.53410216540833 0.023588743562613736
5 151.94774303157163 0.14772903970814455
7 151.94774303157163 0.147751020642499
8 151.94774303157163 0.09138965111046615
9 151.94774303157166 0.27278289357564917
10 151.94774303157166 0.021010515588058845
12 195.36138389773492 0.03646302586495075
13 195.36138389773492 0.0332670293385731
15 195.36138389773492 0.02234971434603861
17 195.36138389773492 0.05583997090779829
19 195.36138389773498 0.013254554891054827
20 195.36138389773498 0.05586348463916673

152.10796799093885
2 108.53410216540831 0.044469185035850387
3 108.53410216540831 0.023584073262376017
4 108.53410216540833 0.02358668314407894
5 151.94774303157163 0.14773155304057903
6 151.94774303157163 0.14775022491312598
8 151.94774303157163 0.09139390984820754
9 151.94774303157166 0.2727766622112529
10 151.94774303157166 0.0210107249324551
12 195.36138389773492 0.03646338949184656
14 195.36138389773492 0.03326669662891159
15 195.36138389773492 0.022349899249934642
18 195.36138389773492 0.05584549050309904
19 195.36138389773498 0.013254205807267112
20 195.36138389773498 0.055858295756131715

152.10801338079187
2 108.53410216540831 0.02357870551338985
3 108.53410216540831 0.023591609336877102
4 108.53410216540833 0.04447034193166262
6 151.94774303157163 0.1477311720265477
7 151.94774303157163 0.14774568559254989
8 151.94774303157163 0.36349852655393267
10 151.94774303157166 0.021007297959649857
11 195.36138389773492 0.030995670629829376
12 195.36138389773492 0.03646265018379307
16 195.36138389773492 0.030998709524033972
17 195.36138389773492 0.05582965643706127
18 195.36138389773492 0.05586839402228291

153.22019284338006
2 108.53410216540831 0.04201990235012846
3 108.53410216540831 0.03984822317175677
4 108.53410216540833 0.04200667463634763
8 151.94774303157163 0.012438586565834712
9 151.94774303157166 0.02167356141824863
10 151.94774303157166 0.6092121082738049
17 195.36138389773492 0.10193805469257515
20 195.36138389773498 0.10191288341630518

153.22025377248977
2 108.53410216540831 0.039848359347065286
3 108.53410216540831 0.04201742095605237
4 108.53410216540833 0.04200835295755219
8 151.94774303157163 0.012436139365238203
9 151.94774303157166 0.021675034363448
10 151.94774303157166 0.6092144388012516
18 195.36138389773492 0.10193234596007858
20 195.36138389773498 0.10191819738905619

153.22031937896057
2 108.53410216540831 0.04202919135652689
3 108.53410216540831 0.042003733096320994
4 108.53410216540833 0.039851052826605504
8 151.94774303157163 0.026293747623532124
10 151.94774303157166 0.609180223333809
17 195.36138389773492 0.10193998750383969
18 195.36138389773492 0.10190443937736472

153.68383363938574
1 65.120461299245 0.3482413912365161
2 108.53410216540831 0.08004214051579354
3 108.53410216540831 0.1765304245403277
4 108.53410216540833 0.08004204355141076
5 151.94774303157163 0.04456005914105122
7 151.94774303157163 0.04451807721651073
8 151.94774303157163 0.03446118378901531
9 151.94774303157166 0.09917531408832382
10 151.94774303157166 0.016606478359728387
17 195.36138389773492 0.016311966502753246
20 195.36138389773498 0.016302628611652943

153.6840596408235
1 65.120461299245 0.34829509321994934
2 108.53410216540831 0.17655741726298185
3 108.53410216540831 0.08004956973719814
4 108.53410216540833 0.08005074032624265
5 151.94774303157163 0.044498933185831015
6 151.94774303157163 0.04449268785088194
8 151.94774303157163 0.03446754923666623
9 151.94774303157166 0.09919239846236048
10 151.94774303157166 0.01662554835930394
18 195.36138389773492 0.016306372206671884
20 195.36138389773498 0.016305078499003946

153.6842599540395
1 65.120461299245 0.34831434742287126
2 108.53410216540831 0.08004380100030169
3 108.53410216540831 0.0800475263197171
4 108.53410216540833 0.17656545074956598
6 151.94774303157163 0.04450489491790326
7 151.94774303157163 0.044496612360481344
8 151.94774303157163 0.13155525910042315
10 151.94774303157166 0.016607568166062424
17 195.36138389773492 0.016305247204621287
18 195.36138389773492 0.016304873698769

154.2942584583951
2 108.53410216540831 0.02456788695841296
3 108.53410216540831 0.026500885989806534
4 108.53410216540833 0.034506829221956664
5 151.94774303157163 0.4460704226049936
6 151.94774303157163 0.15010923851040925
7 151.94774303157163 0.07979299556539304
10 151.94774303157166 0.011745883317644989
11 195.36138389773492 0.039815906283302296
15 195.36138389773492 0.023023545233987495
16 195.36138389773492 0.03945007604324318
17 195.36138389773492 0.05631055431087386
18 195.36138389773492 0.04564331055371161

154.29447207781774
2 108.53410216540831 0.03245708836875037
3 108.53410216540831 0.030569338254366175
4 108.53410216540833 0.022514895133937455
6 151.94774303157163 0.3005954708043052
7 151.94774303157163 0.37090977893187366
10 151.94774303157166 0.011748230868010839
13 195.36138389773492 0.028554229589456602
14 195.36138389773492 0.0324829835122742
17 195.36138389773492 0.012154443513397737
18 195.36138389773492 0.022821837168897678
19 195.36138389773498 0.04602641635882131
20 195.36138389773498 0.06772954859379195

154.8080247078441
1 65.120461299245 0.15455616812409087
2 108.53410216540831 0.01085995171937988
3 108.53410216540831 0.3640779658913711
4 108.53410216540833 0.010865892738101075
5 151.94774303157163 0.026391451386227473
7 151.94774303157163 0.026404691734954324
8 151.94774303157163 0.1161025322231101
9 151.94774303157166 0.038982084404201686
10 151.94774303157166 0.15907876521098155
11 195.36138389773492 0.013486042634187208
17 195.36138389773492 0.010047844402314625
18 195.36138389773492 0.04070621840361455
20 195.36138389773498 0.01004635564198343

154.80808421371165
1 65.120461299245 0.15455269642044195
2 108.53410216540831 0.36409776085346546
3 108.53410216540831 0.010862828984842131
4 108.53410216540833 0.010863737409224266
5 151.94774303157163 0.026375322367929985
6 151.94774303157163 0.026383331811568763
8 151.94774303157163 0.1161293470834336
9 151.94774303157166 0.03897076233813746
10 151.94774303157166 0.1590979522289847
16 195.36138389773492 0.013484969497982568
17 195.36138389773492 0.040706761050971776
18 195.36138389773492 0.010047226277419016
20 195.36138389773498 0.010046100851205386

154.80838141967132
1 65.120461299245 0.15456043355857857
2 108.53410216540831 0.010858755778587015
3 108.53410216540831 0.010859589175874556
4 108.53410216540833 0.3640981243185019
6 151.94774303157163 0.02636924261370244
7 151.94774303157163 0.026374660913374762
9 151.94774303157166 0.15471013089921226
10 151.94774303157166 0.15911060002209754
13 195.36138389773492 0.014264400705668787
14 195.36138389773492 0.014264851153664972
17 195.36138389773492 0.010046323846600843
18 195.36138389773492 0.010047426320222139
20 195.36138389773498 0.04070673053766635

154.83036807394046
1 65.120461299245 0.29952247944252164
2 108.53410216540831 0.0637504056288206
3 108.53410216540831 0.119341178656376
4 108.53410216540833 0.1489832136518935
5 151.94774303157163 0.15194611554971002
6 151.94774303157163 0.1016369061580479
10 151.94774303157166 0.01379986007524867
11 195.36138389773492 0.010718060564584053
16 195.36138389773492 0.01112733279286997
17 195.36138389773492 0.02353768752021771
18 195.36138389773492 0.01598399691923726
20 195.36138389773498 0.011963023571455667

154.83044688875736
1 65.120461299245 0.299529434308814
2 108.53410216540831 0.15763080060110665
3 108.53410216540831 0.10202888900492778
4 108.53410216540833 0.0724133465152746
5 151.94774303157163 0.021850079365995843
6 151.94774303157163 0.07218636057070488
7 151.94774303157163 0.16667497446678722
10 151.94774303157166 0.01379939336656288
14 195.36138389773492 0.011432293135767206
17 195.36138389773492 0.010785663366543788
18 195.36138389773492 0.018338144291016916
19 195.36138389773498 0.010536865977847781
20 195.36138389773498 0.022360977613345174

156.4220312692509
1 65.120461299245 0.13351815913097553
2 108.53410216540831 0.13723043152528275
3 108.53410216540831 0.13724340418503478
4 108.53410216540833 0.1372137501327954
5 151.94774303157163 0.11727593623866096
6 151.94774303157163 0.11725170391195257
7 151.94774303157163 0.11726305619040742
13 195.36138389773492 0.010061759230415693
14 195.36138389773492 0.010062744586277893
15 195.36138389773492 0.013551067434311545
17 195.36138389773492 0.013697373720817554
18 195.36138389773492 0.013698301763528575
20 195.36138389773498 0.013695784312448432

158.25808498044543
1 65.120461299245 0.07383857600177443
2 108.53410216540831 0.179127107508644
4 108.53410216540833 0.17921011666921682
5 151.94774303157163 0.07391831994581093
7 151.94774303157163 0.073963962519629
10 151.94774303157166 0.2902322724183868
17 195.36138389773492 0.04797045977937615
20 195.36138389773498 0.047982803572113465

158.2581081145824
1 65.120461299245 0.0738321669752336
3 108.53410216540831 0.17912683697156
4 108.53410216540833 0.1792105368240872
5 151.94774303157163 0.07391524904036685
6 151.94774303157163 0.0739677180645575
10 151.94774303157166 0.2902365084549806
18 195.36138389773492 0.0479711164100037
20 195.36138389773498 0.04798277559465444

158.2583357910298
1 65.120461299245 0.07385244429072349
2 108.53410216540831 0.17915801503228465
3 108.53410216540831 0.17918710495627246
6 151.94774303157163 0.07393044104751266
7 151.94774303157163 0.07394998732843444
10 151.94774303157166 0.29021472660267306
17 195.36138389773492 0.047973728086014446
18 195.36138389773492 0.047977813688703574

159.23037497417906
1 65.120461299245 0.15789800553692707
2 108.53410216540831 0.11393385467262758
3 108.53410216540831 0.16107695806070782
4 108.53410216540833 0.16099241850707846
5 151.94774303157163 0.10084364116900366
6 151.94774303157163 0.10080181701067141
8 151.94774303157163 0.02531359974808907
9 151.94774303157166 0.07308888373827199
12 195.36138389773492 0.014285401797743812
16 195.36138389773492 0.010452563930595082
17 195.36138389773492 0.012810536927232503
18 195.36138389773492 0.01807607151995251
19 195.36138389773498 0.011210906010335872
20 195.36138389773498 0.018063456836812864

159.23043808273513
1 65.120461299245 0.15790969268777325
2 108.53410216540831 0.1610739371517282
3 108.53410216540831 0.11393518967178386
4 108.53410216540833 0.16099511240880737
5 151.94774303157163 0.10084195882118474
7 151.94774303157163 0.1008009986362709
8 151.94774303157163 0.025312904082614274
9 151.94774303157166 0.07308627699697419
11 195.36138389773492 0.010453118297195101
12 195.36138389773492 0.014285385682204502
17 195.36138389773492 0.018075151909507037
18 195.36138389773492 0.012810502837539933
19 195.36138389773498 0.011210689068726997
20 195.36138389773498 0.018063907929831584

159.2307689783911
1 65.120461299245 0.15791549574945637
2 108.53410216540831 0.16105505099962691
3 108.53410216540831 0.1610201936700788
4 108.53410216540833 0.11392999766447093
6 151.94774303157163 0.10082727012105426
7 151.94774303157163 0.10080623291065648
8 151.94774303157163 0.09698560094470968
12 195.36138389773492 0.01428481183944155
17 195.36138389773492 0.018072261829249987
18 195.36138389773492 0.018067228362954647
20 195.36138389773498 0.012810000212400065

160.5774573743939
2 108.53410216540831 0.02075388376703316
3 108.53410216540831 0.020755072878463336
6 151.94774303157163 0.26977533687186717
7 151.94774303157163 0.269768252581578
9 151.94774303157166 0.30604737887513334
10 151.94774303157166 0.03816133326534908
17 195.36138389773492 0.016367892454753858
18 195.36138389773492 0.01636722376645692

160.57764438931324
2 108.53410216540831 0.02075463971533633
4 108.53410216540833 0.020752869745823656
5 151.94774303157163 0.26978222926545464
7 151.94774303157163 0.26977539338492607
8 151.94774303157163 0.22954654927673254
9 151.94774303157166 0.07656111387890278
10 151.94774303157166 0.03815953486058385
17 195.36138389773492 0.01636879439421382
20 195.36138389773498 0.016368151442899482

160.5776645113586
3 108.53410216540831 0.02075484624198037
4 108.53410216540833 0.02075371025898381
5 151.94774303157163 0.2697768407834176
6 151.94774303157163 0.2697791924284305
8 151.94774303157163 0.22954643967794733
9 151.94774303157166 0.07656118807031527
10 151.94774303157166 0.03815775509886927
18 195.36138389773492 0.016369089682534116
20 195.36138389773498 0.016369079595281884

168.69553108768784
1 65.120461299245 0.6892865399448126
2 108.53410216540831 0.11353782357755571
3 108.53410216540831 0.1135171477846234
5 151.94774303157163 0.011218830419806963
6 151.94774303157163 0.017306640716268466
7 151.94774303157163 0.017309567139653887

168.69590706634773
1 65.120461299245 0.6892851851361256
3 108.53410216540831 0.11352991801002456
4 108.53410216540833 0.11352376876827967
5 151.94774303157163 0.01731000267009833
6 151.94774303157163 0.01730779884403756
7 151.94774303157163 0.011219352026866289

168.6959690246663
1 65.120461299245 0.689277847645761
2 108.53410216540831 0.11352834561918726
4 108.53410216540833 0.11352986557372767
5 151.94774303157163 0.017311627353427176
6 151.94774303157163 0.011220497518288991
7 151.94774303157163 0.017307159993762245

170.15948226615558
1 65.120461299245 0.6918898340261301
2 108.53410216540831 0.05513529854782673
3 108.53410216540831 0.09688858010811861
4 108.53410216540833 0.09687766925196187
7 151.94774303157163 0.019549413291533882

170.15964761565326
1 65.120461299245 0.6919260759838972
2 108.53410216540831 0.0968569400377047
3 108.53410216540831 0.09687957020295886
4 108.53410216540833 0.05516318967583933
5 151.94774303157163 0.019532451484229142

170.1596573103309
1 65.120461299245 0.6918791468780223
2 108.53410216540831 0.09689646936466878
3 108.53410216540831 0.055124396000121416
4 108.53410216540833 0.09688237592736168
6 151.94774303157163 0.019553418190503245

171.40960636197875
1 65.120461299245 0.7112564921504649
2 108.53410216540831 0.08361625194519307
3 108.53410216540831 0.0837062478630514
4 108.53410216540833 0.08370274419698799

171.81969334574322
2 108.53410216540831 0.04850084944029263
3 108.53410216540831 0.15161508676593619
4 108.53410216540833 0.048511773607711986
5 151.94774303157163 0.1450561646631885
6 151.94774303157163 0.07267306176586887
7 151.94774303157163 0.14505806433009405
8 151.94774303157163 0.11585023884501414
9 151.94774303157166 0.04397707110026802
11 195.36138389773492 0.04689826940741316
12 195.36138389773492 0.08194064150495467
13 195.36138389773492 0.018855464410892177
15 195.36138389773492 0.05748777358333005

