state: 1 E_state =-5.353984622907446e-14
n_rot n_trans E_rot      E_trans    |<state|n_rot n_trans>|^2
3     1       23.8       92.09      0.37      
3     4       23.8       153.49     0.02      
4     1       42.4       92.09      0.01      
5     1       42.4       92.09      0.27      
5     4       42.4       153.49     0.03      
6     1       42.4       92.09      0.1       
6     3       42.4       153.49     0.05      
10    4       79.51      153.49     0.02      
11    2       79.51      153.49     0.03      
14    4       135.32     153.49     0.01      
16    2       135.32     153.49     0.03      

state: 2 E_state =-4.164210262261347e-14
n_rot n_trans E_rot      E_trans    |<state|n_rot n_trans>|^2
2     1       23.8       92.09      0.03      
3     1       23.8       92.09      0.1       
3     2       23.8       153.49     0.01      
3     3       23.8       153.49     0.01      
3     4       23.8       153.49     0.02      
5     1       42.4       92.09      0.25      
5     2       42.4       153.49     0.01      
5     3       42.4       153.49     0.01      
6     1       42.4       92.09      0.36      
6     3       42.4       153.49     0.03      
11    2       79.51      153.49     0.02      
12    4       135.32     153.49     0.02      
14    4       135.32     153.49     0.01      
16    2       135.32     153.49     0.02      

state: 3 E_state =-2.3795487212921982e-14
n_rot n_trans E_rot      E_trans    |<state|n_rot n_trans>|^2
1     1       23.8       92.09      0.13      
1     3       23.8       153.49     0.01      
2     1       23.8       92.09      0.11      
3     1       23.8       92.09      0.04      
3     4       23.8       153.49     0.02      
4     1       42.4       92.09      0.04      
5     1       42.4       92.09      0.2       
6     1       42.4       92.09      0.24      
6     2       42.4       153.49     0.02      
12    4       135.32     153.49     0.02      

state: 4 E_state =1.7846615409691486e-14
n_rot n_trans E_rot      E_trans    |<state|n_rot n_trans>|^2
1     1       23.8       92.09      0.04      
1     2       23.8       153.49     0.05      
2     1       23.8       92.09      0.18      
2     4       23.8       153.49     0.04      
3     1       23.8       92.09      0.03      
4     1       42.4       92.09      0.48      
4     4       42.4       153.49     0.01      
5     1       42.4       92.09      0.02      
9     3       79.51      153.49     0.03      
13    4       135.32     153.49     0.02      
15    3       135.32     153.49     0.03      

state: 5 E_state =1.0113082065491842e-13
n_rot n_trans E_rot      E_trans    |<state|n_rot n_trans>|^2
1     1       23.8       92.09      0.02      
1     3       23.8       153.49     0.01      
2     1       23.8       92.09      0.07      
3     1       23.8       92.09      0.08      
3     4       23.8       153.49     0.03      
4     1       42.4       92.09      0.08      
5     1       42.4       92.09      0.33      
6     1       42.4       92.09      0.17      
6     2       42.4       153.49     0.03      
11    3       79.51      153.49     0.02      
12    4       135.32     153.49     0.01      
14    4       135.32     153.49     0.02      
16    3       135.32     153.49     0.02      

state: 6 E_state =2.0226164130983684e-13
n_rot n_trans E_rot      E_trans    |<state|n_rot n_trans>|^2
1     1       23.8       92.09      0.4       
1     3       23.8       153.49     0.01      
2     1       23.8       92.09      0.19      
2     2       23.8       153.49     0.02      
2     3       23.8       153.49     0.02      
3     1       23.8       92.09      0.05      
4     1       42.4       92.09      0.05      
4     2       42.4       153.49     0.02      
4     3       42.4       153.49     0.02      
4     4       42.4       153.49     0.01      
5     1       42.4       92.09      0.06      
6     1       42.4       92.09      0.02      
7     4       79.51      153.49     0.02      

state: 7 E_state =6.326464307216045
n_rot n_trans E_rot      E_trans    |<state|n_rot n_trans>|^2
2     2       23.8       153.49     0.02      
4     2       42.4       153.49     0.01      
5     4       42.4       153.49     0.01      
6     3       42.4       153.49     0.01      
6     4       42.4       153.49     0.02      
7     1       79.51      92.09      0.03      
9     1       79.51      92.09      0.1       
10    1       79.51      92.09      0.12      
11    1       79.51      92.09      0.01      
12    1       135.32     92.09      0.23      
14    1       135.32     92.09      0.19      
15    1       135.32     92.09      0.14      

state: 8 E_state =6.326464307216081
n_rot n_trans E_rot      E_trans    |<state|n_rot n_trans>|^2
1     2       23.8       153.49     0.02      
1     4       23.8       153.49     0.02      
2     2       23.8       153.49     0.02      
2     4       23.8       153.49     0.01      
7     1       79.51      92.09      0.26      
8     1       79.51      92.09      0.19      
8     2       79.51      153.49     0.01      
9     1       79.51      92.09      0.04      
10    1       79.51      92.09      0.03      
11    1       79.51      92.09      0.02      
12    1       135.32     92.09      0.02      
13    1       135.32     92.09      0.09      
14    1       135.32     92.09      0.04      
15    1       135.32     92.09      0.1       
16    1       135.32     92.09      0.05      

state: 9 E_state =6.326464307216087
n_rot n_trans E_rot      E_trans    |<state|n_rot n_trans>|^2
1     4       23.8       153.49     0.02      
2     3       23.8       153.49     0.01      
4     3       42.4       153.49     0.01      
6     2       42.4       153.49     0.01      
7     1       79.51      92.09      0.21      
8     1       79.51      92.09      0.08      
9     1       79.51      92.09      0.07      
10    1       79.51      92.09      0.07      
12    1       135.32     92.09      0.02      
13    1       135.32     92.09      0.06      
14    1       135.32     92.09      0.14      
15    1       135.32     92.09      0.09      
16    1       135.32     92.09      0.08      

state: 10 E_state =6.326464307216111
n_rot n_trans E_rot      E_trans    |<state|n_rot n_trans>|^2
1     4       23.8       153.49     0.01      
3     3       23.8       153.49     0.01      
4     2       42.4       153.49     0.01      
7     1       79.51      92.09      0.12      
8     1       79.51      92.09      0.07      
9     1       79.51      92.09      0.12      
10    1       79.51      92.09      0.12      
11    1       79.51      92.09      0.18      
13    1       135.32     92.09      0.06      
14    1       135.32     92.09      0.08      
15    1       135.32     92.09      0.06      
16    1       135.32     92.09      0.01      

state: 11 E_state =6.32646430721614
n_rot n_trans E_rot      E_trans    |<state|n_rot n_trans>|^2
2     2       23.8       153.49     0.01      
4     2       42.4       153.49     0.02      
5     4       42.4       153.49     0.01      
6     3       42.4       153.49     0.01      
7     1       79.51      92.09      0.02      
8     1       79.51      92.09      0.06      
9     1       79.51      92.09      0.16      
10    1       79.51      92.09      0.05      
11    1       79.51      92.09      0.04      
12    1       135.32     92.09      0.12      
13    1       135.32     92.09      0.01      
14    1       135.32     92.09      0.22      
15    1       135.32     92.09      0.11      
16    1       135.32     92.09      0.05      

state: 12 E_state =6.326464307216158
n_rot n_trans E_rot      E_trans    |<state|n_rot n_trans>|^2
1     3       23.8       153.49     0.02      
3     2       23.8       153.49     0.01      
4     4       42.4       153.49     0.02      
5     2       42.4       153.49     0.01      
7     1       79.51      92.09      0.05      
8     1       79.51      92.09      0.06      
9     1       79.51      92.09      0.03      
10    1       79.51      92.09      0.11      
11    1       79.51      92.09      0.12      
12    1       135.32     92.09      0.01      
13    1       135.32     92.09      0.26      
14    1       135.32     92.09      0.04      
15    1       135.32     92.09      0.07      
16    1       135.32     92.09      0.09      

state: 13 E_state =6.326464307216164
n_rot n_trans E_rot      E_trans    |<state|n_rot n_trans>|^2
1     4       23.8       153.49     0.01      
3     4       23.8       153.49     0.02      
6     2       42.4       153.49     0.02      
7     1       79.51      92.09      0.15      
8     1       79.51      92.09      0.01      
9     1       79.51      92.09      0.05      
10    1       79.51      92.09      0.31      
11    1       79.51      92.09      0.03      
12    1       135.32     92.09      0.06      
12    2       135.32     153.49     0.01      
13    1       135.32     92.09      0.06      
14    1       135.32     92.09      0.11      
15    1       135.32     92.09      0.01      
16    1       135.32     92.09      0.05      

state: 14 E_state =6.326464307216164
n_rot n_trans E_rot      E_trans    |<state|n_rot n_trans>|^2
1     2       23.8       153.49     0.02      
2     2       23.8       153.49     0.02      
2     4       23.8       153.49     0.01      
3     3       23.8       153.49     0.01      
4     4       42.4       153.49     0.01      
7     1       79.51      92.09      0.04      
7     2       79.51      153.49     0.01      
8     1       79.51      92.09      0.2       
9     1       79.51      92.09      0.12      
10    1       79.51      92.09      0.02      
11    1       79.51      92.09      0.05      
12    1       135.32     92.09      0.1       
13    1       135.32     92.09      0.18      
14    1       135.32     92.09      0.02      
15    1       135.32     92.09      0.08      
16    1       135.32     92.09      0.03      

state: 15 E_state =6.3264643072162
n_rot n_trans E_rot      E_trans    |<state|n_rot n_trans>|^2
3     2       23.8       153.49     0.02      
4     4       42.4       153.49     0.01      
5     3       42.4       153.49     0.01      
6     4       42.4       153.49     0.01      
7     1       79.51      92.09      0.05      
8     1       79.51      92.09      0.02      
9     1       79.51      92.09      0.06      
10    1       79.51      92.09      0.09      
11    1       79.51      92.09      0.19      
12    1       135.32     92.09      0.12      
13    1       135.32     92.09      0.21      
14    1       135.32     92.09      0.04      
16    1       135.32     92.09      0.05      

state: 16 E_state =6.326464307216206
n_rot n_trans E_rot      E_trans    |<state|n_rot n_trans>|^2
4     4       42.4       153.49     0.01      
5     3       42.4       153.49     0.01      
6     4       42.4       153.49     0.01      
7     1       79.51      92.09      0.06      
9     1       79.51      92.09      0.07      
10    1       79.51      92.09      0.1       
11    1       79.51      92.09      0.09      
12    1       135.32     92.09      0.16      
13    1       135.32     92.09      0.17      
14    1       135.32     92.09      0.06      
16    1       135.32     92.09      0.1       

state: 17 E_state =44.56793580141009
n_rot n_trans E_rot      E_trans    |<state|n_rot n_trans>|^2
1     2       23.8       153.49     0.01      
2     3       23.8       153.49     0.02      
3     3       23.8       153.49     0.02      
3     4       23.8       153.49     0.05      
4     3       42.4       153.49     0.04      
4     4       42.4       153.49     0.05      
5     2       42.4       153.49     0.04      
5     4       42.4       153.49     0.01      
6     3       42.4       153.49     0.04      
6     4       42.4       153.49     0.02      
7     3       79.51      153.49     0.02      
8     2       79.51      153.49     0.01      
8     3       79.51      153.49     0.02      
8     4       79.51      153.49     0.05      
9     4       79.51      153.49     0.07      
10    4       79.51      153.49     0.03      
11    2       79.51      153.49     0.04      
11    3       79.51      153.49     0.02      
11    4       79.51      153.49     0.03      
12    2       135.32     153.49     0.03      
12    4       135.32     153.49     0.07      
13    2       135.32     153.49     0.02      
13    3       135.32     153.49     0.02      
14    3       135.32     153.49     0.04      
14    4       135.32     153.49     0.03      
15    4       135.32     153.49     0.07      
16    2       135.32     153.49     0.01      
16    3       135.32     153.49     0.01      

state: 18 E_state =44.56793580141012
n_rot n_trans E_rot      E_trans    |<state|n_rot n_trans>|^2
1     4       23.8       153.49     0.04      
2     3       23.8       153.49     0.02      
3     2       23.8       153.49     0.09      
3     3       23.8       153.49     0.02      
3     4       23.8       153.49     0.01      
4     3       42.4       153.49     0.03      
5     2       42.4       153.49     0.04      
5     3       42.4       153.49     0.03      
5     4       42.4       153.49     0.01      
6     3       42.4       153.49     0.03      
6     4       42.4       153.49     0.11      
7     4       79.51      153.49     0.07      
8     4       79.51      153.49     0.03      
9     4       79.51      153.49     0.03      
10    2       79.51      153.49     0.02      
10    3       79.51      153.49     0.01      
10    4       79.51      153.49     0.01      
11    2       79.51      153.49     0.03      
11    4       79.51      153.49     0.03      
12    2       135.32     153.49     0.01      
12    3       135.32     153.49     0.05      
12    4       135.32     153.49     0.03      
13    2       135.32     153.49     0.02      
14    2       135.32     153.49     0.05      
14    3       135.32     153.49     0.02      
14    4       135.32     153.49     0.02      
15    4       135.32     153.49     0.02      
16    4       135.32     153.49     0.04      

state: 19 E_state =44.56793580141024
n_rot n_trans E_rot      E_trans    |<state|n_rot n_trans>|^2
1     3       23.8       153.49     0.01      
1     4       23.8       153.49     0.04      
2     2       23.8       153.49     0.02      
2     3       23.8       153.49     0.01      
3     2       23.8       153.49     0.01      
3     3       23.8       153.49     0.02      
4     2       42.4       153.49     0.05      
4     3       42.4       153.49     0.05      
4     4       42.4       153.49     0.05      
5     2       42.4       153.49     0.03      
7     2       79.51      153.49     0.13      
7     3       79.51      153.49     0.01      
7     4       79.51      153.49     0.05      
8     2       79.51      153.49     0.05      
8     4       79.51      153.49     0.02      
9     2       79.51      153.49     0.02      
9     4       79.51      153.49     0.07      
10    2       79.51      153.49     0.02      
11    2       79.51      153.49     0.01      
11    4       79.51      153.49     0.06      
12    3       135.32     153.49     0.01      
13    2       135.32     153.49     0.05      
13    3       135.32     153.49     0.03      
14    2       135.32     153.49     0.01      
14    3       135.32     153.49     0.02      
14    4       135.32     153.49     0.01      
15    2       135.32     153.49     0.02      
16    3       135.32     153.49     0.02      

state: 20 E_state =44.56793580141026
n_rot n_trans E_rot      E_trans    |<state|n_rot n_trans>|^2
1     3       23.8       153.49     0.01      
1     4       23.8       153.49     0.04      
2     3       23.8       153.49     0.04      
3     2       23.8       153.49     0.02      
3     4       23.8       153.49     0.04      
4     2       42.4       153.49     0.03      
4     3       42.4       153.49     0.03      
5     2       42.4       153.49     0.01      
5     3       42.4       153.49     0.02      
5     4       42.4       153.49     0.02      
6     4       42.4       153.49     0.04      
7     4       79.51      153.49     0.06      
8     2       79.51      153.49     0.01      
8     4       79.51      153.49     0.02      
9     2       79.51      153.49     0.02      
10    2       79.51      153.49     0.07      
10    3       79.51      153.49     0.02      
10    4       79.51      153.49     0.02      
11    2       79.51      153.49     0.03      
11    4       79.51      153.49     0.03      
12    4       135.32     153.49     0.07      
13    2       135.32     153.49     0.02      
14    2       135.32     153.49     0.02      
14    3       135.32     153.49     0.03      
14    4       135.32     153.49     0.09      
15    3       135.32     153.49     0.03      
15    4       135.32     153.49     0.04      
16    3       135.32     153.49     0.01      

state: 21 E_state =44.56793580141026
n_rot n_trans E_rot      E_trans    |<state|n_rot n_trans>|^2
2     3       23.8       153.49     0.02      
3     2       23.8       153.49     0.02      
3     4       23.8       153.49     0.04      
4     2       42.4       153.49     0.03      
4     3       42.4       153.49     0.01      
5     3       42.4       153.49     0.06      
5     4       42.4       153.49     0.01      
6     3       42.4       153.49     0.03      
7     2       79.51      153.49     0.04      
7     4       79.51      153.49     0.08      
8     2       79.51      153.49     0.03      
10    4       79.51      153.49     0.02      
11    2       79.51      153.49     0.02      
11    3       79.51      153.49     0.02      
11    4       79.51      153.49     0.11      
12    2       135.32     153.49     0.02      
12    3       135.32     153.49     0.04      
12    4       135.32     153.49     0.17      
13    2       135.32     153.49     0.02      
13    4       135.32     153.49     0.01      
14    2       135.32     153.49     0.01      
14    3       135.32     153.49     0.03      
14    4       135.32     153.49     0.03      
16    4       135.32     153.49     0.02      

state: 22 E_state =44.56793580141026
n_rot n_trans E_rot      E_trans    |<state|n_rot n_trans>|^2
2     2       23.8       153.49     0.05      
3     2       23.8       153.49     0.02      
3     4       23.8       153.49     0.06      
4     4       42.4       153.49     0.01      
5     3       42.4       153.49     0.02      
6     3       42.4       153.49     0.02      
7     2       79.51      153.49     0.03      
7     4       79.51      153.49     0.3       
8     2       79.51      153.49     0.03      
10    2       79.51      153.49     0.01      
10    4       79.51      153.49     0.02      
11    3       79.51      153.49     0.04      
11    4       79.51      153.49     0.05      
12    3       135.32     153.49     0.08      
12    4       135.32     153.49     0.03      
13    4       135.32     153.49     0.03      
14    3       135.32     153.49     0.01      
14    4       135.32     153.49     0.02      
15    4       135.32     153.49     0.01      

state: 23 E_state =44.56793580141026
n_rot n_trans E_rot      E_trans    |<state|n_rot n_trans>|^2
1     4       23.8       153.49     0.01      
2     2       23.8       153.49     0.01      
2     3       23.8       153.49     0.03      
2     4       23.8       153.49     0.01      
3     2       23.8       153.49     0.01      
3     4       23.8       153.49     0.06      
4     2       42.4       153.49     0.04      
4     3       42.4       153.49     0.03      
5     2       42.4       153.49     0.01      
5     3       42.4       153.49     0.02      
5     4       42.4       153.49     0.02      
7     2       79.51      153.49     0.02      
7     4       79.51      153.49     0.2       
8     2       79.51      153.49     0.04      
8     3       79.51      153.49     0.01      
9     4       79.51      153.49     0.02      
10    4       79.51      153.49     0.02      
11    4       79.51      153.49     0.02      
12    2       135.32     153.49     0.01      
12    3       135.32     153.49     0.06      
12    4       135.32     153.49     0.09      
13    2       135.32     153.49     0.02      
13    4       135.32     153.49     0.02      
14    4       135.32     153.49     0.09      
15    4       135.32     153.49     0.03      

state: 24 E_state =44.56793580141026
n_rot n_trans E_rot      E_trans    |<state|n_rot n_trans>|^2
1     4       23.8       153.49     0.01      
2     2       23.8       153.49     0.05      
2     3       23.8       153.49     0.03      
3     2       23.8       153.49     0.02      
3     4       23.8       153.49     0.05      
4     2       42.4       153.49     0.02      
4     3       42.4       153.49     0.04      
5     2       42.4       153.49     0.02      
5     3       42.4       153.49     0.01      
6     4       42.4       153.49     0.01      
7     4       79.51      153.49     0.32      
8     2       79.51      153.49     0.05      
8     4       79.51      153.49     0.01      
11    3       79.51      153.49     0.01      
11    4       79.51      153.49     0.04      
12    2       135.32     153.49     0.02      
12    3       135.32     153.49     0.03      
12    4       135.32     153.49     0.04      
14    4       135.32     153.49     0.07      
15    2       135.32     153.49     0.01      
15    4       135.32     153.49     0.04      

state: 25 E_state =44.56793580141026
n_rot n_trans E_rot      E_trans    |<state|n_rot n_trans>|^2
1     4       23.8       153.49     0.02      
2     2       23.8       153.49     0.08      
2     4       23.8       153.49     0.02      
3     2       23.8       153.49     0.02      
3     3       23.8       153.49     0.01      
3     4       23.8       153.49     0.04      
4     3       42.4       153.49     0.01      
5     3       42.4       153.49     0.02      
6     3       42.4       153.49     0.02      
6     4       42.4       153.49     0.02      
7     4       79.51      153.49     0.2       
8     2       79.51      153.49     0.07      
10    2       79.51      153.49     0.02      
10    4       79.51      153.49     0.01      
11    2       79.51      153.49     0.02      
11    3       79.51      153.49     0.02      
11    4       79.51      153.49     0.08      
12    2       135.32     153.49     0.02      
12    3       135.32     153.49     0.03      
12    4       135.32     153.49     0.02      
13    4       135.32     153.49     0.04      
14    3       135.32     153.49     0.01      
14    4       135.32     153.49     0.03      
15    2       135.32     153.49     0.02      
15    4       135.32     153.49     0.07      

state: 26 E_state =44.56793580141026
n_rot n_trans E_rot      E_trans    |<state|n_rot n_trans>|^2
1     4       23.8       153.49     0.02      
2     2       23.8       153.49     0.02      
2     3       23.8       153.49     0.02      
3     2       23.8       153.49     0.02      
3     4       23.8       153.49     0.07      
4     2       42.4       153.49     0.01      
4     3       42.4       153.49     0.03      
5     3       42.4       153.49     0.03      
6     3       42.4       153.49     0.01      
6     4       42.4       153.49     0.01      
7     2       79.51      153.49     0.02      
7     3       79.51      153.49     0.01      
7     4       79.51      153.49     0.24      
8     2       79.51      153.49     0.03      
8     4       79.51      153.49     0.02      
10    2       79.51      153.49     0.01      
11    3       79.51      153.49     0.03      
11    4       79.51      153.49     0.06      
12    2       135.32     153.49     0.02      
12    3       135.32     153.49     0.06      
12    4       135.32     153.49     0.06      
13    4       135.32     153.49     0.02      
14    3       135.32     153.49     0.01      
14    4       135.32     153.49     0.07      

state: 27 E_state =44.56793580141026
n_rot n_trans E_rot      E_trans    |<state|n_rot n_trans>|^2
1     4       23.8       153.49     0.01      
2     2       23.8       153.49     0.03      
2     3       23.8       153.49     0.02      
3     2       23.8       153.49     0.02      
3     4       23.8       153.49     0.04      
4     2       42.4       153.49     0.02      
4     3       42.4       153.49     0.03      
5     2       42.4       153.49     0.02      
5     3       42.4       153.49     0.03      
5     4       42.4       153.49     0.03      
6     3       42.4       153.49     0.01      
7     4       79.51      153.49     0.23      
8     2       79.51      153.49     0.05      
10    4       79.51      153.49     0.03      
11    3       79.51      153.49     0.02      
11    4       79.51      153.49     0.06      
12    2       135.32     153.49     0.02      
12    3       135.32     153.49     0.05      
12    4       135.32     153.49     0.07      
13    2       135.32     153.49     0.01      
14    3       135.32     153.49     0.01      
14    4       135.32     153.49     0.06      
15    2       135.32     153.49     0.01      
15    4       135.32     153.49     0.02      
16    4       135.32     153.49     0.01      

state: 28 E_state =44.567935801410265
n_rot n_trans E_rot      E_trans    |<state|n_rot n_trans>|^2
1     4       23.8       153.49     0.01      
2     3       23.8       153.49     0.02      
3     2       23.8       153.49     0.01      
3     3       23.8       153.49     0.01      
3     4       23.8       153.49     0.04      
4     2       42.4       153.49     0.03      
4     3       42.4       153.49     0.02      
4     4       42.4       153.49     0.03      
5     3       42.4       153.49     0.04      
5     4       42.4       153.49     0.02      
6     3       42.4       153.49     0.02      
6     4       42.4       153.49     0.01      
7     2       79.51      153.49     0.05      
7     3       79.51      153.49     0.02      
7     4       79.51      153.49     0.11      
8     2       79.51      153.49     0.02      
10    4       79.51      153.49     0.03      
11    2       79.51      153.49     0.01      
11    3       79.51      153.49     0.01      
11    4       79.51      153.49     0.05      
12    2       135.32     153.49     0.01      
12    3       135.32     153.49     0.03      
12    4       135.32     153.49     0.15      
13    2       135.32     153.49     0.02      
13    4       135.32     153.49     0.02      
14    2       135.32     153.49     0.02      
14    3       135.32     153.49     0.02      
14    4       135.32     153.49     0.05      
16    4       135.32     153.49     0.02      

state: 29 E_state =44.567935801410265
n_rot n_trans E_rot      E_trans    |<state|n_rot n_trans>|^2
2     2       23.8       153.49     0.01      
2     3       23.8       153.49     0.02      
3     2       23.8       153.49     0.03      
3     3       23.8       153.49     0.02      
3     4       23.8       153.49     0.03      
4     2       42.4       153.49     0.03      
4     3       42.4       153.49     0.02      
4     4       42.4       153.49     0.04      
5     3       42.4       153.49     0.03      
5     4       42.4       153.49     0.03      
6     3       42.4       153.49     0.02      
6     4       42.4       153.49     0.02      
7     2       79.51      153.49     0.06      
7     3       79.51      153.49     0.02      
7     4       79.51      153.49     0.1       
8     2       79.51      153.49     0.02      
10    2       79.51      153.49     0.02      
10    4       79.51      153.49     0.03      
11    2       79.51      153.49     0.01      
11    4       79.51      153.49     0.09      
12    2       135.32     153.49     0.02      
12    3       135.32     153.49     0.03      
12    4       135.32     153.49     0.1       
13    2       135.32     153.49     0.01      
13    4       135.32     153.49     0.01      
14    2       135.32     153.49     0.01      
14    3       135.32     153.49     0.01      
14    4       135.32     153.49     0.06      
16    4       135.32     153.49     0.03      

state: 30 E_state =44.567935801410265
n_rot n_trans E_rot      E_trans    |<state|n_rot n_trans>|^2
1     4       23.8       153.49     0.01      
2     2       23.8       153.49     0.04      
2     3       23.8       153.49     0.02      
3     2       23.8       153.49     0.02      
3     3       23.8       153.49     0.01      
3     4       23.8       153.49     0.08      
4     3       42.4       153.49     0.02      
4     4       42.4       153.49     0.03      
5     3       42.4       153.49     0.01      
6     4       42.4       153.49     0.01      
7     2       79.51      153.49     0.04      
7     3       79.51      153.49     0.02      
7     4       79.51      153.49     0.24      
8     2       79.51      153.49     0.05      
11    3       79.51      153.49     0.01      
11    4       79.51      153.49     0.05      
12    2       135.32     153.49     0.01      
12    3       135.32     153.49     0.03      
12    4       135.32     153.49     0.05      
13    2       135.32     153.49     0.01      
13    4       135.32     153.49     0.01      
14    4       135.32     153.49     0.1       
15    4       135.32     153.49     0.02      

state: 31 E_state =44.567935801410265
n_rot n_trans E_rot      E_trans    |<state|n_rot n_trans>|^2
2     2       23.8       153.49     0.03      
2     3       23.8       153.49     0.02      
3     2       23.8       153.49     0.01      
3     4       23.8       153.49     0.07      
4     2       42.4       153.49     0.02      
4     3       42.4       153.49     0.02      
4     4       42.4       153.49     0.02      
5     3       42.4       153.49     0.02      
5     4       42.4       153.49     0.02      
6     3       42.4       153.49     0.01      
7     2       79.51      153.49     0.04      
7     3       79.51      153.49     0.01      
7     4       79.51      153.49     0.16      
8     2       79.51      153.49     0.06      
10    4       79.51      153.49     0.03      
11    3       79.51      153.49     0.01      
11    4       79.51      153.49     0.05      
12    2       135.32     153.49     0.02      
12    3       135.32     153.49     0.04      
12    4       135.32     153.49     0.1       
13    2       135.32     153.49     0.01      
14    3       135.32     153.49     0.01      
14    4       135.32     153.49     0.1       
15    4       135.32     153.49     0.02      

state: 32 E_state =44.567935801410265
n_rot n_trans E_rot      E_trans    |<state|n_rot n_trans>|^2
2     2       23.8       153.49     0.06      
2     3       23.8       153.49     0.02      
3     2       23.8       153.49     0.01      
3     3       23.8       153.49     0.01      
3     4       23.8       153.49     0.05      
4     2       42.4       153.49     0.01      
4     3       42.4       153.49     0.02      
4     4       42.4       153.49     0.03      
6     4       42.4       153.49     0.01      
7     2       79.51      153.49     0.04      
7     3       79.51      153.49     0.02      
7     4       79.51      153.49     0.3       
8     2       79.51      153.49     0.07      
11    4       79.51      153.49     0.03      
12    3       135.32     153.49     0.02      
12    4       135.32     153.49     0.04      
14    4       135.32     153.49     0.09      
15    2       135.32     153.49     0.01      
15    4       135.32     153.49     0.03      
16    4       135.32     153.49     0.01      

state: 33 E_state =44.56793580141028
n_rot n_trans E_rot      E_trans    |<state|n_rot n_trans>|^2
1     3       23.8       153.49     0.02      
1     4       23.8       153.49     0.01      
2     2       23.8       153.49     0.02      
2     3       23.8       153.49     0.02      
3     4       23.8       153.49     0.02      
4     2       42.4       153.49     0.04      
4     3       42.4       153.49     0.01      
5     3       42.4       153.49     0.02      
6     2       42.4       153.49     0.02      
6     4       42.4       153.49     0.03      
8     2       79.51      153.49     0.01      
8     3       79.51      153.49     0.01      
8     4       79.51      153.49     0.04      
10    2       79.51      153.49     0.18      
10    3       79.51      153.49     0.03      
10    4       79.51      153.49     0.01      
11    2       79.51      153.49     0.02      
11    3       79.51      153.49     0.02      
11    4       79.51      153.49     0.04      
12    2       135.32     153.49     0.02      
12    3       135.32     153.49     0.01      
13    4       135.32     153.49     0.01      
14    2       135.32     153.49     0.01      
14    3       135.32     153.49     0.05      
14    4       135.32     153.49     0.04      
15    2       135.32     153.49     0.02      
15    3       135.32     153.49     0.06      
15    4       135.32     153.49     0.04      
16    3       135.32     153.49     0.04      
16    4       135.32     153.49     0.03      

state: 34 E_state =44.56793580141028
n_rot n_trans E_rot      E_trans    |<state|n_rot n_trans>|^2
1     3       23.8       153.49     0.03      
1     4       23.8       153.49     0.01      
2     3       23.8       153.49     0.01      
3     4       23.8       153.49     0.01      
4     2       42.4       153.49     0.01      
4     3       42.4       153.49     0.02      
4     4       42.4       153.49     0.02      
6     2       42.4       153.49     0.01      
6     4       42.4       153.49     0.03      
7     3       79.51      153.49     0.02      
8     2       79.51      153.49     0.04      
8     4       79.51      153.49     0.07      
9     2       79.51      153.49     0.02      
10    2       79.51      153.49     0.09      
10    3       79.51      153.49     0.03      
10    4       79.51      153.49     0.01      
11    2       79.51      153.49     0.02      
11    3       79.51      153.49     0.03      
11    4       79.51      153.49     0.05      
12    2       135.32     153.49     0.02      
12    3       135.32     153.49     0.02      
13    4       135.32     153.49     0.01      
14    3       135.32     153.49     0.05      
14    4       135.32     153.49     0.04      
15    2       135.32     153.49     0.01      
15    3       135.32     153.49     0.06      
15    4       135.32     153.49     0.04      
16    3       135.32     153.49     0.05      
16    4       135.32     153.49     0.06      

state: 35 E_state =44.56793580141028
n_rot n_trans E_rot      E_trans    |<state|n_rot n_trans>|^2
1     3       23.8       153.49     0.03      
1     4       23.8       153.49     0.01      
2     2       23.8       153.49     0.01      
2     3       23.8       153.49     0.01      
3     4       23.8       153.49     0.01      
4     2       42.4       153.49     0.01      
4     3       42.4       153.49     0.01      
4     4       42.4       153.49     0.04      
6     4       42.4       153.49     0.02      
7     4       79.51      153.49     0.02      
8     2       79.51      153.49     0.04      
8     3       79.51      153.49     0.01      
8     4       79.51      153.49     0.11      
9     2       79.51      153.49     0.01      
10    2       79.51      153.49     0.08      
10    3       79.51      153.49     0.03      
10    4       79.51      153.49     0.02      
11    3       79.51      153.49     0.04      
11    4       79.51      153.49     0.03      
12    2       135.32     153.49     0.01      
12    3       135.32     153.49     0.03      
12    4       135.32     153.49     0.02      
13    4       135.32     153.49     0.01      
14    3       135.32     153.49     0.03      
14    4       135.32     153.49     0.05      
15    2       135.32     153.49     0.02      
15    3       135.32     153.49     0.06      
15    4       135.32     153.49     0.05      
16    3       135.32     153.49     0.04      
16    4       135.32     153.49     0.05      

state: 36 E_state =44.56793580141028
n_rot n_trans E_rot      E_trans    |<state|n_rot n_trans>|^2
1     3       23.8       153.49     0.03      
1     4       23.8       153.49     0.01      
2     3       23.8       153.49     0.01      
3     2       23.8       153.49     0.01      
3     4       23.8       153.49     0.02      
4     2       42.4       153.49     0.01      
4     3       42.4       153.49     0.01      
4     4       42.4       153.49     0.03      
6     2       42.4       153.49     0.01      
6     4       42.4       153.49     0.03      
8     2       79.51      153.49     0.03      
8     4       79.51      153.49     0.12      
9     2       79.51      153.49     0.01      
9     4       79.51      153.49     0.01      
10    2       79.51      153.49     0.08      
10    3       79.51      153.49     0.03      
10    4       79.51      153.49     0.02      
11    3       79.51      153.49     0.04      
11    4       79.51      153.49     0.03      
12    2       135.32     153.49     0.01      
12    3       135.32     153.49     0.03      
12    4       135.32     153.49     0.02      
13    4       135.32     153.49     0.02      
14    3       135.32     153.49     0.03      
14    4       135.32     153.49     0.05      
15    2       135.32     153.49     0.02      
15    3       135.32     153.49     0.05      
15    4       135.32     153.49     0.04      
16    3       135.32     153.49     0.05      
16    4       135.32     153.49     0.05      

state: 37 E_state =44.56793580141028
n_rot n_trans E_rot      E_trans    |<state|n_rot n_trans>|^2
1     3       23.8       153.49     0.03      
1     4       23.8       153.49     0.01      
2     2       23.8       153.49     0.02      
2     3       23.8       153.49     0.01      
3     4       23.8       153.49     0.01      
4     2       42.4       153.49     0.01      
4     3       42.4       153.49     0.01      
4     4       42.4       153.49     0.03      
6     4       42.4       153.49     0.02      
7     4       79.51      153.49     0.03      
8     2       79.51      153.49     0.04      
8     4       79.51      153.49     0.09      
9     2       79.51      153.49     0.01      
10    2       79.51      153.49     0.08      
10    3       79.51      153.49     0.03      
10    4       79.51      153.49     0.02      
11    2       79.51      153.49     0.01      
11    3       79.51      153.49     0.04      
11    4       79.51      153.49     0.02      
12    2       135.32     153.49     0.01      
12    3       135.32     153.49     0.04      
12    4       135.32     153.49     0.02      
13    4       135.32     153.49     0.01      
14    3       135.32     153.49     0.04      
14    4       135.32     153.49     0.03      
15    2       135.32     153.49     0.02      
15    3       135.32     153.49     0.06      
15    4       135.32     153.49     0.05      
16    3       135.32     153.49     0.04      
16    4       135.32     153.49     0.05      

state: 38 E_state =44.56793580141028
n_rot n_trans E_rot      E_trans    |<state|n_rot n_trans>|^2
1     3       23.8       153.49     0.02      
1     4       23.8       153.49     0.01      
2     3       23.8       153.49     0.01      
3     4       23.8       153.49     0.02      
4     2       42.4       153.49     0.02      
4     3       42.4       153.49     0.01      
4     4       42.4       153.49     0.03      
6     2       42.4       153.49     0.01      
6     4       42.4       153.49     0.03      
8     2       79.51      153.49     0.03      
8     4       79.51      153.49     0.11      
9     2       79.51      153.49     0.02      
9     4       79.51      153.49     0.01      
10    2       79.51      153.49     0.08      
10    3       79.51      153.49     0.03      
10    4       79.51      153.49     0.02      
11    3       79.51      153.49     0.04      
11    4       79.51      153.49     0.02      
12    2       135.32     153.49     0.01      
12    3       135.32     153.49     0.03      
12    4       135.32     153.49     0.03      
13    4       135.32     153.49     0.02      
14    3       135.32     153.49     0.03      
14    4       135.32     153.49     0.05      
15    2       135.32     153.49     0.01      
15    3       135.32     153.49     0.05      
15    4       135.32     153.49     0.04      
16    3       135.32     153.49     0.05      
16    4       135.32     153.49     0.04      

state: 39 E_state =44.56793580141029
n_rot n_trans E_rot      E_trans    |<state|n_rot n_trans>|^2
2     2       23.8       153.49     0.01      
4     4       42.4       153.49     0.04      
6     2       42.4       153.49     0.01      
6     4       42.4       153.49     0.02      
7     3       79.51      153.49     0.02      
8     2       79.51      153.49     0.08      
8     4       79.51      153.49     0.07      
9     4       79.51      153.49     0.01      
10    2       79.51      153.49     0.08      
10    3       79.51      153.49     0.09      
10    4       79.51      153.49     0.02      
11    2       79.51      153.49     0.01      
11    3       79.51      153.49     0.04      
11    4       79.51      153.49     0.06      
12    2       135.32     153.49     0.02      
12    3       135.32     153.49     0.02      
12    4       135.32     153.49     0.02      
13    2       135.32     153.49     0.02      
13    4       135.32     153.49     0.01      
14    3       135.32     153.49     0.02      
15    2       135.32     153.49     0.02      
15    3       135.32     153.49     0.02      
15    4       135.32     153.49     0.02      
16    2       135.32     153.49     0.02      
16    3       135.32     153.49     0.08      
16    4       135.32     153.49     0.06      

state: 40 E_state =44.56793580141029
n_rot n_trans E_rot      E_trans    |<state|n_rot n_trans>|^2
1     3       23.8       153.49     0.01      
4     4       42.4       153.49     0.03      
6     2       42.4       153.49     0.01      
6     4       42.4       153.49     0.03      
7     3       79.51      153.49     0.02      
8     2       79.51      153.49     0.06      
8     4       79.51      153.49     0.08      
9     3       79.51      153.49     0.01      
9     4       79.51      153.49     0.01      
10    2       79.51      153.49     0.11      
10    3       79.51      153.49     0.09      
10    4       79.51      153.49     0.02      
11    3       79.51      153.49     0.04      
11    4       79.51      153.49     0.04      
12    2       135.32     153.49     0.01      
12    3       135.32     153.49     0.02      
12    4       135.32     153.49     0.03      
13    2       135.32     153.49     0.01      
14    3       135.32     153.49     0.01      
15    2       135.32     153.49     0.01      
15    3       135.32     153.49     0.04      
15    4       135.32     153.49     0.02      
16    2       135.32     153.49     0.02      
16    3       135.32     153.49     0.06      
16    4       135.32     153.49     0.08      

state: 41 E_state =44.567935801410314
n_rot n_trans E_rot      E_trans    |<state|n_rot n_trans>|^2
2     2       23.8       153.49     0.02      
2     3       23.8       153.49     0.05      
3     3       23.8       153.49     0.01      
4     4       42.4       153.49     0.02      
5     3       42.4       153.49     0.02      
6     2       42.4       153.49     0.02      
6     3       42.4       153.49     0.02      
6     4       42.4       153.49     0.01      
7     4       79.51      153.49     0.02      
8     3       79.51      153.49     0.01      
8     4       79.51      153.49     0.08      
9     2       79.51      153.49     0.06      
9     4       79.51      153.49     0.01      
10    2       79.51      153.49     0.02      
10    3       79.51      153.49     0.06      
10    4       79.51      153.49     0.02      
11    2       79.51      153.49     0.02      
11    3       79.51      153.49     0.01      
12    2       135.32     153.49     0.05      
12    3       135.32     153.49     0.03      
12    4       135.32     153.49     0.01      
13    2       135.32     153.49     0.04      
13    3       135.32     153.49     0.06      
14    2       135.32     153.49     0.02      
14    3       135.32     153.49     0.03      
14    4       135.32     153.49     0.09      
15    3       135.32     153.49     0.02      
16    2       135.32     153.49     0.04      
16    4       135.32     153.49     0.05      

state: 42 E_state =44.567935801410314
n_rot n_trans E_rot      E_trans    |<state|n_rot n_trans>|^2
1     3       23.8       153.49     0.04      
3     2       23.8       153.49     0.01      
5     2       42.4       153.49     0.01      
5     3       42.4       153.49     0.03      
6     2       42.4       153.49     0.05      
7     3       79.51      153.49     0.02      
9     2       79.51      153.49     0.02      
9     3       79.51      153.49     0.05      
10    2       79.51      153.49     0.09      
10    3       79.51      153.49     0.06      
11    2       79.51      153.49     0.16      
11    3       79.51      153.49     0.02      
11    4       79.51      153.49     0.01      
13    2       135.32     153.49     0.02      
13    3       135.32     153.49     0.02      
15    2       135.32     153.49     0.02      
15    3       135.32     153.49     0.06      
16    2       135.32     153.49     0.16      
16    3       135.32     153.49     0.04      

state: 43 E_state =44.567935801410336
n_rot n_trans E_rot      E_trans    |<state|n_rot n_trans>|^2
1     2       23.8       153.49     0.02      
1     4       23.8       153.49     0.02      
2     2       23.8       153.49     0.02      
2     4       23.8       153.49     0.01      
3     3       23.8       153.49     0.05      
3     4       23.8       153.49     0.08      
4     3       42.4       153.49     0.02      
4     4       42.4       153.49     0.02      
5     3       42.4       153.49     0.02      
6     4       42.4       153.49     0.05      
7     2       79.51      153.49     0.02      
7     3       79.51      153.49     0.03      
8     2       79.51      153.49     0.01      
8     3       79.51      153.49     0.05      
9     4       79.51      153.49     0.02      
11    2       79.51      153.49     0.02      
11    4       79.51      153.49     0.02      
12    2       135.32     153.49     0.06      
12    3       135.32     153.49     0.01      
13    3       135.32     153.49     0.05      
13    4       135.32     153.49     0.05      
14    2       135.32     153.49     0.03      
14    3       135.32     153.49     0.1       
14    4       135.32     153.49     0.05      
15    2       135.32     153.49     0.01      
15    3       135.32     153.49     0.02      
15    4       135.32     153.49     0.02      
16    2       135.32     153.49     0.04      
16    3       135.32     153.49     0.03      

state: 44 E_state =44.567935801410364
n_rot n_trans E_rot      E_trans    |<state|n_rot n_trans>|^2
1     2       23.8       153.49     0.01      
1     3       23.8       153.49     0.04      
1     4       23.8       153.49     0.02      
2     3       23.8       153.49     0.02      
3     3       23.8       153.49     0.02      
3     4       23.8       153.49     0.04      
4     3       42.4       153.49     0.02      
4     4       42.4       153.49     0.01      
6     4       42.4       153.49     0.02      
7     2       79.51      153.49     0.02      
7     3       79.51      153.49     0.03      
7     4       79.51      153.49     0.02      
8     2       79.51      153.49     0.03      
8     3       79.51      153.49     0.13      
9     2       79.51      153.49     0.03      
9     3       79.51      153.49     0.01      
9     4       79.51      153.49     0.01      
10    2       79.51      153.49     0.04      
10    3       79.51      153.49     0.02      
11    3       79.51      153.49     0.01      
11    4       79.51      153.49     0.03      
12    2       135.32     153.49     0.05      
12    3       135.32     153.49     0.01      
13    3       135.32     153.49     0.04      
13    4       135.32     153.49     0.02      
14    2       135.32     153.49     0.05      
14    3       135.32     153.49     0.05      
14    4       135.32     153.49     0.02      
15    2       135.32     153.49     0.05      
15    3       135.32     153.49     0.04      
15    4       135.32     153.49     0.02      
16    3       135.32     153.49     0.02      

state: 45 E_state =44.567935801410364
n_rot n_trans E_rot      E_trans    |<state|n_rot n_trans>|^2
1     2       23.8       153.49     0.01      
1     3       23.8       153.49     0.03      
2     3       23.8       153.49     0.03      
2     4       23.8       153.49     0.03      
3     3       23.8       153.49     0.03      
3     4       23.8       153.49     0.11      
4     4       42.4       153.49     0.01      
6     4       42.4       153.49     0.01      
7     2       79.51      153.49     0.04      
7     3       79.51      153.49     0.01      
7     4       79.51      153.49     0.04      
8     3       79.51      153.49     0.05      
9     2       79.51      153.49     0.01      
9     4       79.51      153.49     0.03      
10    2       79.51      153.49     0.01      
11    4       79.51      153.49     0.03      
12    2       135.32     153.49     0.06      
12    3       135.32     153.49     0.06      
13    3       135.32     153.49     0.01      
13    4       135.32     153.49     0.06      
14    2       135.32     153.49     0.03      
14    4       135.32     153.49     0.1       
15    2       135.32     153.49     0.04      
15    3       135.32     153.49     0.02      
16    3       135.32     153.49     0.02      
16    4       135.32     153.49     0.04      

state: 46 E_state =44.56793580141046
n_rot n_trans E_rot      E_trans    |<state|n_rot n_trans>|^2
1     3       23.8       153.49     0.04      
1     4       23.8       153.49     0.01      
2     2       23.8       153.49     0.02      
2     3       23.8       153.49     0.05      
4     2       42.4       153.49     0.02      
4     3       42.4       153.49     0.05      
7     3       79.51      153.49     0.02      
8     2       79.51      153.49     0.01      
8     3       79.51      153.49     0.11      
9     2       79.51      153.49     0.04      
9     3       79.51      153.49     0.01      
11    2       79.51      153.49     0.02      
11    4       79.51      153.49     0.01      
12    2       135.32     153.49     0.01      
13    2       135.32     153.49     0.04      
13    3       135.32     153.49     0.29      
14    3       135.32     153.49     0.06      
15    2       135.32     153.49     0.02      
15    3       135.32     153.49     0.02      
16    2       135.32     153.49     0.07      

state: 47 E_state =44.56793580141046
n_rot n_trans E_rot      E_trans    |<state|n_rot n_trans>|^2
1     3       23.8       153.49     0.03      
1     4       23.8       153.49     0.02      
2     2       23.8       153.49     0.04      
2     3       23.8       153.49     0.01      
4     2       42.4       153.49     0.04      
4     3       42.4       153.49     0.02      
5     3       42.4       153.49     0.03      
6     2       42.4       153.49     0.05      
7     3       79.51      153.49     0.02      
8     2       79.51      153.49     0.02      
8     3       79.51      153.49     0.01      
9     3       79.51      153.49     0.01      
10    2       79.51      153.49     0.05      
10    3       79.51      153.49     0.08      
11    2       79.51      153.49     0.06      
11    3       79.51      153.49     0.03      
11    4       79.51      153.49     0.01      
12    2       135.32     153.49     0.01      
12    3       135.32     153.49     0.01      
13    2       135.32     153.49     0.05      
13    3       135.32     153.49     0.12      
14    2       135.32     153.49     0.02      
14    3       135.32     153.49     0.1       
15    2       135.32     153.49     0.03      
16    2       135.32     153.49     0.01      
16    3       135.32     153.49     0.03      

state: 48 E_state =44.56793580141056
n_rot n_trans E_rot      E_trans    |<state|n_rot n_trans>|^2
1     2       23.8       153.49     0.03      
1     3       23.8       153.49     0.04      
2     2       23.8       153.49     0.03      
3     3       23.8       153.49     0.03      
4     2       42.4       153.49     0.01      
4     3       42.4       153.49     0.02      
5     2       42.4       153.49     0.03      
5     3       42.4       153.49     0.05      
6     3       42.4       153.49     0.01      
6     4       42.4       153.49     0.01      
8     2       79.51      153.49     0.01      
8     3       79.51      153.49     0.09      
9     2       79.51      153.49     0.01      
10    2       79.51      153.49     0.06      
10    3       79.51      153.49     0.02      
11    2       79.51      153.49     0.02      
13    2       135.32     153.49     0.01      
13    3       135.32     153.49     0.04      
14    2       135.32     153.49     0.1       
14    3       135.32     153.49     0.03      
14    4       135.32     153.49     0.01      
15    2       135.32     153.49     0.06      
15    3       135.32     153.49     0.1       
16    2       135.32     153.49     0.07      

state: 49 E_state =52.111327443142734
n_rot n_trans E_rot      E_trans    |<state|n_rot n_trans>|^2
1     2       23.8       153.49     0.01      
1     3       23.8       153.49     0.04      
1     4       23.8       153.49     0.01      
2     4       23.8       153.49     0.02      
3     2       23.8       153.49     0.03      
3     3       23.8       153.49     0.01      
3     4       23.8       153.49     0.11      
4     2       42.4       153.49     0.01      
4     4       42.4       153.49     0.04      
5     4       42.4       153.49     0.04      
6     2       42.4       153.49     0.1       
6     3       42.4       153.49     0.05      
6     4       42.4       153.49     0.03      
7     3       79.51      153.49     0.02      
10    1       79.51      92.09      0.07      
10    2       79.51      153.49     0.02      
11    3       79.51      153.49     0.02      
12    1       135.32     92.09      0.02      
12    2       135.32     153.49     0.06      
12    3       135.32     153.49     0.03      
13    1       135.32     92.09      0.02      
14    1       135.32     92.09      0.03      
14    4       135.32     153.49     0.02      
16    3       135.32     153.49     0.02      

state: 50 E_state =52.1113274431428
n_rot n_trans E_rot      E_trans    |<state|n_rot n_trans>|^2
1     2       23.8       153.49     0.02      
2     2       23.8       153.49     0.01      
2     3       23.8       153.49     0.01      
2     4       23.8       153.49     0.02      
3     2       23.8       153.49     0.03      
3     3       23.8       153.49     0.03      
3     4       23.8       153.49     0.02      
4     2       42.4       153.49     0.02      
4     3       42.4       153.49     0.02      
5     2       42.4       153.49     0.14      
5     3       42.4       153.49     0.02      
6     3       42.4       153.49     0.03      
6     4       42.4       153.49     0.14      
7     2       79.51      153.49     0.01      
8     1       79.51      92.09      0.01      
9     1       79.51      92.09      0.02      
10    1       79.51      92.09      0.01      
10    2       79.51      153.49     0.01      
10    3       79.51      153.49     0.03      
11    1       79.51      92.09      0.02      
11    4       79.51      153.49     0.04      
12    1       135.32     92.09      0.07      
12    3       135.32     153.49     0.02      
14    2       135.32     153.49     0.07      
14    3       135.32     153.49     0.03      
15    4       135.32     153.49     0.02      
16    1       135.32     92.09      0.03      
16    4       135.32     153.49     0.02      

state: 51 E_state =52.11132744314281
n_rot n_trans E_rot      E_trans    |<state|n_rot n_trans>|^2
1     3       23.8       153.49     0.09      
1     4       23.8       153.49     0.07      
2     2       23.8       153.49     0.04      
2     3       23.8       153.49     0.02      
2     4       23.8       153.49     0.05      
3     2       23.8       153.49     0.02      
3     4       23.8       153.49     0.04      
4     2       42.4       153.49     0.02      
4     3       42.4       153.49     0.02      
4     4       42.4       153.49     0.04      
5     2       42.4       153.49     0.04      
5     4       42.4       153.49     0.02      
6     2       42.4       153.49     0.02      
6     3       42.4       153.49     0.04      
7     1       79.51      92.09      0.03      
7     3       79.51      153.49     0.05      
8     1       79.51      92.09      0.03      
8     2       79.51      153.49     0.02      
8     3       79.51      153.49     0.02      
9     1       79.51      92.09      0.02      
9     2       79.51      153.49     0.02      
10    1       79.51      92.09      0.02      
11    1       79.51      92.09      0.01      
12    2       135.32     153.49     0.01      
12    3       135.32     153.49     0.02      
13    1       135.32     92.09      0.03      
13    2       135.32     153.49     0.01      
13    3       135.32     153.49     0.02      
14    2       135.32     153.49     0.01      
15    2       135.32     153.49     0.02      
15    4       135.32     153.49     0.02      
16    4       135.32     153.49     0.01      

state: 52 E_state =52.11132744314287
n_rot n_trans E_rot      E_trans    |<state|n_rot n_trans>|^2
1     4       23.8       153.49     0.13      
2     2       23.8       153.49     0.07      
2     3       23.8       153.49     0.02      
3     2       23.8       153.49     0.03      
3     3       23.8       153.49     0.03      
3     4       23.8       153.49     0.03      
4     3       42.4       153.49     0.05      
5     2       42.4       153.49     0.04      
5     3       42.4       153.49     0.04      
5     4       42.4       153.49     0.02      
6     3       42.4       153.49     0.05      
7     1       79.51      92.09      0.06      
8     2       79.51      153.49     0.05      
8     3       79.51      153.49     0.02      
9     4       79.51      153.49     0.03      
10    1       79.51      92.09      0.02      
11    1       79.51      92.09      0.02      
11    4       79.51      153.49     0.03      
12    3       135.32     153.49     0.03      
13    2       135.32     153.49     0.01      
13    3       135.32     153.49     0.04      
14    1       135.32     92.09      0.01      
14    2       135.32     153.49     0.01      
15    1       135.32     92.09      0.02      
16    1       135.32     92.09      0.02      
16    4       135.32     153.49     0.02      

state: 53 E_state =52.11132744314287
n_rot n_trans E_rot      E_trans    |<state|n_rot n_trans>|^2
1     2       23.8       153.49     0.06      
1     3       23.8       153.49     0.02      
2     2       23.8       153.49     0.02      
2     3       23.8       153.49     0.04      
2     4       23.8       153.49     0.04      
3     2       23.8       153.49     0.03      
3     3       23.8       153.49     0.07      
4     2       42.4       153.49     0.04      
4     3       42.4       153.49     0.06      
4     4       42.4       153.49     0.04      
5     2       42.4       153.49     0.02      
5     3       42.4       153.49     0.05      
6     3       42.4       153.49     0.01      
6     4       42.4       153.49     0.01      
7     2       79.51      153.49     0.03      
7     3       79.51      153.49     0.01      
8     1       79.51      92.09      0.03      
9     1       79.51      92.09      0.01      
9     3       79.51      153.49     0.01      
9     4       79.51      153.49     0.04      
10    3       79.51      153.49     0.02      
11    4       79.51      153.49     0.05      
13    1       135.32     92.09      0.02      
13    2       135.32     153.49     0.01      
13    3       135.32     153.49     0.01      
15    1       135.32     92.09      0.04      
15    3       135.32     153.49     0.01      
15    4       135.32     153.49     0.02      
16    1       135.32     92.09      0.04      

state: 54 E_state =52.11132744314288
n_rot n_trans E_rot      E_trans    |<state|n_rot n_trans>|^2
1     2       23.8       153.49     0.02      
1     3       23.8       153.49     0.03      
1     4       23.8       153.49     0.03      
2     2       23.8       153.49     0.02      
2     3       23.8       153.49     0.13      
2     4       23.8       153.49     0.01      
3     2       23.8       153.49     0.04      
3     4       23.8       153.49     0.01      
4     2       42.4       153.49     0.02      
4     3       42.4       153.49     0.1       
4     4       42.4       153.49     0.04      
5     2       42.4       153.49     0.03      
6     3       42.4       153.49     0.01      
7     1       79.51      92.09      0.01      
7     2       79.51      153.49     0.01      
7     3       79.51      153.49     0.02      
8     3       79.51      153.49     0.03      
9     1       79.51      92.09      0.01      
9     4       79.51      153.49     0.08      
10    2       79.51      153.49     0.01      
11    4       79.51      153.49     0.02      
13    1       135.32     92.09      0.03      
13    2       135.32     153.49     0.01      
13    3       135.32     153.49     0.02      
15    1       135.32     92.09      0.06      
15    4       135.32     153.49     0.02      
16    1       135.32     92.09      0.02      

state: 55 E_state =52.111327443142905
n_rot n_trans E_rot      E_trans    |<state|n_rot n_trans>|^2
1     4       23.8       153.49     0.02      
2     2       23.8       153.49     0.01      
2     3       23.8       153.49     0.02      
3     2       23.8       153.49     0.01      
3     4       23.8       153.49     0.04      
5     3       42.4       153.49     0.01      
5     4       42.4       153.49     0.15      
6     2       42.4       153.49     0.15      
6     3       42.4       153.49     0.05      
6     4       42.4       153.49     0.03      
10    1       79.51      92.09      0.03      
10    4       79.51      153.49     0.03      
11    3       79.51      153.49     0.03      
12    1       135.32     92.09      0.01      
12    2       135.32     153.49     0.08      
12    3       135.32     153.49     0.03      
14    1       135.32     92.09      0.09      
16    3       135.32     153.49     0.03      

state: 56 E_state =52.111327443142955
n_rot n_trans E_rot      E_trans    |<state|n_rot n_trans>|^2
1     2       23.8       153.49     0.04      
1     4       23.8       153.49     0.06      
2     2       23.8       153.49     0.06      
2     3       23.8       153.49     0.02      
2     4       23.8       153.49     0.01      
3     3       23.8       153.49     0.06      
4     2       42.4       153.49     0.13      
4     3       42.4       153.49     0.02      
4     4       42.4       153.49     0.03      
5     2       42.4       153.49     0.01      
5     3       42.4       153.49     0.03      
6     4       42.4       153.49     0.03      
7     1       79.51      92.09      0.03      
7     2       79.51      153.49     0.02      
8     3       79.51      153.49     0.01      
9     1       79.51      92.09      0.04      
9     4       79.51      153.49     0.02      
10    3       79.51      153.49     0.02      
11    1       79.51      92.09      0.01      
11    4       79.51      153.49     0.02      
12    1       135.32     92.09      0.01      
13    1       135.32     92.09      0.02      
13    2       135.32     153.49     0.05      
13    3       135.32     153.49     0.01      
15    1       135.32     92.09      0.02      
15    4       135.32     153.49     0.05      
16    1       135.32     92.09      0.02      
16    4       135.32     153.49     0.01      

state: 57 E_state =52.11132744314299
n_rot n_trans E_rot      E_trans    |<state|n_rot n_trans>|^2
1     2       23.8       153.49     0.06      
1     4       23.8       153.49     0.02      
2     2       23.8       153.49     0.05      
2     4       23.8       153.49     0.02      
3     2       23.8       153.49     0.07      
3     3       23.8       153.49     0.07      
4     2       42.4       153.49     0.07      
4     4       42.4       153.49     0.03      
5     2       42.4       153.49     0.04      
5     3       42.4       153.49     0.09      
6     4       42.4       153.49     0.01      
7     2       79.51      153.49     0.03      
8     1       79.51      92.09      0.02      
8     2       79.51      153.49     0.01      
9     1       79.51      92.09      0.01      
9     3       79.51      153.49     0.01      
9     4       79.51      153.49     0.03      
10    2       79.51      153.49     0.02      
10    3       79.51      153.49     0.01      
11    1       79.51      92.09      0.06      
11    4       79.51      153.49     0.02      
13    1       135.32     92.09      0.02      
13    2       135.32     153.49     0.02      
14    3       135.32     153.49     0.02      
15    1       135.32     92.09      0.02      
15    3       135.32     153.49     0.01      
15    4       135.32     153.49     0.02      
16    1       135.32     92.09      0.02      
16    4       135.32     153.49     0.08      

state: 58 E_state =52.11132744314319
n_rot n_trans E_rot      E_trans    |<state|n_rot n_trans>|^2
1     2       23.8       153.49     0.03      
1     3       23.8       153.49     0.06      
2     2       23.8       153.49     0.01      
2     3       23.8       153.49     0.06      
2     4       23.8       153.49     0.08      
3     2       23.8       153.49     0.04      
3     3       23.8       153.49     0.02      
4     3       42.4       153.49     0.05      
5     3       42.4       153.49     0.06      
5     4       42.4       153.49     0.01      
6     3       42.4       153.49     0.01      
6     4       42.4       153.49     0.06      
7     2       79.51      153.49     0.02      
7     3       79.51      153.49     0.03      
8     1       79.51      92.09      0.05      
8     3       79.51      153.49     0.01      
9     1       79.51      92.09      0.04      
9     2       79.51      153.49     0.01      
10    2       79.51      153.49     0.02      
11    1       79.51      92.09      0.03      
12    1       135.32     92.09      0.03      
13    4       135.32     153.49     0.02      
14    3       135.32     153.49     0.03      
15    2       135.32     153.49     0.01      
15    4       135.32     153.49     0.04      
16    4       135.32     153.49     0.03      

state: 59 E_state =58.43779175035856
n_rot n_trans E_rot      E_trans    |<state|n_rot n_trans>|^2
1     1       23.8       92.09      0.03      
1     2       23.8       153.49     0.11      
2     1       23.8       92.09      0.1       
2     2       23.8       153.49     0.01      
2     3       23.8       153.49     0.01      
2     4       23.8       153.49     0.04      
3     1       23.8       92.09      0.03      
3     2       23.8       153.49     0.01      
3     3       23.8       153.49     0.01      
4     1       42.4       92.09      0.04      
4     2       42.4       153.49     0.01      
4     3       42.4       153.49     0.01      
4     4       42.4       153.49     0.08      
5     2       42.4       153.49     0.01      
5     3       42.4       153.49     0.01      
5     4       42.4       153.49     0.02      
6     1       42.4       92.09      0.03      
6     2       42.4       153.49     0.02      
7     2       79.51      153.49     0.02      
7     4       79.51      153.49     0.02      
8     4       79.51      153.49     0.05      
9     3       79.51      153.49     0.06      
10    4       79.51      153.49     0.01      
11    3       79.51      153.49     0.01      
12    4       135.32     153.49     0.02      
13    4       135.32     153.49     0.02      
15    3       135.32     153.49     0.06      
16    3       135.32     153.49     0.01      

state: 60 E_state =58.437791750358954
n_rot n_trans E_rot      E_trans    |<state|n_rot n_trans>|^2
1     1       23.8       92.09      0.02      
1     2       23.8       153.49     0.01      
2     4       23.8       153.49     0.01      
3     1       23.8       92.09      0.08      
3     2       23.8       153.49     0.02      
3     3       23.8       153.49     0.02      
3     4       23.8       153.49     0.05      
4     1       42.4       92.09      0.02      
5     1       42.4       92.09      0.06      
5     2       42.4       153.49     0.02      
5     3       42.4       153.49     0.02      
5     4       42.4       153.49     0.07      
6     1       42.4       92.09      0.06      
6     2       42.4       153.49     0.11      
7     4       79.51      153.49     0.01      
10    2       79.51      153.49     0.01      
10    3       79.51      153.49     0.01      
10    4       79.51      153.49     0.04      
11    3       79.51      153.49     0.07      
12    2       135.32     153.49     0.02      
12    4       135.32     153.49     0.04      
14    2       135.32     153.49     0.01      
14    3       135.32     153.49     0.01      
14    4       135.32     153.49     0.03      
16    3       135.32     153.49     0.07      

state: 61 E_state =58.43779175035899
n_rot n_trans E_rot      E_trans    |<state|n_rot n_trans>|^2
1     1       23.8       92.09      0.06      
2     2       23.8       153.49     0.03      
2     3       23.8       153.49     0.03      
2     4       23.8       153.49     0.01      
3     1       23.8       92.09      0.12      
3     4       23.8       153.49     0.02      
4     1       42.4       92.09      0.02      
4     2       42.4       153.49     0.03      
4     3       42.4       153.49     0.03      
5     1       42.4       92.09      0.02      
5     4       42.4       153.49     0.1       
6     1       42.4       92.09      0.01      
6     2       42.4       153.49     0.02      
6     3       42.4       153.49     0.1       
7     4       79.51      153.49     0.04      
8     2       79.51      153.49     0.02      
8     3       79.51      153.49     0.02      
10    4       79.51      153.49     0.06      
11    2       79.51      153.49     0.06      
11    3       79.51      153.49     0.01      
12    3       135.32     153.49     0.02      
13    2       135.32     153.49     0.02      
13    3       135.32     153.49     0.02      
14    4       135.32     153.49     0.01      
16    2       135.32     153.49     0.06      
16    3       135.32     153.49     0.01      

state: 62 E_state =58.437791750359004
n_rot n_trans E_rot      E_trans    |<state|n_rot n_trans>|^2
1     1       23.8       92.09      0.04      
1     2       23.8       153.49     0.01      
1     3       23.8       153.49     0.09      
2     1       23.8       92.09      0.04      
2     2       23.8       153.49     0.02      
2     3       23.8       153.49     0.02      
2     4       23.8       153.49     0.07      
3     1       23.8       92.09      0.05      
3     4       23.8       153.49     0.01      
4     1       42.4       92.09      0.09      
4     2       42.4       153.49     0.02      
4     3       42.4       153.49     0.02      
4     4       42.4       153.49     0.03      
5     1       42.4       92.09      0.02      
5     4       42.4       153.49     0.04      
6     2       42.4       153.49     0.02      
6     3       42.4       153.49     0.03      
7     3       79.51      153.49     0.02      
7     4       79.51      153.49     0.03      
8     2       79.51      153.49     0.01      
8     3       79.51      153.49     0.01      
8     4       79.51      153.49     0.02      
9     2       79.51      153.49     0.05      
10    4       79.51      153.49     0.02      
11    2       79.51      153.49     0.02      
11    3       79.51      153.49     0.01      
13    2       135.32     153.49     0.01      
13    3       135.32     153.49     0.01      
13    4       135.32     153.49     0.04      
15    2       135.32     153.49     0.05      
16    2       135.32     153.49     0.02      
16    3       135.32     153.49     0.01      

