1 0.0 1  0.0 0.06204023765588021
1 0.0 2  0.0 0.054582649380349325
1 0.0 3  0.0 0.07288904875260607
1 0.0 4  0.0 0.07134584527383428
1 0.0 5  3.77 0.02019240835982089
1 0.0 6  3.77 0.015876666285513156
1 0.0 7  3.77 0.01620133269245438
1 0.0 8  3.77 0.03369574326604159
1 0.0 9  3.77 0.011292423640423153
1 0.0 10  3.77 0.012638313474769378
1 0.0 11  3.77 0.004929579712570749
1 0.0 12  3.77 0.0014729009090169204
1 0.0 13  3.77 0.010750529848821543
1 0.0 14  3.77 0.011787955246610717
1 0.0 15  7.24 0.030774005984660877
1 0.0 16  7.24 0.027306288020507507
1 0.0 17  7.24 0.020478633722164644
1 0.0 18  7.24 0.011385419850073665
1 0.0 19  7.24 0.010317295096932948
1 0.0 20  44.57 0.0019870872523122095
1 0.0 21  44.57 0.0016554122357753426
1 0.0 22  44.57 0.0016601042491265477
1 0.0 23  44.57 0.0020574320871840283
1 0.0 24  44.57 0.0043990436013682
1 0.0 25  44.57 0.0038867883330933836
1 0.0 26  44.57 0.0046193597082900915
1 0.0 27  44.57 0.0009399621294747427
1 0.0 28  44.57 0.0008964677191399421
1 0.0 29  44.57 0.0008825366497874745
1 0.0 30  44.57 0.0008205686038609246
1 0.0 31  44.57 0.0007460591087475534
1 0.0 32  44.57 0.000982410186375409
1 0.0 33  44.57 0.0009986477741339528
1 0.0 34  44.57 0.0008548368964773072
1 0.0 35  44.57 0.003624971656473557
1 0.0 36  44.57 0.0012199062379699482
1 0.0 37  44.57 0.0015327858869820376
1 0.0 38  44.57 0.001361316830937269
1 0.0 39  44.57 0.001332159693660917
1 0.0 40  44.57 0.001286948134030012
1 0.0 41  44.57 0.0014378598934034006
1 0.0 42  44.57 0.0006962060950067821
1 0.0 43  44.57 0.0012629462356456183
1 0.0 44  44.57 0.005994269522757001
1 0.0 45  44.57 0.005378728428970331
1 0.0 46  44.57 0.0060813224625733305
1 0.0 47  44.57 0.005417993012215515
1 0.0 48  44.57 0.008660837175993915
1 0.0 49  44.57 0.006112266717272839
1 0.0 50  44.57 0.008031398268769398
1 0.0 51  44.57 0.00890408911890217
1 0.0 52  44.57 0.002482333674716824
1 0.0 53  44.57 0.0036925187828537624
1 0.0 54  44.57 0.0022369064122349774
1 0.0 55  44.57 0.002430187867846616
1 0.0 56  44.57 0.0023060273428562386
1 0.0 57  44.57 0.0024171558654445834
1 0.0 58  51.19 0.012089273449585512
1 0.0 59  51.19 0.013547533301480893
1 0.0 60  51.19 0.018042760730327366
1 0.0 61  51.19 0.012075500838943837
1 0.0 62  51.19 0.0066618161450331176
2 0.0 2  0.0 0.060877279041205525
2 0.0 3  0.0 0.05386363138861353
2 0.0 4  0.0 0.10742806731126867
2 0.0 5  3.77 0.02344651791406996
2 0.0 6  3.77 0.019658436233950465
2 0.0 7  3.77 0.017628144340288424
2 0.0 8  3.77 0.03787400267957401
2 0.0 9  3.77 0.014256546830224252
2 0.0 10  3.77 0.016585085324663212
2 0.0 11  3.77 0.005837742887272897
2 0.0 12  3.77 0.0012700132718497417
2 0.0 13  3.77 0.0073248028197345555
2 0.0 14  3.77 0.0132971939071592
2 0.0 15  7.24 0.025906980724647137
2 0.0 16  7.24 0.03498362503612426
2 0.0 17  7.24 0.024713267448432864
2 0.0 18  7.24 0.008640754199060848
2 0.0 19  7.24 0.009221553847249209
2 0.0 20  44.57 0.001707457829025403
2 0.0 21  44.57 0.001573424819778671
2 0.0 22  44.57 0.0021139262674007447
2 0.0 23  44.57 0.002529570237054514
2 0.0 24  44.57 0.005513090433553143
2 0.0 25  44.57 0.0027470521934399444
2 0.0 26  44.57 0.0035423831125324396
2 0.0 27  44.57 0.0011370392674756062
2 0.0 28  44.57 0.0009031524037509352
2 0.0 29  44.57 0.0009100167718407095
2 0.0 30  44.57 0.000926534929838425
2 0.0 31  44.57 0.0008663273192205274
2 0.0 32  44.57 0.0010957193143529443
2 0.0 33  44.57 0.0010592467998836812
2 0.0 34  44.57 0.0009531358075576316
2 0.0 35  44.57 0.003924231906328559
2 0.0 36  44.57 0.0012076436247684269
2 0.0 37  44.57 0.001303051355877357
2 0.0 38  44.57 0.001091389157352334
2 0.0 39  44.57 0.001114077481578437
2 0.0 40  44.57 0.001096975421231159
2 0.0 41  44.57 0.001276972232280888
2 0.0 42  44.57 0.0008372124891880479
2 0.0 43  44.57 0.001124775371957568
2 0.0 44  44.57 0.005516684960172642
2 0.0 45  44.57 0.005294376566443881
2 0.0 46  44.57 0.006001355427921573
2 0.0 47  44.57 0.006088935304443003
2 0.0 48  44.57 0.006973188943634276
2 0.0 49  44.57 0.006897748935891014
2 0.0 50  44.57 0.007205562972469939
2 0.0 51  44.57 0.008250197742789987
2 0.0 52  44.57 0.0018664624744689684
2 0.0 53  44.57 0.0041350708847238534
2 0.0 54  44.57 0.0009550965458728769
2 0.0 55  44.57 0.001916516262071746
2 0.0 56  44.57 0.0027647246921149622
2 0.0 57  44.57 0.0030569827517269816
2 0.0 58  51.19 0.0185314436774362
2 0.0 59  51.19 0.009902432702582861
2 0.0 60  51.19 0.016593605160897116
2 0.0 61  51.19 0.013548247867704536
2 0.0 62  51.19 0.005127835794237733
3 0.0 3  0.0 0.005623713936807014
3 0.0 4  0.0 0.11898804489671796
3 0.0 5  3.77 0.011270166716408089
3 0.0 6  3.77 0.0231283690608527
3 0.0 7  3.77 0.03564013494800725
3 0.0 8  3.77 0.022007809519762254
3 0.0 9  3.77 0.011128442367640318
3 0.0 10  3.77 0.046345347566936534
3 0.0 11  3.77 0.009295451913839015
3 0.0 12  3.77 0.001057981702937884
3 0.0 13  3.77 0.04295314361088903
3 0.0 14  3.77 0.005659941389562627
3 0.0 15  7.24 0.04184013221735886
3 0.0 16  7.24 0.01831072372892207
3 0.0 17  7.24 0.0032145919116102024
3 0.0 18  7.24 0.04588245978102505
3 0.0 19  7.24 0.006924704792653958
3 0.0 20  44.57 0.002931723068838048
3 0.0 21  44.57 0.0028133237378828715
3 0.0 22  44.57 0.0031326374762513146
3 0.0 23  44.57 0.0024432806820544597
3 0.0 24  44.57 0.006678918226947386
3 0.0 25  44.57 0.003095006210993945
3 0.0 26  44.57 0.0007788707124871636
3 0.0 27  44.57 0.0033443951139491383
3 0.0 28  44.57 0.0026071679329543692
3 0.0 29  44.57 0.002050275055749589
3 0.0 30  44.57 0.0025610661575639635
3 0.0 31  44.57 0.002467097838582067
3 0.0 32  44.57 0.002693074850719207
3 0.0 33  44.57 0.0023322957608743525
3 0.0 34  44.57 0.002943765076878496
3 0.0 35  44.57 0.0051321469027353975
3 0.0 36  44.57 0.0035957280117559264
3 0.0 37  44.57 0.0029659555219699735
3 0.0 38  44.57 0.0027413453511362937
3 0.0 39  44.57 0.0028704979484964225
3 0.0 40  44.57 0.002701858587216745
3 0.0 41  44.57 0.002743380883978431
3 0.0 42  44.57 0.002587091367611819
3 0.0 43  44.57 0.0028432438089088597
3 0.0 44  44.57 0.00426182101639389
3 0.0 45  44.57 0.006113893235209196
3 0.0 46  44.57 0.006469412623497419
3 0.0 47  44.57 0.006606760565380093
3 0.0 48  44.57 0.004398267072213984
3 0.0 49  44.57 0.0019927227635451635
3 0.0 50  44.57 0.0007525468179669339
3 0.0 51  44.57 0.0019264638966012984
3 0.0 52  44.57 0.0037613101610579815
3 0.0 53  44.57 0.002159323197501683
3 0.0 54  44.57 0.0021164011940544222
3 0.0 55  44.57 0.0017535573020726238
3 0.0 56  44.57 0.0022565347165440387
3 0.0 57  44.57 0.0015700946246540901
3 0.0 58  51.19 0.008439938897087856
3 0.0 59  51.19 0.011247904847271556
3 0.0 60  51.19 0.016038716156265766
3 0.0 61  51.19 0.02038935146669324
3 0.0 62  51.19 0.019313873664857685
4 0.0 4  0.0 0.12645802114858037
4 0.0 5  3.77 0.013830052184897836
4 0.0 6  3.77 0.010673947851756984
4 0.0 7  3.77 0.011093153157749601
4 0.0 8  3.77 0.028332445412410052
4 0.0 9  3.77 0.010049600367919095
4 0.0 10  3.77 0.006098366065205486
4 0.0 11  3.77 0.004013465071495699
4 0.0 12  3.77 0.0009750528299603486
4 0.0 13  3.77 0.007954252506978173
4 0.0 14  3.77 0.010629433794189447
4 0.0 15  7.24 0.033660927938168356
4 0.0 16  7.24 0.019719371848555142
4 0.0 17  7.24 0.01694108556889067
4 0.0 18  7.24 0.009508847315087821
4 0.0 19  7.24 0.00585026062714903
4 0.0 20  44.57 0.003718469646561419
4 0.0 21  44.57 0.003445391570876958
4 0.0 22  44.57 0.004511822126852855
4 0.0 23  44.57 0.002883342300050464
4 0.0 24  44.57 0.004761195902363418
4 0.0 25  44.57 0.003723930356761409
4 0.0 26  44.57 0.0026910381844693436
4 0.0 27  44.57 0.0011236134326912312
4 0.0 28  44.57 0.002085245997749669
4 0.0 29  44.57 0.002740948444959436
4 0.0 30  44.57 0.002481556349425252
4 0.0 31  44.57 0.002264243885726279
4 0.0 32  44.57 0.001618511830451904
4 0.0 33  44.57 0.002229550871461162
4 0.0 34  44.57 0.0023211726118629065
4 0.0 35  44.57 0.002908083140201187
4 0.0 36  44.57 0.0014508331566008403
4 0.0 37  44.57 0.0022436255896642584
4 0.0 38  44.57 0.0022675655327494743
4 0.0 39  44.57 0.0022747733382944206
4 0.0 40  44.57 0.002303010794813422
4 0.0 41  44.57 0.001795544798904889
4 0.0 42  44.57 0.002100831576418968
4 0.0 43  44.57 0.0020895465720207756
4 0.0 44  44.57 0.0031495925372188394
4 0.0 45  44.57 0.002096667791762914
4 0.0 46  44.57 0.003837521006630532
4 0.0 47  44.57 0.004175168181790023
4 0.0 48  44.57 0.0025337839289376165
4 0.0 49  44.57 0.007150999619243217
4 0.0 50  44.57 0.004155164828275711
4 0.0 51  44.57 0.004439303648519373
4 0.0 52  44.57 0.007273609802955671
4 0.0 53  44.57 0.006056492930962294
4 0.0 54  44.57 0.0063517725203186695
4 0.0 55  44.57 0.0028482014052340038
4 0.0 56  44.57 0.0023330216597867263
4 0.0 57  44.57 0.0010083642567827761
4 0.0 58  51.19 0.007023621883337449
4 0.0 59  51.19 0.009365543858555024
4 0.0 60  51.19 0.007426252572285823
4 0.0 61  51.19 0.008919958872758772
4 0.0 62  51.19 0.004929816360093481
5 3.77 5  0.0 0.02430282041441914
5 3.77 6  0.0 0.012080323974639172
5 3.77 7  0.0 0.024913983951636173
5 3.77 8  0.0 0.009941775498689097
5 3.77 9  0.0 0.0082050146660082
5 3.77 10  0.0 0.031085737314943365
5 3.77 11  0.0 0.014085409361273452
5 3.77 12  0.0 0.024552373167092363
5 3.77 13  0.0 0.04098384398108713
5 3.77 14  0.0 0.03378444906493046
5 3.77 15  3.48 0.005587072706527489
5 3.77 16  3.48 0.0067635542859265175
5 3.77 17  3.48 0.03034113122186567
5 3.77 18  3.48 0.01097554206360551
5 3.77 19  3.48 0.044983394902094465
5 3.77 20  40.8 0.0023661011905359523
5 3.77 21  40.8 0.00658263030877587
5 3.77 22  40.8 0.0008065023498406607
5 3.77 23  40.8 0.004008889636187323
5 3.77 24  40.8 0.008264503637852345
5 3.77 25  40.8 0.0057104032161306925
5 3.77 26  40.8 0.003536109396553286
5 3.77 27  40.8 0.009508175354949163
5 3.77 28  40.8 0.0077171163649932765
5 3.77 29  40.8 0.0070589106294300765
5 3.77 30  40.8 0.006732548063398739
5 3.77 31  40.8 0.006469533975345296
5 3.77 32  40.8 0.007074412040116263
5 3.77 33  40.8 0.006916066484244044
5 3.77 34  40.8 0.006643839656879894
5 3.77 35  40.8 0.00998327212656203
5 3.77 36  40.8 0.009161605772921199
5 3.77 37  40.8 0.006986296569297241
5 3.77 38  40.8 0.006696686592543594
5 3.77 39  40.8 0.00679661476805133
5 3.77 40  40.8 0.0064638229188427885
5 3.77 41  40.8 0.006748874138409715
5 3.77 42  40.8 0.006309196235751069
5 3.77 43  40.8 0.006737560413037212
5 3.77 44  40.8 0.00308843641686861
5 3.77 45  40.8 0.002569240606852124
5 3.77 46  40.8 0.0025818655189305535
5 3.77 47  40.8 0.002844332359032804
5 3.77 48  40.8 0.006154245870222195
5 3.77 49  40.8 0.0026422346144975416
5 3.77 50  40.8 0.001100221932774867
5 3.77 51  40.8 0.001797222544499045
5 3.77 52  40.8 0.0019779578305983074
5 3.77 53  40.8 0.003480733088082878
5 3.77 54  40.8 0.003466454298027786
5 3.77 55  40.8 0.0037361923462059968
5 3.77 56  40.8 0.0042878122433047715
5 3.77 57  40.8 0.0025896551638024084
5 3.77 58  47.42 0.002873906409625073
5 3.77 59  47.42 0.0033270564986644766
5 3.77 60  47.42 0.0046618946157932495
5 3.77 61  47.42 0.0018698145229083716
5 3.77 62  47.42 0.00484736790841895
6 3.77 6  0.0 0.15005265378251817
6 3.77 7  0.0 0.10987853142437255
6 3.77 8  0.0 0.013807954094329007
6 3.77 9  0.0 0.04008479928455789
6 3.77 10  0.0 0.010634883631536196
6 3.77 11  0.0 0.025116610361423014
6 3.77 12  0.0 0.003799831201408413
6 3.77 13  0.0 0.01656151753339007
6 3.77 14  0.0 0.01920022077851829
6 3.77 15  3.48 0.0057922706224819605
6 3.77 16  3.48 0.001503924692490826
6 3.77 17  3.48 0.011463150091886398
6 3.77 18  3.48 0.004400477142852584
6 3.77 19  3.48 0.0063469049342575745
6 3.77 20  40.8 0.0006062995126199806
6 3.77 21  40.8 0.0013983597960575194
6 3.77 22  40.8 0.0012624421268868505
6 3.77 23  40.8 0.0007841446156565675
6 3.77 24  40.8 0.0022364792694054446
6 3.77 25  40.8 0.0012683053278386516
6 3.77 26  40.8 0.000612746070834995
6 3.77 27  40.8 0.0006375803240757416
6 3.77 28  40.8 0.0006664936356573726
6 3.77 29  40.8 0.0008079728358009863
6 3.77 30  40.8 0.0007278331494870256
6 3.77 31  40.8 0.0006826013685853108
6 3.77 32  40.8 0.0007230271390405185
6 3.77 33  40.8 0.0007599788401067844
6 3.77 34  40.8 0.0006193742563305553
6 3.77 35  40.8 0.0021655374834134
6 3.77 36  40.8 0.0009636361144664097
6 3.77 37  40.8 0.0008484100307189736
6 3.77 38  40.8 0.0007576000874934506
6 3.77 39  40.8 0.0007673684891618549
6 3.77 40  40.8 0.0007604645793842159
6 3.77 41  40.8 0.0008033952025198395
6 3.77 42  40.8 0.0005285213555822368
6 3.77 43  40.8 0.0007089786792283603
6 3.77 44  40.8 0.0006992926612610768
6 3.77 45  40.8 0.0010591947127658995
6 3.77 46  40.8 0.0012741548737560842
6 3.77 47  40.8 0.0011158285418945031
6 3.77 48  40.8 0.000989361036963488
6 3.77 49  40.8 0.0006364732164615427
6 3.77 50  40.8 0.00015934444140763295
6 3.77 51  40.8 0.0006556874529609109
6 3.77 52  40.8 0.0010732440721589176
6 3.77 53  40.8 0.0005653879031430769
6 3.77 54  40.8 0.0014191105972199772
6 3.77 55  40.8 0.0005607913666876541
6 3.77 56  40.8 0.0002793678303034835
6 3.77 57  40.8 0.0018097738418693518
6 3.77 58  47.42 0.0021672970223650923
6 3.77 59  47.42 0.0019220268403419994
6 3.77 60  47.42 0.005466740952902583
6 3.77 61  47.42 0.0012381898945215434
6 3.77 62  47.42 0.0048398160693199025
7 3.77 7  0.0 0.08923388981248938
7 3.77 8  0.0 0.00995865274802089
7 3.77 9  0.0 0.03505854473145151
7 3.77 10  0.0 0.009176079233701288
7 3.77 11  0.0 0.016079348804324663
7 3.77 12  0.0 0.004475745469209676
7 3.77 13  0.0 0.012317030122082828
7 3.77 14  0.0 0.01557951095808685
7 3.77 15  3.48 0.003506312711775564
7 3.77 16  3.48 0.0010855989497499368
7 3.77 17  3.48 0.010882360508972809
7 3.77 18  3.48 0.003433404931717448
7 3.77 19  3.48 0.009952666144012067
7 3.77 20  40.8 0.001175225271654005
7 3.77 21  40.8 0.0008623387345617468
7 3.77 22  40.8 0.0028986889283023932
7 3.77 23  40.8 0.0017716767779061692
7 3.77 24  40.8 0.0026310017068265435
7 3.77 25  40.8 0.0010869060020784163
7 3.77 26  40.8 0.000989400244060655
7 3.77 27  40.8 0.001098627868500228
7 3.77 28  40.8 0.0013032420968280443
7 3.77 29  40.8 0.001202055977056829
7 3.77 30  40.8 0.0012087168541278998
7 3.77 31  40.8 0.0013982680913935846
7 3.77 32  40.8 0.0014824154213878052
7 3.77 33  40.8 0.0013237639576795072
7 3.77 34  40.8 0.0013055723091191548
7 3.77 35  40.8 0.001818465035648079
7 3.77 36  40.8 0.0013831521427497594
7 3.77 37  40.8 0.0014914492617552014
7 3.77 38  40.8 0.0015469106494897813
7 3.77 39  40.8 0.0014737880727433914
7 3.77 40  40.8 0.0016157967790443382
7 3.77 41  40.8 0.001524323815279699
7 3.77 42  40.8 0.0015182999683333227
7 3.77 43  40.8 0.0017054488997805275
7 3.77 44  40.8 0.0019641607445459418
7 3.77 45  40.8 0.0020152241437644126
7 3.77 46  40.8 0.001830433772255871
7 3.77 47  40.8 0.0020571608439779467
7 3.77 48  40.8 0.0031019390968974802
7 3.77 49  40.8 0.000415488926837384
7 3.77 50  40.8 0.0011603617720791677
7 3.77 51  40.8 0.0009453749574576273
7 3.77 52  40.8 0.0008119635968423151
7 3.77 53  40.8 0.0005874761157223481
7 3.77 54  40.8 0.0009051670684947546
7 3.77 55  40.8 0.00131763896680804
7 3.77 56  40.8 0.000689613131587259
7 3.77 57  40.8 0.0011198603438454346
7 3.77 58  47.42 0.0032343235728101594
7 3.77 59  47.42 0.0025557141084328163
7 3.77 60  47.42 0.008034858333114684
7 3.77 61  47.42 0.0008079514469811593
7 3.77 62  47.42 0.0034890234423457026
8 3.77 8  0.0 0.018577209489681404
8 3.77 9  0.0 0.006449028978851969
8 3.77 10  0.0 0.020482544819173852
8 3.77 11  0.0 0.04817761841021943
8 3.77 12  0.0 0.011678433172045484
8 3.77 13  0.0 0.010775470211724387
8 3.77 14  0.0 0.022019263089581312
8 3.77 15  3.48 0.011799790581241008
8 3.77 16  3.48 0.030092670631805596
8 3.77 17  3.48 0.024046456036535158
8 3.77 18  3.48 0.027613066457822296
8 3.77 19  3.48 0.00265305269737557
8 3.77 20  40.8 0.003825625057189469
8 3.77 21  40.8 0.0005595405486294582
8 3.77 22  40.8 0.0012995103252936072
8 3.77 23  40.8 0.000754770632336615
8 3.77 24  40.8 0.0020964259749143327
8 3.77 25  40.8 0.001225065624819418
8 3.77 26  40.8 0.0016563279589428058
8 3.77 27  40.8 0.0016296661983110823
8 3.77 28  40.8 0.001225019802682961
8 3.77 29  40.8 0.00122720960130839
8 3.77 30  40.8 0.0012305529973246593
8 3.77 31  40.8 0.001438349728734549
8 3.77 32  40.8 0.0012359187914605498
8 3.77 33  40.8 0.0012275588673575524
8 3.77 34  40.8 0.0016980321219971489
8 3.77 35  40.8 0.001483856820460107
8 3.77 36  40.8 0.0013105099650269044
8 3.77 37  40.8 0.0014199874120646079
8 3.77 38  40.8 0.0014635068804437976
8 3.77 39  40.8 0.0013925175814714918
8 3.77 40  40.8 0.0014676703288932667
8 3.77 41  40.8 0.001085870707203447
8 3.77 42  40.8 0.0014898412782718411
8 3.77 43  40.8 0.0013680467921230554
8 3.77 44  40.8 0.0022723225240473184
8 3.77 45  40.8 0.0022087615275297686
8 3.77 46  40.8 0.0019278073843605485
8 3.77 47  40.8 0.0031363754577951692
8 3.77 48  40.8 0.0019769427033276108
8 3.77 49  40.8 0.0012256634455748315
8 3.77 50  40.8 0.001317031691460055
8 3.77 51  40.8 0.0017525001926845516
8 3.77 52  40.8 0.0006432046059932234
8 3.77 53  40.8 0.0013901659495275521
8 3.77 54  40.8 0.0028120760795111734
8 3.77 55  40.8 0.0004153374039717344
8 3.77 56  40.8 0.0019374998731138788
8 3.77 57  40.8 0.0030586572145180984
8 3.77 58  47.42 0.007214045264624806
8 3.77 59  47.42 0.0018247955048053448
8 3.77 60  47.42 0.0025820292439098797
8 3.77 61  47.42 0.0033939718356529734
8 3.77 62  47.42 0.012552954107511336
9 3.77 9  0.0 0.0047837874939276335
9 3.77 10  0.0 0.015662993945249896
9 3.77 11  0.0 0.11221683957439316
9 3.77 12  0.0 0.03402276857458179
9 3.77 13  0.0 0.01594687084234444
9 3.77 14  0.0 0.021561987115445498
9 3.77 15  3.48 0.021789072698342477
9 3.77 16  3.48 0.021828064787050534
9 3.77 17  3.48 0.050206651850356394
9 3.77 18  3.48 0.038245998727438016
9 3.77 19  3.48 0.007333513652922825
9 3.77 20  40.8 0.0014812173723406964
9 3.77 21  40.8 0.0009841253155842195
9 3.77 22  40.8 0.0011700423269432967
9 3.77 23  40.8 0.0012263535417271492
9 3.77 24  40.8 0.0015493597253090927
9 3.77 25  40.8 0.002982731532945119
9 3.77 26  40.8 0.001757685779776393
9 3.77 27  40.8 0.002904583249677509
9 3.77 28  40.8 0.002119724327719609
9 3.77 29  40.8 0.002160880335889633
9 3.77 30  40.8 0.002144259849061049
9 3.77 31  40.8 0.0024307730443890105
9 3.77 32  40.8 0.0019569764897749203
9 3.77 33  40.8 0.0022256126358199905
9 3.77 34  40.8 0.002504799350112452
9 3.77 35  40.8 0.0013672820034794045
9 3.77 36  40.8 0.002250849493330467
9 3.77 37  40.8 0.0021729438731282824
9 3.77 38  40.8 0.0022672836231035177
9 3.77 39  40.8 0.002274891779779449
9 3.77 40  40.8 0.0023515883588523467
9 3.77 41  40.8 0.0024354101575735482
9 3.77 42  40.8 0.002440008357270483
9 3.77 43  40.8 0.0024297371288960245
9 3.77 44  40.8 0.0019715277681948
9 3.77 45  40.8 0.003288192426935786
9 3.77 46  40.8 0.0031343733836218047
9 3.77 47  40.8 0.0033048885934028735
9 3.77 48  40.8 0.0012244210117999506
9 3.77 49  40.8 0.0018063821974686365
9 3.77 50  40.8 0.00018527420175033852
9 3.77 51  40.8 0.0012703324570671702
9 3.77 52  40.8 0.0018123002975339152
9 3.77 53  40.8 0.0009110494139999408
9 3.77 54  40.8 0.0008714570784937816
9 3.77 55  40.8 0.00031132005019983617
9 3.77 56  40.8 0.00022216984838318467
9 3.77 57  40.8 0.0016088813940747626
9 3.77 58  47.42 0.0038963117841469947
9 3.77 59  47.42 0.006776462387585518
9 3.77 60  47.42 0.00648342436677847
9 3.77 61  47.42 0.00760713815385439
9 3.77 62  47.42 0.003383928271166292
10 3.77 10  0.0 0.06084687484990399
10 3.77 11  0.0 0.031192885382641727
10 3.77 12  0.0 0.03168156521776159
10 3.77 13  0.0 0.018915986382270794
10 3.77 14  0.0 0.03814139211238709
10 3.77 15  3.48 0.006874260562727851
10 3.77 16  3.48 0.02028737463095678
10 3.77 17  3.48 0.03612158938935302
10 3.77 18  3.48 0.010943675598757521
10 3.77 19  3.48 0.008426899669010536
10 3.77 20  40.8 0.0007243337627431359
10 3.77 21  40.8 0.0017398700660729686
10 3.77 22  40.8 0.0007424283068628257
10 3.77 23  40.8 0.0006241243345914756
10 3.77 24  40.8 0.0035382023852426024
10 3.77 25  40.8 0.00226424790206826
10 3.77 26  40.8 0.0009078131675708948
10 3.77 27  40.8 0.0008623321372032825
10 3.77 28  40.8 0.0009190980122220501
10 3.77 29  40.8 0.0007999735071856522
10 3.77 30  40.8 0.0008006781381544923
10 3.77 31  40.8 0.0009096708555098658
10 3.77 32  40.8 0.0009234792103481404
10 3.77 33  40.8 0.0008458134498209664
10 3.77 34  40.8 0.0009875819082416485
10 3.77 35  40.8 0.0025152799242733133
10 3.77 36  40.8 0.001055790297205844
10 3.77 37  40.8 0.0008785023325060411
10 3.77 38  40.8 0.0008406554119709459
10 3.77 39  40.8 0.0008228976668693895
10 3.77 40  40.8 0.0008525983054150367
10 3.77 41  40.8 0.0008320233455659088
10 3.77 42  40.8 0.0009208260131472125
10 3.77 43  40.8 0.0008419411575715172
10 3.77 44  40.8 0.0019947715498060082
10 3.77 45  40.8 0.002592478330759663
10 3.77 46  40.8 0.002845868465649667
10 3.77 47  40.8 0.0034780032388594365
10 3.77 48  40.8 0.0030896596882835983
10 3.77 49  40.8 0.001043383999746655
10 3.77 50  40.8 0.0034188923512113796
10 3.77 51  40.8 0.003287845476729705
10 3.77 52  40.8 0.0027511004731381626
10 3.77 53  40.8 0.0005879805846893318
10 3.77 54  40.8 0.0016880517031970096
10 3.77 55  40.8 0.0024159370168259997
10 3.77 56  40.8 0.0029109097473303753
10 3.77 57  40.8 0.0031143426242489724
10 3.77 58  47.42 0.003567498272996055
10 3.77 59  47.42 0.00204154408784024
10 3.77 60  47.42 0.0046778650740853045
10 3.77 61  47.42 0.003303104921392734
10 3.77 62  47.42 0.004606961405550211
11 3.77 11  0.0 0.023151334959385653
11 3.77 12  0.0 0.011546714831788285
11 3.77 13  0.0 0.025665273890290427
11 3.77 14  0.0 0.028167988592647235
11 3.77 15  3.48 0.018029862894529534
11 3.77 16  3.48 0.01257022323392762
11 3.77 17  3.48 0.04966327042337079
11 3.77 18  3.48 0.004223343707427019
11 3.77 19  3.48 0.05103475288617161
11 3.77 20  40.8 0.0006491680950093751
11 3.77 21  40.8 0.0007557871213722743
11 3.77 22  40.8 0.0038360021259379066
11 3.77 23  40.8 0.0022869789728868447
11 3.77 24  40.8 0.0009150650764924582
11 3.77 25  40.8 0.0006415596490853936
11 3.77 26  40.8 0.00042156074819190174
11 3.77 27  40.8 0.0015309566142171847
11 3.77 28  40.8 0.0016425494683852222
11 3.77 29  40.8 0.0017587135315108937
11 3.77 30  40.8 0.001505390094155997
11 3.77 31  40.8 0.0016612367277731108
11 3.77 32  40.8 0.0018174829896325823
11 3.77 33  40.8 0.0017534250888728918
11 3.77 34  40.8 0.0014135801370889548
11 3.77 35  40.8 0.0011099078958721792
11 3.77 36  40.8 0.0010446265226691663
11 3.77 37  40.8 0.0010844226006316584
11 3.77 38  40.8 0.0011742546344430077
11 3.77 39  40.8 0.001128868044200512
11 3.77 40  40.8 0.0011544799776100397
11 3.77 41  40.8 0.001205371019160548
11 3.77 42  40.8 0.0016373796304299847
11 3.77 43  40.8 0.0012387816064275995
11 3.77 44  40.8 0.0005936627946871139
11 3.77 45  40.8 0.0005764537891022607
11 3.77 46  40.8 0.0006422088062017534
11 3.77 47  40.8 0.0011132620074664275
11 3.77 48  40.8 0.0012836596616180277
11 3.77 49  40.8 0.001008183223193118
11 3.77 50  40.8 0.001463935210885228
11 3.77 51  40.8 0.0021910973295288807
11 3.77 52  40.8 0.0019895961012802335
11 3.77 53  40.8 0.0017428395243196543
11 3.77 54  40.8 0.0016879168435572963
11 3.77 55  40.8 0.0010633852054986
11 3.77 56  40.8 0.0007300355049830186
11 3.77 57  40.8 0.000636071899839328
11 3.77 58  47.42 0.012409638782267635
11 3.77 59  47.42 0.008455893985694782
11 3.77 60  47.42 0.001925447079487355
11 3.77 61  47.42 0.005879117112517505
11 3.77 62  47.42 0.009973415312252518
12 3.77 12  0.0 0.162123380576518
12 3.77 13  0.0 0.03773871782151561
12 3.77 14  0.0 0.03708414005113864
12 3.77 15  3.48 0.013676132597180484
12 3.77 16  3.48 0.01828607323860928
12 3.77 17  3.48 0.011599812856187419
12 3.77 18  3.48 0.011574212314312275
12 3.77 19  3.48 0.029673791457500116
12 3.77 20  40.8 0.0018731800343343259
12 3.77 21  40.8 0.0024275532076815406
12 3.77 22  40.8 0.0012644604131312044
12 3.77 23  40.8 0.0006143130093332411
12 3.77 24  40.8 0.0017803527518525462
12 3.77 25  40.8 0.001677710846563034
12 3.77 26  40.8 0.0005683959834342279
12 3.77 27  40.8 0.00044366991942015405
12 3.77 28  40.8 0.00048650274964496154
12 3.77 29  40.8 0.0005105680472660951
12 3.77 30  40.8 0.000628414028756344
12 3.77 31  40.8 0.00043224931598365217
12 3.77 32  40.8 0.00037756321945938993
12 3.77 33  40.8 0.00046260640809772777
12 3.77 34  40.8 0.0005000209024055781
12 3.77 35  40.8 0.00202769501491761
12 3.77 36  40.8 0.0006762451413509915
12 3.77 37  40.8 0.00036529252213477994
12 3.77 38  40.8 0.0003201398918802463
12 3.77 39  40.8 0.0003763864140840711
12 3.77 40  40.8 0.0003225455490913834
12 3.77 41  40.8 0.0003068524175293529
12 3.77 42  40.8 0.000254666506805128
12 3.77 43  40.8 0.00029302207158002385
12 3.77 44  40.8 0.0018457002958448148
12 3.77 45  40.8 0.0015252934932791454
12 3.77 46  40.8 0.001378454763500799
12 3.77 47  40.8 0.0016288782549105571
12 3.77 48  40.8 0.0010182524887542444
12 3.77 49  40.8 0.0006416258123139078
12 3.77 50  40.8 0.006646273675805639
12 3.77 51  40.8 0.0030190529706509103
12 3.77 52  40.8 0.002253555943638409
12 3.77 53  40.8 0.0016963641274351925
12 3.77 54  40.8 0.002269654626862608
12 3.77 55  40.8 0.0037628046713080953
12 3.77 56  40.8 0.0022648617452707253
12 3.77 57  40.8 0.0018557601892513309
12 3.77 58  47.42 0.002516241718563872
12 3.77 59  47.42 0.0031485280109696968
12 3.77 60  47.42 0.005679073668332193
12 3.77 61  47.42 0.004933938747081204
12 3.77 62  47.42 0.003150148121951312
13 3.77 13  0.0 0.016617139092170503
13 3.77 14  0.0 0.035937904822449934
13 3.77 15  3.48 0.014875300013347121
13 3.77 16  3.48 0.01066437888621843
13 3.77 17  3.48 0.03459915558029051
13 3.77 18  3.48 0.013077678460703072
13 3.77 19  3.48 0.02021225061630208
13 3.77 20  40.8 0.004956112166975767
13 3.77 21  40.8 0.0010740412240825726
13 3.77 22  40.8 0.0013430250463719211
13 3.77 23  40.8 0.002401368170525677
13 3.77 24  40.8 0.001546093314215339
13 3.77 25  40.8 0.00151190724950631
13 3.77 26  40.8 0.002465327605218614
13 3.77 27  40.8 0.0020632486348261024
13 3.77 28  40.8 0.0020591360610550257
13 3.77 29  40.8 0.0021787518976114856
13 3.77 30  40.8 0.002206566071622729
13 3.77 31  40.8 0.002091178038941055
13 3.77 32  40.8 0.002164049341119029
13 3.77 33  40.8 0.0021799471555581113
13 3.77 34  40.8 0.002005359546922903
13 3.77 35  40.8 0.000822015129158119
13 3.77 36  40.8 0.002045684959904931
13 3.77 37  40.8 0.0025169912438373645
13 3.77 38  40.8 0.002496839765481104
13 3.77 39  40.8 0.002467668745949447
13 3.77 40  40.8 0.0024930833515928873
13 3.77 41  40.8 0.0023422707994513606
13 3.77 42  40.8 0.0020256574257363795
13 3.77 43  40.8 0.002367736263313232
13 3.77 44  40.8 0.0002587520640889216
13 3.77 45  40.8 0.00026672045549369964
13 3.77 46  40.8 0.00030694720627933055
13 3.77 47  40.8 0.0004641100462976776
13 3.77 48  40.8 0.0003881754183278753
13 3.77 49  40.8 0.0009576197821355678
13 3.77 50  40.8 0.003124998975548295
13 3.77 51  40.8 0.00409568572127089
13 3.77 52  40.8 0.0005492273031436478
13 3.77 53  40.8 0.0010721558886792695
13 3.77 54  40.8 0.004335582570436117
13 3.77 55  40.8 0.0016073056614341512
13 3.77 56  40.8 0.004844009672161684
13 3.77 57  40.8 0.00445692436216437
13 3.77 58  47.42 0.005312769593962198
13 3.77 59  47.42 0.004255808678721705
13 3.77 60  47.42 0.0056010000722971545
13 3.77 61  47.42 0.002857577078198085
13 3.77 62  47.42 0.003777821886843712
14 3.77 14  0.0 0.054854682291606574
14 3.77 15  3.48 0.009071010269000897
14 3.77 16  3.48 0.025764808793998756
14 3.77 17  3.48 0.0034542076737477992
14 3.77 18  3.48 0.01021375358853498
14 3.77 19  3.48 0.0337426872487432
14 3.77 20  40.8 0.0025244994843699993
14 3.77 21  40.8 0.0008468816105746467
14 3.77 22  40.8 0.0023438010047324353
14 3.77 23  40.8 0.002405159730558392
14 3.77 24  40.8 0.0007852924194850079
14 3.77 25  40.8 0.0007525020849097529
14 3.77 26  40.8 0.001988225299649066
14 3.77 27  40.8 0.0010736490673211312
14 3.77 28  40.8 0.0015638926092925217
14 3.77 29  40.8 0.0018665433607918621
14 3.77 30  40.8 0.001661158729985702
14 3.77 31  40.8 0.0015540407173154536
14 3.77 32  40.8 0.0016314039008582392
14 3.77 33  40.8 0.0019376754754183833
14 3.77 34  40.8 0.0013280669429919121
14 3.77 35  40.8 0.0007641595980104777
14 3.77 36  40.8 0.001277808775657091
14 3.77 37  40.8 0.0017598128240156393
14 3.77 38  40.8 0.0015955328870712574
14 3.77 39  40.8 0.0016086212753214683
14 3.77 40  40.8 0.001604768616292699
14 3.77 41  40.8 0.0017155477756760577
14 3.77 42  40.8 0.001758673719240613
14 3.77 43  40.8 0.0015290335227506687
14 3.77 44  40.8 0.0009615568556130151
14 3.77 45  40.8 0.0006558262184665127
14 3.77 46  40.8 0.0010113076749496113
14 3.77 47  40.8 0.0010194478954973529
14 3.77 48  40.8 0.0012438721643898917
14 3.77 49  40.8 0.002466736231493672
14 3.77 50  40.8 0.0021862139808941335
14 3.77 51  40.8 0.0022112003961075296
14 3.77 52  40.8 8.91720587935777e-5
14 3.77 53  40.8 0.0010452987551627833
14 3.77 54  40.8 0.0052242269176430624
14 3.77 55  40.8 0.0037296577651795516
14 3.77 56  40.8 0.005510050893469448
14 3.77 57  40.8 0.005117347449969451
14 3.77 58  47.42 0.001026052271136193
14 3.77 59  47.42 0.003455802507027274
14 3.77 60  47.42 0.008424780949088297
14 3.77 61  47.42 0.0028193884358703896
14 3.77 62  47.42 0.0034643007903490232
15 7.24 15  0.0 0.0001746504963150315
15 7.24 16  0.0 0.01145782151183819
15 7.24 17  0.0 0.013070707631682119
15 7.24 18  0.0 0.006385026733680323
15 7.24 19  0.0 0.025734180267691344
15 7.24 20  37.32 0.00179125547920626
15 7.24 21  37.32 0.0012004895750927246
15 7.24 22  37.32 0.000909171857367829
15 7.24 23  37.32 0.003153458883773378
15 7.24 24  37.32 0.002034556972542783
15 7.24 25  37.32 0.0013539637124795226
15 7.24 26  37.32 0.00403347171218242
15 7.24 27  37.32 0.0018369542844372724
15 7.24 28  37.32 0.0009908652368095044
15 7.24 29  37.32 0.0012659779251059252
15 7.24 30  37.32 0.001120387629859167
15 7.24 31  37.32 0.0010467812192463605
15 7.24 32  37.32 0.0011076364013007023
15 7.24 33  37.32 0.001184217734892501
15 7.24 34  37.32 0.0021901935282348166
15 7.24 35  37.32 0.0008861526262794021
15 7.24 36  37.32 0.0022865882149790346
15 7.24 37  37.32 0.0019824447226633544
15 7.24 38  37.32 0.0019641916560348086
15 7.24 39  37.32 0.0019035433248225746
15 7.24 40  37.32 0.002067908051010216
15 7.24 41  37.32 0.002249691376012564
15 7.24 42  37.32 0.0019482867394792016
15 7.24 43  37.32 0.0022598815877311776
15 7.24 44  37.32 0.0026951750272492447
15 7.24 45  37.32 0.0020317619104457847
15 7.24 46  37.32 0.00283890658053288
15 7.24 47  37.32 0.0031902989959273808
15 7.24 48  37.32 0.0021473518945459283
15 7.24 49  37.32 0.0032330524802499302
15 7.24 50  37.32 0.0018113522497868375
15 7.24 51  37.32 0.003418527633829112
15 7.24 52  37.32 0.0020782148801754925
15 7.24 53  37.32 0.0037578080474743626
15 7.24 54  37.32 0.0008363124443002771
15 7.24 55  37.32 0.00198070555309522
15 7.24 56  37.32 0.0006022021492287289
15 7.24 57  37.32 0.0026318545021328677
15 7.24 58  43.95 0.0021745762894830488
15 7.24 59  43.95 0.001433952291923174
15 7.24 60  43.95 0.0020139714643741817
15 7.24 61  43.95 0.002021482722630259
15 7.24 62  43.95 0.0016923714125998916
16 7.24 16  0.0 0.008869701969437267
16 7.24 17  0.0 0.03867769615416242
16 7.24 18  0.0 0.00118377684289684
16 7.24 19  0.0 0.04250663847661665
16 7.24 20  37.32 0.004833013849154012
16 7.24 21  37.32 0.0011873618897147113
16 7.24 22  37.32 0.0010150081394074122
16 7.24 23  37.32 0.0012876583411795804
16 7.24 24  37.32 0.002181821117521753
16 7.24 25  37.32 0.000499374076005171
16 7.24 26  37.32 0.0008337096014833089
16 7.24 27  37.32 0.0011850584770245753
16 7.24 28  37.32 0.0013735377262466132
16 7.24 29  37.32 0.001162957421009445
16 7.24 30  37.32 0.0013314165111449365
16 7.24 31  37.32 0.0012003798625601003
16 7.24 32  37.32 0.001197823124997983
16 7.24 33  37.32 0.00116774341783942
16 7.24 34  37.32 0.0011942128111509485
16 7.24 35  37.32 0.0003413371989510509
16 7.24 36  37.32 0.0007759793661752378
16 7.24 37  37.32 0.0014240400617511351
16 7.24 38  37.32 0.0014432693904056354
16 7.24 39  37.32 0.0013908375380944184
16 7.24 40  37.32 0.0014355859764626218
16 7.24 41  37.32 0.0013067936526111427
16 7.24 42  37.32 0.0015673813423000595
16 7.24 43  37.32 0.0015028981378232503
16 7.24 44  37.32 0.0038599363058097478
16 7.24 45  37.32 0.004268533792785259
16 7.24 46  37.32 0.0037188829095569083
16 7.24 47  37.32 0.005498051851301652
16 7.24 48  37.32 0.0021587685494230367
16 7.24 49  37.32 0.002174276765008558
16 7.24 50  37.32 0.004587896730057101
16 7.24 51  37.32 0.002233795644089341
16 7.24 52  37.32 0.0030641330348140827
16 7.24 53  37.32 0.002804463305273686
16 7.24 54  37.32 0.0013519960698315594
16 7.24 55  37.32 0.002053738030000649
16 7.24 56  37.32 0.0019217270652819955
16 7.24 57  37.32 0.0028925124448226703
16 7.24 58  43.95 0.0044539613158445426
16 7.24 59  43.95 0.002212241487206362
16 7.24 60  43.95 0.0059531992675594565
16 7.24 61  43.95 0.0028322463189556727
16 7.24 62  43.95 0.0024977210113219604
17 7.24 17  0.0 0.002202281520767522
17 7.24 18  0.0 0.02751916267895583
17 7.24 19  0.0 0.0455608207671083
17 7.24 20  37.32 0.0013050899813704328
17 7.24 21  37.32 0.00042779567172041206
17 7.24 22  37.32 0.0021880258510978893
17 7.24 23  37.32 0.0018734115580017066
17 7.24 24  37.32 0.0007071856689452195
17 7.24 25  37.32 0.0014100613861398853
17 7.24 26  37.32 0.002019402680070808
17 7.24 27  37.32 0.0010875343682025184
17 7.24 28  37.32 0.0007000011765666542
17 7.24 29  37.32 0.0006217221107362899
17 7.24 30  37.32 0.0006676886733475285
17 7.24 31  37.32 0.0008188175145848556
17 7.24 32  37.32 0.0010243343536205322
17 7.24 33  37.32 0.000768563629456343
17 7.24 34  37.32 0.0012709674849025712
17 7.24 35  37.32 0.0013970632164153512
17 7.24 36  37.32 0.0005877960382613334
17 7.24 37  37.32 0.0007347961770066897
17 7.24 38  37.32 0.0008177943129049974
17 7.24 39  37.32 0.0007527965860393877
17 7.24 40  37.32 0.0008939150608266242
17 7.24 41  37.32 0.0008531864958409396
17 7.24 42  37.32 0.0012220866509067491
17 7.24 43  37.32 0.0010596479543827295
17 7.24 44  37.32 0.0021014880882169896
17 7.24 45  37.32 0.001735886134983672
17 7.24 46  37.32 0.0012510110183314633
17 7.24 47  37.32 0.0014808762089289296
17 7.24 48  37.32 0.001402412886425816
17 7.24 49  37.32 0.004250475344604339
17 7.24 50  37.32 0.0022096946617340503
17 7.24 51  37.32 0.003639885788922836
17 7.24 52  37.32 0.002554671341900302
17 7.24 53  37.32 0.008006385524015234
17 7.24 54  37.32 0.001816479829008591
17 7.24 55  37.32 0.003610418159430936
17 7.24 56  37.32 0.0032223419462941725
17 7.24 57  37.32 0.0025574486119204626
17 7.24 58  43.95 0.0014289481251723217
17 7.24 59  43.95 0.0059371635594671615
17 7.24 60  43.95 0.0017497084933931627
17 7.24 61  43.95 0.0051997919570758
17 7.24 62  43.95 0.0031208297575021464
18 7.24 18  0.0 0.024199961733393345
18 7.24 19  0.0 0.11825257890275095
18 7.24 20  37.32 0.0014484998388455239
18 7.24 21  37.32 0.0010894451401754369
18 7.24 22  37.32 0.0022540746707552925
18 7.24 23  37.32 0.0027615469190541957
18 7.24 24  37.32 0.0019127058535257898
18 7.24 25  37.32 0.002857619980282327
18 7.24 26  37.32 0.004601060232292523
18 7.24 27  37.32 0.0033819092510468554
18 7.24 28  37.32 0.003777379494322888
18 7.24 29  37.32 0.0033252111624505576
18 7.24 30  37.32 0.0035703447814830814
18 7.24 31  37.32 0.003630924599878033
18 7.24 32  37.32 0.0040159387995981006
18 7.24 33  37.32 0.0035599226017506373
18 7.24 34  37.32 0.0036263121912625132
18 7.24 35  37.32 0.0011659792955583945
18 7.24 36  37.32 0.003224989423754613
18 7.24 37  37.32 0.004281323991059308
18 7.24 38  37.32 0.004398019130009975
18 7.24 39  37.32 0.00435263249685304
18 7.24 40  37.32 0.004415385882385748
18 7.24 41  37.32 0.004621847713170249
18 7.24 42  37.32 0.004889299573722599
18 7.24 43  37.32 0.004656186959150716
18 7.24 44  37.32 0.0005945234112664816
18 7.24 45  37.32 0.0005837080106465003
18 7.24 46  37.32 0.000403515613799047
18 7.24 47  37.32 0.0003739793371352576
18 7.24 48  37.32 0.0011670264442180328
18 7.24 49  37.32 0.0006055860878361949
18 7.24 50  37.32 0.002620132344548638
18 7.24 51  37.32 0.0016272661319648128
18 7.24 52  37.32 0.0029979150428302596
18 7.24 53  37.32 0.009842859483372858
18 7.24 54  37.32 0.0020610793459354252
18 7.24 55  37.32 0.002732519782272935
18 7.24 56  37.32 0.0033160748253287433
18 7.24 57  37.32 0.0034228596494218825
18 7.24 58  43.95 0.007033198007834552
18 7.24 59  43.95 0.003798419258740346
18 7.24 60  43.95 0.010511096611034693
18 7.24 61  43.95 0.002437518323406512
18 7.24 62  43.95 0.0035527503097737665
19 7.24 19  0.0 0.06748343785348171
19 7.24 20  37.32 0.00139791586858368
19 7.24 21  37.32 0.004174133628452857
19 7.24 22  37.32 0.002440169248533847
19 7.24 23  37.32 0.002149455043506111
19 7.24 24  37.32 0.002495226092453796
19 7.24 25  37.32 0.0028934168064357604
19 7.24 26  37.32 0.0018684288117239473
19 7.24 27  37.32 0.0009793392413567355
19 7.24 28  37.32 0.0015107199045911713
19 7.24 29  37.32 0.001900230716900739
19 7.24 30  37.32 0.0016914524725800979
19 7.24 31  37.32 0.001320547869078265
19 7.24 32  37.32 0.0014942406729680088
19 7.24 33  37.32 0.0018336712226640559
19 7.24 34  37.32 0.0015023430490804152
19 7.24 35  37.32 0.002528354255930943
19 7.24 36  37.32 0.0016913034256724776
19 7.24 37  37.32 0.0016105169078381083
19 7.24 38  37.32 0.00141438158617225
19 7.24 39  37.32 0.0015345089590588857
19 7.24 40  37.32 0.0013717581994399388
19 7.24 41  37.32 0.0015570634371253483
19 7.24 42  37.32 0.0013060977743770128
19 7.24 43  37.32 0.0013778133312138184
19 7.24 44  37.32 0.0029781341698279108
19 7.24 45  37.32 0.003680406328811598
19 7.24 46  37.32 0.0034267511047262763
19 7.24 47  37.32 0.002303100047583745
19 7.24 48  37.32 0.0008332471265436481
19 7.24 49  37.32 0.0013142257533687626
19 7.24 50  37.32 0.004693157700713948
19 7.24 51  37.32 0.0015034355266670487
19 7.24 52  37.32 0.006265335401300509
19 7.24 53  37.32 0.0029446305793815243
19 7.24 54  37.32 0.0060493829482349696
19 7.24 55  37.32 0.002389910935297156
19 7.24 56  37.32 0.0012777166311931682
19 7.24 57  37.32 0.0009032866519571856
19 7.24 58  43.95 0.008811256627849803
19 7.24 59  43.95 0.005944927138347652
19 7.24 60  43.95 0.01266588477020541
19 7.24 61  43.95 0.004163313183852271
19 7.24 62  43.95 0.010507204534600138
20 44.57 20  0.0 0.030954585607493805
20 44.57 21  0.0 0.012928774701930348
20 44.57 22  0.0 0.008418637689326613
20 44.57 23  0.0 0.006391896469116913
20 44.57 24  0.0 0.0065987827420643215
20 44.57 25  0.0 0.023435859658285284
20 44.57 26  0.0 0.027707393712798734
20 44.57 27  0.0 0.017951357356459183
20 44.57 28  0.0 0.011726507068562066
20 44.57 29  0.0 0.00677308796580009
20 44.57 30  0.0 0.007598074544733814
20 44.57 31  0.0 0.011358232800188236
20 44.57 32  0.0 0.011072155677880134
20 44.57 33  0.0 0.007617086067808079
20 44.57 34  0.0 0.014677602072779551
20 44.57 35  0.0 0.006838907250189097
20 44.57 36  0.0 0.012392722783646623
20 44.57 37  0.0 0.007984745442045207
20 44.57 38  0.0 0.008759028581137708
20 44.57 39  0.0 0.008307704387152531
20 44.57 40  0.0 0.008951946413529166
20 44.57 41  0.0 0.00943210860666277
20 44.57 42  0.0 0.010856408417520669
20 44.57 43  0.0 0.00954213665620613
20 44.57 44  0.0 0.011883915124949213
20 44.57 45  0.0 0.012372650264470457
20 44.57 46  0.0 0.0103026541940085
20 44.57 47  0.0 0.007524530465060426
20 44.57 48  0.0 0.0071725935780406706
20 44.57 49  0.0 0.01144560622551843
20 44.57 50  0.0 0.004993713507186817
20 44.57 51  0.0 0.008854541451619026
20 44.57 52  0.0 0.014352096349692256
20 44.57 53  0.0 0.013492176864730691
20 44.57 54  0.0 0.011632011787806335
20 44.57 55  0.0 0.003944931665411632
20 44.57 56  0.0 0.00884643409669338
20 44.57 57  0.0 0.004024456275495022
20 44.57 58  6.62 0.010959123601699167
20 44.57 59  6.62 0.021164768112371724
20 44.57 60  6.62 0.008768825701373092
20 44.57 61  6.62 0.015262194874447254
20 44.57 62  6.62 0.0035472630519762178
21 44.57 21  0.0 0.01826033509143133
21 44.57 22  0.0 0.02150645421758344
21 44.57 23  0.0 0.025926539831528983
21 44.57 24  0.0 0.013198357346723614
21 44.57 25  0.0 0.026869866891850832
21 44.57 26  0.0 0.03395039079441803
21 44.57 27  0.0 0.048598305669090305
21 44.57 28  0.0 0.04243887252197356
21 44.57 29  0.0 0.03973707039761698
21 44.57 30  0.0 0.03984202249647385
21 44.57 31  0.0 0.04319314217239517
21 44.57 32  0.0 0.04452984279365748
21 44.57 33  0.0 0.041140334211879265
21 44.57 34  0.0 0.047868442073106865
21 44.57 35  0.0 0.0189421160872977
21 44.57 36  0.0 0.044323945294538876
21 44.57 37  0.0 0.0406117121615259
21 44.57 38  0.0 0.04361258208569622
21 44.57 39  0.0 0.04288201955813027
21 44.57 40  0.0 0.04307941314188741
21 44.57 41  0.0 0.041012633769182474
21 44.57 42  0.0 0.040228460995865314
21 44.57 43  0.0 0.04316295282093209
21 44.57 44  0.0 0.019362583126702256
21 44.57 45  0.0 0.021619704710406706
21 44.57 46  0.0 0.01874092413889522
21 44.57 47  0.0 0.015766749235206563
21 44.57 48  0.0 0.013694543395096313
21 44.57 49  0.0 0.018768338368874184
21 44.57 50  0.0 0.015823353182252576
21 44.57 51  0.0 0.012220638474932287
21 44.57 52  0.0 0.01120766480080226
21 44.57 53  0.0 0.022116418712854267
21 44.57 54  0.0 0.04142202180688302
21 44.57 55  0.0 0.006912964683978358
21 44.57 56  0.0 0.009707960757988245
21 44.57 57  0.0 0.005964676258083075
21 44.57 58  6.62 0.01073131720369645
21 44.57 59  6.62 0.0037876504586426786
21 44.57 60  6.62 0.011930547179057126
21 44.57 61  6.62 0.010227768841569446
21 44.57 62  6.62 0.007064264703060837
22 44.57 22  0.0 0.04427926650076083
22 44.57 23  0.0 0.032337505251798196
22 44.57 24  0.0 0.018352749554862192
22 44.57 25  0.0 0.0265260018843607
22 44.57 26  0.0 0.010158330342133794
22 44.57 27  0.0 0.016625809833016383
22 44.57 28  0.0 0.02574576802118105
22 44.57 29  0.0 0.028041448812408675
22 44.57 30  0.0 0.028059119841612107
22 44.57 31  0.0 0.030796607357179522
22 44.57 32  0.0 0.027350849272593458
22 44.57 33  0.0 0.026046304877330964
22 44.57 34  0.0 0.019998998759742388
22 44.57 35  0.0 0.027538864356326916
22 44.57 36  0.0 0.012928193673179825
22 44.57 37  0.0 0.015203543120222741
22 44.57 38  0.0 0.016769041144888704
22 44.57 39  0.0 0.017145348783769426
22 44.57 40  0.0 0.016854535414401697
22 44.57 41  0.0 0.01931157146418631
22 44.57 42  0.0 0.01927144025000944
22 44.57 43  0.0 0.01637504141512937
22 44.57 44  0.0 0.0054905267174075924
22 44.57 45  0.0 0.005479980438350252
22 44.57 46  0.0 0.008667176204517346
22 44.57 47  0.0 0.00913252488556592
22 44.57 48  0.0 0.006531761419314582
22 44.57 49  0.0 0.026917306338659894
22 44.57 50  0.0 0.0193879000391316
22 44.57 51  0.0 0.010152133154039258
22 44.57 52  0.0 0.005978660015968118
22 44.57 53  0.0 0.011865884796227726
22 44.57 54  0.0 0.013160930974739422
22 44.57 55  0.0 0.0017009577811551452
22 44.57 56  0.0 0.005751669824860597
22 44.57 57  0.0 0.004810910792880582
22 44.57 58  6.62 0.017829125345333284
22 44.57 59  6.62 0.00928342202140515
22 44.57 60  6.62 0.005367875163953269
22 44.57 61  6.62 0.006566130964021299
22 44.57 62  6.62 0.004347643488033864
23 44.57 23  0.0 0.03265880015826243
23 44.57 24  0.0 0.019877385906684256
23 44.57 25  0.0 0.03156087207829728
23 44.57 26  0.0 0.016891146169726035
23 44.57 27  0.0 0.03314987846335072
23 44.57 28  0.0 0.03864329544482098
23 44.57 29  0.0 0.037110686027673555
23 44.57 30  0.0 0.03989457317776055
23 44.57 31  0.0 0.04325789320523313
23 44.57 32  0.0 0.03994410161256494
23 44.57 33  0.0 0.035533925381395236
23 44.57 34  0.0 0.034205786847762244
23 44.57 35  0.0 0.029680071409289174
23 44.57 36  0.0 0.029422241270302962
23 44.57 37  0.0 0.02837466367023192
23 44.57 38  0.0 0.030970670606800192
23 44.57 39  0.0 0.031082902581864608
23 44.57 40  0.0 0.03069576342146623
23 44.57 41  0.0 0.03264480261470269
23 44.57 42  0.0 0.033207709182363335
23 44.57 43  0.0 0.030231523462773763
23 44.57 44  0.0 0.009644860652876754
23 44.57 45  0.0 0.009056560433703467
23 44.57 46  0.0 0.008736742915374282
23 44.57 47  0.0 0.007854497123150166
23 44.57 48  0.0 0.010323336783623354
23 44.57 49  0.0 0.021777191971388075
23 44.57 50  0.0 0.013065774597946767
23 44.57 51  0.0 0.008834136657177527
23 44.57 52  0.0 0.011680680303337384
23 44.57 53  0.0 0.007711655140972959
23 44.57 54  0.0 0.010708866556333855
23 44.57 55  0.0 0.0030526740596196816
23 44.57 56  0.0 0.0050511543095162394
23 44.57 57  0.0 0.012182263143704419
23 44.57 58  6.62 0.011361300821236776
23 44.57 59  6.62 0.005253657132499925
23 44.57 60  6.62 0.012161458834063736
23 44.57 61  6.62 0.014329110976454205
23 44.57 62  6.62 0.015875989069563307
24 44.57 24  0.0 0.0022632367126399194
24 44.57 25  0.0 0.026741327562685435
24 44.57 26  0.0 0.01630759222729536
24 44.57 27  0.0 0.025780314291046637
24 44.57 28  0.0 0.023979754294146803
24 44.57 29  0.0 0.019424414300482872
24 44.57 30  0.0 0.020990918324332128
24 44.57 31  0.0 0.026591178462295917
24 44.57 32  0.0 0.02740425197441041
24 44.57 33  0.0 0.02245684155662147
24 44.57 34  0.0 0.02998439860074943
24 44.57 35  0.0 0.005535052973279481
24 44.57 36  0.0 0.022726525144721385
24 44.57 37  0.0 0.02425585955606495
24 44.57 38  0.0 0.02676338415745455
24 44.57 39  0.0 0.025373047521820107
24 44.57 40  0.0 0.02715839118939866
24 44.57 41  0.0 0.024235193882153755
24 44.57 42  0.0 0.028203940374379448
24 44.57 43  0.0 0.028482673177767114
24 44.57 44  0.0 0.012009610525921529
24 44.57 45  0.0 0.017955788345392288
24 44.57 46  0.0 0.01171026975083058
24 44.57 47  0.0 0.006453120916504762
24 44.57 48  0.0 0.012505588333454028
24 44.57 49  0.0 0.014875290224997798
24 44.57 50  0.0 0.01633140097890972
24 44.57 51  0.0 0.019594568816372872
24 44.57 52  0.0 0.006746942135976657
24 44.57 53  0.0 0.013014594737170933
24 44.57 54  0.0 0.03301196214375552
24 44.57 55  0.0 0.00729578372210559
24 44.57 56  0.0 0.0067371175477259964
24 44.57 57  0.0 0.006597961029059985
24 44.57 58  6.62 0.009117212127225754
24 44.57 59  6.62 0.012701088038593222
24 44.57 60  6.62 0.01821424776205246
24 44.57 61  6.62 0.009683099237339569
24 44.57 62  6.62 0.004126613835676479
25 44.57 25  0.0 0.03286630407200088
25 44.57 26  0.0 0.03770545384554858
25 44.57 27  0.0 0.06274250453657637
25 44.57 28  0.0 0.05716253610912907
25 44.57 29  0.0 0.05394679319843497
25 44.57 30  0.0 0.0575608911822309
25 44.57 31  0.0 0.06049520310250093
25 44.57 32  0.0 0.06145294238820549
25 44.57 33  0.0 0.057785341310193
25 44.57 34  0.0 0.06703123892853949
25 44.57 35  0.0 0.029942249144765162
25 44.57 36  0.0 0.06506215412994842
25 44.57 37  0.0 0.06533909709978357
25 44.57 38  0.0 0.06709361766390792
25 44.57 39  0.0 0.06705248629555058
25 44.57 40  0.0 0.06714008757557445
25 44.57 41  0.0 0.06606044302637301
25 44.57 42  0.0 0.06219378232882983
25 44.57 43  0.0 0.0665884844972632
25 44.57 44  0.0 0.025016848327614728
25 44.57 45  0.0 0.02423473000202507
25 44.57 46  0.0 0.01754045108061713
25 44.57 47  0.0 0.013712120318742936
25 44.57 48  0.0 0.01662469178952159
25 44.57 49  0.0 0.02618676851643313
25 44.57 50  0.0 0.018102810228305746
25 44.57 51  0.0 0.01666552181770867
25 44.57 52  0.0 0.008101076743567389
25 44.57 53  0.0 0.006713623818589715
25 44.57 54  0.0 0.019437099837477715
25 44.57 55  0.0 0.007105910870516257
25 44.57 56  0.0 0.0050326557938818505
25 44.57 57  0.0 0.008804152623096898
25 44.57 58  6.62 0.01224868684938509
25 44.57 59  6.62 0.003456170159350274
25 44.57 60  6.62 0.007527479952041318
25 44.57 61  6.62 0.015122134635479002
25 44.57 62  6.62 0.008429816648310613
26 44.57 26  0.0 0.04292150635681526
26 44.57 27  0.0 0.038877394804137606
26 44.57 28  0.0 0.03411391082322416
26 44.57 29  0.0 0.036188575770218924
26 44.57 30  0.0 0.034496639560161316
26 44.57 31  0.0 0.03514838902936476
26 44.57 32  0.0 0.034630971625733614
26 44.57 33  0.0 0.03462203083155124
26 44.57 34  0.0 0.03741056123460165
26 44.57 35  0.0 0.024392920115571932
26 44.57 36  0.0 0.035896699826088056
26 44.57 37  0.0 0.034369699870211136
26 44.57 38  0.0 0.03477491193115417
26 44.57 39  0.0 0.034775423571782996
26 44.57 40  0.0 0.03466905971782523
26 44.57 41  0.0 0.03409540901571392
26 44.57 42  0.0 0.030401374272241922
26 44.57 43  0.0 0.033275418633978406
26 44.57 44  0.0 0.007393544871796139
26 44.57 45  0.0 0.0075054789047847405
26 44.57 46  0.0 0.007832915663953265
26 44.57 47  0.0 0.005584748198654141
26 44.57 48  0.0 0.013820301401804116
26 44.57 49  0.0 0.05617667707379563
26 44.57 50  0.0 0.016304905324935802
26 44.57 51  0.0 0.007048067790335379
26 44.57 52  0.0 0.005573368920414188
26 44.57 53  0.0 0.011857611743165394
26 44.57 54  0.0 0.0034647682606644184
26 44.57 55  0.0 0.01006832247378971
26 44.57 56  0.0 0.0020390127138089796
26 44.57 57  0.0 0.011178911152490355
26 44.57 58  6.62 0.01003107264952032
26 44.57 59  6.62 0.009531628501787091
26 44.57 60  6.62 0.014000851865612894
26 44.57 61  6.62 0.03476413357607491
26 44.57 62  6.62 0.009641082819561447
27 44.57 27  0.0 0.04084634533328855
27 44.57 28  0.0 0.04440658013532209
27 44.57 29  0.0 0.04107912318713244
27 44.57 30  0.0 0.04175058198104263
27 44.57 31  0.0 0.046150687663107245
27 44.57 32  0.0 0.043241556834930486
27 44.57 33  0.0 0.03941435164387047
27 44.57 34  0.0 0.04166754815705298
27 44.57 35  0.0 0.04724779575699329
27 44.57 36  0.0 0.03518083943779432
27 44.57 37  0.0 0.03511936328195288
27 44.57 38  0.0 0.03710807506183555
27 44.57 39  0.0 0.03686190173671551
27 44.57 40  0.0 0.03664836500034526
27 44.57 41  0.0 0.0344595658040784
27 44.57 42  0.0 0.0349732254728814
27 44.57 43  0.0 0.03600948646314642
27 44.57 44  0.0 0.013254002352702745
27 44.57 45  0.0 0.016579850846785177
27 44.57 46  0.0 0.015375059719805042
27 44.57 47  0.0 0.009644155873404676
27 44.57 48  0.0 0.01647443926780769
27 44.57 49  0.0 0.044608349544324064
27 44.57 50  0.0 0.01472343542284174
27 44.57 51  0.0 0.009420614835960642
27 44.57 52  0.0 0.004637567489456835
27 44.57 53  0.0 0.01308159047473641
27 44.57 54  0.0 0.012067627022196428
27 44.57 55  0.0 0.006478021778158092
27 44.57 56  0.0 0.003737188244407402
27 44.57 57  0.0 0.010677722364388319
27 44.57 58  6.62 0.004657450925499417
27 44.57 59  6.62 0.011252002762763691
27 44.57 60  6.62 0.008045062567586086
27 44.57 61  6.62 0.016729372906033962
27 44.57 62  6.62 0.00517176316523809
28 44.57 28  0.0 0.05030359940883139
28 44.57 29  0.0 0.047370665108333085
28 44.57 30  0.0 0.04916432068746887
28 44.57 31  0.0 0.053887849703310606
28 44.57 32  0.0 0.05126380901729699
28 44.57 33  0.0 0.04648101244700268
28 44.57 34  0.0 0.047457540134589714
28 44.57 35  0.0 0.04450774654237788
28 44.57 36  0.0 0.03971628921765012
28 44.57 37  0.0 0.04052821992806881
28 44.57 38  0.0 0.043424078552490954
28 44.57 39  0.0 0.043068255145450846
28 44.57 40  0.0 0.042773638553530044
28 44.57 41  0.0 0.04089183227735197
28 44.57 42  0.0 0.04165231481404737
28 44.57 43  0.0 0.042231515681677725
28 44.57 44  0.0 0.012161004042079137
28 44.57 45  0.0 0.01544143291916662
28 44.57 46  0.0 0.0145134707731334
28 44.57 47  0.0 0.009773839583350643
28 44.57 48  0.0 0.015517551483820145
28 44.57 49  0.0 0.045982838864780315
28 44.57 50  0.0 0.018943665405804045
28 44.57 51  0.0 0.010798651263408635
28 44.57 52  0.0 0.005727392924606791
28 44.57 53  0.0 0.016073162078562846
28 44.57 54  0.0 0.013768573669458535
28 44.57 55  0.0 0.003957659699283173
28 44.57 56  0.0 0.001931743408428784
28 44.57 57  0.0 0.010400638540875053
28 44.57 58  6.62 0.004443408917463784
28 44.57 59  6.62 0.008457683837981095
28 44.57 60  6.62 0.008726559695833625
28 44.57 61  6.62 0.018218130123029353
28 44.57 62  6.62 0.005132435771560495
29 44.57 29  0.0 0.045789935703571885
29 44.57 30  0.0 0.04639771031136621
29 44.57 31  0.0 0.050848464377784175
29 44.57 32  0.0 0.04946218637292306
29 44.57 33  0.0 0.04559128152720536
29 44.57 34  0.0 0.04436535835740176
29 44.57 35  0.0 0.040290597993316954
29 44.57 36  0.0 0.03652403944600717
29 44.57 37  0.0 0.03784464436218002
29 44.57 38  0.0 0.04118096860862149
29 44.57 39  0.0 0.040715789393941375
29 44.57 40  0.0 0.040372071531398886
29 44.57 41  0.0 0.03860609946384877
29 44.57 42  0.0 0.03869507773900811
29 44.57 43  0.0 0.03990922808436134
29 44.57 44  0.0 0.011484818813100369
29 44.57 45  0.0 0.015032141129617729
29 44.57 46  0.0 0.01361582071063879
29 44.57 47  0.0 0.008774560691781983
29 44.57 48  0.0 0.011991728079088698
29 44.57 49  0.0 0.04577879963811991
29 44.57 50  0.0 0.021266772593170735
29 44.57 51  0.0 0.013267001196936634
29 44.57 52  0.0 0.005052377147203313
29 44.57 53  0.0 0.018018060988643593
29 44.57 54  0.0 0.0157753198655369
29 44.57 55  0.0 0.003929998571285351
29 44.57 56  0.0 0.00252910332752667
29 44.57 57  0.0 0.009724480061859513
29 44.57 58  6.62 0.0029287848588613287
29 44.57 59  6.62 0.008384276031514086
29 44.57 60  6.62 0.009463340625555932
29 44.57 61  6.62 0.015770010814818994
29 44.57 62  6.62 0.007514771282583786
30 44.57 30  0.0 0.047790190390811144
30 44.57 31  0.0 0.05317241009374454
30 44.57 32  0.0 0.05082397228701335
30 44.57 33  0.0 0.04594302629515744
30 44.57 34  0.0 0.04516017329705485
30 44.57 35  0.0 0.0429494095173731
30 44.57 36  0.0 0.03768292590174558
30 44.57 37  0.0 0.039289387941189746
30 44.57 38  0.0 0.04265633292068518
30 44.57 39  0.0 0.04216202638825178
30 44.57 40  0.0 0.041813353785618304
30 44.57 41  0.0 0.04049528492024832
30 44.57 42  0.0 0.04098245865856792
30 44.57 43  0.0 0.04158265040837894
30 44.57 44  0.0 0.012177208634593076
30 44.57 45  0.0 0.016522853836637784
30 44.57 46  0.0 0.014230421892998847
30 44.57 47  0.0 0.009721985474969136
30 44.57 48  0.0 0.012323011663548527
30 44.57 49  0.0 0.04197022928003027
30 44.57 50  0.0 0.01886754980626735
30 44.57 51  0.0 0.011900593990446403
30 44.57 52  0.0 0.005265711717786131
30 44.57 53  0.0 0.018203314447282348
30 44.57 54  0.0 0.01433592066801204
30 44.57 55  0.0 0.00413449256385983
30 44.57 56  0.0 0.001981569957802745
30 44.57 57  0.0 0.010214442263425327
30 44.57 58  6.62 0.003744970183073293
30 44.57 59  6.62 0.009048379975733751
30 44.57 60  6.62 0.009412483487327972
30 44.57 61  6.62 0.016134787417279403
30 44.57 62  6.62 0.0057987785584110016
31 44.57 31  0.0 0.058393184162552306
31 44.57 32  0.0 0.055389379687937765
31 44.57 33  0.0 0.04988724516051189
31 44.57 34  0.0 0.04946329626355071
31 44.57 35  0.0 0.04885690646911264
31 44.57 36  0.0 0.04139439974457333
31 44.57 37  0.0 0.042871953410379984
31 44.57 38  0.0 0.0460186687332324
31 44.57 39  0.0 0.045721546615327985
31 44.57 40  0.0 0.04529906088959859
31 44.57 41  0.0 0.04449772387380951
31 44.57 42  0.0 0.0448578547613071
31 44.57 43  0.0 0.04489234676943357
31 44.57 44  0.0 0.012103900872727617
31 44.57 45  0.0 0.014909329049854494
31 44.57 46  0.0 0.013801764178485384
31 44.57 47  0.0 0.009953961470616949
31 44.57 48  0.0 0.01573916988649022
31 44.57 49  0.0 0.045564185119633095
31 44.57 50  0.0 0.01867077439579273
31 44.57 51  0.0 0.012030484282241592
31 44.57 52  0.0 0.005468764247511269
31 44.57 53  0.0 0.015089143402361263
31 44.57 54  0.0 0.011421964330327258
31 44.57 55  0.0 0.004387901510732779
31 44.57 56  0.0 0.0012487768544017265
31 44.57 57  0.0 0.011337692721801507
31 44.57 58  6.62 0.004799075470089053
31 44.57 59  6.62 0.008892569787145631
31 44.57 60  6.62 0.008425654692778367
31 44.57 61  6.62 0.015118062947753712
31 44.57 62  6.62 0.005352071963702128
32 44.57 32  0.0 0.05226181146516633
32 44.57 33  0.0 0.04770001447577689
32 44.57 34  0.0 0.0471793984589477
32 44.57 35  0.0 0.04945328294719591
32 44.57 36  0.0 0.03903742522514203
32 44.57 37  0.0 0.03964499310894199
32 44.57 38  0.0 0.042309669942911854
32 44.57 39  0.0 0.04219629792824362
32 44.57 40  0.0 0.04166039977892931
32 44.57 41  0.0 0.04084086107976498
32 44.57 42  0.0 0.040630299318653376
32 44.57 43  0.0 0.040867853936580274
32 44.57 44  0.0 0.01276033426889801
32 44.57 45  0.0 0.014907840650015955
32 44.57 46  0.0 0.015502989494174585
32 44.57 47  0.0 0.011723610748414501
32 44.57 48  0.0 0.01571240206121075
32 44.57 49  0.0 0.04733446653666182
32 44.57 50  0.0 0.0188519951512482
32 44.57 51  0.0 0.009731236925704767
32 44.57 52  0.0 0.005791376080175466
32 44.57 53  0.0 0.013455999539290175
32 44.57 54  0.0 0.012107448705667843
32 44.57 55  0.0 0.003524392845133563
32 44.57 56  0.0 0.0014872702104085735
32 44.57 57  0.0 0.010717895519726673
32 44.57 58  6.62 0.004701035465290925
32 44.57 59  6.62 0.008939601501602126
32 44.57 60  6.62 0.008295166731861628
32 44.57 61  6.62 0.01939477318914293
32 44.57 62  6.62 0.006380573513050044
33 44.57 33  0.0 0.044434890713424775
33 44.57 34  0.0 0.04255095849371625
33 44.57 35  0.0 0.04434160155331073
33 44.57 36  0.0 0.03500915398952141
33 44.57 37  0.0 0.035970582760555224
33 44.57 38  0.0 0.03882537948690004
33 44.57 39  0.0 0.03858246594992926
33 44.57 40  0.0 0.03808063448547509
33 44.57 41  0.0 0.036668346062846635
33 44.57 42  0.0 0.03645499228206373
33 44.57 43  0.0 0.037288992433154686
33 44.57 44  0.0 0.011364236515764976
33 44.57 45  0.0 0.014696857376616728
33 44.57 46  0.0 0.014244640572504741
33 44.57 47  0.0 0.010030823986381537
33 44.57 48  0.0 0.012781173736687777
33 44.57 49  0.0 0.046558051110225346
33 44.57 50  0.0 0.021124519061449895
33 44.57 51  0.0 0.01148597549120008
33 44.57 52  0.0 0.005459525863039232
33 44.57 53  0.0 0.01625860058959488
33 44.57 54  0.0 0.014232500778080416
33 44.57 55  0.0 0.0037597227455565567
33 44.57 56  0.0 0.002317279137615874
33 44.57 57  0.0 0.010217733895022433
33 44.57 58  6.62 0.003060270441786133
33 44.57 59  6.62 0.009464385419442601
33 44.57 60  6.62 0.009014893281287543
33 44.57 61  6.62 0.017142025114183827
33 44.57 62  6.62 0.006708172521741476
34 44.57 34  0.0 0.04148143658811633
34 44.57 35  0.0 0.05157147118284301
34 44.57 36  0.0 0.03612774537280786
34 44.57 37  0.0 0.03642351475722612
34 44.57 38  0.0 0.0385020807011402
34 44.57 39  0.0 0.038420455735380346
34 44.57 40  0.0 0.03775525111681863
34 44.57 41  0.0 0.036987280791429676
34 44.57 42  0.0 0.03804107466211284
34 44.57 43  0.0 0.03736605835039384
34 44.57 44  0.0 0.009500501356474057
34 44.57 45  0.0 0.01121816176282549
34 44.57 46  0.0 0.011627692406288383
34 44.57 47  0.0 0.0083792928483052
34 44.57 48  0.0 0.016585086181323455
34 44.57 49  0.0 0.04841855678018207
34 44.57 50  0.0 0.016873910086872456
34 44.57 51  0.0 0.010070893759225305
34 44.57 52  0.0 0.003854501440213331
34 44.57 53  0.0 0.015558070740016255
34 44.57 54  0.0 0.009298182452205797
34 44.57 55  0.0 0.005897753719449452
34 44.57 56  0.0 0.0017360560040693158
34 44.57 57  0.0 0.011450416417091262
34 44.57 58  6.62 0.0047714012958082605
34 44.57 59  6.62 0.009582539836180043
34 44.57 60  6.62 0.012177477142839148
34 44.57 61  6.62 0.02014217067477501
34 44.57 62  6.62 0.00940784348194617
35 44.57 35  0.0 0.01305883236070151
35 44.57 36  0.0 0.04028765221800992
35 44.57 37  0.0 0.04371086192520042
35 44.57 38  0.0 0.04692025323604325
35 44.57 39  0.0 0.04600289857011251
35 44.57 40  0.0 0.04703549553865778
35 44.57 41  0.0 0.042930653434646096
35 44.57 42  0.0 0.046346229946847936
35 44.57 43  0.0 0.047164110183044325
35 44.57 44  0.0 0.01896964614894584
35 44.57 45  0.0 0.027583383377169375
35 44.57 46  0.0 0.021722647873831324
35 44.57 47  0.0 0.011997707105936214
35 44.57 48  0.0 0.010450773249771063
35 44.57 49  0.0 0.015889563545637534
35 44.57 50  0.0 0.018396067654952282
35 44.57 51  0.0 0.01574528451037789
35 44.57 52  0.0 0.00891487184506138
35 44.57 53  0.0 0.01945549145950513
35 44.57 54  0.0 0.03447394364501129
35 44.57 55  0.0 0.008583547349519305
35 44.57 56  0.0 0.0067213463490027135
35 44.57 57  0.0 0.008449214352210403
35 44.57 58  6.62 0.005778673438119518
35 44.57 59  6.62 0.005460215110843098
35 44.57 60  6.62 0.009908744073839296
35 44.57 61  6.62 0.010266660217446412
35 44.57 62  6.62 0.002863954663443744
36 44.57 36  0.0 0.03257117093942277
36 44.57 37  0.0 0.032258800134575986
36 44.57 38  0.0 0.03424339833249126
36 44.57 39  0.0 0.0338028484043193
36 44.57 40  0.0 0.03356602870734643
36 44.57 41  0.0 0.031139722301689567
36 44.57 42  0.0 0.03300108849152055
36 44.57 43  0.0 0.033400824581603046
36 44.57 44  0.0 0.011757016343448598
36 44.57 45  0.0 0.016481031848292065
36 44.57 46  0.0 0.0146163691702
36 44.57 47  0.0 0.00920420906205037
36 44.57 48  0.0 0.017891262512154393
36 44.57 49  0.0 0.03910708515465104
36 44.57 50  0.0 0.014680567174377088
36 44.57 51  0.0 0.008724399850866083
36 44.57 52  0.0 0.006710900108046335
36 44.57 53  0.0 0.015789238334796788
36 44.57 54  0.0 0.013154242921147504
36 44.57 55  0.0 0.006254942297774501
36 44.57 56  0.0 0.0020453669291822453
36 44.57 57  0.0 0.00977400377172871
36 44.57 58  6.62 0.005174368707565547
36 44.57 59  6.62 0.006903459760699432
36 44.57 60  6.62 0.011518594578056086
36 44.57 61  6.62 0.020277475666367853
36 44.57 62  6.62 0.004940989988078843
37 44.57 37  0.0 0.03172941198802304
37 44.57 38  0.0 0.03379024071630042
37 44.57 39  0.0 0.033604295231049616
37 44.57 40  0.0 0.03305901351427857
37 44.57 41  0.0 0.03149357889219703
37 44.57 42  0.0 0.03255198956761291
37 44.57 43  0.0 0.03240676425450499
37 44.57 44  0.0 0.010692743541252662
37 44.57 45  0.0 0.014001845073403588
37 44.57 46  0.0 0.013647552037029387
37 44.57 47  0.0 0.009383755565975567
37 44.57 48  0.0 0.015832189195054004
37 44.57 49  0.0 0.04521069036379471
37 44.57 50  0.0 0.014908922534115498
37 44.57 51  0.0 0.008684137854205628
37 44.57 52  0.0 0.0038786398224810613
37 44.57 53  0.0 0.017948352680941162
37 44.57 54  0.0 0.009749608968016814
37 44.57 55  0.0 0.006124583925468129
37 44.57 56  0.0 0.0015478117428345316
37 44.57 57  0.0 0.009554014067072673
37 44.57 58  6.62 0.0056924797618109705
37 44.57 59  6.62 0.009116579958489673
37 44.57 60  6.62 0.012065699344854899
37 44.57 61  6.62 0.021242838325296266
37 44.57 62  6.62 0.006466491116953632
38 44.57 38  0.0 0.0356923939230694
38 44.57 39  0.0 0.03566921726464454
38 44.57 40  0.0 0.0349598942801784
38 44.57 41  0.0 0.033808340654382665
38 44.57 42  0.0 0.034308226195399326
38 44.57 43  0.0 0.03407162297551416
38 44.57 44  0.0 0.01031496250055964
38 44.57 45  0.0 0.01283947589663375
38 44.57 46  0.0 0.013025583946341988
38 44.57 47  0.0 0.009311629980377673
38 44.57 48  0.0 0.01723647998494504
38 44.57 49  0.0 0.04727023085843432
38 44.57 50  0.0 0.014772115728958129
38 44.57 51  0.0 0.008665356038482726
38 44.57 52  0.0 0.003804267067639289
38 44.57 53  0.0 0.01711616896020173
38 44.57 54  0.0 0.008202365887976694
38 44.57 55  0.0 0.006358854976494408
38 44.57 56  0.0 0.0012690114223565126
38 44.57 57  0.0 0.009922967440264841
38 44.57 58  6.62 0.0064763886370241
38 44.57 59  6.62 0.00950565544418323
38 44.57 60  6.62 0.010689518345654864
38 44.57 61  6.62 0.021514371791277537
38 44.57 62  6.62 0.006162437813037161
39 44.57 39  0.0 0.035558783474391495
39 44.57 40  0.0 0.03494053193699456
39 44.57 41  0.0 0.03360001389105387
39 44.57 42  0.0 0.03432135016486207
39 44.57 43  0.0 0.03412496060113349
39 44.57 44  0.0 0.010472742183685033
39 44.57 45  0.0 0.013665831145605843
39 44.57 46  0.0 0.013186102718071854
39 44.57 47  0.0 0.009147448483387548
39 44.57 48  0.0 0.016140406356720472
39 44.57 49  0.0 0.04596821550964941
39 44.57 50  0.0 0.015088746117692581
39 44.57 51  0.0 0.009121105040202925
39 44.57 52  0.0 0.003943160318172486
39 44.57 53  0.0 0.017441906609802542
39 44.57 54  0.0 0.00888810812734653
39 44.57 55  0.0 0.006274324152597554
39 44.57 56  0.0 0.0013781800560382315
39 44.57 57  0.0 0.009772100035049061
39 44.57 58  6.62 0.006100455759644619
39 44.57 59  6.62 0.009345001876185005
39 44.57 60  6.62 0.01099808577477045
39 44.57 61  6.62 0.021327753583643933
39 44.57 62  6.62 0.006087667217371841
40 44.57 40  0.0 0.03421955482377074
40 44.57 41  0.0 0.03326095330849433
40 44.57 42  0.0 0.03374808213595571
40 44.57 43  0.0 0.03343517763563772
40 44.57 44  0.0 0.010118214199513274
40 44.57 45  0.0 0.012502186261231731
40 44.57 46  0.0 0.012571399542010052
40 44.57 47  0.0 0.009142933431414705
40 44.57 48  0.0 0.017314931661722127
40 44.57 49  0.0 0.04699855289308303
40 44.57 50  0.0 0.014960295957571614
40 44.57 51  0.0 0.008865533155334648
40 44.57 52  0.0 0.0037566948046951795
40 44.57 53  0.0 0.017107959560061625
40 44.57 54  0.0 0.007806566561017869
40 44.57 55  0.0 0.006472954678435942
40 44.57 56  0.0 0.0012373782437224644
40 44.57 57  0.0 0.009799135352266751
40 44.57 58  6.62 0.0070861649636131865
40 44.57 59  6.62 0.009660762210019314
40 44.57 60  6.62 0.010960373777949964
40 44.57 61  6.62 0.021178771919993594
40 44.57 62  6.62 0.006405530762765448
41 44.57 41  0.0 0.03177921690677476
41 44.57 42  0.0 0.032697347446754996
41 44.57 43  0.0 0.032484393188730976
41 44.57 44  0.0 0.01011830333588796
41 44.57 45  0.0 0.013129000844464068
41 44.57 46  0.0 0.012385916476861686
41 44.57 47  0.0 0.009105456400869962
41 44.57 48  0.0 0.017623274223063142
41 44.57 49  0.0 0.042106290366248245
41 44.57 50  0.0 0.015842369289618716
41 44.57 51  0.0 0.007818329135360645
41 44.57 52  0.0 0.0038913537374877932
41 44.57 53  0.0 0.014192688773005063
41 44.57 54  0.0 0.009500924584292832
41 44.57 55  0.0 0.0052707956889755225
41 44.57 56  0.0 0.0015021263565907642
41 44.57 57  0.0 0.009604848751692995
41 44.57 58  6.62 0.007156755564968377
41 44.57 59  6.62 0.008231133797135338
41 44.57 60  6.62 0.012870115891761019
41 44.57 61  6.62 0.022833769090879016
41 44.57 62  6.62 0.007224544281557337
42 44.57 42  0.0 0.033133554535139983
42 44.57 43  0.0 0.033102334681463876
42 44.57 44  0.0 0.010175092433065672
42 44.57 45  0.0 0.011516863515517438
42 44.57 46  0.0 0.012418489491195055
42 44.57 47  0.0 0.010281870563410744
42 44.57 48  0.0 0.017088387130842785
42 44.57 49  0.0 0.04208207164936785
42 44.57 50  0.0 0.013413439145843595
42 44.57 51  0.0 0.006814453727538011
42 44.57 52  0.0 0.004856285028297444
42 44.57 53  0.0 0.013944929024698492
42 44.57 54  0.0 0.007417368561059089
42 44.57 55  0.0 0.005251605818379725
42 44.57 56  0.0 0.0014445589700223824
42 44.57 57  0.0 0.008943214121970392
42 44.57 58  6.62 0.010040772481395377
42 44.57 59  6.62 0.009171919277984244
42 44.57 60  6.62 0.011033332509052892
42 44.57 61  6.62 0.024053211378759768
42 44.57 62  6.62 0.006536610211753201
43 44.57 43  0.0 0.032569783922905604
43 44.57 44  0.0 0.009704484250793559
43 44.57 45  0.0 0.011546067916727085
43 44.57 46  0.0 0.01263502545780182
43 44.57 47  0.0 0.009880397817103379
43 44.57 48  0.0 0.018398137589867837
43 44.57 49  0.0 0.045302943904760314
43 44.57 50  0.0 0.013403010260546182
43 44.57 51  0.0 0.007074217076748345
43 44.57 52  0.0 0.003987945151328525
43 44.57 53  0.0 0.015127022245089938
43 44.57 54  0.0 0.007665518845683927
43 44.57 55  0.0 0.006173879693040444
43 44.57 56  0.0 0.0012703445115614686
43 44.57 57  0.0 0.009288394229468776
43 44.57 58  6.62 0.00791045431500216
43 44.57 59  6.62 0.009018010829252264
43 44.57 60  6.62 0.012223843436909791
43 44.57 61  6.62 0.023031173633293038
43 44.57 62  6.62 0.007506919678543211
44 44.57 44  0.0 0.0023458595306444824
44 44.57 45  0.0 0.003218848062074187
44 44.57 46  0.0 0.004263762206778236
44 44.57 47  0.0 0.005334032454973665
44 44.57 48  0.0 0.009920617326536027
44 44.57 49  0.0 0.01509709654045397
44 44.57 50  0.0 0.00559886945413542
44 44.57 51  0.0 0.003934995846399189
44 44.57 52  0.0 0.004265560609561321
44 44.57 53  0.0 0.0142767746232615
44 44.57 54  0.0 0.019470432292866637
44 44.57 55  0.0 0.016369351591594115
44 44.57 56  0.0 0.012232077342471774
44 44.57 57  0.0 0.007036919146244193
44 44.57 58  6.62 0.013415809932427504
44 44.57 59  6.62 0.01896027056683287
44 44.57 60  6.62 0.02303526967137498
44 44.57 61  6.62 0.005952828027888393
44 44.57 62  6.62 0.007847310621034054
45 44.57 45  0.0 0.0018249721937563807
45 44.57 46  0.0 0.003169888204734613
45 44.57 47  0.0 0.004991979036407356
45 44.57 48  0.0 0.009722439946094254
45 44.57 49  0.0 0.016551505399074472
45 44.57 50  0.0 0.004077670201835009
45 44.57 51  0.0 0.0021963818246761454
45 44.57 52  0.0 0.006360702496868221
45 44.57 53  0.0 0.013444287095257497
45 44.57 54  0.0 0.019141360675129063
45 44.57 55  0.0 0.012087557867744868
45 44.57 56  0.0 0.01431340910563986
45 44.57 57  0.0 0.007792902835035467
45 44.57 58  6.62 0.01131132902494868
45 44.57 59  6.62 0.024134023107347927
45 44.57 60  6.62 0.021039724108394955
45 44.57 61  6.62 0.006645023183773981
45 44.57 62  6.62 0.005603804117597344
46 44.57 46  0.0 0.00324808832393107
46 44.57 47  0.0 0.004253349802268439
46 44.57 48  0.0 0.008122356932678172
46 44.57 49  0.0 0.015271951976908164
46 44.57 50  0.0 0.003749041129769866
46 44.57 51  0.0 0.003382172298954548
46 44.57 52  0.0 0.006052492210185345
46 44.57 53  0.0 0.018467510853184536
46 44.57 54  0.0 0.01917526024796169
46 44.57 55  0.0 0.012208573373334
46 44.57 56  0.0 0.014258240040553613
46 44.57 57  0.0 0.006067499226789641
46 44.57 58  6.62 0.008020557404164236
46 44.57 59  6.62 0.02556817352786262
46 44.57 60  6.62 0.023214143202017444
46 44.57 61  6.62 0.005308696056444478
46 44.57 62  6.62 0.006128554711665308
47 44.57 47  0.0 0.006962291370960441
47 44.57 48  0.0 0.010175646984047661
47 44.57 49  0.0 0.012574918220021665
47 44.57 50  0.0 0.002931458166739449
47 44.57 51  0.0 0.004133241795197438
47 44.57 52  0.0 0.006275594786971656
47 44.57 53  0.0 0.017197355657203643
47 44.57 54  0.0 0.020427895007616152
47 44.57 55  0.0 0.008780735299931154
47 44.57 56  0.0 0.016872814495660592
47 44.57 57  0.0 0.005967071794991633
47 44.57 58  6.62 0.010004454055225636
47 44.57 59  6.62 0.033051360457073437
47 44.57 60  6.62 0.019099952087353947
47 44.57 61  6.62 0.007840206162457316
47 44.57 62  6.62 0.010272676373357697
48 44.57 48  0.0 0.014760879697305457
48 44.57 49  0.0 0.014495958759540978
48 44.57 50  0.0 0.006464762185689811
48 44.57 51  0.0 0.00896398248038148
48 44.57 52  0.0 0.0031064429656738448
48 44.57 53  0.0 0.011818213169048002
48 44.57 54  0.0 0.013833269109135857
48 44.57 55  0.0 0.015574383776493776
48 44.57 56  0.0 0.008332598056485972
48 44.57 57  0.0 0.0042952448894598375
48 44.57 58  6.62 0.0064508367052416235
48 44.57 59  6.62 0.010956149364443588
48 44.57 60  6.62 0.00955454938105232
48 44.57 61  6.62 0.003193807759465113
48 44.57 62  6.62 0.014253579617616549
49 44.57 49  0.0 0.011035172294726909
49 44.57 50  0.0 0.005372802519306466
49 44.57 51  0.0 0.0034966708242333364
49 44.57 52  0.0 0.010591716974775026
49 44.57 53  0.0 0.009428551223459276
49 44.57 54  0.0 0.013216016466196884
49 44.57 55  0.0 0.006411669172018217
49 44.57 56  0.0 0.005957162036634664
49 44.57 57  0.0 0.014196175977758163
49 44.57 58  6.62 0.020735832535357615
49 44.57 59  6.62 0.015302437132080965
49 44.57 60  6.62 0.015815973376973647
49 44.57 61  6.62 0.0058104833343662465
49 44.57 62  6.62 0.009450750185743102
50 44.57 50  0.0 0.0021075756250692494
50 44.57 51  0.0 0.004419980310243357
50 44.57 52  0.0 0.0040478216013761295
50 44.57 53  0.0 0.005277576006482423
50 44.57 54  0.0 0.009651577404083476
50 44.57 55  0.0 0.013652453340837239
50 44.57 56  0.0 0.019618176000912695
50 44.57 57  0.0 0.006230930807936855
50 44.57 58  6.62 0.012246443948381347
50 44.57 59  6.62 0.03420057723013434
50 44.57 60  6.62 0.01901768416896954
50 44.57 61  6.62 0.025058598287274986
50 44.57 62  6.62 0.002539543169497224
51 44.57 51  0.0 0.0033083091375777783
51 44.57 52  0.0 0.011999666898222856
51 44.57 53  0.0 0.01050472959410359
51 44.57 54  0.0 0.01609732792078135
51 44.57 55  0.0 0.030180170422773184
51 44.57 56  0.0 0.03192278756801083
51 44.57 57  0.0 0.02884216385441324
51 44.57 58  6.62 0.009814872558561366
51 44.57 59  6.62 0.02594166166408629
51 44.57 60  6.62 0.011362269793356163
51 44.57 61  6.62 0.016845243291579607
51 44.57 62  6.62 0.012260826757358163
52 44.57 52  0.0 0.004931245281333919
52 44.57 53  0.0 0.01199840367075875
52 44.57 54  0.0 0.007958857899948992
52 44.57 55  0.0 0.030843473759912744
52 44.57 56  0.0 0.017264904756717474
52 44.57 57  0.0 0.030956558773647325
52 44.57 58  6.62 0.02789225844433793
52 44.57 59  6.62 0.013852132816110545
52 44.57 60  6.62 0.01449255057519157
52 44.57 61  6.62 0.02520045253783221
52 44.57 62  6.62 0.010912420570783942
53 44.57 53  0.0 0.02207312882615473
53 44.57 54  0.0 0.004539497993941768
53 44.57 55  0.0 0.005721150122871651
53 44.57 56  0.0 0.01744075383866404
53 44.57 57  0.0 0.0011598104531901877
53 44.57 58  6.62 0.036494331443327005
53 44.57 59  6.62 0.013775589720854934
53 44.57 60  6.62 0.04433848125475714
53 44.57 61  6.62 0.04829619400479021
53 44.57 62  6.62 0.011067868855060285
54 44.57 54  0.0 0.008956567179136125
54 44.57 55  0.0 0.01059749106444544
54 44.57 56  0.0 0.0165361004120807
54 44.57 57  0.0 0.00551986533128926
54 44.57 58  6.62 0.01715419613188608
54 44.57 59  6.62 0.003151126765646322
54 44.57 60  6.62 0.0034216800513209595
54 44.57 61  6.62 0.029777268277321405
54 44.57 62  6.62 0.012848017605820156
55 44.57 55  0.0 0.004336859737137957
55 44.57 56  0.0 0.01822870872686617
55 44.57 57  0.0 0.02093826324926984
55 44.57 58  6.62 0.023763182375281446
55 44.57 59  6.62 0.009687962002996715
55 44.57 60  6.62 0.009908370905988364
55 44.57 61  6.62 0.017030606224401605
55 44.57 62  6.62 0.022454458576140125
56 44.57 56  0.0 0.04089467609895356
56 44.57 57  0.0 0.029376798864181677
56 44.57 58  6.62 0.009639115588602703
56 44.57 59  6.62 0.0175868795629871
56 44.57 60  6.62 0.004739993075531376
56 44.57 61  6.62 0.012857673231750966
56 44.57 62  6.62 0.010646188235232928
57 44.57 57  0.0 0.019940803660993933
57 44.57 58  6.62 0.012115022599016388
57 44.57 59  6.62 0.011621998590861805
57 44.57 60  6.62 0.030854084953971676
57 44.57 61  6.62 0.018557425925326717
57 44.57 62  6.62 0.002627245683229481
58 51.19 58  0.0 0.00045435111879750344
58 51.19 59  0.0 0.0010266927998473824
58 51.19 60  0.0 0.0006918586402633545
58 51.19 61  0.0 0.0005855788480041112
58 51.19 62  0.0 0.0006866111177365206
59 51.19 59  0.0 0.0002832848463289319
59 51.19 60  0.0 0.0008326551665251136
59 51.19 61  0.0 0.0008727202614594874
59 51.19 62  0.0 0.00015169108096590902
60 51.19 60  0.0 0.0011885735822114332
60 51.19 61  0.0 0.0005285794292247624
60 51.19 62  0.0 0.0011272728246062937
61 51.19 61  0.0 0.0006854109629823188
61 51.19 62  0.0 0.0004013099840091639
62 51.19 62  0.0 0.0004974048539650764
