translational analysis ortho
#nmax= 1 NR= 11 Ntheta= 11 Nphi= 11
#jmax= 2 Nalpha= 11 Nphi= 11 Nchi= 11
-5.353984622907446e-14
1 92.09423955738453 1.4223955222886517
2 153.4903992623075 0.04639761663031751
3 153.4903992623075 0.258892366554276
4 153.49039926230753 0.22813837052935443

-4.164210262261347e-14
1 92.09423955738453 0.8953772699025149
2 153.4903992623075 0.010959302334440861
3 153.4903992623075 0.28749127146601006
4 153.49039926230753 0.2091838689272863

-2.3795487212921982e-14
1 92.09423955738453 0.8091619643534581
2 153.4903992623075 0.08385962861819277
3 153.4903992623075 0.052260801062252185
4 153.49039926230753 0.10292076313752262

1.7846615409691486e-14
1 92.09423955738453 0.6797600782893555
2 153.4903992623075 0.17799151700260832
3 153.4903992623075 0.025239566389360927
4 153.49039926230753 0.15539456776230748

1.0113082065491842e-13
1 92.09423955738453 1.6870715166800274
3 153.4903992623075 0.05679269908608442

2.0226164130983684e-13
1 92.09423955738453 0.23416126743414994
2 153.4903992623075 0.05498229700994969
3 153.4903992623075 0.03334561893928563
4 153.49039926230753 0.05828662170442225

6.326464307216045
1 92.09423955738453 0.48028967850338866
2 153.4903992623075 0.10320050227453327
3 153.4903992623075 0.01747353645636445
4 153.49039926230753 0.03755656951038626

6.326464307216081
1 92.09423955738453 0.26304526212998675
2 153.4903992623075 0.03724409638588476
3 153.4903992623075 0.037607395732340974
4 153.49039926230753 0.023050788342914796

6.326464307216087
1 92.09423955738453 0.066192700467508
2 153.4903992623075 0.06254225374982708
3 153.4903992623075 0.01901321258285871
4 153.49039926230753 0.02196413065449758

6.326464307216111
1 92.09423955738453 0.08010580653767287
2 153.4903992623075 0.04925064560544048
3 153.4903992623075 0.06427396226439122

6.32646430721614
1 92.09423955738453 0.7648294791402408
2 153.4903992623075 0.01772525283247966
4 153.49039926230753 0.06068420372524107

6.326464307216158
1 92.09423955738453 1.8529356755915125
2 153.4903992623075 0.024073166148489374
3 153.4903992623075 0.14284994142375687
4 153.49039926230753 0.18760072225628507

6.326464307216164
1 92.09423955738453 2.8704936067807223
2 153.4903992623075 0.06351454921125957
3 153.4903992623075 0.03305738869910635
4 153.49039926230753 0.2045367849743551

6.326464307216164
1 92.09423955738453 0.5041900258748627
2 153.4903992623075 0.027037679504137567
4 153.49039926230753 0.05228895320970749

6.3264643072162
1 92.09423955738453 2.1323909725510335
2 153.4903992623075 0.0730597947448729
3 153.4903992623075 0.08687355969698732
4 153.49039926230753 0.02505757977687549

6.326464307216206
1 92.09423955738453 2.4151684820416857
2 153.4903992623075 0.060403210468046836
3 153.4903992623075 0.08187030966498304
4 153.49039926230753 0.02868290240411454

44.56793580141009
2 153.4903992623075 0.0344326310366861
3 153.4903992623075 0.08328935025207716
4 153.49039926230753 0.4407268203870042

44.56793580141012
2 153.4903992623075 0.37241441045437196
3 153.4903992623075 0.18619859584911186
4 153.49039926230753 0.3345279105534291

44.56793580141024
2 153.4903992623075 0.3309949635904379
3 153.4903992623075 0.21210932403882116
4 153.49039926230753 0.17598201995673382

44.56793580141026
2 153.4903992623075 1.5216347912417874
3 153.4903992623075 0.07687079450967521
4 153.49039926230753 0.32042846673437864

44.56793580141026
2 153.4903992623075 1.4040964562976184
3 153.4903992623075 0.27712072305069135
4 153.49039926230753 1.7645810776538569

44.56793580141026
2 153.4903992623075 0.4805138698300151
3 153.4903992623075 0.10759652513206981
4 153.49039926230753 1.3719695430367147

44.56793580141026
2 153.4903992623075 1.0181717456275943
3 153.4903992623075 0.16522684856176445
4 153.49039926230753 0.47917318377455975

44.56793580141026
2 153.4903992623075 0.925013910011878
3 153.4903992623075 0.21346846072156905
4 153.49039926230753 0.2734284320802009

44.56793580141026
2 153.4903992623075 0.33120367415131796
3 153.4903992623075 0.14672229425198757
4 153.49039926230753 0.07647914696146628

44.56793580141026
2 153.4903992623075 0.9053048989417686
3 153.4903992623075 0.27513709891903326
4 153.49039926230753 0.7687840505202751

44.56793580141026
2 153.4903992623075 0.8245959772822442
3 153.4903992623075 0.2749418606274173
4 153.49039926230753 0.1982945606365896

44.567935801410265
2 153.4903992623075 1.1543774930853803
3 153.4903992623075 0.2541574571111407
4 153.49039926230753 1.060208240076889

44.567935801410265
2 153.4903992623075 1.3470763262335654
3 153.4903992623075 0.2032323230830692
4 153.49039926230753 0.6434406247927266

44.567935801410265
2 153.4903992623075 0.8319129842758539
3 153.4903992623075 0.06051313368554196
4 153.49039926230753 1.3415382244052427

44.567935801410265
2 153.4903992623075 0.9240362870081428
3 153.4903992623075 0.17596800570026763
4 153.49039926230753 1.6107187117314208

44.567935801410265
2 153.4903992623075 0.6009809546569184
3 153.4903992623075 0.09656606718878742
4 153.49039926230753 0.9596273457346122

44.56793580141028
2 153.4903992623075 0.8358053012749196
3 153.4903992623075 0.23172976177158155
4 153.49039926230753 0.14552150932947802

44.56793580141028
2 153.4903992623075 0.3696034077381696
3 153.4903992623075 0.6518072296415854
4 153.49039926230753 0.18669320390152186

44.56793580141028
2 153.4903992623075 0.15213850396965534
3 153.4903992623075 0.7504535996132158
4 153.49039926230753 0.13461153691457214

44.56793580141028
2 153.4903992623075 0.1469985224083014
3 153.4903992623075 0.8517817518617589
4 153.49039926230753 0.24399957365125358

44.56793580141028
2 153.4903992623075 0.17520243525885176
3 153.4903992623075 0.7109817841106125
4 153.49039926230753 0.16709698414368473

44.56793580141028
2 153.4903992623075 0.17390064753814582
3 153.4903992623075 0.8302754876013003
4 153.49039926230753 0.2852869656096904

44.56793580141029
2 153.4903992623075 0.09075605106368045
3 153.4903992623075 1.2217910923029325
4 153.49039926230753 0.4035360501950465

44.56793580141029
2 153.4903992623075 0.0975362764111362
3 153.4903992623075 0.8844155796368971
4 153.49039926230753 0.3871510948821416

44.567935801410314
2 153.4903992623075 0.3259983336143709
3 153.4903992623075 0.6307647906175489
4 153.49039926230753 0.2296161715656816

44.567935801410314
2 153.4903992623075 0.23592618187814776
3 153.4903992623075 0.25652915026592044
4 153.49039926230753 0.03339680918386251

44.567935801410336
2 153.4903992623075 0.20447750594752365
3 153.4903992623075 0.02972025939954986
4 153.49039926230753 0.23617847674096257

44.567935801410364
2 153.4903992623075 0.022992856115250076
3 153.4903992623075 0.08029013868128085
4 153.49039926230753 0.09060108886931768

44.567935801410364
2 153.4903992623075 0.04347223909565473
3 153.4903992623075 0.17591755479505483
4 153.49039926230753 0.48930537491877246

44.56793580141046
2 153.4903992623075 0.9131302525749615
3 153.4903992623075 0.23045449187368655
4 153.49039926230753 0.11845708227998969

44.56793580141046
2 153.4903992623075 0.03307712043368492
3 153.4903992623075 0.35083622098557316
4 153.49039926230753 0.16907664992811428

44.56793580141056
2 153.4903992623075 0.6089417981309343
3 153.4903992623075 0.1831418085136619

52.111327443142734
1 92.09423955738453 0.08924672012025991
2 153.4903992623075 0.8124480850734914
3 153.4903992623075 0.24156656124857967
4 153.49039926230753 0.14669425468987374

52.1113274431428
1 92.09423955738453 0.21997946334133225
2 153.4903992623075 0.3406932697912511
3 153.4903992623075 0.045360405768411334
4 153.49039926230753 0.33140536069854293

52.11132744314281
1 92.09423955738453 0.22201393863782432
2 153.4903992623075 0.1383695022641057
3 153.4903992623075 0.7913103358427392
4 153.49039926230753 0.7868385490234712

52.11132744314287
1 92.09423955738453 0.05133750626313311
3 153.4903992623075 0.291204458676599
4 153.49039926230753 0.21525318392139095

52.11132744314287
1 92.09423955738453 0.02038695236804658
2 153.4903992623075 0.0847332362492591
3 153.4903992623075 0.0876702187342451
4 153.49039926230753 0.01045371603351406

52.11132744314288
1 92.09423955738453 0.24936660728898494
2 153.4903992623075 0.29189408127022803
3 153.4903992623075 0.24392667443537697
4 153.49039926230753 0.10653915901226502

52.111327443142905
1 92.09423955738453 0.1536129891841842
2 153.4903992623075 0.7982712322724888
3 153.4903992623075 0.02685278350805499
4 153.49039926230753 0.044668975391034274

52.111327443142955
1 92.09423955738453 0.6886836939937774
2 153.4903992623075 0.14271204227968642
3 153.4903992623075 0.457532753808545
4 153.49039926230753 1.106911139700025

52.11132744314299
1 92.09423955738453 0.14265110706169065
2 153.4903992623075 0.43412048257078506
4 153.49039926230753 0.09077766239878485

52.11132744314319
1 92.09423955738453 0.0314166608868823
2 153.4903992623075 0.11646890340417865
3 153.4903992623075 0.4336166088992908
4 153.49039926230753 0.2636201237979747

58.43779175035856
1 92.09423955738453 0.5660584444281069
2 153.4903992623075 0.2428012823704315
3 153.4903992623075 0.8648061514383855
4 153.49039926230753 0.7822821851565056

58.437791750358954
1 92.09423955738453 0.06860923693821919
2 153.4903992623075 0.128920016709172
4 153.49039926230753 0.14726604400038598

58.43779175035899
1 92.09423955738453 0.1998737377141287
2 153.4903992623075 0.19178327445215967
3 153.4903992623075 0.5128861128763831
4 153.49039926230753 0.2988565172343154

58.437791750359004
1 92.09423955738453 0.5624331972188698
2 153.4903992623075 0.35633970375781915
3 153.4903992623075 0.060234505880316994
4 153.49039926230753 0.14441656324743976

