translational analysis para
#nmax= 1 NR= 11 Ntheta= 11 Nphi= 11
#jmax= 2 Nalpha= 11 Nphi= 11 Nchi= 11
0.0
2 153.4903992623075 0.045788554805695256
3 153.4903992623075 0.04018335171742025
4 153.49039926230753 0.03175459802059913

1.1897743606460991e-14
1 92.09423955738453 0.1373083648031236
2 153.4903992623075 0.02557291476536176
3 153.4903992623075 0.03722590071462322

1.189774360646099e-13
1 92.09423955738453 0.8024618450652976
2 153.4903992623075 0.12453314472843188
3 153.4903992623075 0.05335646536693876
4 153.49039926230753 0.09440688505613709

1.8441502590014537e-13
1 92.09423955738453 0.7559489892424935
2 153.4903992623075 0.04127058657235588
3 153.4903992623075 0.013666729922081134
4 153.49039926230753 0.02922363372648748

3.7690708660483145
2 153.4903992623075 0.019553053826184837
3 153.4903992623075 0.04013790796982648
4 153.49039926230753 0.06989707096615726

3.7690708660483265
1 92.09423955738453 2.484712546499606
2 153.4903992623075 0.04340294538558541
3 153.4903992623075 0.12203452822303518
4 153.49039926230753 0.1836337612850469

3.7690708660483323
1 92.09423955738453 1.9877346230495123
3 153.4903992623075 0.08410755813837685
4 153.49039926230753 0.11193430460316933

3.76907086604838
1 92.09423955738453 0.572702908859933
2 153.4903992623075 0.06880979003059148
3 153.4903992623075 0.08209918152754564
4 153.49039926230753 0.031612258558050645

3.769070866048392
1 92.09423955738453 1.819169951778159
2 153.4903992623075 0.24803156403856155
3 153.4903992623075 0.13828463542253014
4 153.49039926230753 0.03395293764512959

3.769070866048398
1 92.09423955738453 0.15383297189275955
2 153.4903992623075 0.02447666353452941

3.769070866048416
1 92.09423955738453 0.8571586165865492
2 153.4903992623075 0.0465578683122017
3 153.4903992623075 0.058949597459393155
4 153.49039926230753 0.1121652153886521

3.7690708660484513
1 92.09423955738453 0.26191547902465906
2 153.4903992623075 0.17953267672484818
3 153.4903992623075 0.17519824908669923

3.769070866048481
1 92.09423955738453 0.5845284806985638
2 153.4903992623075 0.04643842488876367
3 153.4903992623075 0.11296425942867973
4 153.49039926230753 0.13868236538888717

3.7690708660484873
1 92.09423955738453 0.07687458190830311
2 153.4903992623075 0.06219815915725466
3 153.4903992623075 0.08758617371952278
4 153.49039926230753 0.06669765579494591

7.24497118112327
1 92.09423955738453 0.6937524133878654
2 153.4903992623075 0.07666709797758124
3 153.4903992623075 0.031886804688021735
4 153.49039926230753 0.03083440688820964

7.244971181123311
1 92.09423955738453 1.5171770192286436
2 153.4903992623075 0.10519747462396432
3 153.4903992623075 0.03165838516742979
4 153.49039926230753 0.0261001506337536

7.244971181123347
1 92.09423955738453 1.3371715709982552
2 153.4903992623075 0.019541222119693082
3 153.4903992623075 0.060947269471542435
4 153.49039926230753 0.12148868921704298

7.2449711811234065
1 92.09423955738453 0.42807028395143504
2 153.4903992623075 0.013175545898903927
3 153.4903992623075 0.11575817674210569
4 153.49039926230753 0.045408469327161

7.244971181123484
1 92.09423955738453 0.3689100948988713
3 153.4903992623075 0.06342324100715967
4 153.49039926230753 0.018819509070334108

44.56793580141023
2 153.4903992623075 0.09352497741515077
3 153.4903992623075 0.15083810690096933
4 153.49039926230753 1.2581308787188976

44.56793580141024
3 153.4903992623075 0.10031742850147252
4 153.49039926230753 0.05871171099626323

44.56793580141026
2 153.4903992623075 0.35362225588221585
3 153.4903992623075 0.13793486930207208
4 153.49039926230753 0.29408557572530636

44.56793580141026
2 153.4903992623075 0.25417758866120777
3 153.4903992623075 0.24686514363993267
4 153.49039926230753 0.06555930262386764

44.567935801410265
2 153.4903992623075 0.17676934525277904
3 153.4903992623075 0.5551396936446502
4 153.49039926230753 0.34865681483750327

44.567935801410265
2 153.4903992623075 0.11734944618374094
3 153.4903992623075 0.06442625600472068
4 153.49039926230753 0.07864911927420733

44.567935801410265
2 153.4903992623075 0.1303698503023121
3 153.4903992623075 0.23322069140003088
4 153.49039926230753 0.39128889535013717

44.567935801410265
2 153.4903992623075 0.12892473094641246
3 153.4903992623075 0.17667701179722645
4 153.49039926230753 0.034754524108578336

44.567935801410265
2 153.4903992623075 0.12581887999473823
3 153.4903992623075 0.16237451798549718
4 153.49039926230753 0.01680058787018824

44.567935801410265
2 153.4903992623075 0.09687302866132623
3 153.4903992623075 0.16156030827269313
4 153.49039926230753 0.022724913765155334

44.567935801410265
2 153.4903992623075 0.13818467424597541
3 153.4903992623075 0.1755169939380699
4 153.49039926230753 0.011721972729683321

44.567935801410265
2 153.4903992623075 0.1634282970465075
3 153.4903992623075 0.23576107655519674
4 153.49039926230753 0.056610063209357464

44.567935801410265
2 153.4903992623075 0.14055121750752136
3 153.4903992623075 0.16675501826156178
4 153.49039926230753 0.024212770890770126

44.567935801410265
2 153.4903992623075 0.09993312222895602
3 153.4903992623075 0.14877161715367015
4 153.49039926230753 0.01473831661430358

44.567935801410265
2 153.4903992623075 0.1032171269755825
3 153.4903992623075 0.24609190739171094
4 153.49039926230753 0.10181529945290015

44.56793580141028
2 153.4903992623075 0.026300374459262765
3 153.4903992623075 0.33135325123532144
4 153.49039926230753 0.03775775331213686

44.56793580141028
2 153.4903992623075 0.1569344074186658
3 153.4903992623075 0.1873020085368922

44.56793580141028
2 153.4903992623075 0.16146280247169054
3 153.4903992623075 0.22298465325830105
4 153.49039926230753 0.01685668790883593

44.56793580141028
2 153.4903992623075 0.16844590952011182
3 153.4903992623075 0.19692758596417123
4 153.49039926230753 0.027674209917282578

44.56793580141028
2 153.4903992623075 0.1615127509617328
3 153.4903992623075 0.2040886274478937
4 153.49039926230753 0.021700335098784725

44.56793580141028
2 153.4903992623075 0.18499261803617986
3 153.4903992623075 0.20678241621763122
4 153.49039926230753 0.033302277818373284

44.56793580141028
2 153.4903992623075 0.177441788782926
3 153.4903992623075 0.1794702109479445
4 153.49039926230753 0.012186615785016931

44.56793580141028
2 153.4903992623075 0.12914820579320718
3 153.4903992623075 0.1745530154301007
4 153.49039926230753 0.06827482013286487

44.56793580141028
2 153.4903992623075 0.15163104808325295
3 153.4903992623075 0.20024568436813073
4 153.49039926230753 0.03954256224189115

44.56793580141029
2 153.4903992623075 0.19171158583783135
3 153.4903992623075 1.5743200331742522
4 153.49039926230753 0.23141819106363262

44.56793580141029
2 153.4903992623075 0.2460782924135901
3 153.4903992623075 1.6060223291008022
4 153.49039926230753 0.11003226421550868

44.56793580141029
2 153.4903992623075 0.2870152589016938
3 153.4903992623075 1.3622007262506732
4 153.49039926230753 0.056693440032388076

44.56793580141029
2 153.4903992623075 0.45284790035752254
3 153.4903992623075 0.7086766113102193
4 153.49039926230753 0.30181862935891846

44.5679358014103
2 153.4903992623075 0.05901079565664409
3 153.4903992623075 0.6574867365654681
4 153.49039926230753 0.5862489751165537

44.56793580141033
2 153.4903992623075 0.5305899334225689
3 153.4903992623075 0.2628994859369735
4 153.49039926230753 1.543005337634056

44.56793580141033
2 153.4903992623075 1.17755285744217
3 153.4903992623075 0.19632115455794213
4 153.49039926230753 0.44813656644565814

44.56793580141033
2 153.4903992623075 1.3636317921650698
3 153.4903992623075 0.5732181662444898
4 153.49039926230753 0.08962789916281794

44.5679358014104
2 153.4903992623075 0.4029657048009988
3 153.4903992623075 0.057732479963596574

44.567935801410414
2 153.4903992623075 0.21614552789508107
3 153.4903992623075 0.43110788576696957
4 153.49039926230753 0.049219649784641314

44.56793580141045
2 153.4903992623075 0.12947980768607795
3 153.4903992623075 0.9952858660772506
4 153.49039926230753 0.21213644785955352

44.56793580141058
2 153.4903992623075 0.46179050464656385
3 153.4903992623075 0.2968913529933801
4 153.49039926230753 0.0898799795763134

44.56793580141072
2 153.4903992623075 0.2555895416467185
3 153.4903992623075 0.07036356103440311
4 153.49039926230753 0.13379352308639073

44.56793580141077
2 153.4903992623075 0.19608961825249926
3 153.4903992623075 0.7359396953142257
4 153.49039926230753 0.4950602714203013

51.1928205692356
1 92.09423955738453 0.08268805489573311
2 153.4903992623075 0.08736161265731757
3 153.4903992623075 0.14356929128211066
4 153.49039926230753 0.19321201199240415

51.19282056923567
1 92.09423955738453 0.39014033592611685
2 153.4903992623075 0.8150586871335526
3 153.4903992623075 0.1595670064814993
4 153.49039926230753 0.6317853126535016

51.19282056923575
1 92.09423955738453 0.07831691729175291
2 153.4903992623075 0.25830519850122
3 153.4903992623075 0.6990840194167125
4 153.49039926230753 0.01519913630188058

51.192820569235764
1 92.09423955738453 0.03284943708478305
2 153.4903992623075 0.3028591847366324
3 153.4903992623075 0.3218069284700094
4 153.49039926230753 0.3019462920514614

51.19282056923585
1 92.09423955738453 0.20732082915930136
2 153.4903992623075 0.17794798879111623
3 153.4903992623075 0.19878896797291612
4 153.49039926230753 0.2737031967751553

54.668720884310346
1 92.09423955738453 0.0430955164362228
2 153.4903992623075 0.5077711290387157
3 153.4903992623075 0.42469318104421006

54.668720884310545
1 92.09423955738453 0.19115562190510427
2 153.4903992623075 0.14813050810775288
3 153.4903992623075 0.030734725471155
4 153.49039926230753 0.25430908037471167

54.66872088431064
1 92.09423955738453 0.03958794771100366
2 153.4903992623075 0.5646635625495657
4 153.49039926230753 1.4177910427454778

54.66872088431065
1 92.09423955738453 0.0775275048666753
2 153.4903992623075 0.056599587760229456
4 153.49039926230753 0.13927123996991522

54.66872088431065
1 92.09423955738453 0.3721002675871251
2 153.4903992623075 0.5522380932886433
3 153.4903992623075 0.2012489477884948
4 153.49039926230753 0.594464626454529

54.66872088431065
1 92.09423955738453 0.23525070849055993
2 153.4903992623075 0.34653555999159985
3 153.4903992623075 0.554198491082426
4 153.49039926230753 0.15827762822460362

54.668720884310666
1 92.09423955738453 0.05673425237135341
2 153.4903992623075 0.11890332639228465
3 153.4903992623075 0.022099521982060923
4 153.49039926230753 0.03690461512854857

54.66872088431067
1 92.09423955738453 0.2617864255536394
2 153.4903992623075 0.08861471676873456
3 153.4903992623075 0.16939991338821486
4 153.49039926230753 0.09303035818565501

54.66872088431076
1 92.09423955738453 0.3510442197159905
3 153.4903992623075 0.2905144826129742
4 153.49039926230753 0.405404941800349

54.66872088431077
1 92.09423955738453 0.478337959408352
2 153.4903992623075 0.28887695742786873
3 153.4903992623075 0.3437990479808196
4 153.49039926230753 0.04836390413959287

58.43779175035872
1 92.09423955738453 0.09142343038417781
2 153.4903992623075 0.019922634044092676
3 153.4903992623075 0.5482764710225392
4 153.49039926230753 0.16739971986121405

58.43779175035886
1 92.09423955738453 0.08488817889427833
2 153.4903992623075 0.07545470555938387
3 153.4903992623075 0.041345131402981176
4 153.49039926230753 0.23554280042278036

