#nmax= 4 NR= 11 Ntheta= 11 Nphi= 11
#jmax= 4 Nalpha= 11 Nphi= 11 Nchi= 11
#Ntrans= 35
#Nrot= 165
#Npara= 85
#Nportho= 80

0.1  0.0  0.0  0.0
0.2  0.0  0.0  1.1752294016264923e-296
0.3  0.0  8.153234119884212e-11  3.433362012219716e-197
0.4  0.0  -2.2930970962174352e-11  1.565784026794817e-147
0.5  0.0  -2.935164283158317e-11  8.83579584304163e-118
0.6  0.0  0.0  5.642077847511089e-98
0.7  0.0  2.2462991962946303e-11  7.5375165020704e-84
0.8  0.0  1.547840539946769e-10  2.857633101069226e-73
0.9  0.0  2.7585108772274924e-9  4.697315293729116e-65
1.0  0.0  2.9560773286758203e-8  1.717328439319312e-58
1.1  0.0  2.025536252884904e-7  3.950700837573464e-53
1.2  0.0  9.919224630251135e-7  1.1435859648970348e-48
1.3  -1.0854897496887264e-12  3.755738088456009e-6  6.728061742944148e-45
1.4  5.615747990736576e-12  1.1628778329245816e-5  1.1329653503295338e-41
1.5  4.321214083538633e-11  3.067521602954963e-5  7.018216113821354e-39
1.6  2.9165328692515506e-10  7.108248577914074e-5  1.9302509591378514e-36
1.7  1.4644083047677849e-9  0.00014811650967226688  2.7215648163328725e-34
1.8  6.100770669566138e-9  0.0002826030424803533  2.1997983731569488e-32
1.9  2.1725602250323327e-8  0.0005008112136574806  1.1132938201727635e-30
2.0  6.775735023787127e-8  0.0008337446324621147  3.785534522562837e-29
2.1  1.887294826780157e-7  0.0013159482601390452  9.156234174065062e-28
2.2  4.768720931050643e-7  0.0019839992944830046  1.650611696405157e-26
2.3  1.1072359342386842e-6  0.0028748655893651776  2.304860487778939e-25
2.4  2.387918572060273e-6  0.004024297101151222  2.574267650999991e-24
2.5  4.826669854022604e-6  0.005465379259399148  2.3625117019433855e-23
2.6  9.213600631451296e-6  0.007227333285830104  1.8226454400521702e-22
2.7  1.6717642630795955e-5  0.009334607384633918  1.2052157693404018e-21
2.8  2.899276003261316e-5  0.011806268341008237  6.94513870122248e-21
2.9  4.828847774888441e-5  0.014655677772024854  3.538106325078443e-20
3.0  7.75583623496033e-5  0.017890421038620874  1.613329196227784e-19
3.1  0.00012055996877725984  0.0215124475989129  6.656225434453585e-19
3.2  0.0001819401124300218  0.025518378815900047  2.5083514112960096e-18
3.3  0.0002673001940396674  0.029899940312367392  8.705775457587395e-18
3.4  0.00038323760241091513  0.03464447932165246  2.803258797224589e-17
3.5  0.0005373606401783294  0.03973553313753422  8.428862148718481e-17
3.6  0.0007382759187248627  0.04515341996568814  2.380259515341679e-16
3.7  0.0009955486073636468  0.050875829468340364  6.345378865546372e-16
3.8  0.0013196371324147467  0.05687839541016079  1.604210966974688e-15
3.9  0.0017218049815647648  0.06313523750609974  3.862101098783766e-15
4.0  0.00221401296741942  0.0696194634654943  8.886936650313627e-15
4.1  0.00280879584236508  0.07630362566443999  1.9610890952776778e-14
4.2  0.0035191273227654254  0.08316012935999878  4.1626617908318565e-14
4.3  0.004358277737058552  0.09016159151982073  8.522415442035968e-14
4.4  0.005339668179078834  0.09728115080657375  1.6871460265649288e-13
4.5  0.006476724911443593  0.1044927305982221  3.2368694904099496e-13
4.6  0.007782737303724031  0.11177125745471977  6.030848712924878e-13
4.7  0.009270722084371363  0.11909283830420202  1.0932860620484184e-12
4.8  0.010953296378034041  0.12643489960652338  1.931719070896839e-12
4.9  0.012842561261939422  0.13377629221839923  3.3319604060467833e-12
5.0  0.014949997300893822  0.14109736551124952  5.618712530914638e-12
5.1  0.01728637300356154  0.14838001420222238  9.275562550905667e-12
5.2  0.019861666714198093  0.15560770149703762  1.5008949225777206e-11
5.3  0.022685002120241795  0.162765461577446  2.38323065411282e-11
5.4  0.025764597266768264  0.16983988454810808  3.717488679060048e-11
5.5  0.029107726696743948  0.1768190866005944  5.702027443794464e-11
5.6  0.032720696081049376  0.18369266794849087  8.608006252762694e-11
5.7  0.03660882865715249  0.19045166079077544  1.2800855484215668e-10
5.8  0.040776462514969275  0.19708846945141198  1.8766465934258257e-10
5.9  0.04522695785776939  0.2035968044265001  2.7142733388093473e-10
6.0  0.04996271315974392  0.20997161205225473  3.875710190367547e-10
6.1  0.05498518923188954  0.2162090011654047  5.467074342800233e-10
6.2  0.06029494015405944  0.22230616798670855  7.622999158314289e-10
6.3  0.06589165005450161  0.2282613203061912  1.0512561354194505e-9
6.4  0.071774174793662  0.23407360180894804  1.4346045610040705e-9
6.5  0.07794058759692404  0.23974301736864848  1.938259410192418e-9
6.6  0.08438822778718677  0.24527035986001663  2.593878115260656e-9
6.7  0.09111375181233254  0.2506571390263329  3.4398144796586606e-9
6.8  0.09811318580035089  0.25590551280352836  4.5221697767250825e-9
6.9  0.10538197903641738  0.2610182213956913  5.895943041378306e-9
7.0  0.11291505767637999  0.2659985243423351  7.626280755526709e-9
7.1  0.12070687823647089  0.27085014073386265  9.78982504935023e-9
7.2  0.12875148034066008  0.2755771926860587  1.247615845497405e-8
7.3  0.13704253833421137  0.2801841521131843  1.578934217732674e-8
7.4  0.14557341143839755  0.284675790819265  1.984954380894206e-8
7.5  0.15433719211445693  0.28905713388573673  2.479474942929438e-8
7.6  0.16332675242591058  0.29333341627336107  3.0782554111150445e-8
7.7  0.17253478819729295  0.29751004261626585  3.799202402027659e-8
7.8  0.181953860824459  0.30159255003811475  4.662562255215952e-8
7.9  0.19157643662368048  0.3055865739432617  5.691119230910796e-8
8.0  0.20139492363526243  0.30949781663388226  6.910398418962458e-8
8.1  0.21140170586157836  0.31333201861755405  8.348872444320798e-8
8.2  0.22158917490687288  0.31709493247348747  1.0038171023934251e-7
8.3  0.23194975903315504  0.3207922991794557  1.2013292410878375e-7
8.4  0.24247594966545663  0.3244298266853677  1.431281575357973e-7
8.5  0.2531603253905835  0.3280131706705665  1.6979113400746096e-7
8.6  0.26399557351659453  0.3315479173217602  2.005856219547469e-7
8.7  0.27497450927585093  0.33503956797304724  2.360175282428632e-7
8.8  0.286090092746547  0.33849352553627016  2.7663696317726464e-7
8.9  0.2973354436039574  0.3419150825564504  3.230402683782053e-7
9.0  0.3087038537892591  0.3453094107826178  3.7587199933146585e-7
9.1  0.3201887982228288  0.3486815521500628  4.358268549364528e-7
9.2  0.33178394365024083  0.3520364110662443  5.036515469358164e-7
9.3  0.3434831557605718  0.35537874788454027  5.801466027133692e-7
9.4  0.3552805046636037  0.3587131734882424  6.661680955804688e-7
9.5  0.36717026886537607  0.36204414487488884  7.626292973259523e-7
9.6  0.37914693784295916  0.36537596167659314  8.705022484730789e-7
9.7  0.3912052133224564  0.36871276351174087  9.908192423606175e-7
9.8  0.40334000938633796  0.37205852811829027  1.1246742198371237e-6
9.9  0.41554645151017144  0.37541707017585385  1.2732240720210672e-6
10.0  0.4278198746144622  0.37879204076448625  1.4376898492281582e-6
10.1  0.44015582026254135  0.38218692740187926  1.6193578747971376e-6
10.2  0.4525500330648588  0.38560505458482974  1.819580763150219e-6
10.3  0.46499845640797666  0.38904958480369844  2.039778342001616e-6
10.4  0.47749722757170043  0.3925235199624213  2.2814384791735026e-6
10.5  0.4900426723337277  0.3960297031736513  2.5461178149904213e-6
10.6  0.5026312991248822  0.39957082088296203  2.83544240169943e-6
10.7  0.5152597928092995  0.40314940526024384  3.151108251801372e-6
10.8  0.5279250081651482  0.40676783687769275  3.494881797578855e-6
10.9  0.5406239631154176  0.41042834757945534  3.868600264467921e-6
11.0  0.5533538317755105  0.4141330235481351  4.274171961242117e-6
11.1  0.566111937367427  0.41788380854199814  4.7135764902614114e-6
11.2  0.5788957450503482  0.4216825072498122  5.188864881283869e-6
11.3  0.5917028547065966  0.4255307887752856  5.702159652546105e-6
11.4  0.6045309937405932  0.4294301902029043  6.2556548029908755e-6
11.5  0.617378009904768  0.4333821202325877  6.851615739657825e-6
11.6  0.6302418642022509  0.43738786288246606  7.492379144358591e-6
11.7  0.6431206238902268  0.4414485812039272  8.180352783829928e-6
11.8  0.6560124556088808  0.4455653210441925  8.918015267603078e-6
11.9  0.6689156186613515  0.44973901480146106  9.707915757843832e-6
12.0  0.6818284584656013  0.45397048518282335  1.0552673635407467e-5
12.1  0.6947494001901858  0.4582604489416198  1.1454978126320518e-5
12.2  0.7076769425953432  0.4626095206024814  1.2417587892845431e-5
12.3  0.7206096520883509  0.4670182161420357  1.3443330593210174e-5
12.4  0.7335461570017177  0.47148695663294865  1.4535102413991442e-5
12.5  0.7464851421034423  0.4760160718379148  1.5695867579032325e-5
12.6  0.7594253433479932  0.48060580375552575  1.6928657838652032e-5
12.7  0.7723655428667031  0.4852563100983613  1.8236571942770457e-5
12.8  0.785304564204219  0.4899676677133524  1.9622775101424734e-5
12.9  0.7982412678021318  0.4947398759278798  2.1090498436001203e-5
13.0  0.8111745467225969  0.4995728598324059  2.264303842434233e-5
13.1  0.8241033226250305  0.5044664734760178  2.4283756342722266e-5
13.2  0.8370265419747714  0.5094205029968026  2.6016077707511805e-5
13.3  0.8499431724966623  0.5144346696689874  2.7843491719176936e-5
13.4  0.8628521998605857  0.5195086328657688  2.9769550711077678e-5
13.5  0.8757526245899945  0.5246419929397469  3.179786960535681e-5
13.6  0.8886434592009775  0.5298342940322264  3.393212537802708e-5
13.7  0.9015237255568829  0.5350850267826427  3.617605653518931e-5
13.8  0.914392452425129  0.5403936309693746  3.8533462602137266e-5
13.9  0.9272486732475882  0.5457594980567091  4.10082036269323e-5
14.0  0.9400914240935682  0.5511819736655275  4.36041996998619e-5
14.1  0.9529197418160958  0.5566603599600768  4.632543049002623e-5
14.2  0.9657326623729494  0.5621939179511939  4.917593480014034e-5
14.3  0.9785292193299078  0.5677818697232011  5.2159810140478235e-5
14.4  0.9913084425236278  0.573423400579003  5.528121232273743e-5
14.5  1.0040693568810823  0.5791176611064491  5.854435507444998e-5
14.6  1.0168109813872903  0.5848637691677723  6.195350967443783e-5
14.7  1.0295323281935895  0.590660811820911  6.551300460965776e-5
14.8  1.0422324018602023  0.5965078471569608  6.922722525367309e-5
14.9  1.0549101987166656  0.6024039060720732  7.310061356685226e-5
15.0  1.0675647063501439  0.6083479939716899  7.713766781828734e-5
15.1  1.080194903193401  0.6143390923987608  8.13429423293145e-5
15.2  1.0927997582218418  0.6203761606029861  8.572104723841102e-5
15.3  1.1053782307447848  0.6264581370446719  9.027664828716158e-5
15.4  1.1179292702855834  0.6325839408305131  9.501446662687715e-5
15.5  1.1304518165441708  0.638752473098438  9.993927864537786e-5
15.6  1.1429447994368205  0.6449626183371491  0.00010505591581338281
15.7  1.1554071392066312  0.6512132456488013  0.0001103692645498523
15.8  1.1678377465967205  0.6575032099646965  0.0001158842661055877
15.9  1.180235523085274  0.6638313531997132  0.00012160591646432617
16.0  1.1925993611739856  0.670196505362719  0.00012753926626050285
16.1  1.2049281447257547  0.6765974856140459  0.000133689420712822
16.2  1.2172207493440368  0.6830331032810928  0.0001400615395727226
16.3  1.2294760427981637  0.6895021588243858  0.00014666083708678556
16.4  1.2416928854772564  0.6960034447637335  0.00015349258197210497
16.5  1.253870130882917  0.7025357465645774  0.00016056209740360376
16.6  1.2660066261449405  0.709097843479583  0.0001678747610122591
16.7  1.2781012125633753  0.7156885093611678  0.00017543600489317598
16.8  1.29015272617357  0.7223065134295013  0.00018325131562243452
16.9  1.3021599983259828  0.7289506210134018  0.00019132623428161954
17.0  1.3141218562862398  0.7356195942549905  0.000199666356488932
17.1  1.3260371238434314  0.7423121927841049  0.0002082773324357802
17.2  1.3379046219294328  0.7490271743637212  0.0002171648669277374
17.3  1.3497231692508522  0.7557632955084855  0.00022633471942875576
17.4  1.3614915829201895  0.762519312073122  0.00023579270410753955
17.5  1.3732086790972944  0.7692939798216383  0.0002455446898849602
17.6  1.3848732736289449  0.7760860549658497  0.0002555966004814294
17.7  1.3964841826897  0.7828942946852636  0.00026595441446314734
17.8  1.408040223423852  0.7897174576279459  0.0002766241652861436
17.9  1.419540214583748  0.7965543043822823  0.0002876119413370633
18.0  1.4309829771628582  0.8034035979421006  0.00029892388596964464
18.1  1.442367335030346  0.8102641041418264  0.0003105661975358722
18.2  1.453692115552541  0.8171345920822447  0.00032254512941079765
18.3  1.4649561502117743  0.8240138345377798  0.00033486699001002726
18.4  1.4761582752194706  0.8309006083471581  0.00034753814279893884
18.5  1.487297332117844  0.8377936947919579  0.00036056500629265506
18.6  1.4983721683754934  0.8446918799598596  0.0003739540540458773
18.7  1.509381637971767  0.8515939550974908  0.0003877118146316828
18.8  1.520324601973528  0.8584987169476492  0.00040184487160840806
18.9  1.5311999291001264  0.8654049680782778  0.00041635986347378053
19.0  1.5420064962788174  0.8723115171994881  0.00043126348360550165
19.1  1.5527431891887977  0.8792171794697609  0.00044656248018745437
19.2  1.5634089027947744  0.8861207767948248  0.00046226365612083326
19.3  1.5740025418682224  0.8930211381147328  0.0004783738689194179
19.4  1.5845230214989736  0.8999170996836535  0.0004949000305883077
19.5  1.5949692675916  0.90680750534273  0.000511849107485457
19.6  1.6053402173545575  0.9136912067820955  0.0005292281201653642
19.7  1.6156348197734738  0.920567063799924  0.0005470441432042866
19.8  1.6258520360748883  0.9274339445495686  0.0005653043050064207
19.9  1.6359908401764776  0.9342907257839796  0.0005840157875904873
20.0  1.6460502191260893  0.9411362930941205  0.0006031858263562143
20.1  1.6560291735290344  0.9479695411357808  0.0006228217098301958
20.2  1.665926717960916  0.9547893738578216  0.0006429307793907013
20.3  1.6757418813721339  0.961594704719329  0.000663520428970984
20.4  1.6854737074759447  0.968384456904874  0.0006845981047407024
20.5  1.6951212551293855  0.9751575635326525  0.0007061713047650642
20.6  1.704683598696712  0.9819129678582639  0.0007282475786413769
20.7  1.7141598284060429  0.9886496234718144  0.0007508345271126831
20.8  1.7235490506901758  0.9953664944947194  0.0007739398016581802
20.9  1.7328503885173914  1.0020625557666105  0.0007975711040602236
21.0  1.7420629817106255  1.008736793030386  0.0008217361859476281
21.1  1.751185987253712  1.015388203112494  0.0008464428483151154
21.2  1.7602185795859868  1.0220157940976866  0.000871698941018735
21.3  1.7691599508869558  1.0286185855013903  0.0008975123622470825
21.4  1.7780093113469697  1.0351956084354115  0.0009238910579682636
21.5  1.7867658894278116  1.041745905769828  0.0009508430213524992
21.6  1.795428932111132  1.0482685322924026  0.0009783762921702606
21.7  1.8039977051363782  1.0547625548605832  0.0010064989561659847
21.8  1.8124714932255386  1.0612270525511338  0.0010352191444073162
21.9  1.8208496002987093  1.067661116806332  0.0010645450326099177
22.0  1.8291313496768706  1.074063851571696  0.0010944848404378705
22.1  1.8373160842733651  1.0804343734344002  0.0011250468307797562
22.2  1.845403166775656  1.0867718117543776  0.0011562393090005093
22.3  1.8533919798140142  1.0930753087905274  0.0011880706221691591
22.4  1.8612819261210711  1.0993440198247204  0.0012205491582625704
22.5  1.869072428678776  1.1055771132789896  0.0012536833453454387
22.6  1.8767629308554163  1.111773770829274  0.0012874816507265718
22.7  1.8843528965308027  1.1179331875157419  0.0013219525800918462
22.8  1.8918418102119432  1.1240545718448105  0.0013571046766138904
22.9  1.899229177136767  1.1301371458916334  0.0013929465200388878
23.0  1.9065145233675995  1.1361801453930689  0.0014294867257506646
23.1  1.9136973958739691  1.1421828198388515  0.0014667339438124351
23.2  1.920777362604792  1.1481444325568377  0.0015046968579864085
23.3  1.9277540125498995  1.1540642607947305  0.0015433841847316834
23.4  1.9346269557919151  1.1599415957939168  0.0015828046721807262
23.5  1.9413958235459388  1.165775742862373  0.0016229670990947612
23.6  1.9480602681912718  1.1715660214399675  0.0016638802737985146
23.7  1.954619963291287  1.1773117651598146  0.0017055530330946356
23.8  1.9610746036032458  1.1830123219037705  0.0017479942411582905
23.9  1.9674239050792917  1.188667053854444  0.0017912127884121862
24.0  1.973667604856069  1.1942753375408508  0.001835217590382716
24.1  1.9798054612354548  1.1998365638802984  0.001880017586537371
24.2  1.985837253654863  1.2053501382135205  0.0019256217391041405
24.3  1.9917627826488735  1.2108154803357474  0.0019720390318732407
24.4  1.9975818697997183  1.2162320245240723  0.0020192784689816107
24.5  2.0032943576799647  1.2215992195566427  0.002067349073680891
24.6  2.008900109785095  1.2269165287298465  0.00211625988708906
24.7  2.014399010457144  1.2321834298687133  0.0021660199669265956
24.8  2.019790964799253  1.2373994153321235  0.002216638386237424
24.9  2.0250758985804134  1.2425639920146758  0.002268124232095263
25.0  2.030253758133605  1.247676681341973  0.00232048660429605
25.1  2.035324510243273  1.2527370192611127  0.0023737346140367283
25.2  2.0402881420243686  1.257744556226809  0.0024278773825811895
25.3  2.045144660794865  1.2626988571825377  0.0024829240399138306
25.4  2.049894093938536  1.2675995015361934  0.0025388837233812607
25.5  2.0545364887592403  1.272446083131085  0.0025957655763229033
25.6  2.0590719123292787  1.27723821021247  0.0026535787466907437
25.7  2.0635004513287423  1.2819755053898132  0.0027123323856592186
25.8  2.067822211876948  1.2866576055919796  0.002772035646225482
25.9  2.0720373193583215  1.2912841620208435  0.0028326976818008635
26.0  2.0761459182386983  1.295854840098143  0.0028943276447939716
26.1  2.0801481718770156  1.300369319408506  0.0029569346851861062
26.2  2.084044262328693  1.3048272936384726  0.0030205279490996247
26.3  2.0878343901431156  1.309228470509278  0.003085116577359673
26.4  2.0915187741539825  1.313572571707806  0.0031507097040501006
26.5  2.0950976512649113  1.3178593328112775  0.0032173164550640385
26.6  2.09857127622748  1.322088503209101  0.003284945946649713
26.7  2.1019399214144654  1.326259846018466  0.0033536072839521892
26.8  2.1052038765865486  1.3303731379990094  0.0034233095595515603
26.9  2.108363448655731  1.334428169460933  0.003494061851998162
27.0  2.1114189614400387  1.338424744169616  0.003565873224345544
27.1  2.11437075541759  1.3423626792479764  0.0036387527226815503
27.2  2.117219187471928  1.3462418050737843  0.0037127093746583285
27.3  2.1199646306357605  1.350061965172567  0.003787752188021707
27.4  2.1226074738285847  1.353823016109091  0.00386389014914055
27.5  2.1251481215914896  1.357524827374253  0.003941132221536707
27.6  2.1275869938162772  1.3611672812681967  0.004019487344416038
27.7  2.129924525473595  1.3647502727810485  0.004098964431201222
27.8  2.132161166335044  1.368273709470001  0.004179572368066715
27.9  2.1342973806933854  1.371737511333374  0.004261320012476552
28.0  2.1363336470796646  1.3751416106821615  0.0043442161917255665
28.1  2.1382704579770713  1.37848595200829  0.004428269701484403
28.2  2.140108319532587  1.3817704918499465  0.004513489304349049
28.3  2.1418477512660266  1.384995198654836  0.004599883728395275
28.4  2.143489285776961  1.3881600526410056  0.0046874616657385515
28.5  2.1450334684497916  1.3912650456541937  0.004776231771099981
28.6  2.1464808571570484  1.3943101810237406  0.004866202660378804
28.7  2.147832021960671  1.3972954734165361  0.004957382909231694
28.8  2.1490875448127853  1.400220948687669  0.005049781051659806
28.9  2.1502480192546867  1.4030866437305256  0.005143405578603637
29.0  2.1513140501150656  1.4058926063235675  0.005238264936546316
29.1  2.1522862532074956  1.4086388949761488  0.005334367526125957
29.2  2.153165255027039  1.4113255787728853  0.005431721700757184
29.3  2.153951692447415  1.4139527372154184  0.005530335765262692
29.4  2.1546462124167034  1.4165204600633141  0.005630217974514866
29.5  2.155249471653858  1.4190288471742907  0.005731376532088227
29.6  2.1557621363455093  1.421478008341268  0.005833819588922893
29.7  2.156184881842309  1.4238680631300156  0.00593755524199966
29.8  2.1565183923565048  1.4261991407149404  0.006042591533026857
29.9  2.156763360660632  1.42847137971384  0.0061489364471397
30.0  2.1569204877850354  1.4306849280219942  0.006256597911612102
