1.0 0.00016387495507150764
1.134 0.00019106953574411266
1.268 0.0002201423224301105
1.4020000000000001 0.00025313558014219766
1.536 0.00029271965191808515
1.67 0.0003446748208272817
1.804 0.00042347978380130136
1.9380000000000002 0.0005654736378954537
2.072 0.0008027823100867364
2.206 0.0008740581490161631
2.34 0.0007416597179047713
2.474 0.0006949167896104521
2.608 0.0007478385362098696
2.742 0.0009210173113773538
2.8760000000000003 0.0012212642910601498
3.0100000000000002 0.001231536309413257
3.144 0.001010340226502653
3.278 0.0009031060106349899
3.412 0.0008785090190823521
3.5460000000000003 0.0008942142699158492
3.68 0.0009335859435822432
3.814 0.0009919580067021781
3.9480000000000004 0.0010712884538663348
4.082000000000001 0.0011802556898818197
4.216 0.00133942069621309
4.35 0.0015970793507804986
4.484 0.002072146402192903
4.618 0.002989089677450824
4.752000000000001 0.0039618705628672694
4.886 0.004152708178475829
5.0200000000000005 0.005141627907388615
5.154 0.005689405228416779
5.288 0.00408982738250956
5.422000000000001 0.0029252684793983083
5.556 0.002398169405487204
5.69 0.0021643284481558884
5.824 0.002064650613090201
5.958 0.0020333424625694763
6.0920000000000005 0.0020409234261764136
6.226 0.0020729236775279044
6.36 0.002121684874954514
6.494000000000001 0.0021829222661375286
6.628 0.002254159443208456
6.7620000000000005 0.002333969002528198
6.896000000000001 0.002421596745040729
7.03 0.002516801651885443
7.164000000000001 0.0026198746490186096
7.298 0.0027319350305273294
7.432 0.002855906629028584
7.566000000000001 0.0029992098878582766
7.7 0.0031749247587483623
7.8340000000000005 0.003346550269354753
7.968 0.003440439366471561
8.102 0.0035460265386236343
8.236 0.0036827303438652583
8.370000000000001 0.003839041095248663
8.504000000000001 0.004009583706476879
8.638000000000002 0.004192614285916913
8.772 0.0043878370156917165
8.906 0.004595593614669567
9.040000000000001 0.004816566527021936
9.174000000000001 0.005051666913505814
9.308 0.005301995745502358
9.442 0.005568838318329489
9.576 0.0058536776555565394
9.71 0.0061582221705644025
9.844000000000001 0.006484447765355871
9.978 0.006834657969990517
10.112 0.007211569543824359
10.246 0.0076184366954797425
10.38 0.008059236982365157
10.514000000000001 0.008538960318341613
10.648 0.00906407843390618
10.782 0.009643346073656847
10.916 0.010289246199728699
11.05 0.011020764729403925
11.184000000000001 0.011869109582113789
11.318000000000001 0.012890492093118582
11.452 0.014197397728072719
11.586 0.01604225745570663
11.72 0.01904692151290985
11.854000000000001 0.024546841759037912
11.988000000000001 0.03125172191400135
12.122 0.029204328319290526
12.256 0.025120734296429033
12.39 0.023892439797212152
12.524000000000001 0.024277097822196416
12.658000000000001 0.025485689678582175
12.792000000000002 0.027222386088237502
12.926 0.029390317101697476
13.06 0.031978142946089146
13.194 0.035021069077721116
13.328000000000001 0.03858967466996525
13.462000000000002 0.042792163777576185
13.596 0.04778825244116985
13.73 0.05382229945396934
13.864 0.06130185121262345
13.998000000000001 0.07100029232319392
14.132000000000001 0.08455848918352789
14.266 0.10435855303920523
14.4 0.12288522393968672
14.534 0.13207055517800895
14.668000000000001 0.14813898790338373
14.802000000000001 0.17452796068977317
14.936 0.21239830054393322
15.07 0.2658010333604446
15.204 0.34270421555778185
15.338000000000001 0.4578541019732041
15.472000000000001 0.6397861198642718
15.606000000000002 0.9482082114165187
15.74 1.520503140833947
15.874 2.6995899745209337
16.008000000000003 5.241091578688936
16.142000000000003 8.581861486537194
16.276000000000003 6.888825196217729
16.41 3.6482582869148907
16.544 1.9979329952333986
16.678 1.2176948055714139
16.812 0.8114542390323811
16.946 0.5785620658895408
17.080000000000002 0.4348856561248971
17.214000000000002 0.34228459402669037
17.348000000000003 0.28324393739696985
17.482 0.24611612542926523
17.616 0.2061915881431316
17.75 0.16814348013654187
17.884 0.1411675790417624
18.018 0.12151801572259956
18.152 0.10639872907225922
18.286 0.09434555182075208
18.42 0.08451311877575324
18.554000000000002 0.07636039550130136
18.688000000000002 0.06951584935168943
18.822000000000003 0.06371219083116586
18.956 0.058750862411477804
19.09 0.05448088818662919
19.224 0.05078542261846881
19.358 0.04757278160657876
19.492 0.04477025323829837
19.626 0.0423197190557096
19.76 0.0401745029576526
19.894000000000002 0.03829708331691711
20.028000000000002 0.036657435662775455
20.162000000000003 0.03523185834563029
20.296 0.03400219367795026
20.43 0.03295540573379009
20.564 0.03208352415696102
20.698 0.03138402319404161
20.832 0.03086079544782323
20.966 0.030526035191067395
21.1 0.030403637704531597
21.234 0.030535305999136134
21.368000000000002 0.030991802726601913
21.502000000000002 0.03189461445910442
21.636000000000003 0.03346018048785541
21.77 0.036096934196062656
21.904 0.0406369890114323
22.038 0.04894137278814307
22.172 0.06557224630361667
22.306 0.10138857874939097
22.44 0.160672338697022
22.574 0.1569483421146064
22.708000000000002 0.1006656370439773
22.842000000000002 0.06969272621274795
22.976000000000003 0.056839634544976106
23.110000000000003 0.05243861158660074
23.244 0.052839627240488796
23.378 0.057197128591829016
23.512 0.06639576795243361
23.646 0.08338206945361339
23.78 0.1128352743064142
23.914 0.16122966529469074
24.048000000000002 0.2635165796425311
24.182000000000002 0.4762936076630209
24.316000000000003 0.671926106288833
24.450000000000003 0.49020124290781486
24.584000000000003 0.26892871988483563
24.718 0.1600234581893179
24.852 0.10801793261686024
24.986 0.08064700808476302
25.12 0.0648768186631752
25.254 0.05514587655857768
25.388 0.04884183310436245
25.522000000000002 0.04462575565035588
25.656000000000002 0.04175986599193193
25.790000000000003 0.03981294617222598
25.924000000000003 0.03852063240971175
26.058 0.037714529590692145
26.192 0.03728412316890652
26.326 0.03715529458658741
26.46 0.037277692804250216
26.594 0.037617049822402916
26.728 0.03815036999085099
26.862000000000002 0.03886285221210422
26.996000000000002 0.03974589402584817
27.130000000000003 0.04079579527747553
27.264000000000003 0.042012932148702435
27.398000000000003 0.04340126305177495
27.532 0.04496808439671037
27.666 0.04672399226542069
27.8 0.048683035319135114
27.934 0.05086307232963587
28.068 0.05328638286317572
28.202 0.05598063517612024
28.336000000000002 0.058980418334088264
28.470000000000002 0.062329758399595564
28.604000000000003 0.06608651920470476
28.738000000000003 0.07033077040004863
28.872 0.07518237664127606
29.006 0.08084222922148485
29.14 0.08769733610429167
29.274 0.09654807483412078
29.408 0.1082367392836275
29.542 0.1217365618519262
29.676000000000002 0.13818948918405866
29.810000000000002 0.1448211904252575
29.944000000000003 0.14730182334607528
30.078000000000003 0.15614288202629467
30.212000000000003 0.17003740157828862
30.346 0.18812462253018958
30.48 0.21071558908422913
30.614 0.23898712465214414
30.748 0.2752893473346024
30.882 0.3244137658887516
31.016000000000002 0.3962057567250284
31.150000000000002 0.4941609154145257
31.284000000000002 0.5603683395364791
31.418000000000003 0.6196667781456001
31.552000000000003 0.7302407639016634
31.686000000000003 0.9027562805180115
31.82 1.1600654926183323
31.954 1.5527773572904668
32.088 2.1840187850880146
32.222 3.2760418049347226
32.356 5.35328476212443
32.49 9.728619837383844
32.624 18.780925008401507
32.758 26.293801478598454
32.892 17.623797178876362
33.026 9.250442110724391
33.160000000000004 5.328116048689504
33.294000000000004 3.4269122895420883
33.428000000000004 2.3167548533578937
33.562000000000005 1.6619675712021078
33.696000000000005 1.263033993995716
33.830000000000005 1.0076801334796996
33.964 0.8404540417158705
34.098 0.7337950410685284
34.232 0.6757718380667437
34.366 0.6668179571302396
34.5 0.7238727597588446
34.634 0.89670253139334
34.768 1.3099276390607795
34.902 2.2230316002997275
35.036 3.1360140430563495
35.17 2.2569562526455624
35.304 1.2548489151747009
35.438 0.7634501371222231
35.572 0.5222336909170707
35.706 0.3897794147397922
35.84 0.3091635541669662
35.974000000000004 0.2559570490301355
36.108000000000004 0.21858632185083376
36.242000000000004 0.19105490797251304
36.376000000000005 0.17001484945870451
36.510000000000005 0.15347936509065746
36.644000000000005 0.14021104802008386
36.778 0.12941192238815757
36.912 0.1205593032273855
37.046 0.11331859532775307
37.18 0.10750309871656843
37.314 0.1030727151324762
37.448 0.1001846376876278
37.582 0.09934998069724522
37.716 0.10186325248952628
37.85 0.11100194766609287
37.984 0.1348994680387511
38.118 0.18185069174041393
38.252 0.19339738974476486
38.386 0.15021765581949822
38.52 0.12015485028891909
38.654 0.09674389750341954
38.788000000000004 0.08300977650472578
38.922000000000004 0.07544693169799592
39.056000000000004 0.07086800251162148
39.190000000000005 0.06785560358365123
39.324000000000005 0.06577296229384884
39.458000000000006 0.06430866524365517
39.592 0.06330171570462331
39.726 0.06267392874183324
39.86 0.06241320421563729
39.994 0.06259522237498946
40.128 0.06327970049901685
40.262 0.06359457544393507
40.396 0.06344062763071365
40.53 0.06375486021066601
40.664 0.06449747073551323
40.798 0.06556572109299362
40.932 0.06693099237221263
41.066 0.0686026960310899
41.2 0.07061464116826145
41.334 0.0730267593506553
41.468 0.0759394461284044
41.602000000000004 0.07952972868793433
41.736000000000004 0.08414081327853219
41.870000000000005 0.09052036449671888
42.004000000000005 0.1004719012362774
42.138000000000005 0.11789396430258853
42.272000000000006 0.13988091510579417
42.406000000000006 0.13681135595938573
42.54 0.12683047049944182
42.674 0.12599347617141454
42.808 0.13075320584969916
42.942 0.13880193578689853
43.076 0.14941298911876338
43.21 0.16254645101024282
43.344 0.17852858394584328
43.478 0.1979900134749069
43.612 0.22194361483403555
43.746 0.25202696203837655
43.88 0.2910986501089518
44.014 0.3447669852048342
44.148 0.4247597054784543
44.282000000000004 0.5420644323563564
44.416000000000004 0.6421944427144235
44.550000000000004 0.740746153829818
44.684000000000005 0.8810291839730082
44.818000000000005 1.0309593312128191
44.952000000000005 1.2916986193236286
45.086000000000006 1.7392632850005187
45.220000000000006 2.506727359978004
45.354 3.9121579713425323
45.488 6.735462394232219
45.622 12.820998829601432
45.756 22.530036270355016
45.89 20.89656350664558
46.024 11.345235162389631
46.158 6.070697365042278
46.292 3.611394525534072
46.426 2.359623184942171
46.56 1.654651064654875
46.694 1.2235003326158427
46.828 0.9423152314186184
46.962 0.7494868957768955
47.096000000000004 0.6118945287438248
47.230000000000004 0.5105649770139734
47.364000000000004 0.4340637199343081
47.498000000000005 0.37524158431185883
47.632000000000005 0.32957890989321564
47.766000000000005 0.29442542171818925
47.900000000000006 0.2689620099699993
48.034000000000006 0.25395197817957965
48.168000000000006 0.24054069205435735
48.302 0.21504411261806697
48.436 0.19410450343808794
48.57 0.18028267672560133
48.704 0.1711045035512144
48.838 0.1654847485587014
48.972 0.1632278412517162
49.106 0.16472055757112553
49.24 0.17098947146031626
49.374 0.18407601865544274
49.508 0.20794107555040933
49.642 0.25068316005207447
49.776 0.3303389213998501
49.910000000000004 0.49061016509678385
50.044000000000004 0.8384623678881317
50.178000000000004 1.479018381075697
50.312000000000005 1.6169056651959666
50.446000000000005 0.9780708553436491
50.580000000000005 0.5789226878341086
50.714000000000006 0.4149866399236564
50.848000000000006 0.3788134341949864
50.982000000000006 0.4544912172863613
51.116 0.5842726341014691
51.25 0.4704907447957588
51.384 0.29874187280901804
51.518 0.21084993748696393
51.652 0.16843243314261247
51.786 0.1467827818064786
51.92 0.1359866646839098
52.054 0.13210500690529925
52.188 0.13385093921298072
52.322 0.1416958105401481
52.456 0.1584014485184411
52.59 0.19142277434324617
52.724000000000004 0.25224358309933564
52.858000000000004 0.3002402097490524
52.992000000000004 0.28970088573709296
53.126000000000005 0.30807733043337326
53.260000000000005 0.377449797350405
53.394000000000005 0.5161514583539781
53.528000000000006 0.78554756153198
53.662000000000006 1.348452847245432
53.79600000000001 2.5540162192971643
53.93 4.014945087778227
54.064 3.126418219742691
54.198 1.6985146975264762
54.332 0.96355279867782
54.466 0.6243216458534966
54.6 0.47178417916153714
54.734 0.4313110492273494
54.868 0.42035638392040287
55.002 0.3179973849985134
55.136 0.23207564539014966
55.27 0.18724123869525228
55.404 0.16485894927800623
55.538000000000004 0.15610770503473007
55.672000000000004 0.15856135492665074
55.806000000000004 0.17479364325856878
55.940000000000005 0.21372945602530882
56.074000000000005 0.2981426301160223
56.208000000000006 0.4822046371841082
56.342000000000006 0.8437647486327047
56.476000000000006 1.0938485667820395
56.61000000000001 0.7219709622328094
56.744 0.3983674055971863
56.878 0.2448684110392004
57.012 0.16991790251841749
57.146 0.1294257003115611
57.28 0.10575235966297604
57.414 0.09143663819084114
57.548 0.08329824608104203
57.682 0.08053010458984203
57.816 0.08473818788837228
57.95 0.10192244381154746
58.084 0.14030199893276227
58.218 0.15478579349327817
58.352000000000004 0.11112865981217951
58.486000000000004 0.0808697014030342
58.620000000000005 0.06474129744301312
58.754000000000005 0.054825234075659
58.888000000000005 0.04907933445762053
59.022000000000006 0.0455477756833873
59.156000000000006 0.04323408500258675
59.290000000000006 0.04169678612320383
59.42400000000001 0.040774862851592805
59.55800000000001 0.04047609827899942
59.692 0.04037713661691179
59.826 0.039725066388914536
59.96 0.03951648132233891
60.094 0.040185442143919045
60.228 0.0418954241310307
60.362 0.04443184519033453
60.496 0.046449765549450545
60.63 0.04824466737508566
60.764 0.05380352607001584
60.898 0.05451462330032526
61.032000000000004 0.048277025517107115
61.166000000000004 0.044879931969216004
61.300000000000004 0.0439167834608138
61.434000000000005 0.04417792167491652
61.568000000000005 0.04517867438828622
61.702000000000005 0.04674882722766655
61.836000000000006 0.048968632868789316
61.970000000000006 0.05217596865559868
62.104000000000006 0.05706748618322144
62.23800000000001 0.06523793848678598
62.37200000000001 0.08067998364647291
62.506 0.11103726530201714
62.64 0.14038569210409116
62.774 0.11916458597805031
62.908 0.09533836730430723
63.042 0.08545833872209208
63.176 0.08392974851993353
63.31 0.08708642720301873
63.444 0.09383527395568313
63.578 0.10395263851052838
63.712 0.11499465843374858
63.846000000000004 0.1287834285560276
63.980000000000004 0.14966936936299172
64.114 0.18133158403222135
64.248 0.22864539732265135
64.382 0.29652420310241484
64.516 0.4149466942002489
64.65 0.6347507349583338
64.784 1.0652637941714247
64.918 1.8585926736262912
65.052 2.045375422516248
65.186 1.2848656296879162
65.32000000000001 0.8095072357351257
65.45400000000001 0.61609879622368
65.58800000000001 0.5438898959683119
65.72200000000001 0.5348113994294694
65.85600000000001 0.5982211029287453
65.99000000000001 0.7518494349697522
66.12400000000001 1.0552626542626107
66.25800000000001 1.6333924725606264
66.39200000000001 2.559539963742025
66.52600000000001 4.2976256373724295
66.66000000000001 7.141785069646866
66.794 6.5403644070063836
66.928 3.8018570957321165
67.062 2.4628966780220347
67.196 2.0026323521354965
67.33 1.419494428562805
67.464 0.94390900519985
67.598 0.7112850167385638
67.732 0.5382857758373684
67.866 0.4035530299159361
68.0 0.3211774327661161
68.134 0.2691740743741543
68.268 0.23427796863264863
68.402 0.20999029932024688
68.536 0.1928673008065448
68.67 0.18093031277893698
68.804 0.17298313849470975
68.938 0.1682914491129874
69.072 0.1664215076391323
69.206 0.1671584001389159
69.34 0.17047121015051822
69.474 0.17651471861837803
69.608 0.185673641993187
69.742 0.19868011226549906
69.876 0.21689360675196578
70.01 0.2429623304352132
70.144 0.2817302721166615
70.278 0.33737825363629154
70.412 0.4154577172801946
70.546 0.5305738461991669
70.68 0.7481592125335105
70.81400000000001 0.9483880309993596
70.94800000000001 0.852887863239071
71.08200000000001 0.7835214812329889
71.21600000000001 0.8453419763473251
71.35000000000001 1.0179780923618302
71.48400000000001 1.3222482776902165
71.61800000000001 1.8395019105233996
71.75200000000001 2.765125472557588
71.88600000000001 4.559282203888246
72.02000000000001 8.178696143982608
72.15400000000001 15.094004132404356
72.28800000000001 19.784425726710545
72.42200000000001 12.722432907341243
72.556 6.755762323487766
72.69 3.996177106379336
72.824 2.553636201149032
72.958 1.7393957714469765
73.092 1.292302917268765
73.226 1.0494118421447116
73.36 0.9112596258464524
73.494 0.8893091285613638
73.628 0.8143360621364822
73.762 0.5928113033208479
73.896 0.4398758690330658
74.03 0.3502982993409529
74.164 0.292251286066955
74.298 0.25113982219094466
74.432 0.22039826411957472
74.566 0.19677123033105623
74.7 0.1785799142093206
74.834 0.16513057094944875
74.968 0.15671112921773717
75.102 0.15528585584600935
75.236 0.1667409100225173
75.37 0.20436257935259491
75.504 0.25690390257390405
75.638 0.22008341447826812
75.772 0.15376576301568823
75.906 0.11743485011288672
76.04 0.09801840078474523
76.174 0.08609560430543214
76.308 0.07782351000977686
76.44200000000001 0.07156465588262652
76.57600000000001 0.06654306245858795
76.71000000000001 0.062351354866176927
76.84400000000001 0.05875577929961531
76.97800000000001 0.05561168235933882
77.11200000000001 0.05282366383269509
77.24600000000001 0.05032535967563781
77.38000000000001 0.04806850882079848
77.51400000000001 0.04601670145008759
77.64800000000001 0.044141624078876514
77.78200000000001 0.04242070371125428
77.91600000000001 0.04083557113826875
78.05000000000001 0.03937102308859746
78.184 0.03801429917050844
78.318 0.036754563980289964
78.452 0.03558252693797145
78.586 0.034490157126602736
78.72 0.03347046534085425
78.854 0.03251733483087317
78.988 0.03162538815831239
79.122 0.030789881482530326
79.256 0.03000662024816893
79.39 0.02927189213409077
79.524 0.028582414567865266
79.658 0.027935295350412705
79.792 0.0273280061987245
79.926 0.026758370585135877
80.06 0.02622456958520162
80.194 0.025725173395446166
80.328 0.025259213498482258
80.462 0.02482632499016257
80.596 0.024427019382310643
80.73 0.024063217942104857
80.864 0.02373934560014947
80.998 0.023464734516825708
81.132 0.02325937355177255
81.266 0.023168904184072442
81.4 0.023304095000043816
81.534 0.023884502753312276
81.668 0.024638429861638507
81.802 0.024594696385324067
81.936 0.025220386955735356
82.07000000000001 0.025273593045647087
82.20400000000001 0.023425006959207167
82.33800000000001 0.022131547206771903
82.47200000000001 0.02145999028326606
82.60600000000001 0.021076301055355573
82.74000000000001 0.02083275696673358
82.87400000000001 0.020669153179335497
83.00800000000001 0.020559031303444848
83.14200000000001 0.020489952798096053
83.27600000000001 0.020455970025204693
83.41000000000001 0.020454506437495815
83.54400000000001 0.020484973554853025
83.67800000000001 0.02054814171818323
83.81200000000001 0.02064587459484593
83.946 0.020781064481617314
84.08 0.020957701377412884
84.214 0.021181055002917233
84.348 0.021457976519405238
84.482 0.021797349386083038
84.616 0.022210744666480563
84.75 0.02271337259924501
84.884 0.023325479635830263
85.018 0.024074435707790446
85.152 0.02499792210762877
85.286 0.026148927969905537
85.42 0.027603818528236398
85.554 0.029475817613406705
85.688 0.03193844443399643
85.822 0.03526816075339722
85.956 0.0399262308442461
86.09 0.04672601375919724
86.224 0.05720095175337618
86.358 0.07448559640704724
86.492 0.10562164332409434
86.626 0.16791593773636956
86.76 0.3021690279338154
86.894 0.5183694690590953
87.028 0.4876137989447841
87.162 0.27506361485099445
87.296 0.15706761255549645
87.43 0.1023930623656099
87.56400000000001 0.07489033303807552
87.69800000000001 0.059688970074114105
87.83200000000001 0.05065975769855819
87.96600000000001 0.04503049681761766
88.10000000000001 0.04142810588765243
88.23400000000001 0.03911934269673241
88.36800000000001 0.037688995878319455
88.50200000000001 0.036891953955928494
88.63600000000001 0.036580519918820685
88.77000000000001 0.03666700952551288
88.90400000000001 0.03710438847747668
89.03800000000001 0.03787740777286654
89.17200000000001 0.03900163727543974
89.30600000000001 0.04053170950113188
89.44000000000001 0.04258620892629176
89.57400000000001 0.04540881069249074
89.708 0.04949734981938654
89.842 0.056003030724082775
89.976 0.06678541204940817
90.11 0.07624347109846148
90.244 0.07913687738154693
90.378 0.09051603668768878
90.512 0.11968549186086948
90.646 0.16814170836910303
90.78 0.17860557356015228
90.914 0.17408689352135634
91.048 0.21282849971193268
91.182 0.22137442235010424
91.316 0.17087308536135945
91.45 0.1471986026988913
91.584 0.1533271698290552
91.718 0.18940036151600464
91.852 0.24528677813171756
91.986 0.23152838172136045
92.12 0.19155179840323755
92.254 0.17936451529103722
92.388 0.18498761047040088
92.522 0.20129409398961465
92.656 0.22641083120022326
92.79 0.26104282288096664
92.924 0.3076894937771367
93.058 0.3708981101046851
93.19200000000001 0.45834974382724303
93.32600000000001 0.5830166319587846
93.46000000000001 0.767474231503215
93.59400000000001 1.056687843600569
93.72800000000001 1.5443233711213347
93.86200000000001 2.443049887054556
93.99600000000001 4.256917932388319
94.13000000000001 7.939921996733814
94.26400000000001 12.93289087090974
94.39800000000001 11.890807021001018
94.53200000000001 6.993850289810498
94.66600000000001 3.7546464139691933
94.80000000000001 2.2046853034606713
94.93400000000001 1.4256332749703091
95.06800000000001 0.9924555216423548
95.20200000000001 0.7299431249807184
95.33600000000001 0.559805663941901
95.47 0.44361161512265157
95.604 0.36090010457407373
95.738 0.3000239612032089
95.872 0.25397800328503267
96.006 0.21835207551538066
96.14 0.19026127387124844
96.274 0.16775611410152189
96.408 0.14948210256469066
96.542 0.13447536247222
96.676 0.12203567811731722
96.81 0.11164524676329386
96.944 0.1029153103063235
97.078 0.09555029525185746
97.212 0.08932324333061074
97.346 0.08405870674024594
97.48 0.07962070227059581
97.614 0.07590418879258817
97.748 0.0728290862223653
97.882 0.07033622759916999
98.016 0.06838491811886241
98.15 0.06695203947456918
98.284 0.06603297713328564
98.418 0.06564523547044805
98.552 0.0658368517647879
98.686 0.06670473260012418
98.82000000000001 0.06843608879431526
98.95400000000001 0.0714096158556832
99.08800000000001 0.07646472591482668
99.22200000000001 0.08562442566673284
99.35600000000001 0.10291980181816641
99.49000000000001 0.12217962275146518
99.62400000000001 0.11584189042604576
99.75800000000001 0.10786597561777961
99.89200000000001 0.10964380255065538
100.02600000000001 0.11790305856576869
100.16000000000001 0.131353826520574
100.29400000000001 0.15048661880978295
100.42800000000001 0.17705677007331413
100.56200000000001 0.21432345796871177
100.69600000000001 0.26800178333933455
100.83000000000001 0.34842989773007527
100.96400000000001 0.47550490652916344
101.098 0.690779071638622
101.232 1.0897130274946636
101.366 1.909820172278497
101.5 3.6666672967321663
101.634 5.908705754423344
101.768 4.661926833045913
101.902 2.455586867353579
102.036 1.3444547064568002
102.17 0.8207016645547996
102.304 0.5483239220843217
102.438 0.392070847426649
102.572 0.2951075234649933
102.706 0.23113707621077634
102.84 0.18685399452958706
102.974 0.15500214183653022
103.108 0.13137239928819489
103.242 0.11339536517137298
103.376 0.09943452609082948
103.51 0.08840976814753981
103.644 0.0795865530788138
103.778 0.07245270015242068
103.912 0.06664367955565481
104.046 0.061895879459228816
104.18 0.05801660018225548
104.31400000000001 0.05486439257211586
104.44800000000001 0.052336008309460134
104.58200000000001 0.050357730439191804
104.71600000000001 0.048879736238783125
104.85000000000001 0.047872690913654585
104.98400000000001 0.047326133609706
105.11800000000001 0.04724848884014619
105.25200000000001 0.04766878036371216
105.38600000000001 0.04864039786135454
105.52000000000001 0.050247639150402056
105.65400000000001 0.05261633079073238
105.78800000000001 0.05593081236585922
105.92200000000001 0.06046133132802108
106.05600000000001 0.06660920744094617
106.19000000000001 0.07498364893481581
106.32400000000001 0.08653760415866814
106.45800000000001 0.10281957373617638
106.59200000000001 0.1264671411079857
106.72600000000001 0.16224021105754555
106.86 0.21935820322934244
106.994 0.31727117074380196
107.128 0.5011726919527111
107.262 0.8839037497056015
107.396 1.693623239451195
107.53 2.5599397370527908
107.664 1.8598352491699983
107.798 0.974369064390093
107.932 0.5429215452061912
108.066 0.33754658490204026
108.2 0.2292882214805353
108.334 0.16644158897833003
108.468 0.1270405565331147
108.602 0.1008050466881403
108.736 0.08248227188540805
108.87 0.06918393837083893
109.004 0.05922282315088654
109.138 0.051562588789530926
109.272 0.045539343471702465
109.406 0.040712355952554735
109.54 0.03677997290066916
109.674 0.033530210051282525
109.808 0.030810632618314217
109.94200000000001 0.028509397538670676
110.07600000000001 0.026542983386189108
110.21000000000001 0.024848055107462505
110.34400000000001 0.02337596248757068
110.47800000000001 0.022088970856335016
110.61200000000001 0.020957683694464897
110.74600000000001 0.01995936131737667
110.88000000000001 0.019077062723302417
111.01400000000001 0.01829988115700664
111.14800000000001 0.017625377325434857
111.28200000000001 0.017067729379995723
111.41600000000001 0.01668019162922691
111.55000000000001 0.016562019529819765
111.68400000000001 0.01638130641224744
111.81800000000001 0.015513578232116895
111.95200000000001 0.014727427614026272
112.08600000000001 0.014171901400026393
112.22000000000001 0.013737720749090332
112.35400000000001 0.013370484625657885
112.488 0.013047019791916834
112.622 0.012756225458230578
112.756 0.012491966613930277
112.89 0.012250400089118936
113.024 0.01202887112366528
113.158 0.011825411273525079
113.292 0.011638488245845924
113.426 0.011466870597858139
113.56 0.01130954899766492
113.694 0.011165687372206107
113.828 0.011034590919929498
113.962 0.010915684252416059
114.096 0.01080849599704092
114.23 0.010712647771131654
114.364 0.0106278462914003
114.498 0.01055387786661852
114.632 0.010490604810349835
114.766 0.010437963492719422
114.9 0.0103959638729274
115.034 0.010364690443872887
115.168 0.01034430459244297
115.302 0.010335048443704344
115.436 0.010337250321593609
115.57000000000001 0.010351332028733392
115.70400000000001 0.010377818229651775
115.83800000000001 0.010417348321745299
115.97200000000001 0.010470691305387428
116.10600000000001 0.010538764330193968
116.24000000000001 0.010622655814791888
116.37400000000001 0.010723654335735541
116.50800000000001 0.010843284891599613
116.64200000000001 0.010983354721754102
116.77600000000001 0.011146011673554383
116.91000000000001 0.011333819287052752
117.04400000000001 0.011549854493197908
117.17800000000001 0.011797836406986237
117.31200000000001 0.01208229864796312
117.44600000000001 0.012408823793351141
117.58000000000001 0.012784368449635111
117.71400000000001 0.013217723668149094
117.84800000000001 0.013720182910503054
117.98200000000001 0.01430653779011687
118.11600000000001 0.014996608775824476
118.25 0.015817681905874813
118.384 0.0168085454130708
118.518 0.01802648906400593
118.652 0.019560096110068266
118.786 0.021554090440876923
118.92 0.024261141264257494
119.054 0.028159083387938835
119.188 0.034241458109000054
119.322 0.04480120336757684
119.456 0.06551146644997273
119.59 0.1068732130012472
119.724 0.14402139819513998
119.858 0.11043073049696323
119.992 0.07716693722564637
120.126 0.06487888536677838
120.26 0.0637490402279326
120.394 0.06931862410627884
120.528 0.08087898862434095
120.662 0.10001262395016274
120.796 0.13097228564940772
120.93 0.18305913327778084
121.06400000000001 0.27741450462267914
121.19800000000001 0.46599995106302333
121.33200000000001 0.8731302997248835
121.46600000000001 1.5596649694587539
121.60000000000001 1.5340989737403328
121.73400000000001 0.8518157102051551
121.86800000000001 0.45886109536530734
122.00200000000001 0.27688610344301534
122.13600000000001 0.18573591227297495
122.27000000000001 0.13552361187612194
122.40400000000001 0.10581491805545999
122.53800000000001 0.08746486499818547
122.67200000000001 0.07602864462346735
122.80600000000001 0.0692346688074054
122.94000000000001 0.06594763063548818
123.07400000000001 0.06575407976619156
123.20800000000001 0.06890241894202036
123.34200000000001 0.07663903897323106
123.47600000000001 0.09204734613422552
123.61000000000001 0.11640462975078898
123.74400000000001 0.1316324664347077
123.87800000000001 0.1478912198652644
124.012 0.18898434325289165
124.146 0.27100645476720153
124.28 0.43550259276577685
124.414 0.7899638562667185
124.548 1.4866854112307855
124.682 1.8244261342274484
124.816 1.1131989626174486
124.95 0.5840594363055998
125.084 0.3370253937473216
125.218 0.2158262298462238
125.352 0.1497780894686053
125.486 0.11037210734583497
125.62 0.0851244643637144
125.754 0.0680187989513542
125.888 0.05590333360321985
126.022 0.04700869051458554
126.156 0.040283167648963066
126.29 0.03507121591864741
126.424 0.030947556655586673
126.558 0.02762676515477618
126.69200000000001 0.024911615521883788
126.82600000000001 0.02266234934910129
126.96000000000001 0.02077773802291353
127.09400000000001 0.019183048924222453
127.22800000000001 0.01782219091279677
127.36200000000001 0.016652467322277844
127.49600000000001 0.015641002171202185
127.63000000000001 0.014762270553249952
127.76400000000001 0.01399638142859259
127.89800000000001 0.013327896951014006
128.032 0.012745065839413683
128.166 0.012239426588989459
128.3 0.011805828980629332
128.43400000000003 0.011443081742817893
128.568 0.011155788212495403
128.702 0.010958845238845326
128.836 0.01088869246189776
128.97000000000003 0.011033358373446614
129.104 0.0116151752108571
129.238 0.013138662594340413
129.372 0.015407347794191088
129.506 0.01439416990484082
129.64000000000001 0.012012877578035644
129.774 0.010803137543322214
129.90800000000002 0.010297637378730934
130.042 0.010136968396835607
130.17600000000002 0.010187353452451935
130.31 0.010410074507209934
130.44400000000002 0.010811941491047295
130.578 0.011432767780691272
130.71200000000002 0.012350307857231006
130.846 0.013700690392417836
130.98000000000002 0.015724200109039375
131.114 0.018865623473572218
131.24800000000002 0.024008072934249634
131.382 0.03306604898058799
131.51600000000002 0.050607110825479466
131.65 0.08798718189999612
131.78400000000002 0.16205042986985135
131.918 0.20217510275003278
132.05200000000002 0.12704922258755305
132.186 0.06911815271462428
132.32000000000002 0.04211033178818896
132.454 0.029007782427547674
132.588 0.02201403524342874
132.722 0.017999683470766793
132.856 0.015613406149727994
132.99 0.014226967592959052
133.124 0.013543390364900508
133.258 0.013444987410106024
133.392 0.013941882385098442
133.526 0.015180324229593884
133.66 0.017519033953025436
133.794 0.021741984059097684
133.928 0.029626554295359316
134.062 0.04551967170902058
134.196 0.08005658261187011
134.33 0.14307665772170497
134.464 0.15421122303363324
134.598 0.0900776932945404
134.732 0.04961810534134269
134.866 0.030787580071969932
