rotational analysis para
#nmax= 4 NR= 11 Ntheta= 11 Nphi= 11
#jmax= 4 Nalpha= 11 Nphi= 11 Nchi= 11
0.0
1 0.0 0.9385044542695683
2 37.15857925999999 0.020169323131389128
3 37.15857925999999 0.020169323131389073
4 37.158579259999996 0.02016932313138919

32.751957030915314
1 0.0 0.20472709282275955
2 37.15857925999999 0.09541312602170103
3 37.15857925999999 0.08572403185177979
4 37.158579259999996 0.5925375267373517

32.75195703091643
1 0.0 0.2047270928227597
2 37.15857925999999 0.22390377157637417
3 37.15857925999999 0.4079927145408119
4 37.158579259999996 0.14177819849365023

32.75195703091731
1 0.0 0.20472709282275958
2 37.15857925999999 0.46345054740972297
3 37.15857925999999 0.28380507690806983
4 37.158579259999996 0.026419060293047407

66.71098781708433
1 0.0 0.7133574144114447
2 37.15857925999999 0.0849936972894916
3 37.15857925999999 0.09727440686959328
4 37.158579259999996 0.0975325065663977

66.71098781708471
1 0.0 0.7133574144114433
2 37.15857925999999 0.15761190678207923
3 37.15857925999999 0.09965045346002135
4 37.158579259999996 0.02253825048337983

66.71098781708771
1 0.0 0.7133574144114515
2 37.15857925999999 0.03314806559613109
3 37.15857925999999 0.08649395475373116
4 37.158579259999996 0.1601585903756237

67.79270601153443
1 0.0 0.018186604669908887
2 37.15857925999999 0.040556769475319186
3 37.15857925999999 0.03584566071991066
4 37.158579259999996 0.05017295060911089
5 70.13275408505243 0.07139944789147652
6 70.13275408505244 0.0518508826414097
7 70.13275408505255 0.04515827309806443
8 70.1327540850526 0.07352178941364552
9 70.13275408505277 0.0816334912531428
11 95.24446445999999 0.055261763119068996
12 95.24446446000006 0.06386283178356279
14 95.2444644600002 0.06387077586015047
15 136.5874481549474 0.07011279814348036
16 136.58744815494745 0.07047356031803094
17 136.5874481549477 0.0635300798634753
18 136.5874481549477 0.03283526514473234
19 136.58744815494794 0.07370791554541865

67.79270601153563
1 0.0 0.01818660466990806
2 37.15857925999999 0.05236788562817637
3 37.15857925999999 0.040124998669633635
4 37.158579259999996 0.0340824965065283
5 70.13275408505243 0.05060992493592348
6 70.13275408505244 0.047069116825375
7 70.13275408505255 0.08319178357539586
8 70.1327540850526 0.04502221260857693
9 70.13275408505277 0.10005529836071168
12 95.24446446000006 0.020255177754106055
13 95.24446446000019 0.03943923747231379
14 95.2444644600002 0.09490060538915078
15 136.5874481549474 0.06538697342473884
16 136.58744815494745 0.09276052224542843
17 136.5874481549477 0.07053909160662171
18 136.5874481549477 0.07140211876053724
19 136.58744815494794 0.029196021429275867

67.79270601153675
1 0.0 0.01818660466990842
2 37.15857925999999 0.04475318895502534
3 37.15857925999999 0.024084636050440495
4 37.158579259999996 0.057737555798872506
5 70.13275408505243 0.05701249419007067
6 70.13275408505244 0.03634381288878307
7 70.13275408505255 0.02694954381082972
8 70.1327540850526 0.12052528231015575
9 70.13275408505277 0.07000576331233928
11 95.24446445999999 0.1263582492586564
12 95.24446446000006 0.04225150802717446
14 95.2444644600002 0.03643397693348862
15 136.5874481549474 0.05180765795993097
16 136.58744815494745 0.05416666638614422
17 136.5874481549477 0.05665793038199493
18 136.5874481549477 0.025822585601443758
19 136.58744815494794 0.13011119367556023

67.792706011537
1 0.0 0.018186604669908474
2 37.15857925999999 0.05264774055268919
3 37.15857925999999 0.06424046456535092
5 70.13275408505243 0.02471164419318419
6 70.13275408505244 0.08297837187519815
7 70.13275408505255 0.11696639962556699
8 70.1327540850526 0.015805425657910058
9 70.13275408505277 0.034619961391035535
11 95.24446445999999 0.014449614379028813
12 95.24446446000006 0.01491951371611302
13 95.24446446000019 0.1853408220529851
14 95.2444644600002 0.02536562095967289
15 136.5874481549474 0.049358387137771915
16 136.58744815494745 0.06154832911386342
17 136.5874481549477 0.07071508133356529
18 136.5874481549477 0.1636860822099062
19 136.58744815494794 0.01717890171505431

67.79270601153712
1 0.0 0.018186604669908072
2 37.15857925999999 0.021868103682610968
3 37.15857925999999 0.04565023954380172
4 37.158579259999996 0.05905703757792547
5 70.13275408505243 0.08636594551009634
6 70.13275408505244 0.06823362172062225
7 70.13275408505255 0.03409979199926296
8 70.1327540850526 0.06548077833991019
9 70.13275408505277 0.08705806481844353
11 95.24446445999999 0.04044665519220212
12 95.24446446000006 0.10960937979785762
14 95.2444644600002 0.03102117289451522
15 136.5874481549474 0.0741162941266216
16 136.58744815494745 0.0787640705043252
17 136.5874481549477 0.06513246901837623
18 136.5874481549477 0.029211939961494956
19 136.58744815494794 0.06905967918949422

89.21173135987708
1 0.0 0.2324696086075083
2 37.15857925999999 0.10978863514158052
3 37.15857925999999 0.26441145199742516
4 37.158579259999996 0.18772773497425546
5 70.13275408505243 0.015106214821519682
6 70.13275408505244 0.016227693549815226
7 70.13275408505255 0.013558735216817575
8 70.1327540850526 0.012485211958851609
9 70.13275408505277 0.015094241553017524
11 95.24446445999999 0.014961572445960117
12 95.24446446000006 0.02893033535903496
13 95.24446446000019 0.02365622494071477
14 95.2444644600002 0.011625583171424548
15 136.5874481549474 0.010080462323982263
16 136.58744815494745 0.01101123167313658
17 136.5874481549477 0.010312736428728691
18 136.5874481549477 0.010873681340159693

89.21173135987931
1 0.0 0.23246960860750873
2 37.15857925999999 0.27399504245198025
3 37.15857925999999 0.15049821394679144
4 37.158579259999996 0.13743456571449214
6 70.13275408505244 0.012622415610290996
7 70.13275408505255 0.017638768226978133
8 70.1327540850526 0.016991259450283853
9 70.13275408505277 0.012939086690293087
11 95.24446445999999 0.029526012993897035
13 95.24446446000019 0.042039014484489406
16 136.58744815494745 0.01008812899118026
18 136.5874481549477 0.015977227402158435
19 136.58744815494794 0.011938496659598194

89.21173135987958
1 0.0 0.23246960860751162
2 37.15857925999999 0.29491326915762445
3 37.15857925999999 0.16110276285106448
4 37.158579259999996 0.10591179010458009
5 70.13275408505243 0.011970860722297215
6 70.13275408505244 0.01243632437412942
7 70.13275408505255 0.016889363619968255
8 70.1327540850526 0.012561154484966855
11 95.24446445999999 0.022407345276735508
13 95.24446446000019 0.02368620003437224
14 95.2444644600002 0.033483063534519124
15 136.5874481549474 0.010546013667463439
18 136.5874481549477 0.010728704437349893

89.21173135988217
1 0.0 0.23246960860751223
2 37.15857925999999 0.17256434338407683
3 37.15857925999999 0.1689951089987584
4 37.158579259999996 0.22036836973043905
5 70.13275408505243 0.012956791623950482
7 70.13275408505255 0.01588529282983869
8 70.1327540850526 0.017622106537126488
9 70.13275408505277 0.033348524408753744
12 95.24446446000006 0.013211599470258304
14 95.2444644600002 0.028653207818467415
16 136.58744815494745 0.02061917996995474
17 136.5874481549477 0.0123779054672949

89.21173135988234
1 0.0 0.23246960860751345
2 37.15857925999999 0.07725930067864942
3 37.15857925999999 0.19199270546248007
4 37.158579259999996 0.29267581597214204
5 70.13275408505243 0.01793626120358601
6 70.13275408505244 0.014139363054268493
8 70.1327540850526 0.0183866561783792
9 70.13275408505277 0.027323087510111213
11 95.24446445999999 0.015384814031928064
12 95.24446446000006 0.039475612799095956
16 136.58744815494745 0.017010521027280807
17 136.5874481549477 0.011254587283538814
19 136.58744815494794 0.011887232956840525

90.92865785426264
1 0.0 0.3490948376492151
2 37.15857925999999 0.20489981086922265
3 37.15857925999999 0.20489981086924483
4 37.158579259999996 0.20489981086921027

92.14031736220711
5 70.13275408505243 0.04995741294502801
6 70.13275408505244 0.039443694860263605
7 70.13275408505255 0.05510964704697465
8 70.1327540850526 0.043965681083128594
9 70.13275408505277 0.018743743922792436
10 95.24446445999996 0.27088831641800853
11 95.24446445999999 0.09554784199684373
12 95.24446446000006 0.017069725513312668
13 95.24446446000019 0.045712379563748316
14 95.2444644600002 0.17995609856332448
15 136.5874481549474 0.03906212346634568
16 136.58744815494745 0.011430713802150825
17 136.5874481549477 0.028087787247832632
18 136.5874481549477 0.02216365525807497
19 136.58744815494794 0.02993315822168655

92.14031736220953
5 70.13275408505243 0.033235121515000854
6 70.13275408505244 0.026660728654078078
7 70.13275408505255 0.022968123230625494
8 70.1327540850526 0.08360706205566161
9 70.13275408505277 0.03342886790581766
10 95.24446445999996 0.37821061347787144
11 95.24446445999999 0.17910201695441033
12 95.24446446000006 0.03340113569694337
13 95.24446446000019 0.04190958399249765
14 95.2444644600002 0.03596491159722627
15 136.5874481549474 0.019895136485247485
16 136.58744815494745 0.017704878459999497
17 136.5874481549477 0.023062398311309115
18 136.5874481549477 0.017945135650318373
19 136.58744815494794 0.054829960410996574

92.14031736221197
5 70.13275408505243 0.038059939655077896
6 70.13275408505244 0.0656162165875918
7 70.13275408505255 0.08469617583411
8 70.1327540850526 0.031316956181149415
9 70.13275408505277 0.02623374439453398
10 95.24446445999996 0.16937291840440807
11 95.24446445999999 0.0645790991533068
12 95.24446446000006 0.03572495720245181
13 95.24446446000019 0.20687950898203714
14 95.2444644600002 0.08799287106767643
15 136.5874481549474 0.03325773031136445
16 136.58744815494745 0.024679485453681586
17 136.5874481549477 0.035178342840008
18 136.5874481549477 0.06114283710169701
19 136.58744815494794 0.02218768757156273

92.14031736221285
5 70.13275408505243 0.05402708246299257
6 70.13275408505244 0.06834231615917541
7 70.13275408505255 0.08830631050012841
8 70.1327540850526 0.04821649500233442
9 70.13275408505277 0.03170036085805015
10 95.24446445999996 0.01712026088811176
11 95.24446445999999 0.10100974648460176
12 95.24446446000006 0.04296296755433493
13 95.24446446000019 0.17223629772007248
14 95.2444644600002 0.14866088952147774
15 136.5874481549474 0.04316173552643003
16 136.58744815494745 0.0252824579918264
17 136.5874481549477 0.03998772084472511
18 136.5874481549477 0.05570070804009905
19 136.58744815494794 0.03251083813258306

92.14031736221307
5 70.13275408505243 0.1320755853077208
6 70.13275408505244 0.1099360752956007
7 70.13275408505255 0.023842258516601576
8 70.1327540850526 0.042502235123440035
9 70.13275408505277 0.06192400250219397
11 95.24446445999999 0.04172881143475394
12 95.24446446000006 0.3644131322297111
13 95.24446446000019 0.013656520833122654
14 95.2444644600002 0.031140352399060642
15 136.5874481549474 0.06170053267810375
16 136.58744815494745 0.04070967144569026
17 136.5874481549477 0.0424389373567745
18 136.5874481549477 0.012952758929850624
19 136.58744815494794 0.035713391670176994

99.96325659145639
2 37.15857925999999 0.23976226899462075
3 37.15857925999999 0.24628938984474985
4 37.158579259999996 0.4729032950443065

99.96325659145845
2 37.15857925999999 0.2613414896197947
3 37.15857925999999 0.26406387346556626
4 37.158579259999996 0.43354959079831784

99.9632565914602
2 37.15857925999999 0.45148859272008574
3 37.15857925999999 0.4569578195211122
4 37.158579259999996 0.05050854164249627

118.92834576091492
1 0.0 0.019888915248759763
2 37.15857925999999 0.04300858705357424
3 37.15857925999999 0.0330706522182244
4 37.158579259999996 0.052799461832902427
5 70.13275408505243 0.03882585060921509
6 70.13275408505244 0.039126469293432276
7 70.13275408505255 0.04175539645467508
8 70.1327540850526 0.06791955697350723
9 70.13275408505277 0.07304423840941232
11 95.24446445999999 0.04927015124962739
12 95.24446446000006 0.03387287954605568
13 95.24446446000019 0.03512797895065803
14 95.2444644600002 0.016710957032935247
15 136.5874481549474 0.039352414098216576
16 136.58744815494745 0.06992682677559998
17 136.5874481549477 0.05350533641862166
18 136.5874481549477 0.05359732178202099
19 136.58744815494794 0.06960345403510255
20 142.33184782836554 0.010147260562336271
21 142.3318478283656 0.012316533763535642
23 142.3318478283657 0.012417057617538
25 142.33184782836594 0.015470464349941936
26 142.33184782836594 0.010342005700517121
30 206.72020224000013 0.011151407835439588
54 287.3398299716341 0.016172513858216317
58 287.33982997163537 0.015268238695156089

118.92834576091778
1 0.0 0.019888915248760713
2 37.15857925999999 0.045620616067202586
3 37.15857925999999 0.04797898739609237
4 37.158579259999996 0.035279097641410746
5 70.13275408505243 0.055730626298140476
6 70.13275408505244 0.047135149805432784
7 70.13275408505255 0.04518492649684401
8 70.1327540850526 0.04510334345221619
9 70.13275408505277 0.031669104982894616
11 95.24446445999999 0.04266237729594329
12 95.24446446000006 0.036544716563429745
13 95.24446446000019 0.023534863998779472
14 95.2444644600002 0.0609037755834528
15 136.5874481549474 0.06514782753667721
16 136.58744815494745 0.03229428846709483
17 136.5874481549477 0.05024096774539959
18 136.5874481549477 0.037953082607126334
19 136.58744815494794 0.05374946028037463
22 142.33184782836568 0.011159413351187196
24 142.33184782836588 0.020615800840801626
29 206.72020224000002 0.015222924318539433
33 206.7202022400004 0.010960548014224003
52 287.33982997163395 0.014640684942876785
56 287.33982997163434 0.010112001371078932
57 287.3398299716349 0.017270095744437327

118.92834576091802
1 0.0 0.019888915248760144
2 37.15857925999999 0.038178160663561875
3 37.15857925999999 0.054350271226643085
4 37.158579259999996 0.036350269214498236
5 70.13275408505243 0.0514048283621001
6 70.13275408505244 0.05313318111852365
7 70.13275408505255 0.05539980688137618
8 70.1327540850526 0.032011842303964165
9 70.13275408505277 0.052332066477826164
11 95.24446445999999 0.016202833239678593
12 95.24446446000006 0.04333478471316982
13 95.24446446000019 0.040910073712195495
14 95.2444644600002 0.04581336598730979
15 136.5874481549474 0.05964108811696235
16 136.58744815494745 0.056373055050293344
17 136.5874481549477 0.05529420110056105
18 136.5874481549477 0.05787126637175765
19 136.58744815494794 0.03273537941632497
22 142.33184782836568 0.013593667550391403
23 142.3318478283657 0.011933188897272247
31 206.72020224000016 0.010312499352652786
32 206.72020224000028 0.012901298509412018
33 206.7202022400004 0.010167903113282783
52 287.33982997163395 0.01782446598781881
55 287.3398299716342 0.014965249401625543
56 287.33982997163434 0.013908151209698134

118.92834576091968
1 0.0 0.019888915248759676
2 37.15857925999999 0.047704458581170645
3 37.15857925999999 0.04597206416114283
4 37.158579259999996 0.03520217836238799
5 70.13275408505243 0.05407820353245711
6 70.13275408505244 0.055297001667721724
7 70.13275408505255 0.05510438423052533
8 70.1327540850526 0.028984664195370054
9 70.13275408505277 0.0480336087791018
11 95.24446445999999 0.014054608229364277
12 95.24446446000006 0.04711936128945897
13 95.24446446000019 0.040513473253941217
14 95.2444644600002 0.04784069837911608
15 136.5874481549474 0.062406804107648615
16 136.58744815494745 0.05281496888335791
17 136.5874481549477 0.055033079646490596
18 136.5874481549477 0.056440614574947735
19 136.58744815494794 0.031009295140154075
20 142.33184782836554 0.010929307795061741
21 142.3318478283656 0.010473723350731459
22 142.33184782836568 0.011975837001922712
23 142.3318478283657 0.012647733287319938
26 142.33184782836594 0.010850566138860807
32 206.72020224000028 0.01468903590471116
52 287.33982997163395 0.01435737584434843
53 287.33982997163406 0.012402877870574461
55 287.3398299716342 0.017743972683149877
56 287.33982997163434 0.01579533401144985

118.92834576092025
1 0.0 0.019888915248760387
2 37.15857925999999 0.0370228671948634
3 37.15857925999999 0.031985616812212514
4 37.158579259999996 0.05987021709762944
5 70.13275408505243 0.04072437821537559
6 70.13275408505244 0.033667970259024155
7 70.13275408505255 0.03547571575245714
8 70.1327540850526 0.07567882894052308
9 70.13275408505277 0.08570574706386501
11 95.24446445999999 0.051455674179064013
12 95.24446446000006 0.03541101874018171
13 95.24446446000019 0.01819643009578576
14 95.2444644600002 0.018381581147078073
15 136.5874481549474 0.038323884913680106
16 136.58744815494745 0.07781291146720067
17 136.5874481549477 0.053548707646713
18 136.5874481549477 0.041790539163764476
19 136.58744815494794 0.0750216707311453
24 142.33184782836588 0.013735955219880183
25 142.33184782836594 0.04222638349363906
57 287.3398299716349 0.010310261136730179
58 287.33982997163537 0.04165721047644308

118.92834576092078
1 0.0 0.019888915248760596
2 37.15857925999999 0.0489182317724161
3 37.15857925999999 0.04293275654516773
4 37.158579259999996 0.03702771278712168
5 70.13275408505243 0.03810189520390512
6 70.13275408505244 0.04461652771799814
7 70.13275408505255 0.054087604451739366
8 70.1327540850526 0.051645289543220375
9 70.13275408505277 0.048919921224035476
11 95.24446445999999 0.04328235219590528
12 95.24446446000006 0.024077418924641394
13 95.24446446000019 0.051585104730129595
14 95.2444644600002 0.034384167328906715
15 136.5874481549474 0.047074446531447385
16 136.58744815494745 0.05187013629983712
17 136.5874481549477 0.05298503062803253
18 136.5874481549477 0.0653196722284792
19 136.58744815494794 0.05554523720935192
20 142.33184782836554 0.010249493742935515
21 142.3318478283656 0.011748697170332346
23 142.3318478283657 0.01035729640763928
26 142.33184782836594 0.01575638363483801
27 206.72020223999982 0.013264579393565719
30 206.72020224000013 0.01226458576418968
53 287.33982997163406 0.016812504312943323
54 287.3398299716341 0.017314923452020497

118.92834576092258
1 0.0 0.019888915248760193
2 37.15857925999999 0.03721646222174746
3 37.15857925999999 0.04474695229106182
4 37.158579259999996 0.04691528659189514
5 70.13275408505243 0.04154988996645153
6 70.13275408505244 0.044246390678068105
7 70.13275408505255 0.04904602235617492
8 70.1327540850526 0.05334761115770529
9 70.13275408505277 0.07029428692183644
11 95.24446445999999 0.0332207596795531
12 95.24446446000006 0.03626184042963799
13 95.24446446000019 0.04025054860292813
14 95.2444644600002 0.025251000346402833
15 136.5874481549474 0.04501510722170267
16 136.58744815494745 0.07009380455894527
17 136.5874481549477 0.055117373219087766
18 136.5874481549477 0.05916247964093767
19 136.58744815494794 0.052710973386244205
23 142.3318478283657 0.011927134190787022
25 142.33184782836594 0.015010949167643582
26 142.33184782836594 0.014480323270703763
27 206.72020223999982 0.010608334465439517
53 287.33982997163406 0.01377246062692601
54 287.3398299716341 0.013710398884134202
58 287.33982997163537 0.014811529106266793

127.16169882904552
1 0.0 0.5089102192601235
2 37.15857925999999 0.043702218368575935
3 37.15857925999999 0.04221807488325749
4 37.158579259999996 0.07635734739177256
5 70.13275408505243 0.014067180321779432
6 70.13275408505244 0.010939422848684445
7 70.13275408505255 0.017554828681838695
8 70.1327540850526 0.03997479298392711
9 70.13275408505277 0.04551624253288389
10 95.24446445999996 0.010869194880675495
11 95.24446445999999 0.0256989355769541
12 95.24446446000006 0.010334903415891192
15 136.5874481549474 0.013211910822127297
16 136.58744815494745 0.04609440799073638
17 136.5874481549477 0.02698073570027412
18 136.5874481549477 0.023023370376461978
19 136.58744815494794 0.03978345426823952

127.16169882904661
1 0.0 0.5089102192601201
2 37.15857925999999 0.05278304051581688
3 37.15857925999999 0.040480840315575146
4 37.158579259999996 0.06901375981221282
5 70.13275408505243 0.013142971264159756
7 70.13275408505255 0.016267931617382214
8 70.1327540850526 0.0448127351734712
9 70.13275408505277 0.03224678979897532
10 95.24446445999996 0.015559903253428545
11 95.24446445999999 0.03391836278744656
13 95.24446446000019 0.010042823107304026
14 95.2444644600002 0.01136044684566526
15 136.5874481549474 0.014417303136490912
16 136.58744815494745 0.031271761123697686
17 136.5874481549477 0.024638009505922442
18 136.5874481549477 0.02121325510111953
19 136.58744815494794 0.050768005521455065

127.16169882904671
1 0.0 0.5089102192601306
2 37.15857925999999 0.07759164996442203
3 37.15857925999999 0.05737619647890501
4 37.158579259999996 0.027309794200282116
5 70.13275408505243 0.02300789364996972
6 70.13275408505244 0.02228315455336265
7 70.13275408505255 0.0318914499256487
8 70.1327540850526 0.014321524852817647
11 95.24446445999999 0.01292195884199147
13 95.24446446000019 0.0170658382823829
14 95.2444644600002 0.035886290591778724
15 136.5874481549474 0.03495780838125016
16 136.58744815494745 0.01285285392927628
17 136.5874481549477 0.026500309881029045
18 136.5874481549477 0.029024890860271622
19 136.58744815494794 0.01733307202488348

127.16169882904686
1 0.0 0.5089102192601181
2 37.15857925999999 0.04747822869672375
3 37.15857925999999 0.056883350444371227
4 37.158579259999996 0.05791606150250569
5 70.13275408505243 0.03274249243212589
6 70.13275408505244 0.03628520367238609
7 70.13275408505255 0.020977250486456763
9 70.13275408505277 0.02006961939709798
10 95.24446445999996 0.017802867429591963
12 95.24446446000006 0.03549366898312498
13 95.24446446000019 0.0225658941717048
15 136.5874481549474 0.033595342007364644
16 136.58744815494745 0.0279563009858469
17 136.5874481549477 0.028311183586271563
18 136.5874481549477 0.029177001472563517
19 136.58744815494794 0.014279345199021342

127.16169882904866
1 0.0 0.5089102192601271
2 37.15857925999999 0.050988921991278316
3 37.15857925999999 0.07007231177113576
4 37.158579259999996 0.04121640688119089
5 70.13275408505243 0.027712956888721163
6 70.13275408505244 0.033169797229917905
7 70.13275408505255 0.027917956850016714
9 70.13275408505277 0.013297892859803376
10 95.24446445999996 0.012757372358887787
12 95.24446446000006 0.022946023287735814
13 95.24446446000019 0.026771078296155562
14 95.2444644600002 0.015142816489764151
15 136.5874481549474 0.03392049187856753
16 136.58744815494745 0.020914696571992117
17 136.5874481549477 0.02803389433109384
18 136.5874481549477 0.03546947944393736
19 136.58744815494794 0.012668409363012657

129.41283621175245
1 0.0 0.034429924719634054
2 37.15857925999999 0.012672273726275787
3 37.15857925999999 0.06211499631235994
4 37.158579259999996 0.0889428955757238
5 70.13275408505243 0.059087639406362136
6 70.13275408505244 0.05335274642530485
7 70.13275408505255 0.047337925171615884
8 70.1327540850526 0.0656357908650401
9 70.13275408505277 0.08668400561684048
11 95.24446445999999 0.04088138734983992
12 95.24446446000006 0.061897479044853786
13 95.24446446000019 0.03038744867711705
14 95.2444644600002 0.03122274120329472
15 136.5874481549474 0.05669113755017818
16 136.58744815494745 0.08065032139616556
17 136.5874481549477 0.06247527208888419
18 136.5874481549477 0.05097667100140302
19 136.58744815494794 0.06467449347497706

129.41283621175253
1 0.0 0.03442992471963344
2 37.15857925999999 0.06399210934527444
3 37.15857925999999 0.07124455643685362
4 37.158579259999996 0.028493499832231296
5 70.13275408505243 0.0534466145977617
6 70.13275408505244 0.05707394958190559
7 70.13275408505255 0.06419389220919375
8 70.1327540850526 0.04859742427676073
9 70.13275408505277 0.05630932863825891
11 95.24446445999999 0.03782615584020798
12 95.24446446000006 0.04080537068491958
13 95.24446446000019 0.05528222407875815
14 95.2444644600002 0.05412351166692358
15 136.5874481549474 0.06265539246425782
16 136.58744815494745 0.05842014332133882
17 136.5874481549477 0.0613818718790537
18 136.5874481549477 0.0684236874121693
19 136.58744815494794 0.05048789008710959

129.4128362117533
1 0.0 0.03442992471963374
2 37.15857925999999 0.08811593971611703
3 37.15857925999999 0.03147468162269402
4 37.158579259999996 0.04413954427554825
5 70.13275408505243 0.04737867549878189
6 70.13275408505244 0.048464565693257924
7 70.13275408505255 0.05943415027043298
8 70.1327540850526 0.0646892996900428
9 70.13275408505277 0.06433904258511317
11 95.24446445999999 0.054474698805452935
12 95.24446446000006 0.03049501924449705
13 95.24446446000019 0.04883873928375316
14 95.2444644600002 0.04907284804550612
15 136.5874481549474 0.05519394303943624
16 136.58744815494745 0.06225537082598245
17 136.5874481549477 0.06037486400850332
18 136.5874481549477 0.06456373888454373
19 136.58744815494794 0.06586417833510931

132.2500298718487
1 0.0 0.6098847382075774
2 37.15857925999999 0.12429175538986506
3 37.15857925999999 0.12429175538986925
4 37.158579259999996 0.12429175538986954

134.66828534258246
2 37.15857925999999 0.014939861036818198
3 37.15857925999999 0.013848621632080928
4 37.158579259999996 0.028078610132438044
5 70.13275408505243 0.048866028911567924
6 70.13275408505244 0.08406808605254533
7 70.13275408505255 0.08200257061280898
8 70.1327540850526 0.046585148997826994
9 70.13275408505277 0.03506090027915281
10 95.24446445999996 0.04690334501015859
11 95.24446445999999 0.051935516159880936
12 95.24446446000006 0.05576888109305699
13 95.24446446000019 0.15935412543840902
14 95.2444644600002 0.011060971328271656
15 136.5874481549474 0.056214835623639874
16 136.58744815494745 0.05008644912821265
17 136.5874481549477 0.06442715981992377
18 136.5874481549477 0.10971639492412658
19 136.58744815494794 0.058599095151557805

134.66828534258346
2 37.15857925999999 0.021339750209998946
3 37.15857925999999 0.01867289076903162
4 37.158579259999996 0.016854451822305685
5 70.13275408505243 0.048575477921636134
6 70.13275408505244 0.03901036092875531
7 70.13275408505255 0.06036630190132935
8 70.1327540850526 0.09553586764551779
9 70.13275408505277 0.08408780499885948
10 95.24446445999996 0.02999382432798568
11 95.24446445999999 0.10269059479195174
12 95.24446446000006 0.018265351458112016
13 95.24446446000019 0.03415587294558732
14 95.2444644600002 0.07724912163743777
15 136.5874481549474 0.05290894235970478
16 136.58744815494745 0.07221103566783732
17 136.5874481549477 0.06315918662469644
18 136.5874481549477 0.055764533663906546
19 136.58744815494794 0.08604118063139628

134.66828534258576
2 37.15857925999999 0.019835922572185593
3 37.15857925999999 0.025879428164327305
4 37.158579259999996 0.011151742064824693
5 70.13275408505243 0.0527128891548846
6 70.13275408505244 0.045162343885668414
7 70.13275408505255 0.04530188662792151
8 70.1327540850526 0.09908865747805813
9 70.13275408505277 0.07120659925010749
10 95.24446445999996 0.07388104278872538
11 95.24446445999999 0.10643087557918021
12 95.24446446000006 0.04150782931609541
13 95.24446446000019 0.039074249473946034
14 95.2444644600002 0.04148257200030077
15 136.5874481549474 0.050689458222110094
16 136.58744815494745 0.06181049376227344
17 136.5874481549477 0.05925438311708684
18 136.5874481549477 0.04914141696296192
19 136.58744815494794 0.10086716593559401

134.66828534258585
2 37.15857925999999 0.023645346427406986
4 37.158579259999996 0.024853213030648913
5 70.13275408505243 0.08833627490669432
6 70.13275408505244 0.07509548737537469
7 70.13275408505255 0.06507917231607262
8 70.1327540850526 0.03374325007178663
9 70.13275408505277 0.048458558179377484
10 95.24446445999996 0.03298437887690491
11 95.24446445999999 0.02632379320434976
12 95.24446446000006 0.08190335174461673
13 95.24446446000019 0.032746409133206214
14 95.2444644600002 0.11253739319055843
15 136.5874481549474 0.09093717744253621
16 136.58744815494745 0.049356108019358545
17 136.5874481549477 0.064722524174358
18 136.5874481549477 0.04415340418419864
19 136.58744815494794 0.03665671173075466

134.66828534258727
2 37.15857925999999 0.01458983046935545
3 37.15857925999999 0.029420422343866198
4 37.158579259999996 0.012856839988117005
5 70.13275408505243 0.07220589165494683
6 70.13275408505244 0.06726417226645909
7 70.13275408505255 0.0652211419314726
8 70.1327540850526 0.05407559708042393
9 70.13275408505277 0.11295134732693364
10 95.24446445999996 0.014188619951697611
11 95.24446445999999 0.014206032939133867
12 95.24446446000006 0.10672589243759201
13 95.24446446000019 0.03797615488876476
14 95.2444644600002 0.051028764852232164
15 136.5874481549474 0.0630384600958482
16 136.58744815494745 0.10511975605314818
17 136.5874481549477 0.0717053294149617
18 136.5874481549477 0.06445288834790538
19 136.58744815494794 0.04188783694219634

140.28915959189416
1 0.0 0.13632903588625642
2 37.15857925999999 0.09583747310707616
3 37.15857925999999 0.05542235848785107
4 37.158579259999996 0.053919174273747
5 70.13275408505243 0.048441069027945434
6 70.13275408505244 0.05186318029455407
7 70.13275408505255 0.053856714417400274
8 70.1327540850526 0.02676916755687352
9 70.13275408505277 0.038027961087034365
10 95.24446445999996 0.028284061163714156
11 95.24446445999999 0.014681992396185598
12 95.24446446000006 0.04568604358916681
13 95.24446446000019 0.03536415764657657
14 95.2444644600002 0.037294916073537
15 136.5874481549474 0.05980358239921513
16 136.58744815494745 0.05192997863388938
17 136.5874481549477 0.055382693781480696
18 136.5874481549477 0.06334371935995879
19 136.58744815494794 0.03246199004343342

140.2891595918946
1 0.0 0.13632903588625264
2 37.15857925999999 0.046734769546750904
3 37.15857925999999 0.054239102386385206
4 37.158579259999996 0.10420513393553764
5 70.13275408505243 0.03608510116508954
6 70.13275408505244 0.024209802590679622
7 70.13275408505255 0.036741694232330833
8 70.1327540850526 0.06038867952238667
9 70.13275408505277 0.09409801313198324
11 95.24446445999999 0.05022531201872466
12 95.24446446000006 0.046003636813461514
14 95.2444644600002 0.02799428516419015
15 136.5874481549474 0.03152180749641273
16 136.58744815494745 0.11070058869469726
17 136.5874481549477 0.05665342331784025
18 136.5874481549477 0.04190688703163658
19 136.58744815494794 0.046752742554976995

140.28915959189558
1 0.0 0.13632903588625253
2 37.15857925999999 0.08962084402606757
3 37.15857925999999 0.030059286045550387
4 37.158579259999996 0.0854988757970572
5 70.13275408505243 0.029805647629263875
6 70.13275408505244 0.0272107261197103
7 70.13275408505255 0.02500102253836111
8 70.1327540850526 0.08617777155573193
9 70.13275408505277 0.02455969472636836
10 95.24446445999996 0.0936912846281116
11 95.24446445999999 0.04870354531504113
13 95.24446446000019 0.03375094503650282
14 95.2444644600002 0.020605681985064243
15 136.5874481549474 0.03438311679807647
16 136.58744815494745 0.022812442684772564
17 136.5874481549477 0.04257064098611655
18 136.5874481549477 0.03652291604254126
19 136.58744815494794 0.1262060129635279

140.28915959189587
1 0.0 0.13632903588626055
2 37.15857925999999 0.05326874110429245
3 37.15857925999999 0.09990085712215904
4 37.158579259999996 0.05200940764222748
5 70.13275408505243 0.05341924808065853
6 70.13275408505244 0.07294787643710726
7 70.13275408505255 0.055098141883303905
8 70.1327540850526 0.011195551746724217
9 70.13275408505277 0.022767662058280503
10 95.24446445999996 0.05557320730560777
11 95.24446445999999 0.012025947309272571
12 95.24446446000006 0.038536377145467995
13 95.24446446000019 0.06267553140583403
14 95.2444644600002 0.015350437309688787
15 136.5874481549474 0.06586967691470857
16 136.58744815494745 0.043531585613283144
17 136.5874481549477 0.05693852334362869
18 136.5874481549477 0.08334145008231628
19 136.58744815494794 0.02130593073759616

140.2891595918964
1 0.0 0.1363290358862515
2 37.15857925999999 0.056169764890888936
3 37.15857925999999 0.09401377099651723
4 37.158579259999996 0.05499546998126674
5 70.13275408505243 0.055614797419349285
6 70.13275408505244 0.04812917877383371
7 70.13275408505255 0.045538112539446916
8 70.1327540850526 0.03166124724413519
9 70.13275408505277 0.027049582608004368
10 95.24446445999996 0.043940778794667984
11 95.24446445999999 0.03131711768359643
12 95.24446446000006 0.024880417543805034
13 95.24446446000019 0.022332610959336398
14 95.2444644600002 0.050558865872070584
15 136.5874481549474 0.07230553065109026
16 136.58744815494745 0.03448700575318674
17 136.5874481549477 0.05236356614794915
18 136.5874481549477 0.039032679956324395
19 136.58744815494794 0.039441863903604255

143.33572808410295
1 0.0 0.19654174353901868
2 37.15857925999999 0.08023087765002394
3 37.15857925999999 0.1844057927049367
4 37.158579259999996 0.20113482092941629
20 142.33184782836554 0.01214025021615325
21 142.3318478283656 0.015279617179668662
24 142.33184782836588 0.019439637907213342
25 142.33184782836594 0.04536948349660963
29 206.72020224000002 0.010705057773920694
56 287.33982997163434 0.011563265126440797
57 287.3398299716349 0.016803218244621415
58 287.33982997163537 0.04343468603717425

143.3357280841039
1 0.0 0.1965417435390225
2 37.15857925999999 0.21469839010484695
3 37.15857925999999 0.15819577438842397
4 37.158579259999996 0.09287732679111581
20 142.33184782836554 0.011357978812589856
21 142.3318478283656 0.012632944624034704
22 142.33184782836568 0.018832416490771046
23 142.3318478283657 0.012730086780144374
26 142.33184782836594 0.014142808133088772
27 206.72020223999982 0.01912842795592436
29 206.72020224000002 0.010081191272000236
31 206.72020224000016 0.014979199165773139
32 206.72020224000028 0.01456594911944065
33 206.7202022400004 0.014307671450684014
52 287.33982997163395 0.024151106126013875
53 287.33982997163406 0.019910236272661117
55 287.3398299716342 0.01596851549792631
56 287.33982997163434 0.01257221514231463
57 287.3398299716349 0.010007882161156662

143.3357280841049
1 0.0 0.19654174353902482
2 37.15857925999999 0.11761861038642646
3 37.15857925999999 0.15394656972831494
4 37.158579259999996 0.19420631116964715
20 142.33184782836554 0.013429182443518815
24 142.33184782836588 0.025056152943338367
25 142.33184782836594 0.026575827055583853
29 206.72020224000002 0.017889552584886035
30 206.72020224000013 0.016526814728776085
33 206.7202022400004 0.011229735303407472
54 287.3398299716341 0.014655347117508979
56 287.33982997163434 0.013066464813834389
57 287.3398299716349 0.019782591064430654
58 287.33982997163537 0.025443985011210795

143.33572808410494
1 0.0 0.19654174353902323
2 37.15857925999999 0.10281217816356757
3 37.15857925999999 0.18467870264734382
4 37.158579259999996 0.17828061047347485
20 142.33184782836554 0.016521155998826344
21 142.3318478283656 0.012107265310979947
23 142.3318478283657 0.017266648681439872
24 142.33184782836588 0.011711705700315173
26 142.33184782836594 0.015804197202475525
29 206.72020224000002 0.010005779821536099
32 206.72020224000028 0.026339440829630488
53 287.33982997163406 0.013213644828426905
55 287.3398299716342 0.02780209837569242
56 287.33982997163434 0.025907808100759232
57 287.3398299716349 0.012042433118059335

143.3357280841055
1 0.0 0.19654174353902065
2 37.15857925999999 0.18592785159677958
3 37.15857925999999 0.13259587385010904
4 37.158579259999996 0.14724776583749066
20 142.33184782836554 0.011512808319111594
22 142.33184782836568 0.0167791774425775
23 142.3318478283657 0.020230495086158425
24 142.33184782836588 0.011137102528749361
26 142.33184782836594 0.01427033650912659
27 206.72020223999982 0.010109759202218993
29 206.72020224000002 0.01194764609947014
30 206.72020224000013 0.020697552226573657
31 206.72020224000016 0.01703715423117863
32 206.72020224000028 0.010563440380276894
33 206.7202022400004 0.011747033831913131
52 287.33982997163395 0.016963600861345404
53 287.33982997163406 0.011254758381165162
54 287.3398299716341 0.026769718167858513
55 287.3398299716342 0.01187071382680904
56 287.33982997163434 0.010175992422126733

143.33572808410588
1 0.0 0.1965417435390216
2 37.15857925999999 0.2042119649573827
3 37.15857925999999 0.14874741263022997
4 37.158579259999996 0.11281211369677382
20 142.33184782836554 0.010109433388009776
21 142.3318478283656 0.012484086473418964
22 142.33184782836568 0.013516172279343439
24 142.33184782836588 0.012383656869661927
25 142.33184782836594 0.026914834520473104
26 142.33184782836594 0.015778456151643923
27 206.72020223999982 0.021997570819734382
29 206.72020224000002 0.01024728520367282
33 206.7202022400004 0.010736436615574163
52 287.33982997163395 0.016459210881749165
53 287.33982997163406 0.022539274289513366
57 287.3398299716349 0.010795878787260403
58 287.33982997163537 0.025770510558218097

143.33572808410608
1 0.0 0.19654174353902043
2 37.15857925999999 0.1784667311823375
3 37.15857925999999 0.11559762465706815
4 37.158579259999996 0.1717071354449771
20 142.33184782836554 0.01217793308020214
21 142.3318478283656 0.01492272399733906
22 142.33184782836568 0.012177604243159862
23 142.3318478283657 0.01490841927003694
24 142.33184782836588 0.010390155809873678
25 142.33184782836594 0.023350173282696444
26 142.33184782836594 0.012027563392154451
30 206.72020224000013 0.013756143233642089
31 206.72020224000016 0.01211891449033448
32 206.72020224000028 0.01089540309799211
33 206.7202022400004 0.010246713661747606
52 287.33982997163395 0.01124755630549432
53 287.33982997163406 0.01081845943702163
54 287.3398299716341 0.01812127988676862
56 287.33982997163434 0.01104096483017799
57 287.3398299716349 0.011541868310577704
58 287.33982997163537 0.022355063438221242

148.40147682044
5 70.13275408505243 0.05728751518417862
6 70.13275408505244 0.051828944005074214
7 70.13275408505255 0.026256366579189176
8 70.1327540850526 0.05199853827352952
9 70.13275408505277 0.033077569014869954
10 95.24446445999996 0.2973319532086156
11 95.24446445999999 0.09725782982716848
12 95.24446446000006 0.12463465954226105
13 95.24446446000019 0.04800440080674345
14 95.2444644600002 0.03141235088302237
15 136.5874481549474 0.031100755646263627
16 136.58744815494745 0.02126566252769001
17 136.5874481549477 0.02666694944639703
18 136.5874481549477 0.01925480019343573
19 136.58744815494794 0.038101514088574595
28 206.72020223999996 0.019979581354817744

148.40147682044085
5 70.13275408505243 0.070516191639266
6 70.13275408505244 0.06702885639290004
7 70.13275408505255 0.061611675087192015
8 70.1327540850526 0.03938489665673052
9 70.13275408505277 0.036966881352984524
10 95.24446445999996 0.08306176651766342
11 95.24446445999999 0.0663573847963994
12 95.24446446000006 0.10964058464772611
13 95.24446446000019 0.08462278935579896
14 95.2444644600002 0.1337034694248772
15 136.5874481549474 0.04632433364603707
16 136.58744815494745 0.026250198090675716
17 136.5874481549477 0.03645961198800699
18 136.5874481549477 0.03318230065544084
19 136.58744815494794 0.02814811464884942

148.4014768204418
5 70.13275408505243 0.05055706610449148
6 70.13275408505244 0.04391281987526092
7 70.13275408505255 0.04150901294697304
8 70.1327540850526 0.08422077569635547
9 70.13275408505277 0.04652785230975915
10 95.24446445999996 0.13648134780536395
11 95.24446445999999 0.1694434527476458
12 95.24446446000006 0.0638869608660649
13 95.24446446000019 0.061871367969742505
14 95.2444644600002 0.07521298000709895
15 136.5874481549474 0.03135555857823239
16 136.58744815494745 0.027596186792565498
17 136.5874481549477 0.032475568007984214
18 136.5874481549477 0.027840286309365803
19 136.58744815494794 0.054387349725305595

148.4014768204419
5 70.13275408505243 0.06306880326009309
6 70.13275408505244 0.0604032061118525
7 70.13275408505255 0.057876551722279325
8 70.1327540850526 0.04185843116048362
9 70.13275408505277 0.03175823142870487
10 95.24446445999996 0.13275780836994977
11 95.24446445999999 0.07747212904379405
12 95.24446446000006 0.0892631097012854
13 95.24446446000019 0.08320611146029139
14 95.2444644600002 0.1259906210489442
15 136.5874481549474 0.042531178197452287
16 136.58744815494745 0.02241568727206418
17 136.5874481549477 0.033785078349314525
18 136.5874481549477 0.0316023356769505
19 136.58744815494794 0.030001999451570432

148.4014768204419
5 70.13275408505243 0.05774067725594691
6 70.13275408505244 0.05562852902692906
7 70.13275408505255 0.03971557772654829
8 70.1327540850526 0.052710972207206344
9 70.13275408505277 0.03604898344195945
10 95.24446445999996 0.2165016914188007
11 95.24446445999999 0.1003530447748263
12 95.24446446000006 0.10797501620700986
13 95.24446446000019 0.0714527478906009
14 95.2444644600002 0.05772013270923455
15 136.5874481549474 0.03445475707400074
16 136.58744815494745 0.024206535832097805
17 136.5874481549477 0.030367430578302438
18 136.5874481549477 0.027037090581109376
19 136.58744815494794 0.03679737032835866

148.40147682044318
5 70.13275408505243 0.05546661463236598
6 70.13275408505244 0.05264857353625561
7 70.13275408505255 0.04046523709009304
8 70.1327540850526 0.06399981113814092
9 70.13275408505277 0.04100521330751177
10 95.24446445999996 0.18431553613695012
11 95.24446445999999 0.12211396222928027
12 95.24446446000006 0.09849715159540529
13 95.24446446000019 0.07151307522586633
14 95.2444644600002 0.05823718011488747
15 136.5874481549474 0.03276706204250022
16 136.58744815494745 0.026306644617510547
17 136.5874481549477 0.03135832657377114
18 136.5874481549477 0.028330070089069025
19 136.58744815494794 0.04379730842279134

148.40147682044488
5 70.13275408505243 0.06104997753087903
6 70.13275408505244 0.0730622097728004
7 70.13275408505255 0.08118511927292618
8 70.1327540850526 0.01941361738798486
9 70.13275408505277 0.025207373919876742
10 95.24446445999996 0.08227195660083428
11 95.24446445999999 0.03069558753108198
12 95.24446446000006 0.08035050972088299
13 95.24446446000019 0.14988709670900244
14 95.2444644600002 0.14398148629245788
15 136.5874481549474 0.04586358669321188
16 136.58744815494745 0.022935686353399046
17 136.5874481549477 0.03704936900544818
18 136.5874481549477 0.048429364800066245
19 136.58744815494794 0.016513269383852818

149.46043412795458
1 0.0 0.32451449191881276
2 37.15857925999999 0.12546293917092977
3 37.15857925999999 0.13898780411629638
4 37.158579259999996 0.18868500989301243
5 70.13275408505243 0.014599230885177398
6 70.13275408505244 0.013663259499631533
7 70.13275408505255 0.014458647516912544
8 70.1327540850526 0.018730401268155
9 70.13275408505277 0.023649522581580897
11 95.24446445999999 0.01919939487202023
12 95.24446446000006 0.02045011073985947
13 95.24446446000019 0.01506672074393685
14 95.2444644600002 0.015352939633523577
15 136.5874481549474 0.010935944155139314
16 136.58744815494745 0.0166778988664636
17 136.5874481549477 0.012879008027125025
18 136.5874481549477 0.011752400930301008
19 136.58744815494794 0.013422775720932667

149.46043412795734
1 0.0 0.3245144919188142
2 37.15857925999999 0.11691486794312722
3 37.15857925999999 0.2462013016368991
4 37.158579259999996 0.09001958360021395
5 70.13275408505243 0.01580856183044005
6 70.13275408505244 0.01688820918561388
7 70.13275408505255 0.01771776111559565
8 70.1327540850526 0.010803736013604535
9 70.13275408505277 0.015829087547385903
12 95.24446446000006 0.0215629721878664
13 95.24446446000019 0.023462990955703675
14 95.2444644600002 0.02261933058810478
15 136.5874481549474 0.013128237295244243
16 136.58744815494745 0.012711150993341266
17 136.5874481549477 0.01258446873548451
18 136.5874481549477 0.013739822993693192

149.46043412795825
1 0.0 0.3245144919188093
2 37.15857925999999 0.2111528398645587
3 37.15857925999999 0.06921748156283355
4 37.158579259999996 0.17276543175284903
5 70.13275408505243 0.012465432696976234
6 70.13275408505244 0.011818102820483485
7 70.13275408505255 0.014861704401393259
8 70.1327540850526 0.021065434324997183
9 70.13275408505277 0.02243963688771942
11 95.24446445999999 0.025605568573126132
12 95.24446446000006 0.012766421347669619
13 95.24446446000019 0.016421451420572344
14 95.2444644600002 0.016962524880872673
15 136.5874481549474 0.010014688247200124
16 136.58744815494745 0.015624507100977363
17 136.5874481549477 0.012553550162037345
18 136.5874481549477 0.012214371453850598
19 136.58744815494794 0.015136985155661288

154.74243386362943
1 0.0 0.04642421328652305
2 37.15857925999999 0.019219207130014553
3 37.15857925999999 0.014716943291327686
4 37.158579259999996 0.019586428693458623
5 70.13275408505243 0.023208665020931333
6 70.13275408505244 0.021420536120555726
7 70.13275408505255 0.021400952955109284
8 70.1327540850526 0.027347194004264164
9 70.13275408505277 0.03177702131469699
11 95.24446445999999 0.0336199720873997
12 95.24446446000006 0.03552124982160833
13 95.24446446000019 0.025011237450512314
14 95.2444644600002 0.028661475345024796
15 136.5874481549474 0.015605946405468675
16 136.58744815494745 0.0208029261602393
17 136.5874481549477 0.017200707740519686
18 136.5874481549477 0.01520348314133008
19 136.58744815494794 0.018380306829491547
20 142.33184782836554 0.033482075998378116
21 142.3318478283656 0.045326967625154105
22 142.33184782836568 0.02022742616014051
23 142.3318478283657 0.02323797736370648
24 142.33184782836588 0.025929452210975715
25 142.33184782836594 0.047043604199772764
26 142.33184782836594 0.029030644326225836
27 206.72020223999982 0.021515130169155187
29 206.72020224000002 0.015592913658122314
30 206.72020224000013 0.014457787768620263
31 206.72020224000016 0.013519426936078827
32 206.72020224000028 0.02648140809144573
33 206.7202022400004 0.01925818874563037
52 287.33982997163395 0.017372393419512192
53 287.33982997163406 0.03191588020820121
54 287.3398299716341 0.017359076299398018
55 287.3398299716342 0.03146330592260379
56 287.33982997163434 0.03691259979384177
57 287.3398299716349 0.03597489581781821
58 287.33982997163537 0.046207660635130036

154.7424338636295
1 0.0 0.04642421328652071
2 37.15857925999999 0.021583274603003483
3 37.15857925999999 0.01115782677706311
4 37.158579259999996 0.020781477734731154
5 70.13275408505243 0.021197037115945526
6 70.13275408505244 0.016873712888376764
7 70.13275408505255 0.017744570236832874
8 70.1327540850526 0.03519335899006085
9 70.13275408505277 0.028630958467847092
10 95.24446445999996 0.012571543478046787
11 95.24446445999999 0.05423591562380842
12 95.24446446000006 0.02484774205329001
13 95.24446446000019 0.016322621340062623
14 95.2444644600002 0.03111827157331333
15 136.5874481549474 0.014353478200570969
16 136.58744815494745 0.017438196594692174
17 136.5874481549477 0.015932281951982093
18 136.5874481549477 0.011916338086713668
19 136.58744815494794 0.024449167409165588
20 142.33184782836554 0.03013933330692327
21 142.3318478283656 0.010402319770860091
22 142.33184782836568 0.02692094918132702
23 142.3318478283657 0.03858856171852009
24 142.33184782836588 0.04822391119695309
26 142.33184782836594 0.030179982834141347
29 206.72020224000002 0.037053825675127584
30 206.72020224000013 0.053994023288480436
31 206.72020224000016 0.02656347086538122
33 206.7202022400004 0.020687672783753514
52 287.33982997163395 0.020237064914261915
53 287.33982997163406 0.016031987125520272
54 287.3398299716341 0.06556446745767794
55 287.3398299716342 0.023735474008672857
56 287.33982997163434 0.025884814125887553
57 287.3398299716349 0.036470348148942504

154.74243386363113
1 0.0 0.046424213286523935
2 37.15857925999999 0.011182683461426876
3 37.15857925999999 0.019622398081226372
4 37.158579259999996 0.022717497572151635
5 70.13275408505243 0.025726372537102242
6 70.13275408505244 0.024618071061605212
7 70.13275408505255 0.020789847675088267
8 70.1327540850526 0.02538150456761342
9 70.13275408505277 0.04089721503286366
11 95.24446445999999 0.019967288384916463
12 95.24446446000006 0.05218917260292448
13 95.24446446000019 0.02530532812094186
14 95.2444644600002 0.015196751593413922
15 136.5874481549474 0.015508952210196237
16 136.58744815494745 0.027129533274733976
17 136.5874481549477 0.01860402927659231
18 136.5874481549477 0.01621134912712753
19 136.58744815494794 0.016117249613070376
20 142.33184782836554 0.037332880927069476
21 142.3318478283656 0.026438059125798958
22 142.33184782836568 0.022545366528208453
23 142.3318478283657 0.05736109224341053
26 142.33184782836594 0.04032803835393505
27 206.72020223999982 0.015161712076079697
30 206.72020224000013 0.021766423109544658
31 206.72020224000016 0.011123042149355061
32 206.72020224000028 0.06568629644173812
33 206.7202022400004 0.010952270936048381
52 287.33982997163395 0.015598249308709206
53 287.33982997163406 0.02599862642796896
54 287.3398299716341 0.025826357903723406
55 287.3398299716342 0.06985416723074578
56 287.33982997163434 0.06318094053097653
57 287.3398299716349 0.015095167575663784

154.74243386363156
1 0.0 0.046424213286522825
2 37.15857925999999 0.022584377414360167
3 37.15857925999999 0.016868568802187026
4 37.158579259999996 0.014069632898254391
5 70.13275408505243 0.018661857445980815
6 70.13275408505244 0.022176909846481664
7 70.13275408505255 0.026637412636393052
8 70.1327540850526 0.023650656202710098
9 70.13275408505277 0.021121539670848215
11 95.24446445999999 0.03714548840676387
12 95.24446446000006 0.020672880764846087
13 95.24446446000019 0.04682028874227444
14 95.2444644600002 0.03191731204903154
15 136.5874481549474 0.014925176438692329
16 136.58744815494745 0.015332937205263013
17 136.5874481549477 0.01637671263144303
18 136.5874481549477 0.02052764885011861
19 136.58744815494794 0.016754066282052515
20 142.33184782836554 0.029920481198033807
21 142.3318478283656 0.034036131849336765
22 142.33184782836568 0.03426634629815746
23 142.3318478283657 0.024700997751874378
24 142.33184782836588 0.0320814645896898
26 142.33184782836594 0.029510136477115412
27 206.72020223999982 0.027334650300766625
29 206.72020224000002 0.027812100128473356
30 206.72020224000013 0.025894625449634275
31 206.72020224000016 0.028344358403587244
32 206.72020224000028 0.011656989752098524
33 206.7202022400004 0.02785744966766303
52 287.33982997163395 0.03825880401995874
53 287.33982997163406 0.0359558430284537
54 287.3398299716341 0.03766128795118914
55 287.3398299716342 0.0216777752533455
56 287.33982997163434 0.023863748343617472
57 287.3398299716349 0.03836544566475065

154.74243386363167
1 0.0 0.04642421328652099
2 37.15857925999999 0.021523147829759715
3 37.15857925999999 0.025666287947176725
5 70.13275408505243 0.020631687754058305
6 70.13275408505244 0.02387879092065761
7 70.13275408505255 0.033491423681100925
8 70.1327540850526 0.01194629257839041
9 70.13275408505277 0.011438849886609263
11 95.24446445999999 0.02079864450291436
12 95.24446446000006 0.011408144717895237
13 95.24446446000019 0.048776675787474896
14 95.2444644600002 0.0640400746973524
15 136.5874481549474 0.01939165721966978
16 136.58744815494745 0.010038889003212401
17 136.5874481549477 0.01626734350742403
18 136.5874481549477 0.021248961430465584
20 142.33184782836554 0.02013873394746079
21 142.3318478283656 0.031080035793469258
22 142.33184782836568 0.059948029175110315
23 142.3318478283657 0.023414932980875894
24 142.33184782836588 0.029877554835353714
27 206.72020223999982 0.022218551806870435
29 206.72020224000002 0.03291922434000765
30 206.72020224000013 0.01396036109678212
31 206.72020224000016 0.0551427889025798
33 206.7202022400004 0.04788638724302712
52 287.33982997163395 0.08494155836142471
53 287.33982997163406 0.025959459837063763
54 287.3398299716341 0.04196092712302972
55 287.3398299716342 0.010265579459385575
56 287.33982997163434 0.010542242983738535
57 287.3398299716349 0.03983561244174138

154.74243386363233
1 0.0 0.046424213286521916
2 37.15857925999999 0.01682811261921883
3 37.15857925999999 0.013565961028265391
4 37.158579259999996 0.02312850546731598
5 70.13275408505243 0.020915007740801596
6 70.13275408505244 0.018046444819844205
7 70.13275408505255 0.019867092518137945
8 70.1327540850526 0.034766681166490676
9 70.13275408505277 0.04238032394572585
11 95.24446445999999 0.03991510971373373
12 95.24446446000006 0.032066036753009994
13 95.24446446000019 0.01903438184562912
14 95.2444644600002 0.020636385690802544
15 136.5874481549474 0.013083928519398123
16 136.58744815494745 0.026628672813923494
17 136.5874481549477 0.0180483399089296
18 136.5874481549477 0.015020961778788724
19 136.58744815494794 0.02203776285959715
20 142.33184782836554 0.02484923299620174
21 142.3318478283656 0.02299805331958505
22 142.33184782836568 0.014526981177252455
23 142.3318478283657 0.01807869927202054
24 142.33184782836588 0.03790749672139045
25 142.33184782836594 0.10170108997188651
26 142.33184782836594 0.022031123520765514
27 206.72020223999982 0.013404641220769965
29 206.72020224000002 0.017660398925318416
30 206.72020224000013 0.012080856869408912
32 206.72020224000028 0.021445653239083692
33 206.7202022400004 0.01353407558596307
52 287.33982997163395 0.012769179273518437
53 287.33982997163406 0.02150517706132471
54 287.3398299716341 0.010016259820161964
55 287.3398299716342 0.030578878460325958
56 287.33982997163434 0.03188541486770663
57 287.3398299716349 0.026739437778376236
58 287.33982997163537 0.09991250308643194

154.74243386363244
1 0.0 0.04642421328652232
3 37.15857925999999 0.01758081138072156
4 37.158579259999996 0.026581959296932692
5 70.13275408505243 0.02219171750684854
6 70.13275408505244 0.018920797217428304
7 70.13275408505255 0.021003793043192515
8 70.1327540850526 0.03466333714164125
9 70.13275408505277 0.059178348559832505
11 95.24446445999999 0.022984363904515966
12 95.24446446000006 0.042655025441414446
13 95.24446446000019 0.014383123139796346
14 95.2444644600002 0.012510373988974494
15 136.5874481549474 0.012413000788919283
16 136.58744815494745 0.037368818232375214
17 136.5874481549477 0.020480187745861363
18 136.5874481549477 0.016446954324967393
19 136.58744815494794 0.019417730022811393
21 142.3318478283656 0.0143447799843367
24 142.33184782836588 0.03855809804695112
25 142.33184782836594 0.20601594505816032
26 142.33184782836594 0.01108136056860354
27 206.72020223999982 0.011074184117659874
53 287.33982997163406 0.014811438481438961
57 287.3398299716349 0.01206214328175329
58 287.33982997163537 0.2024141091301971

156.41186046900572
5 70.13275408505243 0.043462756502563454
6 70.13275408505244 0.051151409034496526
7 70.13275408505255 0.07336782838122842
8 70.1327540850526 0.06512122621061676
9 70.13275408505277 0.03152597935751565
10 95.24446445999996 0.09014102311520174
11 95.24446445999999 0.14249039446682285
12 95.24446446000006 0.012354041228957358
13 95.24446446000019 0.13804854210804093
14 95.2444644600002 0.13755647955998754
15 136.5874481549474 0.034823851687513126
16 136.58744815494745 0.02145070436302403
17 136.5874481549477 0.0345119465341211
18 136.5874481549477 0.04473737957713559
19 136.58744815494794 0.04200800533096492

156.41186046900785
5 70.13275408505243 0.06178438602083947
6 70.13275408505244 0.049982961644789464
7 70.13275408505255 0.015996658386775005
8 70.1327540850526 0.05919105989616764
9 70.13275408505277 0.02426870894355371
10 95.24446445999996 0.3397998970384718
11 95.24446445999999 0.12763836546968785
12 95.24446446000006 0.13808255808627423
13 95.24446446000019 0.023574426353312878
14 95.2444644600002 0.030653610371668617
15 136.5874481549474 0.031223128651461176
16 136.58744815494745 0.013180625081581115
17 136.5874481549477 0.02339906818007915
18 136.5874481549477 0.01076475379556074
19 136.58744815494794 0.04201182939230037

156.4118604690086
5 70.13275408505243 0.07513493996533022
6 70.13275408505244 0.08185037805905805
7 70.13275408505255 0.07069998115674592
8 70.1327540850526 0.017645861650237026
9 70.13275408505277 0.030310440245284346
10 95.24446445999996 0.10870516523748588
11 95.24446445999999 0.02150962517969795
12 95.24446446000006 0.14091288960373752
13 95.24446446000019 0.12953647233540017
14 95.2444644600002 0.12297988263867692
15 136.5874481549474 0.04800732848168943
16 136.58744815494745 0.02519676835513271
17 136.5874481549477 0.03661785907214715
18 136.5874481549477 0.04072048904896773
19 136.58744815494794 0.015403778340742852

157.40609608119686
5 70.13275408505243 0.08077793192145348
6 70.13275408505244 0.08228497268441669
7 70.13275408505255 0.04995558067608851
8 70.1327540850526 0.0404846878134181
9 70.13275408505277 0.06478528537150474
10 95.24446445999996 0.126378613331629
11 95.24446445999999 0.03562615467917019
12 95.24446446000006 0.14625930380533522
13 95.24446446000019 0.07904606895449064
14 95.2444644600002 0.03414904666553481
15 136.5874481549474 0.058639867386646796
16 136.58744815494745 0.058672957432993084
17 136.5874481549477 0.05251392467756837
18 136.5874481549477 0.04554598696167598
19 136.58744815494794 0.03673277236167829

157.40609608119794
5 70.13275408505243 0.05784615837100356
6 70.13275408505244 0.04579445261481671
7 70.13275408505255 0.05873763295023109
8 70.1327540850526 0.0755438771703797
9 70.13275408505277 0.032208438376766194
10 95.24446445999996 0.10087368718728966
11 95.24446445999999 0.11820496673026756
12 95.24446446000006 0.0280808219880585
13 95.24446446000019 0.04952383799083938
14 95.2444644600002 0.13659461684760293
15 136.5874481549474 0.0555886989718786
16 136.58744815494745 0.021985401040381783
17 136.5874481549477 0.045300615969907566
18 136.5874481549477 0.03491901575757601
19 136.58744815494794 0.07022680416003253

157.40609608119865
5 70.13275408505243 0.04800054498476736
6 70.13275408505244 0.04943858947678558
7 70.13275408505255 0.05938335570206981
8 70.1327540850526 0.08214188674390784
9 70.13275408505277 0.048618349353055104
10 95.24446445999996 0.10452495427482995
11 95.24446445999999 0.1253448273837673
12 95.24446446000006 0.03317553708715366
13 95.24446446000019 0.08588556176670932
14 95.2444644600002 0.07864473266460707
15 136.5874481549474 0.044069189372021624
16 136.58744815494745 0.03861477832832186
17 136.5874481549477 0.04759996336316208
18 136.5874481549477 0.05139035363145154
19 136.58744815494794 0.07200455637598824

157.40609608119922
5 70.13275408505243 0.06213206477110096
6 70.13275408505244 0.08374174544697426
7 70.13275408505255 0.08998342834632023
8 70.1327540850526 0.027189225666073503
9 70.13275408505277 0.03908101061800438
10 95.24446445999996 0.044396883931707855
11 95.24446445999999 0.03474302100515663
12 95.24446446000006 0.08388874012856774
13 95.24446446000019 0.15128845015096376
14 95.2444644600002 0.08562758255163055
15 136.5874481549474 0.05931646054195067
16 136.58744815494745 0.04238446047730999
17 136.5874481549477 0.05522138279255457
18 136.5874481549477 0.08277007043577292
19 136.58744815494794 0.024248201485078943

157.40609608119948
5 70.13275408505243 0.06430415921243457
6 70.13275408505244 0.05156753833100044
7 70.13275408505255 0.05388376171779816
8 70.1327540850526 0.08656644848689184
9 70.13275408505277 0.12077093994225514
10 95.24446445999996 0.03938617709649883
11 95.24446445999999 0.08566056959798024
12 95.24446446000006 0.10158461827965125
13 95.24446446000019 0.029765902299703904
14 95.2444644600002 0.06357084040700163
15 136.5874481549474 0.042835348762331596
16 136.58744815494745 0.09354056150831372
17 136.5874481549477 0.05809863994201379
18 136.5874481549477 0.04391032468538429
19 136.58744815494794 0.05730546158216732

159.64240291329062
2 37.15857925999999 0.25782710857584173
3 37.15857925999999 0.2482164516082692
4 37.158579259999996 0.3269925760034937
5 70.13275408505243 0.01031179278247341
6 70.13275408505244 0.012433494583274727
7 70.13275408505255 0.012585789156151909
8 70.1327540850526 0.010211410374845204
9 70.13275408505277 0.013367220842824434
12 95.24446446000006 0.014415361185073952
13 95.24446446000019 0.02081352292801364
16 136.58744815494745 0.012199806891118535
17 136.5874481549477 0.010634818355767123
18 136.5874481549477 0.012317438677370163

159.6424029132921
2 37.15857925999999 0.3672769624162547
3 37.15857925999999 0.32893761724030396
4 37.158579259999996 0.13682155653104733
5 70.13275408505243 0.011192647045567815
6 70.13275408505244 0.010963940060747546
7 70.13275408505255 0.011618708429662837
8 70.1327540850526 0.012173330629745769
9 70.13275408505277 0.01694958493084794
12 95.24446446000006 0.015594223020971064
15 136.5874481549474 0.010066618471499039
16 136.58744815494745 0.013038774550377
17 136.5874481549477 0.011019076888724067
18 136.5874481549477 0.011354109122435566

159.64240291329224
2 37.15857925999999 0.25282986691620934
3 37.15857925999999 0.20862135951302693
4 37.158579259999996 0.3715849097583714
5 70.13275408505243 0.010783403430461788
6 70.13275408505244 0.012666079200183067
7 70.13275408505255 0.012089138637208584
9 70.13275408505277 0.011047082597749227
12 95.24446446000006 0.014900383916167331
13 95.24446446000019 0.020819700724295627
16 136.58744815494745 0.010899371031672773
17 136.5874481549477 0.010260541606542292
18 136.5874481549477 0.011484022202880396

159.64240291329426
2 37.15857925999999 0.35058391528698396
3 37.15857925999999 0.32483483441675626
4 37.158579259999996 0.15761738648386497
5 70.13275408505243 0.010885384222050702
8 70.1327540850526 0.013953151791182887
9 70.13275408505277 0.01187813284153485
10 95.24446445999996 0.010790766944684942
11 95.24446445999999 0.01873539601312786
12 95.24446446000006 0.011114246746391861
14 95.2444644600002 0.012308014412747545
15 136.5874481549474 0.01010904071511653
19 136.58744815494794 0.011489381004678886

159.64240291329463
2 37.15857925999999 0.14381774917252993
3 37.15857925999999 0.27849808262558207
4 37.158579259999996 0.4107203043894984
5 70.13275408505243 0.011593211810762062
7 70.13275408505255 0.010614547957172878
8 70.1327540850526 0.012776929754718312
9 70.13275408505277 0.010780680689749945
11 95.24446445999999 0.0164357959131422
14 95.2444644600002 0.026151106597311395
15 136.5874481549474 0.01080692847370679
19 136.58744815494794 0.011361040766564632

161.1659621910639
1 0.0 0.02616135826757416
2 37.15857925999999 0.4586477465956993
3 37.15857925999999 0.22576735895139757
4 37.158579259999996 0.19804049965042173

161.16596219106643
1 0.0 0.026161358267578243
2 37.15857925999999 0.21871648081013284
3 37.15857925999999 0.255496567891912
4 37.158579259999996 0.40824255649546887

161.16596219106685
1 0.0 0.026161358267576255
2 37.15857925999999 0.20269606622945963
3 37.15857925999999 0.39842719718614134
4 37.158579259999996 0.2813323417819178

172.51370961183963
1 0.0 0.01592733110747805
2 37.15857925999999 0.053288755946937424
3 37.15857925999999 0.03435883090015536
4 37.158579259999996 0.0341377800703198
5 70.13275408505243 0.03452230721638581
6 70.13275408505244 0.03947683896832626
7 70.13275408505255 0.048502189727076254
8 70.1327540850526 0.045795075959398454
9 70.13275408505277 0.04198672888347146
11 95.24446445999999 0.036877923503440525
12 95.24446446000006 0.019715900226361608
13 95.24446446000019 0.04246268813838641
14 95.2444644600002 0.03212475859608977
15 136.5874481549474 0.04412062883351941
16 136.58744815494745 0.0455278487466997
17 136.5874481549477 0.04821635933367888
18 136.5874481549477 0.05842374168405505
19 136.58744815494794 0.05072863228053739
20 142.33184782836554 0.013491313344026598
21 142.3318478283656 0.0161233817359336
22 142.33184782836568 0.01669719026314075
23 142.3318478283657 0.015049721015111464
24 142.33184782836588 0.011519838938802065
26 142.33184782836594 0.01248928956314678
29 206.72020224000002 0.010104633292466837
30 206.72020224000013 0.012142567737848008
31 206.72020224000016 0.013998069215401145
33 206.7202022400004 0.012394526569888242
52 287.33982997163395 0.018558784645299874
53 287.33982997163406 0.013902538396432181
54 287.3398299716341 0.020505421361544793
55 287.3398299716342 0.010786437596675406
56 287.33982997163434 0.011761363146500977
57 287.3398299716349 0.01568031762213869

172.5137096118402
1 0.0 0.01592733110747802
2 37.15857925999999 0.026481121005946136
3 37.15857925999999 0.05015930613326357
4 37.158579259999996 0.04514493977820311
5 70.13275408505243 0.045691401517840805
6 70.13275408505244 0.047199392141201515
7 70.13275408505255 0.04110869075484932
8 70.1327540850526 0.03934735780738463
9 70.13275408505277 0.05742395137430627
11 95.24446445999999 0.02064928285694251
12 95.24446446000006 0.045648823816320946
13 95.24446446000019 0.03319944378525311
14 95.2444644600002 0.019265418123540528
15 136.5874481549474 0.04781719653343329
16 136.58744815494745 0.060710639679289975
17 136.5874481549477 0.05055729233715752
18 136.5874481549477 0.050173366258613974
19 136.58744815494794 0.041920374691463556
20 142.33184782836554 0.013705634332724299
21 142.3318478283656 0.015358729068776444
22 142.33184782836568 0.010817625519221542
23 142.3318478283657 0.012562801232497537
24 142.33184782836588 0.012935958060909834
25 142.33184782836594 0.023350891980754653
26 142.33184782836594 0.011977249326145146
32 206.72020224000028 0.012189565316270386
52 287.33982997163395 0.010778645440501675
53 287.33982997163406 0.012269441273188008
55 287.3398299716342 0.015587095795156799
56 287.33982997163434 0.01648030825951126
57 287.3398299716349 0.014169403743733548
58 287.33982997163537 0.023119809703544932

172.51370961184114
1 0.0 0.015927331107478217
2 37.15857925999999 0.047146490101350164
3 37.15857925999999 0.04869936637714513
4 37.158579259999996 0.02593951043891804
5 70.13275408505243 0.0402649026256783
6 70.13275408505244 0.044738245363260945
7 70.13275408505255 0.053437415135577065
8 70.1327540850526 0.031936560069234815
9 70.13275408505277 0.029710028831217122
11 95.24446445999999 0.0272670973142601
12 95.24446446000006 0.02181225340749818
13 95.24446446000019 0.043090042885998714
14 95.2444644600002 0.04635254190163754
15 136.5874481549474 0.05388290914088822
16 136.58744815494745 0.035823621170156326
17 136.5874481549477 0.048335184211171375
18 136.5874481549477 0.05822298270088871
19 136.58744815494794 0.03713959377321449
20 142.33184782836554 0.013219641748674387
21 142.3318478283656 0.01525273665320527
22 142.33184782836568 0.01611662871354633
24 142.33184782836588 0.013694942842091025
26 142.33184782836594 0.015924927096297222
27 206.72020223999982 0.01703597194686013
29 206.72020224000002 0.012014363661872291
31 206.72020224000016 0.011244165672864842
33 206.7202022400004 0.011965496481940502
52 287.33982997163395 0.019459753959236964
53 287.33982997163406 0.02216258683899793
54 287.3398299716341 0.012068271513187965
55 287.3398299716342 0.011287343460418408
56 287.33982997163434 0.010577934710724103
57 287.3398299716349 0.016293055524264775

172.51370961184114
1 0.0 0.015927331107478133
2 37.15857925999999 0.05189684854844628
3 37.15857925999999 0.019789336192099296
4 37.158579259999996 0.050099182176867686
5 70.13275408505243 0.031598297204042516
6 70.13275408505244 0.030568163869255413
7 70.13275408505255 0.03578107046178457
8 70.1327540850526 0.06786480353039336
9 70.13275408505277 0.0629063348212931
11 95.24446445999999 0.05114456068000076
12 95.24446446000006 0.021696843112394348
13 95.24446446000019 0.02802294013593891
14 95.2444644600002 0.016049095100437713
15 136.5874481549474 0.0335098092661634
16 136.58744815494745 0.060104018763156804
17 136.5874481549477 0.04760094082730272
18 136.5874481549477 0.04675736587929437
19 136.58744815494794 0.07231678727997504
20 142.33184782836554 0.013097767370146878
21 142.3318478283656 0.01571142538669112
22 142.33184782836568 0.01034917351877657
23 142.3318478283657 0.013453920422466011
24 142.33184782836588 0.014462033190255793
25 142.33184782836594 0.02740173954208257
30 206.72020224000013 0.012564392896422066
54 287.3398299716341 0.018158005001457478
56 287.33982997163434 0.012539567367500566
57 287.3398299716349 0.01538054769804624
58 287.33982997163537 0.027129503363564032

172.51370961184128
1 0.0 0.015927331107478127
2 37.15857925999999 0.05177734023500592
3 37.15857925999999 0.05332773267905471
4 37.158579259999996 0.016680294003352455
5 70.13275408505243 0.03707101816129784
6 70.13275408505244 0.04811007252903873
7 70.13275408505255 0.06630471897992893
8 70.1327540850526 0.01687782224813787
9 70.13275408505277 0.029343818289956806
11 95.24446445999999 0.01077034646541249
12 95.24446446000006 0.01650514862273891
13 95.24446446000019 0.05561324627236589
14 95.2444644600002 0.054214354547449876
15 136.5874481549474 0.05577420704749688
16 136.58744815494745 0.039277717742316566
17 136.5874481549477 0.05076728669342764
18 136.5874481549477 0.0729661599756858
19 136.58744815494794 0.017307257249124994
21 142.3318478283656 0.01219630367045674
22 142.33184782836568 0.019547937335942577
26 142.33184782836594 0.01751394382099012
27 206.72020223999982 0.023037804699945173
31 206.72020224000016 0.012742208929318084
33 206.7202022400004 0.01199078038693221
52 287.33982997163395 0.026525781107963158
53 287.33982997163406 0.02779868017715007
55 287.3398299716342 0.0111909083106564

172.51370961184148
1 0.0 0.01592733110747828
2 37.15857925999999 0.043148497930396976
3 37.15857925999999 0.03969452315496574
4 37.158579259999996 0.038942345832051
5 70.13275408505243 0.03879306620174919
6 70.13275408505244 0.037131392835905726
7 70.13275408505255 0.04359532683014436
8 70.1327540850526 0.04824145121371692
9 70.13275408505277 0.04901857542402141
11 95.24446445999999 0.035851993864845416
12 95.24446446000006 0.023630637088418813
13 95.24446446000019 0.02845612610120342
14 95.2444644600002 0.03639541371839323
15 136.5874481549474 0.04640660767287369
16 136.58744815494745 0.04952330528707915
17 136.5874481549477 0.04822762698855733
18 136.5874481549477 0.047250300959719715
19 136.58744815494794 0.051727828783180725
20 142.33184782836554 0.0121231078419666
22 142.33184782836568 0.013655631922100023
23 142.3318478283657 0.01342851359020405
24 142.33184782836588 0.014513131650132552
25 142.33184782836594 0.015432376544448286
26 142.33184782836594 0.014103436785126515
27 206.72020223999982 0.01060296950191346
29 206.72020224000002 0.010691576283134862
30 206.72020224000013 0.011657646779330464
31 206.72020224000016 0.010229320576338165
52 287.33982997163395 0.014633187996085055
53 287.33982997163406 0.01466139104666998
54 287.3398299716341 0.016599455810044194
55 287.3398299716342 0.012951271656296781
56 287.33982997163434 0.011935129802402291
57 287.3398299716349 0.012599652224005747
58 287.33982997163537 0.015279375352675765

172.51370961184168
1 0.0 0.015927331107478262
2 37.15857925999999 0.030187260870545827
3 37.15857925999999 0.04933144681063549
4 37.158579259999996 0.042266659236232185
5 70.13275408505243 0.04949733081589809
6 70.13275408505244 0.04540655813936198
7 70.13275408505255 0.03918153679178771
8 70.1327540850526 0.039347805921820335
9 70.13275408505277 0.0483817879784399
11 95.24446445999999 0.024792463387312287
12 95.24446446000006 0.042996233804260243
13 95.24446446000019 0.02362461315099209
14 95.2444644600002 0.03281317001334799
15 136.5874481549474 0.053683492173212076
16 136.58744815494745 0.05018630452781133
17 136.5874481549477 0.04892885597305799
18 136.5874481549477 0.04061292777821729
19 136.58744815494794 0.04395187120496301
20 142.33184782836554 0.013666221744101235
21 142.3318478283656 0.01394654355946272
22 142.33184782836568 0.01210510018596646
23 142.3318478283657 0.010514110736927443
24 142.33184782836588 0.017495914340804376
25 142.33184782836594 0.020160412637404968
29 206.72020224000002 0.011537051931976555
33 206.7202022400004 0.010741566696201335
52 287.33982997163395 0.013369542232322286
53 287.33982997163406 0.010689243960661756
55 287.3398299716342 0.014293061779272224
56 287.33982997163434 0.01578363407438156
57 287.3398299716349 0.017596994556586587
58 287.33982997163537 0.019970468226882688

172.51370961184176
1 0.0 0.015927331107477984
2 37.15857925999999 0.025063726712733488
3 37.15857925999999 0.04471788890590831
4 37.158579259999996 0.05200375129877042
5 70.13275408505243 0.04505652206062529
6 70.13275408505244 0.042399830381792285
7 70.13275408505255 0.03565615004022062
8 70.1327540850526 0.048468208258317096
9 70.13275408505277 0.06773745482818988
11 95.24446445999999 0.025665578220948636
12 95.24446446000006 0.04578113307692203
13 95.24446446000019 0.023648836700195183
14 95.2444644600002 0.015815578734380463
15 136.5874481549474 0.04419965348308268
16 136.58744815494745 0.06760134208975718
17 136.5874481549477 0.050376122013348325
18 136.5874481549477 0.04300091837661686
19 136.58744815494794 0.05001567966278245
20 142.33184782836554 0.013397698544708573
21 142.3318478283656 0.011073998116567823
23 142.3318478283657 0.01599708178864623
24 142.33184782836588 0.012889396004410494
25 142.33184782836594 0.026709744059389508
26 142.33184782836594 0.012204416223727968
32 206.72020224000028 0.01573289455147795
54 287.3398299716341 0.010753295772256298
55 287.3398299716342 0.019376995953834675
56 287.33982997163434 0.019055068771761174
57 287.3398299716349 0.011083738982020867
58 287.33982997163537 0.02643677574538633

