rotational analysis ortho
#nmax= 4 NR= 11 Ntheta= 11 Nphi= 11
#jmax= 4 Nalpha= 11 Nphi= 11 Nchi= 11
23.565899200404733
1 23.79935855999999 0.3899649614903845
2 23.799358559999998 0.05023681041991984
3 23.799358559999998 0.23709539016918255
4 42.40216329999999 0.013258679569680677
5 42.40216329999999 0.050236810419919856
6 42.40216329999999 0.2370953901691826

23.56589920040564
1 23.79935855999999 0.4794286195747605
2 23.799358559999998 0.1489046044339762
3 23.799358559999998 0.0947900484889082
4 42.40216329999999 0.011070116817746703
5 42.40216329999999 0.14890460443397624
6 42.40216329999999 0.0947900484889082

23.565899200406115
1 23.79935855999999 0.07516499966952223
2 23.799358559999998 0.27798123229621957
3 23.799358559999998 0.16290045009840845
4 42.40216329999999 0.020959677779497293
5 42.40216329999999 0.27798123229621957
6 42.40216329999999 0.16290045009840845

39.737357919325945
1 23.79935855999999 0.03424781296179854
2 23.799358559999998 0.23413167878011096
3 23.799358559999998 0.03563628000985454
4 42.40216329999999 0.4118225157975084
5 42.40216329999999 0.23413167878011107
6 42.40216329999999 0.03563628000985456

39.73735791932873
1 23.79935855999999 0.03210058541907347
2 23.799358559999998 0.22827475370820205
3 23.799358559999998 0.028769479695278197
4 42.40216329999999 0.4394171941132195
5 42.40216329999999 0.22827475370820205
6 42.40216329999999 0.0287694796952782

39.737357919329874
1 23.79935855999999 0.06603575265654157
2 23.799358559999998 0.02997013272370927
3 23.799358559999998 0.4281621271150226
5 42.40216329999999 0.02997013272370927
6 42.40216329999999 0.42816212711502266

69.37894363860748
1 23.79935855999999 0.2359097423449565
2 23.799358559999998 0.0628870297232329
3 23.799358559999998 0.05841799253772695
5 42.40216329999999 0.06288702972323292
6 42.40216329999999 0.05841799253772694
7 79.51371233999998 0.2585160561934137
8 79.51371234 0.05416071928997955
10 79.51371234 0.034009570993115565
11 79.51371234 0.03003464359213317
13 135.32212655999996 0.05416071928997955
14 135.32212655999996 0.034009570993115565
16 135.32212655999996 0.03003464359213317

69.37894363861083
1 23.79935855999999 0.1708423965176215
2 23.799358559999998 0.07139386836532675
3 23.799358559999998 0.08059163006777334
5 42.40216329999999 0.07139386836532675
6 42.40216329999999 0.08059163006777337
7 79.51371233999998 0.07162487289177714
8 79.51371234 0.04585710215494732
9 79.51371234 0.04531144393603702
10 79.51371234 0.0954129840849637
11 79.51371234 0.031070199930815626
13 135.32212655999996 0.04585710215494731
14 135.32212655999996 0.0954129840849637
15 135.32212655999996 0.04531144393603701
16 135.32212655999996 0.031070199930815633

69.3789436386134
1 23.79935855999999 0.058046447073959735
2 23.799358559999998 0.0973871176489154
3 23.799358559999998 0.10778379038123714
4 42.40216329999999 0.014020325884227356
5 42.40216329999999 0.09738711764891542
6 42.40216329999999 0.10778379038123717
7 79.51371233999998 0.0850211152882688
9 79.51371234 0.17865079962446032
11 79.51371234 0.02316930176300413
15 135.32212655999996 0.17865079962446032
16 135.32212655999996 0.02316930176300413

69.37894363861416
1 23.79935855999999 0.19191223891608983
2 23.799358559999998 0.05873410358517706
3 23.799358559999998 0.08331656825499768
5 42.40216329999999 0.058734103585177076
6 42.40216329999999 0.08331656825499766
7 79.51371233999998 0.040415039173379394
8 79.51371234 0.07020399128379942
9 79.51371234 0.026602321868138497
10 79.51371234 0.11467883983796226
11 79.51371234 0.021590308802359362
13 135.32212655999996 0.07020399128379945
14 135.32212655999996 0.11467883983796226
15 135.32212655999996 0.026602321868138497
16 135.32212655999996 0.02159030880235936

69.37894363861575
1 23.79935855999999 0.08493042585005132
2 23.799358559999998 0.1108347328082701
3 23.799358559999998 0.08165987407935972
4 42.40216329999999 0.01248894939318533
5 42.40216329999999 0.11083473280827014
6 42.40216329999999 0.08165987407935973
7 79.51371233999998 0.015002505052690155
8 79.51371234 0.07788919507051814
9 79.51371234 0.012986177133418837
11 79.51371234 0.147861887909851
13 135.32212655999996 0.07788919507051814
15 135.32212655999996 0.012986177133418837
16 135.32212655999996 0.14786188790985105

86.2062605719004
1 23.79935855999999 0.3186122277137306
2 23.799358559999998 0.15930611385685933
3 23.799358559999998 0.15930611385686305
5 42.40216329999999 0.15930611385685933
6 42.40216329999999 0.15930611385686305

88.56649960162495
1 23.79935855999999 0.12146915868525053
2 23.799358559999998 0.1676467783916475
3 23.799358559999998 0.19242020189642206
4 42.40216329999999 0.126957179173801
5 42.40216329999999 0.1676467783916475
6 42.40216329999999 0.19242020189642206

88.56649960162758
1 23.79935855999999 0.3514130036102265
2 23.799358559999998 0.26347138129658565
3 23.799358559999998 0.032747308331781126
4 42.40216329999999 0.024709915568239878
5 42.40216329999999 0.2634713812965857
6 42.40216329999999 0.03274730833178114

88.5664996016277
1 23.79935855999999 0.2849052473557032
2 23.799358559999998 0.058478145341769636
3 23.799358559999998 0.2562076902710843
4 42.40216329999999 0.05428337985378858
5 42.40216329999999 0.058478145341769656
6 42.40216329999999 0.25620769027108437

93.68856354924024
1 23.79935855999999 0.05076580702554345
2 23.799358559999998 0.16880349111967746
3 23.799358559999998 0.1282252975356935
4 42.40216329999999 0.24511854944826067
5 42.40216329999999 0.1688034911196775
6 42.40216329999999 0.12822529753569356
9 79.51371234 0.0173926344932829
10 79.51371234 0.013569790480232333
12 135.32212655999996 0.02407270671050003
14 135.32212655999996 0.013569790480232331
15 135.32212655999996 0.017392634493282898

93.6885635492425
1 23.79935855999999 0.02332829482987737
2 23.799358559999998 0.09891613499811427
3 23.799358559999998 0.14528859102735134
4 42.40216329999999 0.37820418690375235
5 42.40216329999999 0.09891613499811429
6 42.40216329999999 0.14528859102735134
10 79.51371234 0.024210394924790282
12 135.32212655999996 0.033661439300132184
14 135.32212655999996 0.024210394924790282

93.68856354924252
1 23.79935855999999 0.0441473601149088
2 23.799358559999998 0.14738434214296653
3 23.799358559999998 0.1369022834610703
4 42.40216329999999 0.277221322461575
5 42.40216329999999 0.14738434214296653
6 42.40216329999999 0.13690228346107033
8 79.51371234 0.019926844248524707
10 79.51371234 0.014849623176065543
13 135.32212655999996 0.019926844248524707
14 135.32212655999996 0.014849623176065543

93.68856354924338
1 23.79935855999999 0.06563312668123211
2 23.799358559999998 0.05840727048526457
3 23.799358559999998 0.2672448211514412
4 42.40216329999999 0.1730046238299043
5 42.40216329999999 0.05840727048526458
6 42.40216329999999 0.2672448211514412
11 79.51371234 0.02753548872045022
12 135.32212655999996 0.024081724857986216
16 135.32212655999996 0.02753548872045022

93.6885635492448
1 23.79935855999999 0.06291747356295924
2 23.799358559999998 0.21231818670524283
3 23.799358559999998 0.1081055945300807
4 42.40216329999999 0.18617689775094276
5 42.40216329999999 0.21231818670524286
6 42.40216329999999 0.10810559453008074
8 79.51371234 0.017964785193162077
9 79.51371234 0.0215406839876011
13 135.32212655999996 0.017964785193162077
15 135.32212655999996 0.021540683987601107

95.83267940127502
1 23.79935855999999 0.14241202771220324
2 23.799358559999998 0.06954580902948375
3 23.799358559999998 0.09880519216363744
4 42.40216329999999 0.015378086221303317
5 42.40216329999999 0.06954580902948376
6 42.40216329999999 0.09880519216363746
7 79.51371233999998 0.057619436783184555
8 79.51371234 0.05610063506832852
9 79.51371234 0.07822675651808494
10 79.51371234 0.062112263823960526
11 79.51371234 0.02267584097972685
13 135.32212655999996 0.05610063506832852
14 135.32212655999996 0.06211226382396053
15 135.32212655999996 0.07822675651808494
16 135.32212655999996 0.022675840979726844

95.83267940127837
1 23.79935855999999 0.11604700395697237
2 23.799358559999998 0.07738147984984456
3 23.799358559999998 0.10286685379049754
4 42.40216329999999 0.01794844508210116
5 42.40216329999999 0.07738147984984456
6 42.40216329999999 0.10286685379049756
7 79.51371233999998 0.04406404247265721
8 79.51371234 0.04536508993980657
9 79.51371234 0.020997987787032765
10 79.51371234 0.05361880640169156
11 79.51371234 0.10595838674635875
13 135.32212655999996 0.04536508993980656
14 135.32212655999996 0.05361880640169157
15 135.32212655999996 0.020997987787032765
16 135.32212655999996 0.10595838674635877

95.83267940127925
1 23.79935855999999 0.21546900592971502
2 23.799358559999998 0.0640500126919304
3 23.799358559999998 0.07133370709412516
5 42.40216329999999 0.06405001269193042
6 42.40216329999999 0.07133370709412516
7 79.51371233999998 0.27187982515153286
8 79.51371234 0.04296877505950335
9 79.51371234 0.026052959661509143
10 79.51371234 0.011198593202461464
11 79.51371234 0.03198730087739734
13 135.32212655999996 0.04296877505950334
14 135.32212655999996 0.011198593202461462
15 135.32212655999996 0.026052959661509147
16 135.32212655999996 0.03198730087739734

95.83267940128017
1 23.79935855999999 0.17108527748153637
2 23.799358559999998 0.11935632712482726
3 23.799358559999998 0.03605574452228933
4 42.40216329999999 0.012582695543992847
5 42.40216329999999 0.11935632712482727
6 42.40216329999999 0.03605574452228934
7 79.51371233999998 0.10673783616165487
8 79.51371234 0.0897905122971043
9 79.51371234 0.04334197259065309
10 79.51371234 0.02650887642780165
11 79.51371234 0.03493236830398149
13 135.32212655999996 0.0897905122971043
14 135.32212655999996 0.026508876427801652
15 135.32212655999996 0.04334197259065309
16 135.32212655999996 0.03493236830398148

95.83267940128059
1 23.79935855999999 0.10461384845654288
2 23.799358559999998 0.08310343083395899
3 23.799358559999998 0.10230416430267722
4 42.40216329999999 0.019063077589934963
5 42.40216329999999 0.083103430833959
6 42.40216329999999 0.10230416430267725
7 79.51371233999998 0.01730475999550044
8 79.51371234 0.011949903451732842
9 79.51371234 0.08416193143061727
10 79.51371234 0.09256044787303964
11 79.51371234 0.050626355671441296
13 135.32212655999996 0.011949903451732842
14 135.32212655999996 0.09256044787303964
15 135.32212655999996 0.08416193143061727
16 135.32212655999996 0.050626355671441296

100.57531615251673
1 23.79935855999999 0.07971719838858886
2 23.799358559999998 0.11845812085845228
3 23.799358559999998 0.20920695605091996
4 42.40216329999999 0.24305798984972052
5 42.40216329999999 0.11845812085845231
6 42.40216329999999 0.20920695605092002

100.57531615252147
1 23.79935855999999 0.06092810052121087
2 23.799358559999998 0.15595191090571545
3 23.799358559999998 0.1570946244709906
4 42.40216329999999 0.2910841707824472
5 42.40216329999999 0.15595191090571547
6 42.40216329999999 0.15709462447099068

100.57531615252486
1 23.79935855999999 0.09203095251637594
2 23.799358559999998 0.21530720937343104
3 23.799358559999998 0.12193837679779272
4 42.40216329999999 0.21158321719825246
5 42.40216329999999 0.2153072093734311
6 42.40216329999999 0.12193837679779271

106.08578529275455
2 23.799358559999998 0.16237106733748569
3 23.799358559999998 0.16237106733748968
4 42.40216329999999 0.3247421346750027
5 42.40216329999999 0.16237106733748569
6 42.40216329999999 0.16237106733748968

119.64263487479957
1 23.79935855999999 0.10459754655574141
2 23.799358559999998 0.06331545744408723
3 23.799358559999998 0.04288037581185544
5 42.40216329999999 0.06331545744408726
6 42.40216329999999 0.04288037581185545
7 79.51371233999998 0.0897689022996505
8 79.51371234 0.058664113184883036
9 79.51371234 0.04798252641754134
10 79.51371234 0.04662776991081369
11 79.51371234 0.04224784833380153
13 135.32212655999996 0.05866411318488303
14 135.32212655999996 0.04662776991081369
15 135.32212655999996 0.04798252641754134
16 135.32212655999996 0.042247848333801526
17 136.8900018506398 0.013917701492097607
20 136.8900018506398 0.013328718452740035
21 136.8900018506398 0.013343784764184012
49 287.5374776509494 0.016310792877600587
51 287.5374776509494 0.01632819077290621
52 287.5374776509494 0.01702197953944438

119.6426348748038
1 23.79935855999999 0.11678107591642702
2 23.799358559999998 0.06365080447173484
3 23.799358559999998 0.03694449135743276
5 42.40216329999999 0.06365080447173485
6 42.40216329999999 0.03694449135743277
7 79.51371233999998 0.11028618494552682
8 79.51371234 0.07179202223913378
9 79.51371234 0.030008283583653216
10 79.51371234 0.03885059526030297
11 79.51371234 0.044627537522781466
13 135.32212655999996 0.07179202223913378
14 135.32212655999996 0.03885059526030296
15 135.32212655999996 0.030008283583653213
16 135.32212655999996 0.044627537522781466
17 136.8900018506398 0.013748484085636644
22 136.8900018506398 0.02092637066752001
36 212.6263517493601 0.01463434071411789
49 287.5374776509494 0.010004603928181774
52 287.5374776509494 0.01682160470799738
53 287.5374776509497 0.010487175763603244

119.64263487480437
1 23.79935855999999 0.13518044618897251
2 23.799358559999998 0.07342087047646284
3 23.799358559999998 0.018716583721608834
5 42.40216329999999 0.07342087047646283
6 42.40216329999999 0.018716583721608834
7 79.51371233999998 0.12520654990876434
8 79.51371234 0.10594374747275007
9 79.51371234 0.021967335408261908
10 79.51371234 0.02332192720710233
11 79.51371234 0.026482225345575334
13 135.32212655999996 0.10594374747275007
14 135.32212655999996 0.023321927207102338
15 135.32212655999996 0.021967335408261908
16 135.32212655999996 0.026482225345575334
19 136.8900018506398 0.015475074741969498
22 136.8900018506398 0.0137618220523603
23 136.8900018506398 0.026275943240309865
32 212.62635174936005 0.010913583888994997
37 212.6263517493601 0.018454613379479432
48 287.5374776509494 0.018926327515860226
53 287.5374776509497 0.03188192351672217

119.64263487480457
1 23.79935855999999 0.10751234437895384
2 23.799358559999998 0.046397402780632716
3 23.799358559999998 0.0584585531854812
5 42.40216329999999 0.046397402780632716
6 42.40216329999999 0.05845855318548122
7 79.51371233999998 0.1289099678843091
8 79.51371234 0.030927328524035284
9 79.51371234 0.046762787238801125
10 79.51371234 0.053179313022193996
11 79.51371234 0.045353072305806034
13 135.32212655999996 0.030927328524035284
14 135.32212655999996 0.053179313022194
15 135.32212655999996 0.046762787238801125
16 135.32212655999996 0.04535307230580603
18 136.8900018506398 0.01569911546963042
19 136.8900018506398 0.010289871394539664
22 136.8900018506398 0.04247340889962365
33 212.62635174936005 0.011067127590754363
36 212.6263517493601 0.029782587038368794
48 287.5374776509494 0.012609356805031387
50 287.5374776509494 0.019203706738332625

119.64263487480461
1 23.79935855999999 0.0680038497905065
2 23.799358559999998 0.06405157074831286
3 23.799358559999998 0.058965691032205024
5 42.40216329999999 0.06405157074831286
6 42.40216329999999 0.05896569103220503
7 79.51371233999998 0.05655657504379651
8 79.51371234 0.03383617698736557
9 79.51371234 0.06005622574396989
10 79.51371234 0.03673888517853511
11 79.51371234 0.08167440910542398
13 135.32212655999996 0.03383617698736557
14 135.32212655999996 0.03673888517853511
15 135.32212655999996 0.06005622574396989
16 135.32212655999996 0.08167440910542398
18 136.8900018506398 0.024780058654721025
25 173.59570438905007 0.011936393258556898
33 212.62635174936005 0.017468422971427856
49 287.5374776509494 0.01189538284853699
50 287.5374776509494 0.03031208836759197

119.64263487480723
1 23.79935855999999 0.10282466776115473
2 23.799358559999998 0.03167993476662772
3 23.799358559999998 0.07533085725440446
5 42.40216329999999 0.031679934766627726
6 42.40216329999999 0.07533085725440451
7 79.51371233999998 0.0810303815063271
8 79.51371234 0.02828969138981946
9 79.51371234 0.05357685549872987
10 79.51371234 0.07999901089656895
11 79.51371234 0.037978894146085414
13 135.32212655999996 0.02828969138981946
14 135.32212655999996 0.07999901089656894
15 135.32212655999996 0.053576855498729876
16 135.32212655999996 0.037978894146085414
17 136.8900018506398 0.013111876065212136
20 136.8900018506398 0.01279572659252352
48 287.5374776509494 0.010046008039713112
49 287.5374776509494 0.01569073576457698
50 287.5374776509494 0.010404599664932573
52 287.5374776509494 0.016040613723809095

119.64263487480737
1 23.79935855999999 0.09322925961602314
2 23.799358559999998 0.036594349946757775
3 23.799358559999998 0.07482726925342109
5 42.40216329999999 0.03659434994675778
6 42.40216329999999 0.07482726925342109
7 79.51371233999998 0.11261377404589844
8 79.51371234 0.01687504908280374
9 79.51371234 0.06592342682064622
10 79.51371234 0.055868330804860006
11 79.51371234 0.04574696690298958
13 135.32212655999996 0.016875049082803743
14 135.32212655999996 0.055868330804860006
15 135.32212655999996 0.06592342682064622
16 135.32212655999996 0.04574696690298958
21 136.8900018506398 0.022141721271884282
22 136.8900018506398 0.028923669331346307
28 173.59570438905007 0.010668089402384184
35 212.62635174936005 0.01561001761826364
36 212.6263517493601 0.020280685929421022
49 287.5374776509494 0.010711057674089223
51 287.5374776509494 0.02708364948776371

130.86968702255896
1 23.79935855999999 0.09063090317943084
2 23.799358559999998 0.014122871426650517
3 23.799358559999998 0.1693206735630114
4 42.40216329999999 0.01848395279840153
5 42.40216329999999 0.014122871426650517
6 42.40216329999999 0.1693206735630114
7 79.51371233999998 0.07967481796675918
8 79.51371234 0.015843309451015485
9 79.51371234 0.061067746484088095
10 79.51371234 0.07460767625197257
11 79.51371234 0.061067746484086596
13 135.32212655999996 0.015843309451015482
14 135.32212655999996 0.07460767625197255
15 135.32212655999996 0.061067746484088095
16 135.32212655999996 0.061067746484086596

130.86968702255933
1 23.79935855999999 0.26599321141140553
2 23.799358559999998 0.05004090998387627
3 23.799358559999998 0.051064508671324366
5 42.40216329999999 0.05004090998387627
6 42.40216329999999 0.05106450867132437
7 79.51371233999998 0.14999639168283946
8 79.51371234 0.062581071778001
9 79.51371234 0.025969011436699833
10 79.51371234 0.06296864897237887
11 79.51371234 0.025969011436696266
13 135.32212655999996 0.062581071778001
14 135.32212655999996 0.06296864897237886
15 135.32212655999996 0.025969011436699833
16 135.32212655999996 0.02596901143669627

130.86968702256075
1 23.79935855999999 0.08296754934608434
2 23.799358559999998 0.17449758652457137
3 23.799358559999998 0.012544144428984178
4 42.40216329999999 0.018950934703966107
5 42.40216329999999 0.17449758652457137
6 42.40216329999999 0.01254414442898418
7 79.51371233999998 0.07660175678880343
8 79.51371234 0.07511975044855032
9 79.51371234 0.06260156540152026
10 79.51371234 0.013797416337006506
11 79.51371234 0.06260156540151916
13 135.32212655999996 0.07511975044855033
14 135.32212655999996 0.013797416337006508
15 135.32212655999996 0.06260156540152027
16 135.32212655999996 0.06260156540151916

134.02871155254428
2 23.799358559999998 0.018297386783995905
3 23.799358559999998 0.01596020213947793
4 42.40216329999999 0.03622138405387848
5 42.40216329999999 0.01829738678399591
6 42.40216329999999 0.015960202139477932
7 79.51371233999998 0.09384833207094932
8 79.51371234 0.12358313007239313
9 79.51371234 0.1436073584804967
10 79.51371234 0.059367268246835185
11 79.51371234 0.02125337725306372
12 135.32212655999996 0.08805854832464871
13 135.32212655999996 0.12358313007239312
14 135.32212655999996 0.0593672682468352
15 135.32212655999996 0.1436073584804967
16 135.32212655999996 0.021253377253063723

134.02871155254647
2 23.799358559999998 0.031587976468068615
3 23.799358559999998 0.011537834394499047
4 42.40216329999999 0.017910962782106885
5 42.40216329999999 0.031587976468068615
6 42.40216329999999 0.011537834394499048
7 79.51371233999998 0.036951186056623994
8 79.51371234 0.032765474493190005
9 79.51371234 0.021552840223343084
10 79.51371234 0.10670774390062963
11 79.51371234 0.23290654203111846
12 135.32212655999996 0.05271276114799581
13 135.32212655999996 0.032765474493190005
14 135.32212655999996 0.10670774390062963
15 135.32212655999996 0.02155284022334308
16 135.32212655999996 0.2329065420311185

134.02871155254925
3 23.799358559999998 0.025034751820612707
4 42.40216329999999 0.05162318426575615
6 42.40216329999999 0.025034751820612707
7 79.51371233999998 0.24071846952948478
8 79.51371234 0.025102678851631022
9 79.51371234 0.0417422874815135
10 79.51371234 0.1837833931086641
11 79.51371234 0.05041138154685726
12 135.32212655999996 0.03473119699436696
13 135.32212655999996 0.025102678851631016
14 135.32212655999996 0.1837833931086641
15 135.32212655999996 0.0417422874815135
16 135.32212655999996 0.050411381546857266

134.02871155254965
2 23.799358559999998 0.01832004947633355
3 23.799358559999998 0.016588458659467568
4 42.40216329999999 0.03487741622431105
5 42.40216329999999 0.018320049476333557
6 42.40216329999999 0.016588458659467568
7 79.51371233999998 0.14495763114772878
8 79.51371234 0.15162628690775715
9 79.51371234 0.048292015944240416
10 79.51371234 0.02219451925352756
11 79.51371234 0.12462977874224235
12 135.32212655999996 0.03908631565791812
13 135.32212655999996 0.15162628690775712
14 135.32212655999996 0.02219451925352756
15 135.32212655999996 0.0482920159442404
16 135.32212655999996 0.12462977874224235

134.02871155255028
2 23.799358559999998 0.018386701288635742
3 23.799358559999998 0.018920661334751426
4 42.40216329999999 0.029924446334850575
5 42.40216329999999 0.018386701288635746
6 42.40216329999999 0.018920661334751433
7 79.51371233999998 0.04145498783895234
8 79.51371234 0.10538117323575823
9 79.51371234 0.1833298210855773
10 79.51371234 0.06614346630769775
11 79.51371234 0.011462308868952862
12 135.32212655999996 0.103440621666253
13 135.32212655999996 0.10538117323575823
14 135.32212655999996 0.06614346630769775
15 135.32212655999996 0.18332982108557727
16 135.32212655999996 0.011462308868952864

140.1804193451164
1 23.79935855999999 0.07544511183648524
2 23.799358559999998 0.051044522333367544
3 23.799358559999998 0.05250458881833155
5 42.40216329999999 0.05104452233336756
6 42.40216329999999 0.05250458881833156
17 136.8900018506398 0.011352392912709168
18 136.8900018506398 0.07140074598287999
20 136.8900018506398 0.05370596153150628
22 136.8900018506398 0.0191752632723356
23 136.8900018506398 0.02011559575226381
25 173.59570438905007 0.054724897216434296
27 173.59570438905007 0.040568518591095136
30 173.59570438905018 0.01175712978577034
33 212.62635174936005 0.06190752678656252
34 212.62635174936005 0.04622708430857385
36 212.6263517493601 0.01644619389330956
37 212.6263517493601 0.017372376963735406
49 287.5374776509494 0.05936452724898487
50 287.5374776509494 0.078583375553008
51 287.5374776509494 0.010409253566496237
52 287.5374776509494 0.01245648252494673
53 287.5374776509497 0.02198164228955239

140.18041934511993
1 23.79935855999999 0.0651102788057863
2 23.799358559999998 0.04256969274044114
3 23.799358559999998 0.06555477506866396
4 42.40216329999999 0.010938212465274547
5 42.40216329999999 0.042569692740441145
6 42.40216329999999 0.06555477506866397
17 136.8900018506398 0.02400316533074622
18 136.8900018506398 0.033881691729802314
19 136.8900018506398 0.01963881687273135
21 136.8900018506398 0.05367685933290622
22 136.8900018506398 0.05948211125771746
23 136.8900018506398 0.01973002115392565
24 173.59570438905007 0.01862862518140417
25 173.59570438905007 0.026060062016645926
26 173.59570438905007 0.015076167318883837
28 173.59570438905007 0.04121791107123478
30 173.59570438905018 0.011548208608858941
31 212.62635174936005 0.02094354968948566
32 212.62635174936005 0.01704139392069494
33 212.62635174936005 0.02942899811406081
35 212.62635174936005 0.04658423523561805
36 212.6263517493601 0.05101538435858217
37 212.6263517493601 0.017414611732482585
48 287.5374776509494 0.021604043474542426
50 287.5374776509494 0.037250627827217164
51 287.5374776509494 0.05904318349728954
52 287.5374776509494 0.026318089838827677
53 287.5374776509497 0.021274861345722394

140.18041934512004
1 23.79935855999999 0.11818936602948835
2 23.799358559999998 0.05402564033059686
3 23.799358559999998 0.030600068052340907
5 42.40216329999999 0.05402564033059688
6 42.40216329999999 0.030600068052340917
17 136.8900018506398 0.021673392714784075
18 136.8900018506398 0.011971935370026002
19 136.8900018506398 0.01752215266753926
20 136.8900018506398 0.026169374103578023
22 136.8900018506398 0.014523324484916852
23 136.8900018506398 0.09248603434468625
24 173.59570438905007 0.016701980938883684
26 173.59570438905007 0.014115245959726764
27 173.59570438905007 0.01977347996092605
29 173.59570438905018 0.022170733312060324
30 173.59570438905018 0.05171982585760906
31 212.62635174936005 0.01884326980081645
32 212.62635174936005 0.015582670449174088
33 212.62635174936005 0.010434845950561256
34 212.62635174936005 0.022528322550339458
36 212.6263517493601 0.012460319177159264
37 212.6263517493601 0.07963850969299956
48 287.5374776509494 0.018989577156986594
49 287.5374776509494 0.02892421669299144
50 287.5374776509494 0.013134906927710167
52 287.5374776509494 0.023814681576716904
53 287.5374776509497 0.1012226160602405

140.18041934512092
1 23.79935855999999 0.10955847394526458
2 23.799358559999998 0.06396059276099691
3 23.799358559999998 0.024486116835950127
5 42.40216329999999 0.06396059276099693
6 42.40216329999999 0.024486116835950134
17 136.8900018506398 0.0358338543716671
19 136.8900018506398 0.041436433923263474
20 136.8900018506398 0.019642348899939543
21 136.8900018506398 0.013038522191574572
22 136.8900018506398 0.12684019515242925
24 173.59570438905007 0.027401131356165013
26 173.59570438905007 0.031386311664425647
27 173.59570438905007 0.016435270563047232
28 173.59570438905007 0.010190343431581051
31 212.62635174936005 0.03103327785354274
32 212.62635174936005 0.03571510513879329
34 212.62635174936005 0.017816624880833486
35 212.62635174936005 0.011417112351655682
36 212.6263517493601 0.10878604931865665
48 287.5374776509494 0.04576522739763111
49 287.5374776509494 0.021023703217725766
51 287.5374776509494 0.014265291111649214
52 287.5374776509494 0.03946600086904488

140.1804193451214
1 23.79935855999999 0.10445380032128979
2 23.799358559999998 0.030091647990335042
3 23.799358559999998 0.06061496289190543
5 42.40216329999999 0.030091647990335063
6 42.40216329999999 0.06061496289190543
17 136.8900018506398 0.06414120500415008
18 136.8900018506398 0.01765498676661024
19 136.8900018506398 0.01884882412814418
20 136.8900018506398 0.04045287078863313
22 136.8900018506398 0.03273073213667606
23 136.8900018506398 0.023430033508893125
24 173.59570438905007 0.04900962045046115
25 173.59570438905007 0.01374122423015361
26 173.59570438905007 0.014473820441881047
27 173.59570438905007 0.030647898044706346
30 173.59570438905018 0.013949189057133705
31 212.62635174936005 0.05552710379900961
32 212.62635174936005 0.01635822412570448
33 212.62635174936005 0.01542696190495051
34 212.62635174936005 0.0348711006025597
36 212.6263517493601 0.028079540337559106
37 212.6263517493601 0.0205999061641485
48 287.5374776509494 0.020733227811967615
49 287.5374776509494 0.04467607334648652
50 287.5374776509494 0.01934072444140714
52 287.5374776509494 0.07065868835269858
53 287.5374776509497 0.025328049093093625

140.18041934512226
1 23.79935855999999 0.08811956978380737
2 23.799358559999998 0.05422108110758121
3 23.799358559999998 0.04371689289501959
5 42.40216329999999 0.05422108110758121
6 42.40216329999999 0.04371689289501959
19 136.8900018506398 0.06470826314161127
21 136.8900018506398 0.040952095391675485
22 136.8900018506398 0.08959338868873329
26 173.59570438905007 0.04901931325269605
28 173.59570438905007 0.03155548915637869
32 212.62635174936005 0.055776865265468385
35 212.62635174936005 0.035602799895985464
36 212.6263517493601 0.07684265531655962
48 287.5374776509494 0.07146581515438354
51 287.5374776509494 0.04499940613128227

140.18041934512266
1 23.79935855999999 0.06712514990587018
2 23.799358559999998 0.044590253309642905
3 23.799358559999998 0.06264220648402542
4 42.40216329999999 0.010707357396066295
5 42.40216329999999 0.044590253309642926
6 42.40216329999999 0.06264220648402544
17 136.8900018506398 0.01978093074897061
18 136.8900018506398 0.031607203166542495
19 136.8900018506398 0.01277432183806492
20 136.8900018506398 0.03141718286302874
21 136.8900018506398 0.05508863471911155
22 136.8900018506398 0.020103344023700145
23 136.8900018506398 0.02316017452886446
24 173.59570438905007 0.01552786339249187
25 173.59570438905007 0.02428881371730159
26 173.59570438905007 0.01006098719995678
27 173.59570438905007 0.02387596301765403
28 173.59570438905007 0.04226936342498305
30 173.59570438905018 0.01328256729820537
31 212.62635174936005 0.017359746601930577
32 212.62635174936005 0.011229675995248725
33 212.62635174936005 0.02744099392713897
34 212.62635174936005 0.02712412084247287
35 212.62635174936005 0.04779088609853795
36 212.6263517493601 0.017243416905583467
37 212.6263517493601 0.02002408453232875
48 287.5374776509494 0.013943010633356887
49 287.5374776509494 0.03466534068784761
50 287.5374776509494 0.03475938337637992
51 287.5374776509494 0.060610157392666425
52 287.5374776509494 0.02161281395840933
53 287.5374776509497 0.025289290777697548

141.40114483383832
1 23.79935855999999 0.11600450812157853
2 23.799358559999998 0.11867714610237944
3 23.799358559999998 0.059063238381706726
4 42.40216329999999 0.02617337887577066
5 42.40216329999999 0.11867714610237942
6 42.40216329999999 0.059063238381706726
7 79.51371233999998 0.035714061150597075
8 79.51371234 0.1159296098817565
9 79.51371234 0.02503440673364725
10 79.51371234 0.024265730158574784
11 79.51371234 0.04419682426576036
12 135.32212655999996 0.04092439395341137
13 135.32212655999996 0.11592960988175649
14 135.32212655999996 0.024265730158574778
15 135.32212655999996 0.02503440673364725
16 135.32212655999996 0.04419682426576036

141.40114483384193
1 23.79935855999999 0.19163412895834936
2 23.799358559999998 0.10186736554900196
3 23.799358559999998 0.042434015512626926
4 42.40216329999999 0.017421764883927084
5 42.40216329999999 0.101867365549002
6 42.40216329999999 0.04243401551262693
7 79.51371233999998 0.017172088339472417
8 79.51371234 0.029935657577560077
9 79.51371234 0.03291420767993571
10 79.51371234 0.04231597740829004
11 79.51371234 0.10857169044388928
12 135.32212655999996 0.05084444262466625
13 135.32212655999996 0.02993565757756007
14 135.32212655999996 0.04231597740829004
15 135.32212655999996 0.03291420767993571
16 135.32212655999996 0.10857169044388927

141.40114483384377
1 23.79935855999999 0.08391898547612708
2 23.799358559999998 0.06101857431880044
3 23.799358559999998 0.130908155272962
4 42.40216329999999 0.02988621130588006
5 42.40216329999999 0.061018574318800436
6 42.40216329999999 0.130908155272962
7 79.51371233999998 0.0498788910650364
8 79.51371234 0.03473848089692007
9 79.51371234 0.011849511170792526
10 79.51371234 0.15304431272336586
11 79.51371234 0.022037344508351698
13 135.32212655999996 0.03473848089692007
14 135.32212655999996 0.15304431272336588
15 135.32212655999996 0.011849511170792528
16 135.32212655999996 0.0220373445083517

141.4011448338454
1 23.79935855999999 0.17541408374609743
2 23.799358559999998 0.08132577272190365
3 23.799358559999998 0.07014716548048489
4 42.40216329999999 0.019298695814659674
5 42.40216329999999 0.08132577272190367
6 42.40216329999999 0.0701471654804849
8 79.51371234 0.02949401194643048
9 79.51371234 0.11368498620192481
10 79.51371234 0.01705169838095399
11 79.51371234 0.022374081306425323
12 135.32212655999996 0.12265420791838463
13 135.32212655999996 0.029494011946430487
14 135.32212655999996 0.01705169838095399
15 135.32212655999996 0.11368498620192481
16 135.32212655999996 0.022374081306425323

141.40114483384576
1 23.79935855999999 0.14673463906206666
2 23.799358559999998 0.051329098374407335
3 23.799358559999998 0.11282421609237359
4 42.40216329999999 0.022617387969901186
5 42.40216329999999 0.05132909837440734
6 42.40216329999999 0.1128242160923736
8 79.51371234 0.03847587192820305
9 79.51371234 0.06277237320924743
10 79.51371234 0.010300556870490212
11 79.51371234 0.05177060210780528
12 135.32212655999996 0.16209391290290334
13 135.32212655999996 0.03847587192820305
14 135.32212655999996 0.01030055687049021
15 135.32212655999996 0.06277237320924742
16 135.32212655999996 0.05177060210780527

148.54515274757054
1 23.79935855999999 0.07512321951813843
2 23.799358559999998 0.1665732368707605
3 23.799358559999998 0.1311947282115819
4 42.40216329999999 0.14748930405932167
5 42.40216329999999 0.1665732368707605
6 42.40216329999999 0.13119472821158196
9 79.51371234 0.03401106563432606
10 79.51371234 0.019384868886509424
11 79.51371234 0.012418452415391008
12 135.32212655999996 0.016992823518234317
14 135.32212655999996 0.019384868886509424
15 135.32212655999996 0.03401106563432606
16 135.32212655999996 0.012418452415391008

148.54515274757168
1 23.79935855999999 0.05784216822671488
2 23.799358559999998 0.12636822330335729
3 23.799358559999998 0.15163388062853414
4 42.40216329999999 0.20430207765164482
5 42.40216329999999 0.12636822330335729
6 42.40216329999999 0.15163388062853414
8 79.51371234 0.011114546399891106
9 79.51371234 0.01635135089107749
10 79.51371234 0.022700949833088645
11 79.51371234 0.019491512661634625
12 135.32212655999996 0.020527810129361158
13 135.32212655999996 0.011114546399891104
14 135.32212655999996 0.022700949833088648
15 135.32212655999996 0.016351350891077494
16 135.32212655999996 0.01949151266163462

148.54515274757182
1 23.79935855999999 0.07046370525790394
2 23.799358559999998 0.14751805554869782
3 23.799358559999998 0.1449204124826159
4 42.40216329999999 0.16280781242161563
5 42.40216329999999 0.14751805554869785
6 42.40216329999999 0.14492041248261597
8 79.51371234 0.012626817683228228
9 79.51371234 0.02321468998116816
10 79.51371234 0.017295775719258888
11 79.51371234 0.019954871957928118
12 135.32212655999996 0.014176778311326252
13 135.32212655999996 0.012626817683228228
14 135.32212655999996 0.017295775719258884
15 135.32212655999996 0.02321468998116816
16 135.32212655999996 0.019954871957928114

148.5451527475727
1 23.79935855999999 0.05385227204282593
2 23.799358559999998 0.11888792224900235
3 23.799358559999998 0.1545505858318281
4 42.40216329999999 0.21741916553765533
5 42.40216329999999 0.11888792224900238
6 42.40216329999999 0.15455058583182812
8 79.51371234 0.020491306573854666
9 79.51371234 0.010751403878381235
10 79.51371234 0.014627984647903608
11 79.51371234 0.02275706327668108
12 135.32212655999996 0.022365419722197657
13 135.32212655999996 0.020491306573854666
14 135.32212655999996 0.014627984647903608
15 135.32212655999996 0.010751403878381235
16 135.32212655999996 0.022757063276681082

148.54515274757279
1 23.79935855999999 0.06804003925455246
2 23.799358559999998 0.11751389659049234
3 23.799358559999998 0.172152411061833
4 42.40216329999999 0.17077579918293953
5 42.40216329999999 0.11751389659049238
6 42.40216329999999 0.17215241106183302
8 79.51371234 0.01095029022356916
9 79.51371234 0.014518102958547828
10 79.51371234 0.01966301131402439
11 79.51371234 0.02725874862621171
12 135.32212655999996 0.015528419432956199
13 135.32212655999996 0.010950290223569158
14 135.32212655999996 0.019663011314024387
15 135.32212655999996 0.014518102958547828
16 135.32212655999996 0.027258748626211714

148.54515274757307
1 23.79935855999999 0.035043588752759175
2 23.799358559999998 0.10299815886411276
3 23.799358559999998 0.14892720073605734
4 42.40216329999999 0.27925414578904756
5 42.40216329999999 0.10299815886411276
6 42.40216329999999 0.14892720073605734
8 79.51371234 0.020787872583891826
9 79.51371234 0.010386426391723838
10 79.51371234 0.01531585417023802
11 79.51371234 0.01340795225846136
12 135.32212655999996 0.04302403548707439
13 135.32212655999996 0.020787872583891826
14 135.32212655999996 0.01531585417023802
15 135.32212655999996 0.010386426391723838
16 135.32212655999996 0.013407952258461366

148.54515274757455
1 23.79935855999999 0.018325810700639784
2 23.799358559999998 0.18191284930024335
3 23.799358559999998 0.05089091438832552
4 42.40216329999999 0.33421511566437556
5 42.40216329999999 0.18191284930024335
6 42.40216329999999 0.050890914388325534
8 79.51371234 0.033485904326817154
12 135.32212655999996 0.05331643842864186
13 135.32212655999996 0.03348590432681715

151.4072356329112
1 23.79935855999999 0.24893471637420386
2 23.799358559999998 0.17124382280676478
3 23.799358559999998 0.14048893982923313
4 42.40216329999999 0.061785219139937425
5 42.40216329999999 0.1712438228067648
6 42.40216329999999 0.14048893982923313
7 79.51371233999998 0.011701791619925708

151.40723563291172
1 23.79935855999999 0.24168594603132731
2 23.799358559999998 0.13166117549685116
3 23.799358559999998 0.1803417215061253
4 42.40216329999999 0.0684937207488607
5 42.40216329999999 0.1316611754968512
6 42.40216329999999 0.18034172150612535
7 79.51371233999998 0.010975516058674377

151.4072356329181
1 23.79935855999999 0.2837479932809871
2 23.799358559999998 0.16377627537797962
3 23.799358559999998 0.14665912755773478
4 42.40216329999999 0.02956666163373726
5 42.40216329999999 0.16377627537797962
6 42.40216329999999 0.14665912755773478
7 79.51371233999998 0.015189835940345859

155.45338146304783
1 23.79935855999999 0.07300962711664885
2 23.799358559999998 0.23225145550780407
3 23.799358559999998 0.07468338799161488
4 42.40216329999999 0.20629170480841583
5 42.40216329999999 0.23225145550780413
6 42.40216329999999 0.07468338799161489
8 79.51371234 0.013416720468526185
9 79.51371234 0.010863056241293243
11 79.51371234 0.010863056241293242
12 135.32212655999996 0.017824115290823256
13 135.32212655999996 0.013416720468526185
15 135.32212655999996 0.010863056241293243
16 135.32212655999996 0.010863056241293243

155.45338146304954
1 23.79935855999999 0.040016919719833684
2 23.799358559999998 0.08118467571950984
3 23.799358559999998 0.13466369824495728
4 42.40216329999999 0.4214573512751375
5 42.40216329999999 0.08118467571950985
6 42.40216329999999 0.1346636982449573
8 79.51371234 0.01115557620947112
10 79.51371234 0.013291146469941844
12 135.32212655999996 0.02668437670451211
13 135.32212655999996 0.011155576209471118
14 135.32212655999996 0.013291146469941844

155.45338146305025
1 23.79935855999999 0.0958684087786507
2 23.799358559999998 0.13115883878872475
3 23.799358559999998 0.23888466973840722
4 42.40216329999999 0.057215593090994894
5 42.40216329999999 0.13115883878872475
6 42.40216329999999 0.23888466973840725
9 79.51371234 0.013568904527974341
10 79.51371234 0.011068624825220367
11 79.51371234 0.01356890452797373
12 135.32212655999996 0.011685341085729347
14 135.32212655999996 0.011068624825220369
15 135.32212655999996 0.013568904527974341
16 135.32212655999996 0.013568904527973729

157.97232536704638
1 23.79935855999999 0.08274753513622772
2 23.799358559999998 0.17632504396462292
3 23.799358559999998 0.11783498770601972
4 42.40216329999999 0.2316551396766516
5 42.40216329999999 0.17632504396462295
6 42.40216329999999 0.11783498770601969
9 79.51371234 0.0151017206953714
10 79.51371234 0.010983441305921118
14 135.32212655999996 0.010983441305921117
15 135.32212655999996 0.0151017206953714

157.97232536704666
1 23.79935855999999 0.09353264726278238
2 23.799358559999998 0.19791063182455146
3 23.799358559999998 0.11115656769344329
4 42.40216329999999 0.19105569185539203
5 42.40216329999999 0.19791063182455151
6 42.40216329999999 0.11115656769344329
9 79.51371234 0.013342495088372467
10 79.51371234 0.011182424976822068
12 135.32212655999996 0.013329813412535956
14 135.32212655999996 0.011182424976822068
15 135.32212655999996 0.013342495088372468

157.97232536704675
1 23.79935855999999 0.12102624256891652
2 23.799358559999998 0.21985636401802164
3 23.799358559999998 0.127212446901566
4 42.40216329999999 0.08755887374607442
5 42.40216329999999 0.2198563640180217
6 42.40216329999999 0.12721244690156602
8 79.51371234 0.012709228152716695
10 79.51371234 0.01063436677244593
12 135.32212655999996 0.012566548758069779
13 135.32212655999996 0.012709228152716698
14 135.32212655999996 0.010634366772445928

157.9723253670475
1 23.79935855999999 0.04430022119721345
2 23.799358559999998 0.11794583661674696
3 23.799358559999998 0.12307236811286557
4 42.40216329999999 0.3763861074977264
5 42.40216329999999 0.11794583661674696
6 42.40216329999999 0.12307236811286558
11 79.51371234 0.02334630482763186
16 135.32212655999996 0.023346304827631864

157.97232536704925
1 23.79935855999999 0.10910424916961774
2 23.799358559999998 0.15241918736033605
3 23.799358559999998 0.17817105990659254
4 42.40216329999999 0.13243799445068957
5 42.40216329999999 0.15241918736033608
6 42.40216329999999 0.17817105990659257
12 135.32212655999996 0.02484590885010546

159.46119406463816
1 23.79935855999999 0.3030732859556721
2 23.799358559999998 0.07746523636428024
3 23.799358559999998 0.027150564307652426
4 42.40216329999999 0.012157460138910225
5 42.40216329999999 0.07746523636428025
6 42.40216329999999 0.027150564307652426
7 79.51371233999998 0.13893673478444413
8 79.51371234 0.0650153902798868
9 79.51371234 0.022196027738465372
10 79.51371234 0.05052941829202844
11 79.51371234 0.022196027738467763
13 135.32212655999996 0.0650153902798868
14 135.32212655999996 0.05052941829202845
15 135.32212655999996 0.022196027738465372
16 135.32212655999996 0.022196027738467766

159.46119406464135
2 23.799358559999998 0.06499548066233415
3 23.799358559999998 0.17529320584934402
4 42.40216329999999 0.038097877599236524
5 42.40216329999999 0.06499548066233417
6 42.40216329999999 0.17529320584934402
7 79.51371233999998 0.04657222505717841
8 79.51371234 0.018977219601866217
9 79.51371234 0.06803085360263537
10 79.51371234 0.05073276310587521
11 79.51371234 0.068030853602641
13 135.32212655999996 0.018977219601866213
14 135.32212655999996 0.05073276310587521
15 135.32212655999996 0.06803085360263537
16 135.32212655999996 0.068030853602641

159.46119406464362
1 23.79935855999999 0.138636256531534
2 23.799358559999998 0.11941136208571222
3 23.799358559999998 0.06024878015298481
4 42.40216329999999 0.026505806429521526
5 42.40216329999999 0.11941136208571222
6 42.40216329999999 0.0602487801529848
7 79.51371233999998 0.08784742704462614
8 79.51371234 0.05361283938577793
9 79.51371234 0.047548509234761865
10 79.51371234 0.0365794876898375
11 79.51371234 0.04754850923477398
13 135.32212655999996 0.05361283938577794
14 135.32212655999996 0.0365794876898375
15 135.32212655999996 0.047548509234761865
16 135.32212655999996 0.04754850923477398

161.27094276332411
1 23.79935855999999 0.1619319438441818
2 23.799358559999998 0.05182058124858799
3 23.799358559999998 0.08317760376076959
4 42.40216329999999 0.022700484006496744
5 42.40216329999999 0.05182058124858798
6 42.40216329999999 0.08317760376076962
7 79.51371233999998 0.013339727870627947
8 79.51371234 0.04038690494211023
9 79.51371234 0.05122034574947601
10 79.51371234 0.02862348332045843
11 79.51371234 0.1271292865757467
12 135.32212655999996 0.02724814273360633
13 135.32212655999996 0.04038690494211023
14 135.32212655999996 0.028623483320458432
15 135.32212655999996 0.05122034574947601
16 135.32212655999996 0.12712928657574668

161.270942763326
1 23.79935855999999 0.04429795808724907
2 23.799358559999998 0.07964369832708086
3 23.799358559999998 0.08515428491722658
4 42.40216329999999 0.08073487329353271
5 42.40216329999999 0.07964369832708088
6 42.40216329999999 0.08515428491722658
7 79.51371233999998 0.05967669447764115
8 79.51371234 0.0826145591955882
9 79.51371234 0.022425419272239587
10 79.51371234 0.04989202634366916
11 79.51371234 0.02878282548393974
12 135.32212655999996 0.10820155671130946
13 135.32212655999996 0.0826145591955882
14 135.32212655999996 0.04989202634366916
15 135.32212655999996 0.02242541927223959
16 135.32212655999996 0.02878282548393974

161.2709427633268
1 23.79935855999999 0.10756272354646104
2 23.799358559999998 0.08284569006585296
3 23.799358559999998 0.06592565568985134
4 42.40216329999999 0.04952338281152982
5 42.40216329999999 0.08284569006585298
6 42.40216329999999 0.06592565568985136
7 79.51371233999998 0.0860150464143906
8 79.51371234 0.07194103827648078
9 79.51371234 0.07103960473367699
10 79.51371234 0.03304770486404042
11 79.51371234 0.04688881767646463
13 135.32212655999996 0.07194103827648077
14 135.32212655999996 0.03304770486404042
15 135.32212655999996 0.07103960473367699
16 135.32212655999996 0.04688881767646462

161.27094276332778
1 23.79935855999999 0.12450434514063702
2 23.799358559999998 0.08900946653753466
3 23.799358559999998 0.05547011861827942
4 42.40216329999999 0.04116528241713221
5 42.40216329999999 0.08900946653753469
6 42.40216329999999 0.055470118618279426
7 79.51371233999998 0.054388461642068585
8 79.51371234 0.04472763558061471
9 79.51371234 0.1023045480978704
10 79.51371234 0.047888352904841426
11 79.51371234 0.03474176135115804
12 135.32212655999996 0.02159485426878437
13 135.32212655999996 0.04472763558061472
14 135.32212655999996 0.04788835290484143
15 135.32212655999996 0.10230454809787039
16 135.32212655999996 0.034741761351158036

161.2709427633286
1 23.79935855999999 0.04605653091460439
2 23.799358559999998 0.07409430978027085
3 23.799358559999998 0.09025818047915311
4 42.40216329999999 0.0798672864359326
5 42.40216329999999 0.07409430978027085
6 42.40216329999999 0.09025818047915313
7 79.51371233999998 0.08911823112901701
8 79.51371234 0.02789485736206223
9 79.51371234 0.021553480175090116
10 79.51371234 0.10756078602596778
11 79.51371234 0.030580894556831783
12 135.32212655999996 0.07100964441090872
13 135.32212655999996 0.027894857362062223
14 135.32212655999996 0.10756078602596778
15 135.32212655999996 0.02155348017509012
16 135.32212655999996 0.030580894556831776

163.4639950720027
1 23.79935855999999 0.08261517741378985
2 23.799358559999998 0.06116587687329179
3 23.799358559999998 0.06733369961876272
4 42.40216329999999 0.02055786327711492
5 42.40216329999999 0.061165876873291794
6 42.40216329999999 0.06733369961876273
7 79.51371233999998 0.07427639322514065
8 79.51371234 0.05125194816719884
9 79.51371234 0.06341412040608936
10 79.51371234 0.029342443162510095
11 79.51371234 0.06276412893198943
13 135.32212655999996 0.05125194816719883
14 135.32212655999996 0.02934244316251009
15 135.32212655999996 0.06341412040608935
16 135.32212655999996 0.06276412893198943
24 173.59570438905007 0.01137000009857668
25 173.59570438905007 0.012697748924072815
33 212.62635174936005 0.010842516912503623

163.46399507200698
1 23.79935855999999 0.11125046279860808
2 23.799358559999998 0.032132067979848744
3 23.799358559999998 0.08488770263980105
4 42.40216329999999 0.014882189637112634
5 42.40216329999999 0.03213206797984875
6 42.40216329999999 0.08488770263980107
7 79.51371233999998 0.07831552265813226
8 79.51371234 0.036277261387733545
9 79.51371234 0.039679036218605274
10 79.51371234 0.08523651638185871
11 79.51371234 0.043377098629001375
13 135.32212655999996 0.036277261387733545
14 135.32212655999996 0.0852365163818587
15 135.32212655999996 0.039679036218605274
16 135.32212655999996 0.04337709862900138
19 136.8900018506398 0.012863162071607767
20 136.8900018506398 0.011466026905761125
26 173.59570438905007 0.019678783931805482
27 173.59570438905007 0.017077003015998137
32 212.62635174936005 0.016743156018798073
34 212.62635174936005 0.01466024069756288

163.46399507200982
1 23.79935855999999 0.10655436302011881
2 23.799358559999998 0.05169455208181599
3 23.799358559999998 0.06720787181298198
4 42.40216329999999 0.01581298286530608
5 42.40216329999999 0.051694552081816
6 42.40216329999999 0.067207871812982
7 79.51371233999998 0.12989273506992963
8 79.51371234 0.023264861514098553
9 79.51371234 0.04056237788495186
10 79.51371234 0.05707096948854274
11 79.51371234 0.05818247562490698
13 135.32212655999996 0.023264861514098557
14 135.32212655999996 0.05707096948854274
15 135.32212655999996 0.04056237788495186
16 135.32212655999996 0.05818247562490699
22 136.8900018506398 0.017183792414905752
28 173.59570438905007 0.013760695749900277
35 212.62635174936005 0.011737799769759773
36 212.6263517493601 0.02201449756909531

163.46399507200996
1 23.79935855999999 0.09893555205435134
2 23.799358559999998 0.09172096821194982
3 23.799358559999998 0.030235815703716036
4 42.40216329999999 0.017323073789336202
5 42.40216329999999 0.09172096821194983
6 42.40216329999999 0.03023581570371605
7 79.51371233999998 0.06668881475806002
8 79.51371234 0.0959540756556636
9 79.51371234 0.06870220017266473
10 79.51371234 0.014486987678732017
11 79.51371234 0.03126778488020981
13 135.32212655999996 0.0959540756556636
14 135.32212655999996 0.014486987678732018
15 135.32212655999996 0.06870220017266473
16 135.32212655999996 0.03126778488020981
17 136.8900018506398 0.015110741914672326
22 136.8900018506398 0.014158361349423243
24 173.59570438905007 0.023048087634518228
31 212.62635174936005 0.019629310283262216
36 212.6263517493601 0.017788086587261175
52 287.5374776509494 0.01169196456341631

163.4639950720117
1 23.79935855999999 0.10112268760000435
2 23.799358559999998 0.07394818435398409
3 23.799358559999998 0.04713178303468409
4 42.40216329999999 0.01688957129768074
5 42.40216329999999 0.0739481843539841
6 42.40216329999999 0.0471317830346841
7 79.51371233999998 0.11528666480446713
8 79.51371234 0.0425467724226905
9 79.51371234 0.06366290066033291
10 79.51371234 0.03915874124853329
11 79.51371234 0.0409786920356029
13 135.32212655999996 0.04254677242269049
14 135.32212655999996 0.03915874124853329
15 135.32212655999996 0.0636629006603329
16 135.32212655999996 0.0409786920356029
22 136.8900018506398 0.012911749809580082
25 173.59570438905007 0.012561324562259812
33 212.62635174936005 0.010720859776669336
36 212.6263517493601 0.016483787272852612

163.46399507201173
1 23.79935855999999 0.1431689594617943
2 23.799358559999998 0.04898742747941547
3 23.799358559999998 0.05523630704321849
5 42.40216329999999 0.0489874274794155
6 42.40216329999999 0.055236307043218504
7 79.51371233999998 0.13746438742122916
8 79.51371234 0.048936773845477156
10 79.51371234 0.08213263308509222
11 79.51371234 0.03890703805449326
13 135.32212655999996 0.048936773845477156
14 135.32212655999996 0.08213263308509222
16 135.32212655999996 0.03890703805449326
20 136.8900018506398 0.014064372560640775
26 173.59570438905007 0.012369994949943714
27 173.59570438905007 0.02116023669186919
32 212.62635174936005 0.01050590617241732
34 212.62635174936005 0.018103902693618612
49 287.5374776509494 0.011008038562390184

163.46399507201212
1 23.79935855999999 0.07275736036468804
2 23.799358559999998 0.05749919833098214
3 23.799358559999998 0.07495234946251675
4 42.40216329999999 0.02251173772333445
5 42.40216329999999 0.05749919833098215
6 42.40216329999999 0.07495234946251678
7 79.51371233999998 0.055194848455897186
8 79.51371234 0.037859257763502144
9 79.51371234 0.06304937262702939
10 79.51371234 0.04032088488512485
11 79.51371234 0.07505574000225551
13 135.32212655999996 0.03785925776350214
14 135.32212655999996 0.040320884885124836
15 135.32212655999996 0.06304937262702939
16 135.32212655999996 0.07505574000225551
25 173.59570438905007 0.011358897122254116
28 173.59570438905007 0.011092456506324885

166.93245243448933
1 23.79935855999999 0.033858941964682164
2 23.799358559999998 0.16022032358643012
3 23.799358559999998 0.16681049204119422
4 42.40216329999999 0.26595990933751124
5 42.40216329999999 0.16022032358643018
6 42.40216329999999 0.16681049204119425

166.9324524344904
2 23.799358559999998 0.15508132698106142
3 23.799358559999998 0.14893323068412143
4 42.40216329999999 0.33771067397900406
5 42.40216329999999 0.15508132698106145
6 42.40216329999999 0.14893323068412145
12 135.32212655999996 0.011740052136912392

166.93245243449485
1 23.79935855999999 0.02905664163838525
2 23.799358559999998 0.16130479057406938
3 23.799358559999998 0.16142826028967175
4 42.40216329999999 0.2793577391915771
5 42.40216329999999 0.1613047905740694
6 42.40216329999999 0.16142826028967172

169.1830180121604
4 42.40216329999999 0.01203493191484433
17 136.8900018506398 0.01670423835353046
19 136.8900018506398 0.010098740144643847
20 136.8900018506398 0.037622733850479616
22 136.8900018506398 0.013711306328823052
23 136.8900018506398 0.03366276180425329
24 173.59570438905007 0.030791547797325635
26 173.59570438905007 0.018638727327365857
27 173.59570438905007 0.069820327277163
29 173.59570438905018 0.2555881110466719
30 173.59570438905018 0.13063885774301234
31 212.62635174936005 0.024723855124425747
32 212.62635174936005 0.01496037995649266
34 212.62635174936005 0.05595216441046704
36 212.6263517493601 0.015853164480231777
37 212.6263517493601 0.045062350214895526
47 287.53747765094937 0.08450928440600898
49 287.5374776509494 0.023754570983783637
52 287.5374776509494 0.010636545680630572
53 287.5374776509497 0.02562192733114808

169.18301801216137
17 136.8900018506398 0.056366648742107575
19 136.8900018506398 0.023710259078629916
20 136.8900018506398 0.044845905344244916
21 136.8900018506398 0.010342185161104168
22 136.8900018506398 0.016870577684265156
23 136.8900018506398 0.02062975603418197
24 173.59570438905007 0.1098775813027018
25 173.59570438905007 0.01653041947048008
26 173.59570438905007 0.0445643134369286
27 173.59570438905007 0.08402420360401591
28 173.59570438905007 0.018101987885872976
29 173.59570438905018 0.05775255374057955
30 173.59570438905018 0.046532224916035377
31 212.62635174936005 0.08682932679296869
32 212.62635174936005 0.03558204515248777
33 212.62635174936005 0.013512308821767597
34 212.62635174936005 0.06714930820713769
35 212.62635174936005 0.014759681938517875
36 212.6263517493601 0.019503118896287065
37 212.6263517493601 0.03144167997150803
47 287.53747765094937 0.016464605635036947
48 287.5374776509494 0.014727990794189098
49 287.5374776509494 0.02797100994736669
52 287.5374776509494 0.03331839423237454
53 287.5374776509497 0.012488826101679198

169.1830180121614
18 136.8900018506398 0.043069873942236415
19 136.8900018506398 0.04182968659650074
20 136.8900018506398 0.016518868045959964
21 136.8900018506398 0.06296092408301587
23 136.8900018506398 0.01417011544554324
25 173.59570438905007 0.0817689244994093
26 173.59570438905007 0.07919122163386476
27 173.59570438905007 0.03232669703776319
28 173.59570438905007 0.11994286796567889
29 173.59570438905018 0.010517053853608113
30 173.59570438905018 0.020729910919803734
32 212.62635174936005 0.06309884336255785
33 212.62635174936005 0.06510045090260302
34 212.62635174936005 0.025517941360839676
35 212.62635174936005 0.0953995777963334
37 212.6263517493601 0.02148507655746291
48 287.5374776509494 0.025737308325193897
50 287.5374776509494 0.02640140034543007
51 287.5374776509494 0.03841763391367059

169.18301801216188
17 136.8900018506398 0.03513048926270224
18 136.8900018506398 0.02355504374702518
19 136.8900018506398 0.010912645139879353
20 136.8900018506398 0.021741400428412876
21 136.8900018506398 0.06693941638145337
22 136.8900018506398 0.012447254806455098
23 136.8900018506398 0.021493762663569588
24 173.59570438905007 0.06677915054698319
25 173.59570438905007 0.04436558118836928
26 173.59570438905007 0.017311537863983643
27 173.59570438905007 0.042152261125850694
28 173.59570438905007 0.12762677537091757
29 173.59570438905018 0.02191774964463325
30 173.59570438905018 0.03473195923940875
31 212.62635174936005 0.05314742399565769
32 212.62635174936005 0.014555403724130452
33 212.62635174936005 0.0354020565312482
34 212.62635174936005 0.03336088542735117
35 212.62635174936005 0.10148748703149618
36 212.6263517493601 0.014387037904035664
37 212.6263517493601 0.033522628889228606
49 287.5374776509494 0.012950024729913353
50 287.5374776509494 0.014591519089904153
51 287.5374776509494 0.040800128042031966
52 287.5374776509494 0.0214987627113767
53 287.5374776509497 0.012306805982605529

169.18301801216393
17 136.8900018506398 0.03271305841222189
18 136.8900018506398 0.010195636456887544
19 136.8900018506398 0.027833912784449473
20 136.8900018506398 0.02421242881684002
21 136.8900018506398 0.02441019131977952
22 136.8900018506398 0.014352607824114712
23 136.8900018506398 0.03526153929791733
24 173.59570438905007 0.06107727138404417
25 173.59570438905007 0.018296920152679842
26 173.59570438905007 0.05427169547219784
27 173.59570438905007 0.04770099778616334
28 173.59570438905007 0.04557680783551937
29 173.59570438905018 0.10035707786473777
30 173.59570438905018 0.07680615664003297
31 212.62635174936005 0.048860223983448914
32 212.62635174936005 0.04288440104651693
33 212.62635174936005 0.01480753135788103
34 212.62635174936005 0.037583990106258895
35 212.62635174936005 0.0364599126288761
36 212.6263517493601 0.01659186381862575
37 212.6263517493601 0.05065514105648419
47 287.53747765094937 0.029307753162615854
48 287.5374776509494 0.01644661835876859
49 287.5374776509494 0.01409542113693554
51 287.5374776509494 0.015293296113136299
52 287.5374776509494 0.020496011011626642
53 287.5374776509497 0.023670564283260153

169.18301801216444
18 136.8900018506398 0.07637876612257134
19 136.8900018506398 0.0149379392231605
20 136.8900018506398 0.024153567177072385
21 136.8900018506398 0.013355530718297566
22 136.8900018506398 0.022336849741773603
23 136.8900018506398 0.043981344460432455
25 173.59570438905007 0.14647717108217856
26 173.59570438905007 0.02086044598119027
27 173.59570438905007 0.049641305562043395
28 173.59570438905007 0.02552601926481731
29 173.59570438905018 0.02519686142970635
30 173.59570438905018 0.0655183214431428
32 212.62635174936005 0.018309501032882546
33 212.62635174936005 0.11628435251363922
34 212.62635174936005 0.03866321467362371
35 212.62635174936005 0.020283940607146063
36 212.6263517493601 0.025823790073559998
37 212.6263517493601 0.070378514313447
48 287.5374776509494 0.01238699427485276
49 287.5374776509494 0.0131754762886526
50 287.5374776509494 0.046185947554032075
53 287.5374776509497 0.023776388839020127

169.18301801216455
17 136.8900018506398 0.03696911708376244
18 136.8900018506398 0.014966720866474407
19 136.8900018506398 0.05085792751288933
20 136.8900018506398 0.0231389186906988
21 136.8900018506398 0.02524839689110219
23 136.8900018506398 0.018672218305941943
24 173.59570438905007 0.0708330253142894
25 173.59570438905007 0.026735231425008197
26 173.59570438905007 0.10063627681446652
27 173.59570438905007 0.037202114959345146
28 173.59570438905007 0.04646732784650132
29 173.59570438905018 0.055985151382975544
30 173.59570438905018 0.044088080582283015
31 212.62635174936005 0.0562471465369459
32 212.62635174936005 0.07919572235434814
33 212.62635174936005 0.02166629291891101
34 212.62635174936005 0.031144808324798053
35 212.62635174936005 0.037327899739344035
37 212.6263517493601 0.02896986290827277
47 287.53747765094937 0.016102970771034723
48 287.5374776509494 0.029417373052770993
49 287.5374776509494 0.017081612056151746
51 287.5374776509494 0.01610896878394491
52 287.5374776509494 0.022383238306418873
53 287.5374776509497 0.010932249260065148

172.86352248218392
1 23.79935855999999 0.06893179624344387
2 23.799358559999998 0.05597816628156309
3 23.799358559999998 0.0396874342698942
5 42.40216329999999 0.05597816628156309
6 42.40216329999999 0.039687434269894205
7 79.51371233999998 0.03425472923024815
8 79.51371234 0.06129179430915043
9 79.51371234 0.06308289858873795
10 79.51371234 0.04195501880462699
11 79.51371234 0.04666919009741874
13 135.32212655999996 0.06129179430915043
14 135.32212655999996 0.04195501880462698
15 135.32212655999996 0.06308289858873793
16 135.32212655999996 0.04666919009741874
17 136.8900018506398 0.02546042994828964
18 136.8900018506398 0.016844741934498007
19 136.8900018506398 0.014680146526547769
24 173.59570438905007 0.011502182484708107
31 212.62635174936005 0.017514285519656433
32 212.62635174936005 0.01006996437761639
33 212.62635174936005 0.011642970868567372
48 287.5374776509494 0.018168239442324558
50 287.5374776509494 0.02078043475929692
52 287.5374776509494 0.031472532983238

