1 23.57 0.0 2.6882610577848533e-30
1 23.57 0.0 4.925441345193147e-30
1 23.57 0.0 9.583512710043588e-30
1 23.57 16.17 0.05527311987556159
1 23.57 16.17 0.23670370940909338
1 23.57 16.17 0.1851409945325429
1 23.57 45.81 0.1063926260392489
1 23.57 45.81 0.012996138171528483
1 23.57 45.81 0.06799912737680341
1 23.57 45.81 0.07485633085716972
1 23.57 45.81 0.06921859488096309
1 23.57 62.64 0.0008127151378276988
1 23.57 65.0 0.008750988877801156
1 23.57 65.0 0.004430138515839926
1 23.57 65.0 0.005196170054366638
1 23.57 70.12 4.8677109856241495e-28
1 23.57 70.12 3.392929090278211e-30
1 23.57 70.12 1.369636936299992e-29
1 23.57 70.12 3.251416395351029e-29
1 23.57 70.12 1.8827314599981e-29
1 23.57 72.27 0.0718174853324451
1 23.57 72.27 0.007817098967604456
1 23.57 72.27 0.03290584674370617
1 23.57 72.27 0.026497216833004943
1 23.57 72.27 0.025899201384978664
1 23.57 77.01 6.028223545286948e-29
1 23.57 77.01 2.2241801431282547e-28
1 23.57 77.01 8.341831119300602e-29
1 23.57 82.52 1.5902622167620058e-28
1 23.57 96.08 2.2747467274293012e-29
1 23.57 96.08 3.626416325457546e-31
1 23.57 96.08 8.14235996506728e-31
1 23.57 96.08 1.8585232650494056e-31
1 23.57 96.08 2.125713354700827e-31
1 23.57 96.08 2.6901261821963737e-30
1 23.57 96.08 1.992993517250643e-29
1 23.57 107.3 2.9960754775975307e-31
1 23.57 107.3 4.5842531459662064e-30
1 23.57 107.3 1.2422077881151621e-30
1 23.57 110.46 6.91471841584536e-30
1 23.57 110.46 2.3982139780632692e-30
1 23.57 110.46 4.141612552039502e-31
1 23.57 110.46 1.2228372984459217e-30
1 23.57 110.46 3.0182906571179622e-30
1 23.57 116.61 2.474108243312437e-30
1 23.57 116.61 5.694549787401542e-31
1 23.57 116.61 1.236526898198009e-31
1 23.57 116.61 4.400382010790408e-31
1 23.57 116.61 1.6334928100525017e-31
1 23.57 116.61 1.3707196356423503e-31
1 23.57 116.61 1.6607287007249966e-30
1 23.57 117.84 2.552572836307778e-30
1 23.57 117.84 1.0451931628209731e-30
1 23.57 117.84 1.0907568536114518e-30
1 23.57 117.84 1.279816083970858e-30
1 23.57 117.84 1.4616961197046183e-30
1 23.57 124.98 3.966190080607136e-31
1 23.57 124.98 1.8207658777399446e-31
1 23.57 124.98 2.0503483688694555e-31
1 23.57 124.98 9.084579540201095e-31
1 23.57 124.98 1.4415330226580933e-31
1 23.57 124.98 4.706245230406e-32
1 23.57 124.98 1.759774288741624e-31
1 23.57 127.84 3.915601113748758e-30
1 23.57 127.84 4.730042924412257e-31
1 23.57 127.84 5.228817521716453e-31
1 23.57 131.89 0.0003025897232086687
1 23.57 131.89 0.00020603163792396676
1 23.57 131.89 0.00041194058330342234
1 23.57 134.41 8.05094516077921e-5
1 23.57 134.41 0.00011836512984459799
1 23.57 134.41 0.00017244094498681102
1 23.57 134.41 0.00016239692361473069
1 23.57 134.41 0.00010346513541166494
1 23.57 135.9 2.6158788411122097e-30
1 23.57 135.9 1.618894538291229e-30
1 23.57 135.9 1.1830676325021447e-30
1 23.57 137.71 3.0930914129012717e-31
1 23.57 137.71 2.005441329662965e-30
1 23.57 137.71 3.0433025020951185e-31
1 23.57 137.71 1.2079921472877602e-31
1 23.57 137.71 1.8493279751761516e-30
1 23.57 139.9 3.732477923731603e-30
1 23.57 139.9 3.6145279232573053e-31
1 23.57 139.9 5.903318908802665e-32
1 23.57 139.9 1.6098352724889184e-31
1 23.57 139.9 7.215300161448587e-31
1 23.57 139.9 8.173220252377022e-32
1 23.57 139.9 5.912325337845497e-32
1 23.57 143.37 2.456662522442375e-5
1 23.57 143.37 9.686642226850283e-6
1 23.57 143.37 2.522851086346477e-5
1 23.57 145.62 5.209789880233168e-32
1 23.57 145.62 2.389487331308248e-31
1 23.57 145.62 1.3883395651360892e-31
1 23.57 145.62 3.0581534365364865e-31
1 23.57 145.62 4.415683916403335e-31
1 23.57 145.62 7.422542503832442e-32
1 23.57 145.62 3.428223827006122e-32
1 23.57 149.3 1.563501581276004e-32
2 23.57 0.0 6.08463948756728e-31
2 23.57 0.0 2.8938176100364945e-30
2 23.57 16.17 0.21278196228932944
2 23.57 16.17 0.11417123783822396
2 23.57 16.17 0.15009638428078143
2 23.57 45.81 0.032642530593821474
2 23.57 45.81 0.12295595992934633
2 23.57 45.81 0.09002625099083555
2 23.57 45.81 0.041911367617032375
2 23.57 45.81 0.040043152490301735
2 23.57 62.64 0.000812715137828448
2 23.57 65.0 0.0014677091044118253
2 23.57 65.0 0.008373759659770228
2 23.57 65.0 0.008967670844799363
2 23.57 70.12 2.2117834786463966e-29
2 23.57 70.12 3.3158473258976836e-30
2 23.57 70.12 5.3974198540584665e-30
2 23.57 70.12 7.333717389023187e-29
2 23.57 70.12 3.3031901051397256e-29
2 23.57 72.27 0.009112958379294548
2 23.57 72.27 0.05316426026033798
2 23.57 72.27 0.035791629407666024
2 23.57 72.27 0.023677500738802232
2 23.57 72.27 0.04445705845165068
2 23.57 77.01 1.1458246852254685e-28
2 23.57 77.01 3.811231260702769e-29
2 23.57 77.01 4.422450427894027e-28
2 23.57 82.52 5.131300560225821e-29
2 23.57 96.08 1.6297165518413902e-30
2 23.57 96.08 2.469294296643643e-31
2 23.57 96.08 3.9901381339331076e-32
2 23.57 96.08 1.2869168854258882e-31
2 23.57 96.08 4.2463412817312344e-32
2 23.57 96.08 2.035963930383374e-30
2 23.57 96.08 1.6738694207998544e-29
2 23.57 107.3 1.833103046482195e-30
2 23.57 107.3 1.0866798847531409e-30
2 23.57 107.3 1.1795247497900421e-30
2 23.57 110.46 1.7044936943802196e-30
2 23.57 110.46 1.2985876592196283e-31
2 23.57 110.46 2.5628809539706985e-31
2 23.57 110.46 6.197566996186368e-31
2 23.57 110.46 4.2629647471396534e-30
2 23.57 116.61 2.4673651169303437e-30
2 23.57 116.61 5.150964412125151e-31
2 23.57 116.61 1.2085458256254159e-32
2 23.57 116.61 3.8297415898901566e-32
2 23.57 116.61 2.7660907704373056e-32
2 23.57 116.61 6.521811722797956e-32
2 23.57 116.61 2.393923269062047e-30
2 23.57 117.84 8.714146938422199e-31
2 23.57 117.84 1.509361255553262e-31
2 23.57 117.84 7.2812857666992e-32
2 23.57 117.84 3.864097392042485e-31
2 23.57 117.84 1.4794642546787584e-30
2 23.57 124.98 1.869616784941996e-31
2 23.57 124.98 1.3205073485640283e-31
2 23.57 124.98 5.218969730119755e-31
2 23.57 124.98 1.0277279912225304e-30
2 23.57 124.98 1.972603055152119e-31
2 23.57 124.98 3.1358450311224517e-31
2 23.57 124.98 3.1737756089121936e-31
2 23.57 127.84 5.9009129012488305e-30
2 23.57 127.84 4.349717059985398e-31
2 23.57 127.84 1.132180171825809e-30
2 23.57 131.89 0.0003015813690497985
2 23.57 131.89 0.00040820755955236414
2 23.57 131.89 0.00020761403314795504
2 23.57 134.41 0.00017418152195613557
2 23.57 134.41 9.229641782201235e-5
2 23.57 134.41 0.00010784838056924089
2 23.57 134.41 8.053595234374583e-5
2 23.57 134.41 0.0002860725817430932
2 23.57 135.9 2.9616551495399155e-30
2 23.57 135.9 1.2245458825738432e-30
2 23.57 135.9 1.8585356873586084e-30
2 23.57 137.71 2.9608795668814105e-31
2 23.57 137.71 3.5708625552498147e-31
2 23.57 137.71 5.591009378841064e-32
2 23.57 137.71 4.2918681616563534e-32
2 23.57 137.71 2.928002656976795e-30
2 23.57 139.9 2.6369397335138345e-30
2 23.57 139.9 8.524097066578251e-32
2 23.57 139.9 3.494797947211319e-32
2 23.57 139.9 5.347613992562055e-32
2 23.57 139.9 7.61424292579027e-31
2 23.57 139.9 2.1584037720158275e-32
2 23.57 139.9 3.237886985160893e-32
2 23.57 143.37 2.9212112568500193e-5
2 23.57 143.37 2.4431591570006045e-5
2 23.57 143.37 6.018479850697836e-6
2 23.57 145.62 9.336952080681458e-33
2 23.57 145.62 7.053694746521994e-31
2 23.57 145.62 1.7054579315028232e-31
2 23.57 145.62 2.9694440936414834e-31
2 23.57 145.62 6.317234201128627e-31
2 23.57 145.62 2.906420169039753e-32
2 23.57 145.62 3.892495791975792e-32
2 23.57 149.3 2.964759460162629e-32
3 23.57 0.0 1.0060279605025756e-29
3 23.57 16.17 0.21242935466241772
3 23.57 16.17 0.1178989508926472
3 23.57 16.17 0.1471339878836308
3 23.57 45.81 0.05949454813759194
3 23.57 45.81 0.06625969223098739
3 23.57 45.81 0.04038997165663902
3 23.57 45.81 0.08218954386630474
3 23.57 45.81 0.08769178029098185
3 23.57 62.64 0.000812715137827427
3 23.57 65.0 0.008439412380928709
3 23.57 65.0 0.00595613918263871
3 23.57 65.0 0.0046057375644318055
3 23.57 70.12 1.7395425561104982e-28
3 23.57 70.12 2.027160595562111e-30
3 23.57 70.12 8.318159160892842e-30
3 23.57 70.12 3.2875083197288314e-29
3 23.57 70.12 1.2382233839998834e-29
3 23.57 72.27 0.018564778038059206
3 23.57 72.27 0.04052483563837201
3 23.57 72.27 0.030435302198482436
3 23.57 72.27 0.04730753268182993
3 23.57 72.27 0.029555189036291687
3 23.57 77.01 7.234368965259118e-29
3 23.57 77.01 6.766345979962213e-29
3 23.57 77.01 3.448023483985642e-28
3 23.57 82.52 3.992659080551254e-29
3 23.57 96.08 1.721582369970628e-29
3 23.57 96.08 7.3222039145346725e-31
3 23.57 96.08 5.9177658104640035e-31
3 23.57 96.08 2.073213976244731e-31
3 23.57 96.08 6.254504201323917e-31
3 23.57 96.08 2.087311188811278e-30
3 23.57 96.08 3.909237195957771e-29
3 23.57 107.3 1.4888162818281698e-30
3 23.57 107.3 1.2230508445890955e-30
3 23.57 107.3 1.9842538818687166e-30
3 23.57 110.46 9.562923130825686e-31
3 23.57 110.46 1.1861935942209885e-30
3 23.57 110.46 5.508714281233892e-31
3 23.57 110.46 1.5022249978715304e-30
3 23.57 110.46 2.763608494909113e-30
3 23.57 116.61 1.4708136016595325e-30
3 23.57 116.61 8.97250419611634e-31
3 23.57 116.61 6.465595218056415e-32
3 23.57 116.61 1.320297088511176e-31
3 23.57 116.61 2.412610432411055e-31
3 23.57 116.61 5.358440950969844e-31
3 23.57 116.61 2.044924667924337e-30
3 23.57 117.84 1.1775563268806745e-30
3 23.57 117.84 5.090611082277891e-31
3 23.57 117.84 3.5365464835267886e-31
3 23.57 117.84 3.5332248072493354e-31
3 23.57 117.84 9.602081242980879e-31
3 23.57 124.98 3.841534820211985e-31
3 23.57 124.98 5.233233596470352e-31
3 23.57 124.98 4.094696349480771e-31
3 23.57 124.98 5.463150474611804e-31
3 23.57 124.98 3.2683305122843797e-32
3 23.57 124.98 1.1854639022067758e-31
3 23.57 124.98 3.980785439136119e-31
3 23.57 127.84 9.24876292465119e-31
3 23.57 127.84 6.063383189275383e-31
3 23.57 127.84 5.351460417395643e-31
3 23.57 131.89 0.0003127396612402735
3 23.57 131.89 0.00029454098674185715
3 23.57 131.89 0.00030513504115959396
3 23.57 134.41 0.00018088326054993114
3 23.57 134.41 0.00021979553457651487
3 23.57 134.41 0.00014822812160666617
3 23.57 134.41 0.00018683542029296904
3 23.57 134.41 4.3722654902091025e-5
3 23.57 135.9 2.7143155692584004e-30
3 23.57 135.9 2.7478900233326364e-30
3 23.57 135.9 2.4768009520272392e-30
3 23.57 137.71 8.158777705498104e-31
3 23.57 137.71 1.711773699864791e-30
3 23.57 137.71 4.945424725627818e-31
3 23.57 137.71 6.28423645447927e-31
3 23.57 137.71 2.5027753113247515e-30
3 23.57 139.9 2.053877412522713e-30
3 23.57 139.9 2.586955125014763e-31
3 23.57 139.9 7.32389577825851e-32
3 23.57 139.9 2.7470422661439454e-31
3 23.57 139.9 6.410965232014731e-31
3 23.57 139.9 5.606542681179418e-32
3 23.57 139.9 1.3608661939037902e-31
3 23.57 143.37 5.874852637365951e-6
3 23.57 143.37 2.53341817396189e-5
3 23.57 143.37 2.8253136241067448e-5
3 23.57 145.62 6.686753005760393e-32
3 23.57 145.62 4.93829047752045e-31
3 23.57 145.62 2.5191223265169734e-31
3 23.57 145.62 1.9579173662765725e-31
3 23.57 145.62 3.5693540080916447e-31
3 23.57 145.62 1.29163162568242e-32
3 23.57 145.62 8.985874477871817e-32
3 23.57 149.3 1.6609096829331273e-32
4 39.74 0.0 5.8800985903848106e-30
4 39.74 0.0 9.757144740139361e-30
4 39.74 0.0 5.4030669908667566e-30
4 39.74 29.64 1.2584370544639265e-30
4 39.74 29.64 1.3727845796749067e-29
4 39.74 29.64 5.575310054586795e-30
4 39.74 29.64 1.0641774987006544e-29
4 39.74 29.64 3.022129432223916e-30
4 39.74 46.47 4.386308876836316e-30
4 39.74 48.83 6.196972381430576e-29
4 39.74 48.83 5.829714118068891e-30
4 39.74 48.83 1.3939364453893332e-30
4 39.74 53.95 0.04147152970975996
4 39.74 53.95 0.03372118573302638
4 39.74 53.95 0.026408952315454218
4 39.74 53.95 0.014993895631282644
4 39.74 53.95 0.029411928455781805
4 39.74 56.1 2.4441539423030538e-28
4 39.74 56.1 8.876662166592945e-30
4 39.74 56.1 4.770066572573366e-30
4 39.74 56.1 7.159708645643192e-30
4 39.74 56.1 1.7764386569317007e-29
4 39.74 60.84 0.00014108008901534875
4 39.74 60.84 0.0002545973202505154
4 39.74 60.84 0.00013477249115950444
4 39.74 66.35 0.011525886997621224
4 39.74 79.91 1.4795078068098355e-29
4 39.74 79.91 2.3251631228710766e-29
4 39.74 79.91 1.942305570397021e-30
4 39.74 79.91 1.3642840765500466e-29
4 39.74 79.91 5.6759696070124744e-30
4 39.74 79.91 3.3668842701915014e-30
4 39.74 79.91 1.9389632081404834e-29
4 39.74 91.13 0.0004969918624496274
4 39.74 91.13 0.001203497921386464
4 39.74 91.13 0.0012284093089077136
4 39.74 94.29 0.0896855735183601
4 39.74 94.29 0.03097909301559157
4 39.74 94.29 0.024687541803209114
4 39.74 94.29 0.0308624256426183
4 39.74 94.29 0.0419498058206181
4 39.74 100.44 6.059688418055818e-27
4 39.74 100.44 5.46549342220687e-27
4 39.74 100.44 3.848020920609867e-29
4 39.74 100.44 3.163142890706549e-28
4 39.74 100.44 7.961389369595894e-30
4 39.74 100.44 1.453660961273323e-29
4 39.74 100.44 1.7438421003892154e-27
4 39.74 101.66 0.02795889906643779
4 39.74 101.66 0.010601083050785703
4 39.74 101.66 0.021236569359721975
4 39.74 101.66 0.034388210933604474
4 39.74 101.66 0.020111518785696083
4 39.74 108.81 4.355745996383676e-29
4 39.74 108.81 1.8958055793124347e-29
4 39.74 108.81 3.313405976551749e-30
4 39.74 108.81 2.7687412465436735e-28
4 39.74 108.81 7.105733818968295e-31
4 39.74 108.81 8.632388851520777e-31
4 39.74 108.81 2.4995297431064507e-29
4 39.74 111.67 8.026617206346759e-6
4 39.74 111.67 8.734703360733305e-6
4 39.74 111.67 4.084418726455347e-6
4 39.74 115.72 8.396488525279988e-30
4 39.74 115.72 1.3563259129615102e-29
4 39.74 115.72 6.8746809609771e-30
4 39.74 118.23 6.507524329502638e-30
4 39.74 118.23 4.819051374843326e-29
4 39.74 118.23 4.1280834780030965e-29
4 39.74 118.23 1.3124478052355544e-29
4 39.74 118.23 6.631925906657919e-30
4 39.74 119.72 0.0006603417747286264
4 39.74 119.72 0.0005205336587908738
4 39.74 119.72 0.0006855557036326981
4 39.74 121.53 0.003209783981594115
4 39.74 121.53 0.003290146559852587
4 39.74 121.53 0.005739564252838611
4 39.74 121.53 0.006758742289460086
4 39.74 121.53 0.008256276936605505
4 39.74 123.73 4.2747959005942125e-29
4 39.74 123.73 1.6176672436902432e-31
4 39.74 123.73 1.215111511219813e-29
4 39.74 123.73 1.1596265229378058e-28
4 39.74 123.73 1.6383366393667035e-28
4 39.74 123.73 2.386770111025422e-30
4 39.74 123.73 2.752043456225542e-29
4 39.74 127.2 8.285473012462396e-30
4 39.74 127.2 3.713715287554857e-30
4 39.74 127.2 2.3009774288971413e-29
4 39.74 129.45 1.2566837256928246e-32
4 39.74 129.45 9.534597911682317e-30
4 39.74 129.45 2.250753433031461e-30
4 39.74 129.45 1.618352681140184e-30
4 39.74 129.45 8.390840874300719e-30
4 39.74 129.45 8.744887083382512e-32
4 39.74 129.45 6.762861715851137e-33
4 39.74 133.13 3.401338397746958e-33
5 39.74 0.0 1.2851322315555662e-30
5 39.74 0.0 3.505248469368516e-31
5 39.74 29.64 3.491985573149089e-30
5 39.74 29.64 1.1679168088551993e-29
5 39.74 29.64 7.93423795362636e-31
5 39.74 29.64 4.598196336731284e-30
5 39.74 29.64 8.396715677576805e-31
5 39.74 46.47 2.5756437755752754e-30
5 39.74 48.83 1.8738997582099163e-29
5 39.74 48.83 4.64050411974905e-30
5 39.74 48.83 7.542414173277443e-30
5 39.74 53.95 0.016191987704012034
5 39.74 53.95 0.029768742549151357
5 39.74 53.95 0.025667789572603978
5 39.74 53.95 0.021974643179046224
5 39.74 53.95 0.04050352795702168
5 39.74 56.1 7.356335874446659e-29
5 39.74 56.1 2.2932076620877687e-29
5 39.74 56.1 5.0096842246082454e-30
5 39.74 56.1 6.356311611628768e-30
5 39.74 56.1 2.243957241801361e-29
5 39.74 60.84 0.00017068785088206385
5 39.74 60.84 0.00013635611618404353
5 39.74 60.84 0.00022246224930604942
5 39.74 66.35 0.011525886997621717
5 39.74 79.91 6.93831257193324e-30
5 39.74 79.91 1.5370569336864732e-29
5 39.74 79.91 1.455433530656597e-29
5 39.74 79.91 1.7978206317209223e-29
5 39.74 79.91 2.5184176784787477e-30
5 39.74 79.91 2.7833933640445936e-30
5 39.74 79.91 4.326816994508457e-30
5 39.74 91.13 0.0010495798355973547
5 39.74 91.13 0.0005262278736111806
5 39.74 91.13 0.0013693406723076732
5 39.74 94.29 0.01723280770394298
5 39.74 94.29 0.0704263100562113
5 39.74 94.29 0.046056958615996374
5 39.74 94.29 0.05391429625830543
5 39.74 94.29 0.031220684928990453
5 39.74 100.44 3.81941430532201e-27
5 39.74 100.44 1.7253504538971825e-27
5 39.74 100.44 2.5164050645056262e-29
5 39.74 100.44 1.1056697805232434e-27
5 39.74 100.44 8.48974397288281e-30
5 39.74 100.44 1.2813412594584706e-29
5 39.74 100.44 1.5549870003208968e-27
5 39.74 101.66 0.024527487213118957
5 39.74 101.66 0.037551448323978484
5 39.74 101.66 0.02311074042945118
5 39.74 101.66 0.014137440758516244
5 39.74 101.66 0.014520482160528947
5 39.74 108.81 1.3598665928778613e-29
5 39.74 108.81 9.459928898038654e-30
5 39.74 108.81 4.2063200291352195e-30
5 39.74 108.81 1.78330795152203e-28
5 39.74 108.81 1.6468366683198356e-30
5 39.74 108.81 2.2456810381298783e-30
5 39.74 108.81 4.1499986333085704e-29
5 39.74 111.67 6.73371394571485e-6
5 39.74 111.67 5.1034391353863625e-6
5 39.74 111.67 8.808074633098242e-6
5 39.74 115.72 1.37834012689077e-29
5 39.74 115.72 4.347268820125251e-29
5 39.74 115.72 1.3060501838977442e-30
5 39.74 118.23 4.628053292213898e-30
5 39.74 118.23 8.951637408498533e-29
5 39.74 118.23 7.283035527564358e-29
5 39.74 118.23 2.5747731922008805e-29
5 39.74 118.23 5.519944472127637e-30
5 39.74 119.72 0.0005162659985816447
5 39.74 119.72 0.0005065693835533251
5 39.74 119.72 0.0008471209951218048
5 39.74 121.53 0.004509907096685853
5 39.74 121.53 0.009936341603522369
5 39.74 121.53 0.005004793976829534
5 39.74 121.53 0.0032568742199102427
5 39.74 121.53 0.004313173975561922
5 39.74 123.73 8.554408001841072e-29
5 39.74 123.73 1.9548124193770422e-31
5 39.74 123.73 2.1196864455902058e-29
5 39.74 123.73 2.885438954825194e-28
5 39.74 123.73 5.855886050499499e-28
5 39.74 123.73 6.2532171214444476e-30
5 39.74 123.73 3.008083478523966e-29
5 39.74 127.2 1.454292296436508e-29
5 39.74 127.2 2.990465723407902e-30
5 39.74 127.2 1.0787981942638618e-29
5 39.74 129.45 1.5832840906597134e-31
5 39.74 129.45 1.3132855673020214e-29
5 39.74 129.45 1.4867443891003611e-30
5 39.74 129.45 1.5846393808766346e-30
5 39.74 129.45 1.852663871139487e-29
5 39.74 129.45 2.9471236914297416e-31
5 39.74 129.45 1.797046712283104e-31
5 39.74 133.13 2.500651900199047e-32
6 39.74 0.0 1.2880316185217123e-30
6 39.74 29.64 1.6225267109866654e-30
6 39.74 29.64 2.2145297447475838e-29
6 39.74 29.64 1.4367338476050197e-30
6 39.74 29.64 3.415222603576703e-30
6 39.74 29.64 3.410618453923065e-30
6 39.74 46.47 1.1213216792644e-29
6 39.74 48.83 4.112667472862754e-29
6 39.74 48.83 9.02322158506275e-30
6 39.74 48.83 1.0215553620704923e-29
6 39.74 53.95 0.029514351452338005
6 39.74 53.95 0.023647936492568022
6 39.74 53.95 0.035082522405735325
6 39.74 53.95 0.050076060407976734
6 39.74 53.95 0.017139783379088336
6 39.74 56.1 1.6789173750540254e-28
6 39.74 56.1 1.600959541856643e-29
6 39.74 56.1 9.419584406689872e-30
6 39.74 56.1 5.292163395828657e-30
6 39.74 56.1 2.9543150031557085e-29
6 39.74 60.84 0.00021842160753172577
6 39.74 60.84 0.00013807294692480293
6 39.74 60.84 0.00017237252242303507
6 39.74 66.35 0.01152588699762289
6 39.74 79.91 1.3571991008853008e-29
6 39.74 79.91 3.577783715365186e-29
6 39.74 79.91 1.004796023731585e-29
6 39.74 79.91 1.468404958046976e-29
6 39.74 79.91 1.793118455505069e-30
6 39.74 79.91 1.0945875968615798e-29
6 39.74 79.91 3.6938509439068096e-30
6 39.74 91.13 0.0013954626343199881
6 39.74 91.13 0.0012051525314291625
6 39.74 91.13 0.00034214716183699205
6 39.74 94.29 0.023861954943985603
6 39.74 94.29 0.02959896829147421
6 39.74 94.29 0.060204454318675764
6 39.74 94.29 0.04616937653483087
6 39.74 94.29 0.05784679925427308
6 39.74 100.44 2.605235871769481e-27
6 39.74 100.44 3.0463456593670137e-27
6 39.74 100.44 2.8300856977908977e-29
6 39.74 100.44 4.802728182294499e-28
6 39.74 100.44 1.0101597532770991e-29
6 39.74 100.44 1.1907375938230513e-29
6 39.74 100.44 3.869277873248478e-27
6 39.74 101.66 0.016139641749533997
6 39.74 101.66 0.0204066188871476
6 39.74 101.66 0.02419391553703628
6 39.74 101.66 0.019962678531666517
6 39.74 101.66 0.03396692135910705
6 39.74 108.81 1.5684092290592335e-29
6 39.74 108.81 1.695544283594121e-29
6 39.74 108.81 4.634911646427691e-30
6 39.74 108.81 1.1008020728832278e-28
6 39.74 108.81 4.656952157304097e-31
6 39.74 108.81 6.162215501309765e-30
6 39.74 108.81 4.79873099959936e-29
6 39.74 111.67 6.030658024105555e-6
6 39.74 111.67 6.956238989784163e-6
6 39.74 111.67 7.881567836428097e-6
6 39.74 115.72 2.5183458341283118e-30
6 39.74 115.72 3.380259574375287e-29
6 39.74 115.72 2.4036799911353e-30
6 39.74 118.23 4.424572525880044e-30
6 39.74 118.23 7.509663730751676e-30
6 39.74 118.23 1.102615478926576e-29
6 39.74 118.23 1.582520297046874e-29
6 39.74 118.23 8.016780958145805e-30
6 39.74 119.72 0.0006897014570603009
6 39.74 119.72 0.0008436738805341436
6 39.74 119.72 0.0003360783470682908
6 39.74 121.53 0.008588532255991488
6 39.74 121.53 0.0031026197912650405
6 39.74 121.53 0.005561705981623248
6 39.74 121.53 0.006309924299418591
6 39.74 121.53 0.003748972717744527
6 39.74 123.73 8.880271495251251e-29
6 39.74 123.73 6.161782724619923e-31
6 39.74 123.73 2.4718965647198887e-29
6 39.74 123.73 4.984715630025226e-28
6 39.74 123.73 1.3367443829768248e-28
6 39.74 123.73 1.703888087069258e-30
6 39.74 123.73 3.067460362258131e-29
6 39.74 127.2 6.029509569085021e-30
6 39.74 127.2 1.1984568829889945e-30
6 39.74 127.2 2.0054811195563042e-30
6 39.74 129.45 7.922806758146224e-32
6 39.74 129.45 8.665967066666108e-30
6 39.74 129.45 2.664413086356998e-30
6 39.74 129.45 2.548653840515153e-30
6 39.74 129.45 9.60777815274613e-30
6 39.74 129.45 1.9305174774678014e-31
6 39.74 129.45 1.588358758966171e-32
6 39.74 133.13 1.102993922341476e-32
7 69.38 0.0 2.937138895778594e-30
7 69.38 0.0 2.2252798291067497e-29
7 69.38 0.0 2.5061617901939265e-30
7 69.38 0.0 6.928214982823556e-30
7 69.38 0.0 1.5606758901907674e-30
7 69.38 16.83 7.280703228920221e-30
7 69.38 19.19 3.582353668400623e-29
7 69.38 19.19 5.40357107423532e-30
7 69.38 19.19 9.198592153724696e-30
7 69.38 24.31 0.04724938783712913
7 69.38 24.31 0.04065558069353275
7 69.38 24.31 0.025734131077044774
7 69.38 24.31 0.03528038388957405
7 69.38 24.31 0.025446244534522353
7 69.38 26.45 1.3323443484627743e-28
7 69.38 26.45 7.178640645451912e-29
7 69.38 26.45 1.8799169125743845e-30
7 69.38 26.45 7.55804857838391e-29
7 69.38 26.45 2.655002006646758e-29
7 69.38 31.2 0.013363916249643403
7 69.38 31.2 0.007724511901087364
7 69.38 31.2 0.013524677180836556
7 69.38 36.71 1.53601869052627e-28
7 69.38 50.26 0.03472386042874234
7 69.38 50.26 0.05830512729726167
7 69.38 50.26 0.0670678157545811
7 69.38 50.26 0.02681630465417965
7 69.38 50.26 0.0267886558417553
7 69.38 50.26 0.045783426668327146
7 69.38 50.26 0.06968052467967437
7 69.38 61.49 1.5590248807578347e-6
7 69.38 61.49 2.484340716231578e-6
7 69.38 61.49 1.25013970115016e-6
7 69.38 64.65 0.0011985063313600867
7 69.38 64.65 0.0013343154476682046
7 69.38 64.65 0.0009582184451306304
7 69.38 64.65 0.0011358486431926158
7 69.38 64.65 0.00104449532278696
7 69.38 70.8 0.010055760908797482
7 69.38 70.8 0.009788348136321812
7 69.38 70.8 0.007423167509964926
7 69.38 70.8 0.01734850577883562
7 69.38 70.8 0.015338948734591561
7 69.38 70.8 0.004324450238796076
7 69.38 70.8 0.004920710890449853
7 69.38 72.02 0.017520691302823497
7 69.38 72.02 0.010717043499270135
7 69.38 72.02 0.018807524491443513
7 69.38 72.02 0.004759547856627928
7 69.38 72.02 0.01006022114134663
7 69.38 79.17 4.200177976602345e-30
7 69.38 79.17 2.3300916777269645e-29
7 69.38 79.17 4.912543619317363e-29
7 69.38 79.17 1.615458395412029e-28
7 69.38 79.17 4.4365370458125434e-29
7 69.38 79.17 2.9746180214558147e-30
7 69.38 79.17 8.933191708271661e-30
7 69.38 82.03 0.00022428081291264333
7 69.38 82.03 5.3361603308859637e-5
7 69.38 82.03 0.00019030776207187822
7 69.38 86.07 8.373505503426482e-30
7 69.38 86.07 2.4910867521263116e-29
7 69.38 86.07 2.2594008596168767e-29
7 69.38 88.59 5.782242825902707e-30
7 69.38 88.59 3.1701087463652144e-29
7 69.38 88.59 1.2043322558061441e-29
7 69.38 88.59 1.2131528519325248e-29
7 69.38 88.59 8.704277526349167e-30
7 69.38 90.08 0.0006835734126959271
7 69.38 90.08 0.0005406113658613067
7 69.38 90.08 0.0006626110650772945
7 69.38 91.89 0.001132948272456882
7 69.38 91.89 0.004336194599878889
7 69.38 91.89 0.0021048924386876987
7 69.38 91.89 0.0025403419365788815
7 69.38 91.89 0.0034330169817144663
7 69.38 94.09 0.004713378964530812
7 69.38 94.09 0.004288753588885561
7 69.38 94.09 0.0010512136572679567
7 69.38 94.09 0.003662003008732286
7 69.38 94.09 0.004991354693001252
7 69.38 94.09 0.005869872092550407
7 69.38 94.09 0.003215498070376498
7 69.38 97.55 2.649128143943975e-29
7 69.38 97.55 2.80448781390914e-29
7 69.38 97.55 2.2982423524525007e-28
7 69.38 99.8 6.634313704549331e-32
7 69.38 99.8 9.349869220291573e-29
7 69.38 99.8 1.1472515631985843e-29
7 69.38 99.8 1.2052512217595388e-29
7 69.38 99.8 7.887324992201399e-30
7 69.38 99.8 1.4056119404944498e-30
7 69.38 99.8 1.851815087876475e-30
7 69.38 103.48 2.1929636277761092e-32
8 69.38 0.0 1.4495251257375818e-29
8 69.38 0.0 5.196006560787072e-30
8 69.38 0.0 2.623021409468778e-29
8 69.38 0.0 5.828765539018436e-29
8 69.38 16.83 8.142619358638619e-30
8 69.38 19.19 9.564597035045585e-29
8 69.38 19.19 2.4702237322913234e-29
8 69.38 19.19 2.690970005634013e-29
8 69.38 24.31 0.041502791294915575
8 69.38 24.31 0.0556021138756047
8 69.38 24.31 0.053116018614302644
8 69.38 24.31 0.010981387198626916
8 69.38 24.31 0.04563543939758823
8 69.38 26.45 4.729090767989556e-28
8 69.38 26.45 5.759594395303498e-29
8 69.38 26.45 1.3187289296121833e-29
8 69.38 26.45 4.770129259845183e-29
8 69.38 26.45 4.9436065171633114e-29
8 69.38 31.2 0.008023630497127345
8 69.38 31.2 0.01918593613652205
8 69.38 31.2 0.007535397798371554
8 69.38 36.71 7.164179825488212e-29
8 69.38 50.26 0.019378641523117246
8 69.38 50.26 0.0585883420197357
8 69.38 50.26 0.07204889754739872
8 69.38 50.26 0.07133000764320221
8 69.38 50.26 0.06216020844236508
8 69.38 50.26 0.03467465426327528
8 69.38 50.26 0.023669932034818205
8 69.38 61.49 1.149952410557944e-6
8 69.38 61.49 2.3360251169237985e-6
8 69.38 61.49 1.7353364036099312e-6
8 69.38 64.65 0.00087915578792351
8 69.38 64.65 0.0007270352777786202
8 69.38 64.65 0.0017447620916530731
8 69.38 64.65 0.0006098704407371566
8 69.38 64.65 0.0017187285171098416
8 69.38 70.8 0.017272601518227147
8 69.38 70.8 0.008416760733265142
8 69.38 70.8 0.007858601325123244
8 69.38 70.8 0.004913988021191511
8 69.38 70.8 0.006099712381341159
8 69.38 70.8 0.006129382275525593
8 69.38 70.8 0.019027930589727682
8 69.38 72.02 0.009742664215253004
8 69.38 72.02 0.007476787510657497
8 69.38 72.02 0.013156192635098981
8 69.38 72.02 0.012946606832093692
8 69.38 72.02 0.01851093640843318
8 69.38 79.17 9.280000259118613e-29
8 69.38 79.17 5.717437797647299e-29
8 69.38 79.17 5.384534028622557e-29
8 69.38 79.17 1.1723626204695522e-28
8 69.38 79.17 5.836191298279462e-29
8 69.38 79.17 2.041618502247351e-29
8 69.38 79.17 1.3805508573859866e-29
8 69.38 82.03 9.041412597788563e-5
8 69.38 82.03 0.00027051833193420693
8 69.38 82.03 0.00010784653007493133
8 69.38 86.07 1.1542719060293971e-29
8 69.38 86.07 4.790629084965766e-29
8 69.38 86.07 1.6838074024075005e-29
8 69.38 88.59 2.4531062159907847e-30
8 69.38 88.59 1.8087622163191408e-29
8 69.38 88.59 1.6828596200994605e-29
8 69.38 88.59 2.9211428439832107e-29
8 69.38 88.59 3.534236206509794e-30
8 69.38 90.08 0.0008477889378881367
8 69.38 90.08 0.0003998285438044335
8 69.38 90.08 0.0006375672059555444
8 69.38 91.89 0.0049472686587624945
8 69.38 91.89 0.0004888284508635808
8 69.38 91.89 0.0014453798770741706
8 69.38 91.89 0.003128107759640363
8 69.38 91.89 0.0035437190808749004
8 69.38 94.09 0.0019423755464048138
8 69.38 94.09 0.004629740847300261
8 69.38 94.09 0.0072238095481408585
8 69.38 94.09 0.002751172606442278
8 69.38 94.09 0.0055043352432210734
8 69.38 94.09 0.0015242175609384311
8 69.38 94.09 0.004544888577878803
8 69.38 97.55 2.4596939531730793e-29
8 69.38 97.55 3.053197844848683e-29
8 69.38 97.55 9.645562291476101e-29
8 69.38 99.8 1.437604373801709e-30
8 69.38 99.8 9.489259762056594e-30
8 69.38 99.8 1.4000543520462276e-29
8 69.38 99.8 5.521724385690487e-30
8 69.38 99.8 1.2964239768507317e-29
8 69.38 99.8 2.336426767300522e-30
8 69.38 99.8 4.022006676625302e-30
8 69.38 103.48 6.641435942060224e-32
9 69.38 0.0 1.3423029904667165e-31
9 69.38 0.0 1.0059299080246605e-29
9 69.38 0.0 4.556103709106216e-30
9 69.38 16.83 3.228635019462234e-30
9 69.38 19.19 3.783047247381678e-29
9 69.38 19.19 1.6009928362784657e-29
9 69.38 19.19 3.217979262509836e-30
9 69.38 24.31 0.045129615046392915
9 69.38 24.31 0.01850824996753589
9 69.38 24.31 0.053502908410358166
9 69.38 24.31 0.012297699830293192
9 69.38 24.31 0.06080851529969944
9 69.38 26.45 1.122984410602968e-28
9 69.38 26.45 1.547464582750406e-28
9 69.38 26.45 2.3487053772439656e-30
9 69.38 26.45 3.011807589572852e-29
9 69.38 26.45 7.029564915494991e-29
9 69.38 31.2 0.012000261577825872
9 69.38 31.2 0.011493973440886067
9 69.38 31.2 0.011193096684703219
9 69.38 36.71 6.663738450510322e-28
9 69.38 50.26 0.07011053231306587
9 69.38 50.26 0.031505312486160994
9 69.38 50.26 0.028999907591182674
9 69.38 50.26 0.05607575622928457
9 69.38 50.26 0.03388650488756463
9 69.38 50.26 0.04390359196814679
9 69.38 50.26 0.042316584238130686
9 69.38 61.49 1.981395684241042e-6
9 69.38 61.49 9.061417528166756e-7
9 69.38 61.49 2.321146817218963e-6
9 69.38 64.65 0.0014662686450659396
9 69.38 64.65 0.000610920674794997
9 69.38 64.65 0.00086694938404738
9 69.38 64.65 0.0008292128913619418
9 69.38 64.65 0.0018911616818584422
9 69.38 70.8 0.012203506970549536
9 69.38 70.8 0.015103864322172911
9 69.38 70.8 0.013712396466861444
9 69.38 70.8 0.004483946294337782
9 69.38 70.8 0.009759934399750283
9 69.38 70.8 0.006301018971781624
9 69.38 70.8 0.006875519357888824
9 69.38 72.02 0.011811032328041385
9 69.38 72.02 0.0077064547265628955
9 69.38 72.02 0.008798593644249193
9 69.38 72.02 0.017378989758875564
9 69.38 72.02 0.015924596175111872
9 69.38 79.17 4.240329833389509e-29
9 69.38 79.17 1.6171702254289986e-29
9 69.38 79.17 5.186191840713346e-29
9 69.38 79.17 5.921684584861748e-29
9 69.38 79.17 2.0451139004051476e-29
9 69.38 79.17 3.735022342952301e-30
9 69.38 79.17 9.653788206549588e-30
9 69.38 82.03 0.00011394499708194514
9 69.38 82.03 0.00021849619726878474
9 69.38 82.03 0.00013654925397786367
9 69.38 86.07 7.410575809621997e-30
9 69.38 86.07 2.3597528905665837e-29
9 69.38 86.07 1.2971137596182906e-29
9 69.38 88.59 7.17536764909777e-30
9 69.38 88.59 4.0118933854032973e-29
9 69.38 88.59 4.141004966032532e-29
9 69.38 88.59 2.4557261353975054e-29
9 69.38 88.59 1.1770474661940793e-29
9 69.38 90.08 0.00045729818804600533
9 69.38 90.08 0.0007802118537073078
9 69.38 90.08 0.0006495734931915813
9 69.38 91.89 0.003550442237176917
9 69.38 91.89 0.001728976741215181
9 69.38 91.89 0.004126050489326241
9 69.38 91.89 0.002853071677470588
9 69.38 91.89 0.0012926161397487615
9 69.38 94.09 0.004684745939989947
9 69.38 94.09 0.004306967698977429
9 69.38 94.09 0.007032006372950053
9 69.38 94.09 0.004338741846776403
9 69.38 94.09 0.0019339775093814313
9 69.38 94.09 0.0011863538412863295
9 69.38 94.09 0.005112028565320495
9 69.38 97.55 1.5634837396487984e-29
9 69.38 97.55 2.389187250588264e-29
9 69.38 97.55 2.331154697381059e-28
9 69.38 99.8 6.956852147983883e-32
9 69.38 99.8 3.9956514050612446e-29
9 69.38 99.8 1.9702274786162824e-29
9 69.38 99.8 1.1823062392924519e-29
9 69.38 99.8 1.1779504799730543e-29
9 69.38 99.8 1.7058181011163368e-30
9 69.38 99.8 1.623002401984816e-30
9 69.38 103.48 3.074122097631858e-31
10 69.38 0.0 1.5227997808533203e-29
10 69.38 0.0 6.506267627105034e-30
10 69.38 16.83 1.8445524902117262e-29
10 69.38 19.19 7.758296463871627e-29
10 69.38 19.19 2.0655664490928274e-29
10 69.38 19.19 3.485141948817072e-29
10 69.38 24.31 0.027423686976787612
10 69.38 24.31 0.03678587470503292
10 69.38 24.31 0.03249022645574519
10 69.38 24.31 0.04050378101539563
10 69.38 24.31 0.05620563125303506
10 69.38 26.45 9.373493975608962e-29
10 69.38 26.45 1.7174235559349767e-28
10 69.38 26.45 1.8387775573459254e-29
10 69.38 26.45 5.750665920980101e-29
10 69.38 26.45 5.654758411320584e-29
10 69.38 31.2 0.010248889745170226
10 69.38 31.2 0.01031142622281144
10 69.38 31.2 0.014086493166205494
10 69.38 36.71 2.0787753583002322e-28
10 69.38 50.26 0.06009113484220163
10 69.38 50.26 0.030594898959946507
10 69.38 50.26 0.046602597049769184
10 69.38 50.26 0.014812876311878134
10 69.38 50.26 0.059889295654536316
10 69.38 50.26 0.054396603756655025
10 69.38 50.26 0.058475556853972606
10 69.38 61.49 1.820449208571851e-6
10 69.38 61.49 2.2043886475101464e-6
10 69.38 61.49 1.236187888814202e-6
10 69.38 64.65 0.0013304389296127704
10 69.38 64.65 0.0013269701141907426
10 69.38 64.65 0.001076015422377704
10 69.38 64.65 0.0013220479248231248
10 69.38 64.65 0.0006470532782571236
10 69.38 70.8 0.004919815261059465
10 69.38 70.8 0.005355467189083146
10 69.38 70.8 0.013158966445794883
10 69.38 70.8 0.008145535025759949
10 69.38 70.8 0.013774558763185972
10 69.38 70.8 0.012028682086591358
10 69.38 70.8 0.011895947743401155
10 69.38 72.02 0.012770575742605483
10 69.38 72.02 0.008680595358156734
10 69.38 72.02 0.008361738650110435
10 69.38 72.02 0.02151966551554484
10 69.38 72.02 0.010279508512132884
10 69.38 79.17 2.8779281516151105e-29
10 69.38 79.17 1.9880019915712329e-29
10 69.38 79.17 7.102694756877e-29
10 69.38 79.17 1.0470625980642142e-28
10 69.38 79.17 1.992803123575047e-29
10 69.38 79.17 1.0468631341931025e-29
10 69.38 79.17 9.532946691665367e-30
10 69.38 82.03 0.0001870247118745567
10 69.38 82.03 6.515917430415369e-5
10 69.38 82.03 0.00021479441649153297
10 69.38 86.07 3.7089884158568e-29
10 69.38 86.07 3.193769395414439e-29
10 69.38 86.07 1.2239632361059063e-29
10 69.38 88.59 9.235033805867236e-30
10 69.38 88.59 1.8366190379442723e-29
10 69.38 88.59 1.8204012031079616e-29
10 69.38 88.59 5.201603530123186e-29
10 69.38 88.59 2.597624804588506e-30
10 69.38 90.08 0.0007785433311559419
10 69.38 90.08 0.0008229199178998663
10 69.38 90.08 0.00028603802907842306
10 69.38 91.89 0.0014999416566013669
10 69.38 91.89 0.004619402320604156
10 69.38 91.89 0.0010837345172354923
10 69.38 91.89 0.0039780891333378345
10 69.38 91.89 0.002403697611243462
10 69.38 94.09 0.0052283814866458
10 69.38 94.09 0.004140620019231283
10 69.38 94.09 0.0007294817536069909
10 69.38 94.09 0.0025988597196458106
10 69.38 94.09 0.0027173867852392786
10 69.38 94.09 0.008473741837402913
10 69.38 94.09 0.004428221639466157
10 69.38 97.55 1.6747666172548738e-29
10 69.38 97.55 2.8469386905286886e-29
10 69.38 97.55 3.1053970087591072e-28
10 69.38 99.8 1.9372252797439406e-31
10 69.38 99.8 3.1470345963893184e-29
10 69.38 99.8 6.91950614473591e-30
10 69.38 99.8 5.4130667358829206e-30
10 69.38 99.8 3.2660256038050724e-30
10 69.38 99.8 2.364434425835293e-30
10 69.38 99.8 1.4127669524060169e-30
10 69.38 103.48 1.1841431252832543e-31
11 69.38 0.0 1.0704423637964964e-29
11 69.38 16.83 2.64304812622252e-29
11 69.38 19.19 7.951818882637211e-29
11 69.38 19.19 1.4203026254067624e-29
11 69.38 19.19 2.0793434550902206e-29
11 69.38 24.31 0.02215084162198172
11 69.38 24.31 0.03235368094027948
11 69.38 24.31 0.02430114471582859
11 69.38 24.31 0.09040493858023002
11 69.38 24.31 0.01163752460223516
11 69.38 26.45 2.8957386098288864e-28
11 69.38 26.45 1.2107830336644516e-28
11 69.38 26.45 8.599799561172382e-30
11 69.38 26.45 2.2757733264523325e-29
11 69.38 26.45 4.435583333434103e-29
11 69.38 31.2 0.015803966548070196
11 69.38 31.2 0.007880113248962541
11 69.38 31.2 0.011051792339789819
11 69.38 36.71 9.911347598155678e-29
11 69.38 50.26 0.044158330430110165
11 69.38 50.26 0.05124483293705504
11 69.38 50.26 0.005198376417147277
11 69.38 50.26 0.0674145319366379
11 69.38 50.26 0.048305938423216274
11 69.38 50.26 0.06086037682016596
11 69.38 50.26 0.042261452909496
11 69.38 61.49 2.4504058349099337e-6
11 69.38 61.49 6.26973185281686e-7
11 69.38 61.49 2.184921769548434e-6
11 69.38 64.65 0.001067120968513943
11 69.38 64.65 0.0016940618931614413
11 69.38 64.65 0.0007196185321984336
11 69.38 64.65 0.001853944134152906
11 69.38 64.65 0.000362020649806029
11 69.38 70.8 0.0054328889679317914
11 69.38 70.8 0.010482600074162376
11 69.38 70.8 0.0055299667190370485
11 69.38 70.8 0.01425524576782106
11 69.38 70.8 0.004882283675835898
11 69.38 70.8 0.020896800000169483
11 69.38 70.8 0.007174398444330562
11 69.38 72.02 0.011073232712550177
11 69.38 72.02 0.024619203511377686
11 69.38 72.02 0.009577972965287954
11 69.38 72.02 0.008206277414385961
11 69.38 72.02 0.008507556142418033
11 69.38 79.17 4.437144756766367e-29
11 69.38 79.17 1.4075712079861073e-29
11 69.38 79.17 3.1594262144317564e-29
11 69.38 79.17 6.076906845971243e-29
11 69.38 79.17 1.1169475214407607e-29
11 69.38 79.17 3.553896596786424e-30
11 69.38 79.17 1.275677545151152e-29
11 69.38 82.03 0.00017526597925232712
11 69.38 82.03 0.00018186002741742054
11 69.38 82.03 0.00010795880165262231
11 69.38 86.07 2.0541457612810357e-29
11 69.38 86.07 2.294833347736305e-29
11 69.38 86.07 2.751741662899449e-29
11 69.38 88.59 3.866458302294207e-30
11 69.38 88.59 6.673556951178265e-29
11 69.38 88.59 6.004934728685513e-29
11 69.38 88.59 2.039145359007711e-29
11 69.38 88.59 9.277152249177687e-30
11 69.38 90.08 0.0002660828006758678
11 69.38 90.08 0.0007142424704563759
11 69.38 90.08 0.0009059458084832515
11 69.38 91.89 0.0030165280198893984
11 69.38 91.89 0.002420532648622936
11 69.38 91.89 0.0045460750852137
11 69.38 91.89 0.0011600026195923104
11 69.38 91.89 0.002476859547820665
11 69.38 94.09 0.003916315796453729
11 69.38 94.09 0.0036064130911484544
11 69.38 94.09 0.003180842976669674
11 69.38 94.09 0.006637292824611854
11 69.38 94.09 0.004911225280807778
11 69.38 94.09 0.002931570917183366
11 69.38 94.09 0.004031344711803021
11 69.38 97.55 5.2455928476136326e-30
11 69.38 97.55 5.720119014596547e-29
11 69.38 97.55 2.620330039211825e-28
11 69.38 99.8 3.022112216782343e-31
11 69.38 99.8 9.372279707322726e-29
11 69.38 99.8 1.1481901517266085e-29
11 69.38 99.8 7.048856389035335e-30
11 69.38 99.8 8.470552789204212e-30
11 69.38 99.8 1.7057328494987968e-30
11 69.38 99.8 1.5447028759477827e-30
11 69.38 103.48 5.057068104516262e-32
12 86.21 0.0 3.6888952430413634e-30
12 86.21 2.36 5.902013394267627e-29
12 86.21 2.36 3.5013235223530126e-29
12 86.21 2.36 2.2357027836124506e-29
12 86.21 7.48 3.3176242303629685e-27
12 86.21 7.48 7.281360222374202e-27
12 86.21 7.48 4.472012189158708e-27
12 86.21 7.48 9.645464257322852e-27
12 86.21 7.48 4.366624073910396e-27
12 86.21 9.63 2.782654578135508e-28
12 86.21 9.63 1.1557759810453015e-27
12 86.21 9.63 4.16042352811786e-30
12 86.21 9.63 1.2024431767944298e-29
12 86.21 9.63 2.7092881519462464e-28
12 86.21 14.37 0.13354854962446583
12 86.21 14.37 0.13354854962448198
12 86.21 14.37 0.13354854962448096
12 86.21 19.88 2.6226854891828486e-26
12 86.21 33.44 4.7726678933454933e-29
12 86.21 33.44 9.229262384243713e-30
12 86.21 33.44 2.0780230795834806e-29
12 86.21 33.44 8.608019846999047e-30
12 86.21 33.44 1.7764730349495043e-29
12 86.21 33.44 1.187559284207997e-28
12 86.21 33.44 8.704763615091543e-28
12 86.21 44.66 0.14034510577797282
12 86.21 44.66 0.14034510577797993
12 86.21 44.66 0.14034510577798273
12 86.21 47.82 1.1705810161637774e-27
12 86.21 47.82 6.761114247565756e-28
12 86.21 47.82 1.2731220343363023e-27
12 86.21 47.82 1.5257061144842592e-27
12 86.21 47.82 1.0336612464339262e-27
12 86.21 53.97 8.931868382487969e-29
12 86.21 53.97 1.934872742990658e-29
12 86.21 53.97 2.0427058580303574e-29
12 86.21 53.97 1.3873522060758974e-29
12 86.21 53.97 6.6506705709153e-30
12 86.21 53.97 2.2467562744893456e-29
12 86.21 53.97 1.3241414067064494e-29
12 86.21 55.19 3.83593836644299e-27
12 86.21 55.19 3.808924082443063e-27
12 86.21 55.19 5.6744269573874035e-27
12 86.21 55.19 3.490727378533946e-27
12 86.21 55.19 7.129001679306353e-27
12 86.21 62.34 4.336228378044485e-29
12 86.21 62.34 5.276173102176528e-29
12 86.21 62.34 5.641148475366588e-30
12 86.21 62.34 3.396452622552452e-28
12 86.21 62.34 9.699275036716726e-30
12 86.21 62.34 7.394998416082392e-30
12 86.21 62.34 1.5505571134834943e-29
12 86.21 65.2 0.019316264095253718
12 86.21 65.2 0.01931626409525268
12 86.21 65.2 0.0193162640952527
12 86.21 69.25 1.6491505088656436e-28
12 86.21 69.25 4.953633595012009e-29
12 86.21 69.25 5.803818910618867e-30
12 86.21 71.77 4.621592627733963e-30
12 86.21 71.77 2.30910931096132e-28
12 86.21 71.77 4.4457501129070935e-28
12 86.21 71.77 4.0463659546476535e-28
12 86.21 71.77 5.620930595961829e-30
12 86.21 73.25 0.038519794653646966
12 86.21 73.25 0.03851979465364749
12 86.21 73.25 0.03851979465364172
12 86.21 75.06 1.5519565411270005e-26
12 86.21 75.06 4.800960247769227e-27
12 86.21 75.06 4.9245876420418264e-27
12 86.21 75.06 7.827279151790743e-27
12 86.21 75.06 1.0300850641117293e-26
12 86.21 77.26 2.0591871170823427e-28
12 86.21 77.26 8.984722578163596e-30
12 86.21 77.26 1.3450500244255326e-29
12 86.21 77.26 2.0030712158192822e-28
12 86.21 77.26 7.022162060488212e-29
12 86.21 77.26 9.819043997049857e-30
12 86.21 77.26 7.8255807076222e-30
12 86.21 80.73 3.7904323659909277e-29
12 86.21 80.73 2.764564245930462e-29
12 86.21 80.73 9.500025396309561e-29
12 86.21 82.98 5.9883557873559105e-31
12 86.21 82.98 8.664654243995524e-29
12 86.21 82.98 1.9641409217467266e-29
12 86.21 82.98 1.553200997008679e-29
12 86.21 82.98 2.7879102199600423e-30
12 86.21 82.98 7.790228841509772e-31
12 86.21 82.98 7.092764517055645e-31
12 86.21 86.66 4.538512485959758e-32
13 88.57 0.0 2.717664836497074e-29
13 88.57 0.0 1.7778766823201429e-28
13 88.57 0.0 4.1574743627263035e-29
13 88.57 5.12 0.03908012009828851
13 88.57 5.12 0.027926831461684065
13 88.57 5.12 0.0426320370298189
13 88.57 5.12 0.028825475235421023
13 88.57 5.12 0.028953529092518006
13 88.57 7.27 2.9248143104957894e-28
13 88.57 7.27 5.103857331796733e-28
13 88.57 7.27 3.885123916268796e-29
13 88.57 7.27 2.5469556094911377e-29
13 88.57 7.27 3.023651972608749e-28
13 88.57 12.01 0.05694787662785838
13 88.57 12.01 0.043607774500507554
13 88.57 12.01 0.03977939384978332
13 88.57 17.52 0.1448413048110005
13 88.57 31.08 3.626615159197356e-29
13 88.57 31.08 1.1378569432382547e-29
13 88.57 31.08 3.198034567131229e-29
13 88.57 31.08 2.1192794184058548e-29
13 88.57 31.08 3.232046734976934e-29
13 88.57 31.08 2.895118911298217e-29
13 88.57 31.08 1.2938543050046892e-28
13 88.57 42.3 0.02925430997148741
13 88.57 42.3 0.022822446171680832
13 88.57 42.3 0.01976084533881912
13 88.57 45.46 0.006006432440779561
13 88.57 45.46 0.003164112407137417
13 88.57 45.46 0.00504388028432812
13 88.57 45.46 0.005894604826931739
13 88.57 45.46 0.004891490085253912
13 88.57 51.61 3.417714054133804e-27
13 88.57 51.61 3.812126145499718e-27
13 88.57 51.61 7.744744965891617e-29
13 88.57 51.61 1.0462712493779913e-27
13 88.57 51.61 1.6541288553180193e-29
13 88.57 51.61 9.522354968809799e-29
13 88.57 51.61 2.1277449390996266e-27
13 88.57 52.83 0.03297332681974147
13 88.57 52.83 0.038355214475361124
13 88.57 52.83 0.03362227242761327
13 88.57 52.83 0.02170698652780651
13 88.57 52.83 0.025917864104222595
13 88.57 59.98 7.044678690076895e-29
13 88.57 59.98 1.4082906808507148e-28
13 88.57 59.98 5.045990483912496e-29
13 88.57 59.98 3.074955204964458e-28
13 88.57 59.98 2.0502286934313367e-29
13 88.57 59.98 3.24857349460459e-30
13 88.57 59.98 5.101396167771887e-29
13 88.57 62.84 0.0014126402676211578
13 88.57 62.84 0.0006944698766685134
13 88.57 62.84 0.0009227682076079526
13 88.57 66.89 7.004080620294026e-29
13 88.57 66.89 1.3106096883361498e-28
13 88.57 66.89 9.156125088778459e-29
13 88.57 69.41 1.1964472583320292e-29
13 88.57 69.41 2.925837519699377e-28
13 88.57 69.41 2.1964718781452884e-28
13 88.57 69.41 5.681309912856381e-28
13 88.57 69.41 4.522755630783872e-29
13 88.57 70.89 0.009861552331522371
13 88.57 70.89 0.021268145048781516
13 88.57 70.89 0.01159475659127626
13 88.57 72.7 0.03880407724369664
13 88.57 72.7 0.05914850254017494
13 88.57 72.7 0.06159149548452626
13 88.57 72.7 0.023857883588887026
13 88.57 72.7 0.04036637370620253
13 88.57 74.9 4.088391580376975e-28
13 88.57 74.9 9.046605696481494e-30
13 88.57 74.9 2.1796582344561338e-28
13 88.57 74.9 2.9350016365320793e-27
13 88.57 74.9 3.1307053075367107e-27
13 88.57 74.9 3.8516206577759336e-29
13 88.57 74.9 3.6027052503902095e-28
13 88.57 78.37 1.389662516596462e-28
13 88.57 78.37 5.300610694590794e-29
13 88.57 78.37 4.7348387373810187e-29
13 88.57 80.62 3.190838995288636e-30
13 88.57 80.62 8.476463483174668e-29
13 88.57 80.62 2.545547101490299e-29
13 88.57 80.62 2.680926739207512e-29
13 88.57 80.62 1.2750102423011993e-29
13 88.57 80.62 3.0539103550743502e-30
13 88.57 80.62 1.9996647291285418e-30
13 88.57 84.3 2.130250540711967e-31
14 88.57 0.0 8.65734494316586e-29
14 88.57 0.0 1.0204546435562973e-28
14 88.57 5.12 0.04386287770592609
14 88.57 5.12 0.023491177552295826
14 88.57 5.12 0.029122682894059115
14 88.57 5.12 0.013516842039870212
14 88.57 5.12 0.043570911270549975
14 88.57 7.27 7.862795132935533e-28
14 88.57 7.27 4.432028257958567e-28
14 88.57 7.27 1.449828538027038e-29
14 88.57 7.27 1.1015763561678843e-29
14 88.57 7.27 1.2473355441498686e-28
14 88.57 12.01 0.04472700700884668
14 88.57 12.01 0.05297506592492841
14 88.57 12.01 0.0430462227387578
14 88.57 17.52 0.14484130481100113
14 88.57 31.08 1.6899963341725515e-29
14 88.57 31.08 9.407745028161294e-30
14 88.57 31.08 2.8417404419649405e-30
14 88.57 31.08 2.9688425338435803e-29
14 88.57 31.08 6.426595454140565e-30
14 88.57 31.08 2.341499939265479e-29
14 88.57 31.08 2.1235867416908297e-28
14 88.57 42.3 0.011598680455913809
14 88.57 42.3 0.029295140585228585
14 88.57 42.3 0.032087056620101834
14 88.57 45.46 0.007068285146897568
14 88.57 45.46 0.008487778765257347
14 88.57 45.46 0.0011173020086439032
14 88.57 45.46 0.0036575808629399956
14 88.57 45.46 0.00489300620065115
14 88.57 51.61 8.38643006965013e-27
14 88.57 51.61 7.338869699233502e-27
14 88.57 51.61 6.077769203529271e-29
14 88.57 51.61 8.422064587670101e-28
14 88.57 51.61 1.1565266666828148e-29
14 88.57 51.61 1.297116604153533e-29
14 88.57 51.61 2.0226568585926887e-27
14 88.57 52.83 0.038480775614901506
14 88.57 52.83 0.031079836141499742
14 88.57 52.83 0.018985333643602935
14 88.57 52.83 0.04390868392931216
14 88.57 52.83 0.019992892925012183
14 88.57 59.98 3.775295999792976e-29
14 88.57 59.98 3.6773750677981094e-29
14 88.57 59.98 1.2075128367932137e-29
14 88.57 59.98 3.049567746373315e-28
14 88.57 59.98 3.2328817571279696e-30
14 88.57 59.98 1.1843183563222376e-29
14 88.57 59.98 4.27237632735903e-29
14 88.57 62.84 0.000894796110207822
14 88.57 62.84 0.0009503372133689559
14 88.57 62.84 0.0011826083768219243
14 88.57 66.89 1.127304261857677e-28
14 88.57 66.89 1.6583124490839937e-28
14 88.57 66.89 1.2610526561629409e-29
14 88.57 69.41 3.471367014179559e-29
14 88.57 69.41 3.231299960766039e-28
14 88.57 69.41 4.266989403686123e-28
14 88.57 69.41 3.8816562540684914e-29
14 88.57 69.41 7.582943572853075e-29
14 88.57 70.89 0.019630107862160392
14 88.57 70.89 0.0038306988209828585
14 88.57 70.89 0.0191991909979115
14 88.57 72.7 0.04099292080813696
14 88.57 72.7 0.040025838079403124
14 88.57 72.7 0.041628198551919945
14 88.57 72.7 0.06132816659889689
14 88.57 72.7 0.0397166875506832
14 88.57 74.9 2.919070020741039e-28
14 88.57 74.9 2.4795589039794852e-30
14 88.57 74.9 1.358660261253463e-28
14 88.57 74.9 2.218050615039001e-27
14 88.57 74.9 2.8230019297329095e-27
14 88.57 74.9 3.5529513416300904e-29
14 88.57 74.9 2.188936080197622e-28
14 88.57 78.37 1.1277127881651706e-28
14 88.57 78.37 1.596053116257057e-29
14 88.57 78.37 5.056993808099776e-29
14 88.57 80.62 1.1883846695220234e-31
14 88.57 80.62 1.478927480525353e-28
14 88.57 80.62 8.902124392002218e-30
14 88.57 80.62 1.427663038727119e-29
14 88.57 80.62 4.0112247405123216e-29
14 88.57 80.62 8.52804980929289e-31
14 88.57 80.62 2.493639999185546e-31
14 88.57 84.3 3.3358560772153193e-31
15 88.57 0.0 2.736319154793098e-29
15 88.57 5.12 0.019764270757020884
15 88.57 5.12 0.048944021825276504
15 88.57 5.12 0.030173494718134942
15 88.57 5.12 0.055453399325153176
15 88.57 5.12 0.02652744981491579
15 88.57 7.27 3.4487687905037524e-28
15 88.57 7.27 4.116730177359866e-28
15 88.57 7.27 4.6049574552686996e-30
15 88.57 7.27 2.0071182976138178e-29
15 88.57 7.27 1.6863702610069462e-28
15 88.57 12.01 0.04067645744330545
15 88.57 12.01 0.041509781909376306
15 88.57 12.01 0.05826466126384204
15 88.57 17.52 0.14484130481100022
15 88.57 31.08 2.8762736703232833e-29
15 88.57 31.08 7.225947884533922e-30
15 88.57 31.08 2.1956789113113448e-29
15 88.57 31.08 4.643480931190553e-29
15 88.57 31.08 6.954257238571845e-30
15 88.57 31.08 6.491108467154171e-29
15 88.57 31.08 1.3361000329501027e-28
15 88.57 42.3 0.031651059811530935
15 88.57 42.3 0.01881986962397228
15 88.57 42.3 0.021225164574859328
15 88.57 45.46 0.0016664331055020562
15 88.57 45.46 0.003604963416740006
15 88.57 45.46 0.008867979920806793
15 88.57 45.46 0.005422746832709694
15 88.57 45.46 0.005599093110001383
15 88.57 51.61 4.935774565615129e-27
15 88.57 51.61 3.3502196928369385e-27
15 88.57 51.61 1.9789225366155217e-29
15 88.57 51.61 3.0085826753520175e-28
15 88.57 51.61 1.6429532906886198e-29
15 88.57 51.61 5.0229676787276965e-29
15 88.57 51.61 4.884367759369006e-27
15 88.57 52.83 0.02227176613232061
15 88.57 52.83 0.02199458078283985
15 88.57 52.83 0.03746539716653836
15 88.57 52.83 0.023951510580507585
15 88.57 52.83 0.0471986209484594
15 88.57 59.98 6.965026936095384e-29
15 88.57 59.98 1.3103018701168767e-28
15 88.57 59.98 3.2283651175303896e-29
15 88.57 59.98 8.605652006878928e-29
15 88.57 59.98 1.1601180343624787e-29
15 88.57 59.98 2.840495722828037e-29
15 88.57 59.98 3.357251345537533e-29
15 88.57 62.84 0.0007414506815401439
15 88.57 62.84 0.0013733443737992033
15 88.57 62.84 0.0009183748234951445
15 88.57 66.89 6.28970513744196e-29
15 88.57 66.89 1.8850179624225953e-28
15 88.57 66.89 4.734018673930428e-29
15 88.57 69.41 2.957106984246045e-29
15 88.57 69.41 3.0665506709806136e-28
15 88.57 69.41 2.4260866732763803e-28
15 88.57 69.41 1.4090199686368304e-28
15 88.57 69.41 3.8548498136692514e-29
15 88.57 70.89 0.012801454095002713
15 88.57 70.89 0.01861576087576058
15 88.57 70.89 0.011318946926778466
15 88.57 72.7 0.05435725763022705
15 88.57 72.7 0.03398599694324092
15 88.57 72.7 0.030522338128607652
15 88.57 72.7 0.051513129981783236
15 88.57 72.7 0.05388703748831197
15 88.57 74.9 7.925306967358868e-28
15 88.57 74.9 4.657175676555814e-30
15 88.57 74.9 1.54224467391493e-28
15 88.57 74.9 2.5143361051615066e-27
15 88.57 74.9 1.5844690331885748e-27
15 88.57 74.9 2.2763081968445324e-29
15 88.57 74.9 1.6395481311673174e-28
15 88.57 78.37 8.038057397213971e-29
15 88.57 78.37 2.8434090614636194e-29
15 88.57 78.37 1.2329339353427005e-28
15 88.57 80.62 2.0248075590467225e-31
15 88.57 80.62 1.5006892196645186e-28
15 88.57 80.62 2.967140787851255e-29
15 88.57 80.62 1.8963193569392502e-29
15 88.57 80.62 2.048557527139114e-29
15 88.57 80.62 1.3146258452843879e-30
15 88.57 80.62 5.929420046685298e-31
15 88.57 84.3 5.368482667359805e-31
16 93.69 0.0 1.6869096296587926e-28
16 93.69 0.0 1.0904386483562195e-28
16 93.69 0.0 1.1265164976577223e-28
16 93.69 0.0 1.0794959337753696e-28
16 93.69 0.0 1.0693851148366268e-28
16 93.69 2.14 0.015534191843242208
16 93.69 2.14 0.014399925801137739
16 93.69 2.14 0.014967640546729229
16 93.69 2.14 0.021966016473416682
16 93.69 2.14 0.02155699095062942
16 93.69 6.89 3.5284894320839566e-28
16 93.69 6.89 1.0435387613995786e-28
16 93.69 6.89 2.384479482686409e-28
16 93.69 12.4 1.6639500703685184e-28
16 93.69 25.95 1.999341120475674e-29
16 93.69 25.95 5.399211910266123e-30
16 93.69 25.95 1.6820734259301282e-29
16 93.69 25.95 1.1141108114626714e-29
16 93.69 25.95 2.1549071401470665e-29
16 93.69 25.95 5.100631819430397e-29
16 93.69 25.95 6.526953777274612e-29
16 93.69 37.18 2.439827868819762e-29
16 93.69 37.18 4.1118619412911614e-29
16 93.69 37.18 2.6186876580095e-29
16 93.69 40.34 1.4721351675255108e-28
16 93.69 40.34 4.915974330954426e-28
16 93.69 40.34 1.9930686205441188e-28
16 93.69 40.34 2.1878038034315373e-28
16 93.69 40.34 2.7867201510189006e-28
16 93.69 46.49 8.551797614779527e-29
16 93.69 46.49 1.2045388668782567e-28
16 93.69 46.49 1.4152209264107144e-28
16 93.69 46.49 4.5191485969754626e-29
16 93.69 46.49 4.897495761189005e-28
16 93.69 46.49 2.282826370583914e-28
16 93.69 46.49 1.2703354495155479e-28
16 93.69 47.71 2.6016273123227968e-28
16 93.69 47.71 5.44802603263352e-29
16 93.69 47.71 9.64017751221519e-29
16 93.69 47.71 3.566604281330038e-29
16 93.69 47.71 5.449875404056573e-29
16 93.69 54.86 0.030132124846180393
16 93.69 54.86 0.04751532690974162
16 93.69 54.86 0.01640347349545605
16 93.69 54.86 0.02515201107868484
16 93.69 54.86 0.009721999141846115
16 93.69 54.86 0.02052459302827979
16 93.69 54.86 0.04397442520034796
16 93.69 57.72 5.4664781748021585e-28
16 93.69 57.72 9.676622977512582e-29
16 93.69 57.72 1.90018424491507e-29
16 93.69 61.76 1.955297905105813e-5
16 93.69 61.76 1.4186795154499037e-5
16 93.69 61.76 1.375856646706188e-5
16 93.69 64.28 0.0009950018622222633
16 93.69 64.28 0.0015049413219019488
16 93.69 64.28 0.0012026140197464806
16 93.69 64.28 0.0005813016404543331
16 93.69 64.28 0.0016820021613397026
16 93.69 65.77 9.509470239194309e-29
16 93.69 65.77 1.0960736130668638e-28
16 93.69 65.77 2.8777195355890486e-29
16 93.69 67.58 2.6487950750133796e-29
16 93.69 67.58 1.6613833798724784e-28
16 93.69 67.58 7.073972664796639e-29
16 93.69 67.58 7.93512807885662e-29
16 93.69 67.58 6.767846552563474e-29
16 93.69 69.78 3.5664399456074376e-28
16 93.69 69.78 2.3732265923995573e-28
16 93.69 69.78 9.126914403846943e-29
16 93.69 69.78 8.57890818143434e-29
16 93.69 69.78 1.1692997522515047e-28
16 93.69 69.78 6.513604123748994e-29
16 93.69 69.78 6.877913299506599e-29
16 93.69 73.24 0.0013333239139604312
16 93.69 73.24 0.0033746881145738004
16 93.69 73.24 0.003401688088027138
16 93.69 75.49 0.0032630180459062358
16 93.69 75.49 0.0020178825063850497
16 93.69 75.49 0.002390217272684731
16 93.69 75.49 0.0023746186871018795
16 93.69 75.49 0.0031939737797242592
16 93.69 75.49 0.0016762184214216675
16 93.69 75.49 0.0008810148338600459
16 93.69 79.17 2.9106877550832888e-30
17 93.69 0.0 1.1638785918094343e-29
17 93.69 0.0 8.613459115768219e-30
17 93.69 0.0 3.174600272452251e-29
17 93.69 0.0 1.5671427015881286e-29
17 93.69 2.14 0.018692437966311325
17 93.69 2.14 0.01921708657809476
17 93.69 2.14 0.024541580783139373
17 93.69 2.14 0.0071720782527292335
17 93.69 2.14 0.018560153011966347
17 93.69 6.89 3.115497882911966e-29
17 93.69 6.89 6.426954197443815e-29
17 93.69 6.89 1.6372363841188182e-28
17 93.69 12.4 3.482368578560344e-29
17 93.69 25.95 1.1751433461658957e-29
17 93.69 25.95 8.338218483889164e-30
17 93.69 25.95 5.580812072771544e-30
17 93.69 25.95 2.917976975789542e-30
17 93.69 25.95 5.88921323000872e-31
17 93.69 25.95 3.597004400921748e-30
17 93.69 25.95 8.893947724554662e-30
17 93.69 37.18 3.923985307192141e-30
17 93.69 37.18 5.2448423097593916e-30
17 93.69 37.18 4.31581865256571e-30
17 93.69 40.34 6.142403157051502e-30
17 93.69 40.34 3.8387806768996035e-30
17 93.69 40.34 5.66880757832297e-29
17 93.69 40.34 1.1288810305637349e-29
17 93.69 40.34 2.6372148076911685e-29
17 93.69 46.49 4.859456781781135e-30
17 93.69 46.49 2.966221977584151e-30
17 93.69 46.49 1.2575570874680701e-28
17 93.69 46.49 5.944803939287057e-30
17 93.69 46.49 5.163021898960208e-29
17 93.69 46.49 9.538969000481959e-30
17 93.69 46.49 7.487456279787613e-30
17 93.69 47.71 2.50071533124781e-28
17 93.69 47.71 1.3972015534018608e-29
17 93.69 47.71 3.021949104506012e-29
17 93.69 47.71 9.710765357168898e-30
17 93.69 47.71 3.650841788766173e-29
17 93.69 54.86 0.03960283222113524
17 93.69 54.86 0.03168402555695189
17 93.69 54.86 0.029046804810443198
17 93.69 54.86 0.039759761420631506
17 93.69 54.86 0.017707662958172877
17 93.69 54.86 0.006751517829950434
17 93.69 54.86 0.030347871932218155
17 93.69 57.72 7.290691946513322e-28
17 93.69 57.72 3.694772545328346e-29
17 93.69 57.72 8.753980426668483e-29
17 93.69 61.76 1.0371571661007361e-5
17 93.69 61.76 2.5484608882109258e-5
17 93.69 61.76 1.1621257869937701e-5
17 93.69 64.28 0.001436891673042506
17 93.69 64.28 0.0012123460899641002
17 93.69 64.28 0.0015487361871993218
17 93.69 64.28 0.0012861534559961913
17 93.69 64.28 0.0015945265681389293
17 93.69 65.77 6.377154617737524e-29
17 93.69 65.77 9.384814364342956e-29
17 93.69 65.77 7.35618584030097e-30
17 93.69 67.58 2.1400076283810116e-29
17 93.69 67.58 2.2270008837884912e-29
17 93.69 67.58 3.213618516412006e-30
17 93.69 67.58 5.38933889081669e-30
17 93.69 67.58 1.642284898303637e-29
17 93.69 69.78 1.546199660626342e-29
17 93.69 69.78 2.3164135203613354e-30
17 93.69 69.78 5.089285981110274e-30
17 93.69 69.78 2.989297743633462e-29
17 93.69 69.78 7.97801542195113e-29
17 93.69 69.78 2.017721930477375e-29
17 93.69 69.78 4.880803429398113e-30
17 93.69 73.24 0.0028800558843293583
17 93.69 73.24 0.004193478111493649
17 93.69 73.24 0.001126651802987051
17 93.69 75.49 0.002533652008735572
17 93.69 75.49 0.0025850113840447837
17 93.69 75.49 0.001105901904864814
17 93.69 75.49 0.0011536785533597656
17 93.69 75.49 0.0026186542756994925
17 93.69 75.49 0.0022218578010230776
17 93.69 75.49 0.002787889520986073
17 93.69 79.17 4.4491563782001065e-30
18 93.69 0.0 6.2312639823180156e-30
18 93.69 0.0 4.017490050045839e-29
18 93.69 0.0 9.458812011309975e-30
18 93.69 2.14 0.009189923952903158
18 93.69 2.14 0.023461149166393747
18 93.69 2.14 0.024625685149152206
18 93.69 2.14 0.017500572335405112
18 93.69 2.14 0.013745519998605678
18 93.69 6.89 4.1842801025455333e-29
18 93.69 6.89 1.104380655550679e-29
18 93.69 6.89 1.723304409229475e-28
18 93.69 12.4 2.316475017291752e-29
18 93.69 25.95 1.0526602173729198e-29
18 93.69 25.95 2.6821475330887727e-30
18 93.69 25.95 4.902032883827616e-30
18 93.69 25.95 1.876350120245104e-30
18 93.69 25.95 1.1566471240733974e-30
18 93.69 25.95 7.587774388583465e-30
18 93.69 25.95 1.582105190726207e-29
18 93.69 37.18 5.64893129665696e-30
18 93.69 37.18 5.880275435199939e-30
18 93.69 37.18 3.583218813221066e-30
18 93.69 40.34 1.1749679565783031e-29
18 93.69 40.34 1.058696816258371e-29
18 93.69 40.34 3.6763070110159785e-29
18 93.69 40.34 8.030979573285281e-30
18 93.69 40.34 2.0727951343878042e-29
18 93.69 46.49 5.3789382904792544e-30
18 93.69 46.49 1.921296261540163e-29
18 93.69 46.49 7.220457793673847e-29
18 93.69 46.49 3.8780700312480625e-30
18 93.69 46.49 1.233287451647738e-28
18 93.69 46.49 8.909196152231784e-30
18 93.69 46.49 3.846243661877699e-30
18 93.69 47.71 1.8735986289484153e-28
18 93.69 47.71 1.505276670494964e-29
18 93.69 47.71 8.782589996567968e-30
18 93.69 47.71 5.149517944542619e-30
18 93.69 47.71 5.402087639462242e-30
18 93.69 54.86 0.01721948408703791
18 93.69 54.86 0.010600401956222421
18 93.69 54.86 0.01760396976280874
18 93.69 54.86 0.03159250024370659
18 93.69 54.86 0.03430083344335834
18 93.69 54.86 0.04880050451757996
18 93.69 54.86 0.035186303089116036
18 93.69 57.72 6.172443157447805e-28
18 93.69 57.72 4.7577543298720595e-29
18 93.69 57.72 4.242627612618151e-29
18 93.69 61.76 1.6196724548657978e-5
18 93.69 61.76 1.4154097521202568e-5
18 93.69 61.76 1.709932551679381e-5
18 93.69 64.28 0.0015005916802713667
18 93.69 64.28 0.0005023454952971447
18 93.69 64.28 0.0010689975257753416
18 93.69 64.28 0.0015582246479267435
18 93.69 64.28 0.001358625120279918
18 93.69 65.77 8.609183867750865e-29
18 93.69 65.77 3.7860807239019396e-29
18 93.69 65.77 6.662950730275332e-30
18 93.69 67.58 7.013639805625559e-30
18 93.69 67.58 5.103961741285553e-29
18 93.69 67.58 4.2525996498945554e-30
18 93.69 67.58 1.2440844742976951e-29
18 93.69 67.58 1.584514702176027e-29
18 93.69 69.78 2.0488537118248823e-28
18 93.69 69.78 5.16931363022557e-30
18 93.69 69.78 5.4810294997620785e-30
18 93.69 69.78 2.989167237678695e-29
18 93.69 69.78 5.209999422146662e-29
18 93.69 69.78 1.2949293760323877e-29
18 93.69 69.78 9.272797114897442e-30
18 93.69 73.24 0.0006497857335766665
18 93.69 73.24 0.003140541872391661
18 93.69 73.24 0.004345949812195641
18 93.69 75.49 0.002986169642314845
18 93.69 75.49 0.003971499732517821
18 93.69 75.49 0.0033372833471866257
18 93.69 75.49 0.0026269596497950926
18 93.69 75.49 0.0009407747877267041
18 93.69 75.49 0.0008058259881272645
18 93.69 75.49 0.0010489464156338102
18 93.69 79.17 2.5613107444284137e-30
19 93.69 0.0 5.929599721167688e-29
19 93.69 0.0 2.1332555556990784e-29
19 93.69 2.14 0.013029291094225726
19 93.69 2.14 0.020407060751503316
19 93.69 2.14 0.006287343989109797
19 93.69 2.14 0.02777918060685434
19 93.69 2.14 0.020943486690876575
19 93.69 6.89 1.2815490755909824e-28
19 93.69 6.89 1.2294548775002802e-28
19 93.69 6.89 3.259265677196525e-28
19 93.69 12.4 1.2589317155928032e-28
19 93.69 25.95 2.802539807221786e-30
19 93.69 25.95 4.0812367656290825e-29
19 93.69 25.95 3.543563801155597e-29
19 93.69 25.95 5.242429103330182e-29
19 93.69 25.95 4.606767710303739e-29
19 93.69 25.95 2.1174850024809242e-29
19 93.69 25.95 4.2602752571190715e-29
19 93.69 37.18 4.5361048627420995e-29
19 93.69 37.18 4.632469734018893e-29
19 93.69 37.18 5.982324793641997e-29
19 93.69 40.34 6.971454384339371e-30
19 93.69 40.34 2.60317513244341e-29
19 93.69 40.34 1.2036189858570722e-29
19 93.69 40.34 9.421521539615056e-30
19 93.69 40.34 1.3128714073967897e-29
19 93.69 46.49 7.74128370619282e-30
19 93.69 46.49 1.6709354742598925e-29
19 93.69 46.49 1.6106225539022645e-28
19 93.69 46.49 1.0531525716313874e-29
19 93.69 46.49 1.0855905392082464e-28
19 93.69 46.49 2.2389712711729278e-29
19 93.69 46.49 3.8829237031664845e-29
19 93.69 47.71 2.391897082085801e-28
19 93.69 47.71 2.270609470406162e-29
19 93.69 47.71 2.5368186725291406e-29
19 93.69 47.71 2.2876607533039472e-29
19 93.69 47.71 4.010172919725805e-29
19 93.69 54.86 0.016811948830157977
19 93.69 54.86 0.02418949223055389
19 93.69 54.86 0.037775894377638064
19 93.69 54.86 0.03192123763967035
19 93.69 54.86 0.04326176489597115
19 93.69 54.86 0.03788487564384663
19 93.69 54.86 0.006094590146848378
19 93.69 57.72 6.248653447674586e-28
19 93.69 57.72 1.7895167902311864e-29
19 93.69 57.72 6.44578734514158e-29
19 93.69 61.76 1.157512379848519e-5
19 93.69 61.76 1.3517019095039095e-5
19 93.69 61.76 2.2457840144480835e-5
19 93.69 64.28 0.0006672768629242535
19 93.69 64.28 0.0013071643139401284
19 93.69 64.28 0.001301848315139854
19 93.69 64.28 0.0024920893490603057
19 93.69 64.28 0.0012370539489354176
19 93.69 65.77 2.2343741451650285e-29
19 93.69 65.77 6.365270898985849e-29
19 93.69 65.77 1.2865194613546493e-29
19 93.69 67.58 6.26881532235475e-29
19 93.69 67.58 3.424950430196785e-29
19 93.69 67.58 1.3281998167740217e-29
19 93.69 67.58 1.6304034257318521e-29
19 93.69 67.58 2.930605671267248e-29
19 93.69 69.78 1.4651848003194476e-28
19 93.69 69.78 2.318426663244122e-29
19 93.69 69.78 1.452312665694599e-29
19 93.69 69.78 1.0161630454374057e-29
19 93.69 69.78 2.973878153386846e-29
19 93.69 69.78 5.738415696517771e-30
19 93.69 69.78 1.4397436767254461e-29
19 93.69 73.24 0.00387154804242722
19 93.69 73.24 0.0015195899688758851
19 93.69 73.24 0.0028006413504836117
19 93.69 75.49 0.0026694909365960603
19 93.69 75.49 0.0010077528964585782
19 93.69 75.49 0.002017538131714762
19 93.69 75.49 0.0008656061792904578
19 93.69 75.49 0.003439826833236369
19 93.69 75.49 0.0033941109158884446
19 93.69 75.49 0.00171141329201886
19 93.69 79.17 1.285236554061714e-29
20 93.69 0.0 1.262694603101961e-29
20 93.69 2.14 0.028070951976555843
20 93.69 2.14 0.016233382137640983
20 93.69 2.14 0.020896630977766534
20 93.69 2.14 0.009810424244748105
20 93.69 2.14 0.013414515758577182
20 93.69 6.89 3.342529365656747e-29
20 93.69 6.89 1.1199715144374745e-28
20 93.69 6.89 1.1459281822452164e-28
20 93.69 12.4 3.774053699555534e-29
20 93.69 25.95 1.273529997436668e-29
20 93.69 25.95 8.484704587817063e-30
20 93.69 25.95 9.619305573968107e-30
20 93.69 25.95 1.48074816685105e-29
20 93.69 25.95 6.789365534284485e-30
20 93.69 25.95 2.3107772216100587e-29
20 93.69 25.95 2.1401303112109652e-29
20 93.69 37.18 7.970283165430787e-31
20 93.69 37.18 4.45049761143173e-30
20 93.69 37.18 3.704452861958064e-30
20 93.69 40.34 1.6387284285181604e-29
20 93.69 40.34 1.451807787376075e-29
20 93.69 40.34 1.9071748346071316e-29
20 93.69 40.34 1.4931929035505406e-29
20 93.69 40.34 4.1445280502200516e-29
20 93.69 46.49 1.5864724928527916e-29
20 93.69 46.49 3.322794676093142e-29
20 93.69 46.49 1.7223367745256603e-28
20 93.69 46.49 6.676687148329566e-30
20 93.69 46.49 1.1334174136079147e-28
20 93.69 46.49 7.422844565038938e-30
20 93.69 46.49 1.3705263312641283e-29
20 93.69 47.71 5.506789794969502e-29
20 93.69 47.71 1.012478272878799e-29
20 93.69 47.71 1.4638912991061167e-29
20 93.69 47.71 1.0070980966169182e-29
20 93.69 47.71 2.4865011239384685e-29
20 93.69 54.86 0.03186043904596613
20 93.69 54.86 0.021393614592784882
20 93.69 54.86 0.03696588624418964
20 93.69 54.86 0.010529439132174315
20 93.69 54.86 0.037990194659135765
20 93.69 54.86 0.02298497363147036
20 93.69 54.86 0.029353107446091917
20 93.69 57.72 2.0980353210642456e-28
20 93.69 57.72 8.305923122860685e-29
20 93.69 57.72 3.0982233908187806e-29
20 93.69 61.76 2.2376790526183208e-5
20 93.69 61.76 1.4660853554995464e-5
20 93.69 61.76 1.0467246887052799e-5
20 93.69 64.28 0.0024097287824292653
20 93.69 64.28 0.0022371485324915556
20 93.69 64.28 0.0013926354833566177
20 93.69 64.28 0.00048352873691360457
20 93.69 64.28 0.0004967548867123702
20 93.69 65.77 5.203499408055384e-29
20 93.69 65.77 4.986597502674325e-29
20 93.69 65.77 1.68884019753621e-29
20 93.69 67.58 2.7389579209927965e-29
20 93.69 67.58 1.2233775417223063e-29
20 93.69 67.58 5.1093722128273725e-30
20 93.69 67.58 6.150622637948107e-30
20 93.69 67.58 1.5481756378298517e-29
20 93.69 69.78 1.3594960240276673e-28
20 93.69 69.78 7.657978811095252e-30
20 93.69 69.78 1.5368632963678962e-29
20 93.69 69.78 5.914871389059894e-30
20 93.69 69.78 3.543692969669277e-29
20 93.69 69.78 7.206842591289433e-30
20 93.69 69.78 2.9289759703807115e-29
20 93.69 73.24 0.004450178842022955
20 93.69 73.24 0.0018077519308667342
20 93.69 73.24 0.0019221685562151641
20 93.69 75.49 0.00045873607905419066
20 93.69 75.49 0.0017434936466729938
20 93.69 75.49 0.0021057158138234836
20 93.69 75.49 0.0032315792106146313
20 93.69 75.49 0.0006191977156404394
20 93.69 75.49 0.0025374420133222877
20 93.69 75.49 0.004284149987313992
20 93.69 79.17 1.48610774574289e-29
21 95.83 0.0 1.0795063392034528e-28
21 95.83 0.0 8.570704643103575e-28
21 95.83 0.0 1.3974945229474727e-28
21 95.83 0.0 1.9064850584745661e-28
21 95.83 0.0 6.415324537017305e-29
21 95.83 4.74 0.0572490746825523
21 95.83 4.74 0.015073842382087121
21 95.83 4.74 0.021363039022336355
21 95.83 10.25 2.291314747090822e-28
21 95.83 23.81 0.004135917589404494
21 95.83 23.81 0.0009485425032673539
21 95.83 23.81 0.0028875130697478112
21 95.83 23.81 0.001902312926363758
21 95.83 23.81 0.003858293240006379
21 95.83 23.81 0.00984922250972969
21 95.83 23.81 0.008041363200026248
21 95.83 35.04 4.578884138353953e-5
21 95.83 35.04 1.834036941421639e-5
21 95.83 35.04 1.3232191777390283e-5
21 95.83 38.2 0.017732128782678533
21 95.83 38.2 0.08275821562850808
21 95.83 38.2 0.045028977091230014
21 95.83 38.2 0.03786542535063217
21 95.83 38.2 0.040178853052496556
21 95.83 44.35 0.011184249587547185
21 95.83 44.35 0.015585041042052248
21 95.83 44.35 0.02612178740490586
21 95.83 44.35 0.00699280104557998
21 95.83 44.35 0.05791120498051814
21 95.83 44.35 0.04215680968750117
21 95.83 44.35 0.01839241230235815
21 95.83 45.57 0.002046965206556341
21 95.83 45.57 0.0015751123868599827
21 95.83 45.57 0.0010491925519093054
21 95.83 45.57 0.0010909199814271996
21 95.83 45.57 0.0015222185797561442
21 95.83 52.71 2.1667385169312475e-28
21 95.83 52.71 2.300828013626559e-28
21 95.83 52.71 1.967389507666048e-28
21 95.83 52.71 2.8978178320554076e-28
21 95.83 52.71 1.2553414842562191e-28
21 95.83 52.71 8.245751907846116e-29
21 95.83 52.71 1.5499617543877418e-28
21 95.83 55.57 5.469761359157814e-5
21 95.83 55.57 7.662188652436958e-5
21 95.83 55.57 0.0003976114483477784
21 95.83 59.62 6.101149630641308e-29
21 95.83 59.62 1.6982780960943142e-28
21 95.83 59.62 1.7880778597930136e-28
21 95.83 62.14 5.512402545325409e-29
21 95.83 62.14 6.956587686225521e-29
21 95.83 62.14 8.750091841442113e-29
21 95.83 62.14 2.4025063690372184e-28
21 95.83 62.14 5.566545008275275e-29
21 95.83 63.63 0.0021131904072549733
21 95.83 63.63 0.002153134504812598
21 95.83 63.63 0.0005012746643433512
21 95.83 65.44 0.0020356647877058736
21 95.83 65.44 0.00412617649474726
21 95.83 65.44 0.0006611227661713039
21 95.83 65.44 0.003557686772941099
21 95.83 65.44 0.0017987961358344297
21 95.83 67.63 0.010679568246998
21 95.83 67.63 0.03318342668581518
21 95.83 67.63 0.015521428732804283
21 95.83 67.63 0.008354615819102545
21 95.83 67.63 0.014272651109699644
21 95.83 67.63 0.013332538612720738
21 95.83 67.63 0.013539436941314691
21 95.83 71.1 3.478189194212788e-29
21 95.83 71.1 3.3653713003462346e-29
21 95.83 71.1 7.124239875266803e-28
21 95.83 73.35 7.94242217735707e-30
21 95.83 73.35 3.527818991563015e-29
21 95.83 73.35 8.529081447640362e-29
21 95.83 73.35 3.4757887795415663e-29
21 95.83 73.35 4.754507013191673e-29
21 95.83 73.35 1.8884662539402845e-29
21 95.83 73.35 2.836804014701982e-29
21 95.83 77.03 5.631228977270582e-30
22 95.83 0.0 1.7006629416242662e-28
22 95.83 0.0 4.260568776629767e-28
22 95.83 0.0 3.3643235141628213e-28
22 95.83 0.0 3.0287086453806407e-28
22 95.83 4.74 0.011081907031125734
22 95.83 4.74 0.0718511189078144
22 95.83 4.74 0.011017291976719381
22 95.83 10.25 4.5971061234047223e-29
22 95.83 23.81 0.002806428155056029
22 95.83 23.81 0.0038946958756054207
22 95.83 23.81 0.007450788432814067
22 95.83 23.81 0.006222974436457696
22 95.83 23.81 0.007438257416358521
22 95.83 23.81 0.0016188527508839308
22 95.83 23.81 0.003128780859423468
22 95.83 35.04 1.407340581826335e-5
22 95.83 35.04 4.2345767279474665e-5
22 95.83 35.04 1.8771885846307482e-5
22 95.83 38.2 0.024025634331099194
22 95.83 38.2 0.03777987056094291
22 95.83 38.2 0.04374400414856736
22 95.83 38.2 0.06132674541799844
22 95.83 38.2 0.05607400657466136
22 95.83 44.35 0.032099465921999436
22 95.83 44.35 0.01787364672127826
22 95.83 44.35 0.013069457095526833
22 95.83 44.35 0.014572185402762762
22 95.83 44.35 0.023632634475917798
22 95.83 44.35 0.007537972522369532
22 95.83 44.35 0.07071663148216015
22 95.83 45.57 0.0012688285149265427
22 95.83 45.57 0.001179890439813515
22 95.83 45.57 0.0009903548899014693
22 95.83 45.57 0.0014157144858750836
22 95.83 45.57 0.00249402050789558
22 95.83 52.71 3.8401252700636016e-29
22 95.83 52.71 2.673370821079401e-29
22 95.83 52.71 5.919112172814224e-29
22 95.83 52.71 3.96724401034791e-29
22 95.83 52.71 1.0744745495128938e-28
22 95.83 52.71 3.307605720002811e-29
22 95.83 52.71 5.669953311441553e-29
22 95.83 55.57 7.802882342888162e-5
22 95.83 55.57 0.00029643257845539004
22 95.83 55.57 0.0001537170680782917
22 95.83 59.62 3.2455710654545637e-28
22 95.83 59.62 5.245504493671967e-28
22 95.83 59.62 1.1420505966826453e-28
22 95.83 62.14 6.209454498249217e-29
22 95.83 62.14 1.3005317381689151e-28
22 95.83 62.14 2.882283972915131e-28
22 95.83 62.14 9.551256733614041e-29
22 95.83 62.14 8.135594099982277e-29
22 95.83 63.63 0.002660959476629244
22 95.83 63.63 0.0010979085499885739
22 95.83 63.63 0.0010031116584023384
22 95.83 65.44 0.004666130772203786
22 95.83 65.44 0.00013965016986591724
22 95.83 65.44 0.0023670371404207833
22 95.83 65.44 0.0024846678962004523
22 95.83 65.44 0.0026058038923034367
22 95.83 67.63 0.014286362824273915
22 95.83 67.63 0.021055962407477164
22 95.83 67.63 0.0342401636927714
22 95.83 67.63 0.004673550914371137
22 95.83 67.63 0.018131906510850802
22 95.83 67.63 0.0005423387594405952
22 95.83 67.63 0.014030548959440767
22 95.83 71.1 1.6921378143041737e-28
22 95.83 71.1 1.2197816644319728e-28
22 95.83 71.1 6.6894876562147985e-28
22 95.83 73.35 8.673945685343424e-31
22 95.83 73.35 1.5298135015330834e-28
22 95.83 73.35 3.4893423527990186e-29
22 95.83 73.35 8.937672940515782e-29
22 95.83 73.35 3.097223278050679e-29
22 95.83 73.35 1.0255134526578201e-29
22 95.83 73.35 1.1407252008017029e-29
22 95.83 77.03 1.3750035476279917e-30
23 95.83 0.0 1.7563212398986858e-29
23 95.83 0.0 1.2174583597258195e-29
23 95.83 0.0 1.1496693965037977e-28
23 95.83 4.74 0.03587130965004458
23 95.83 4.74 0.017959368270079726
23 95.83 4.74 0.040041677114638324
23 95.83 10.25 1.7793562180568116e-28
23 95.83 23.81 0.0037779180377536356
23 95.83 23.81 0.005808845522278938
23 95.83 23.81 0.0032269985678313844
23 95.83 23.81 0.007713730641990475
23 95.83 23.81 0.0029982213151478546
23 95.83 23.81 0.002329509000423178
23 95.83 23.81 0.004313085966133699
23 95.83 35.04 2.883366550367005e-5
23 95.83 35.04 2.1453322595883552e-5
23 95.83 35.04 2.653575959819614e-5
23 95.83 38.2 0.037995601712197534
23 95.83 38.2 0.013321735312965053
23 95.83 38.2 0.06787507736373956
23 95.83 38.2 0.059890131445247526
23 95.83 38.2 0.0440218010730576
23 95.83 44.35 0.020023692301727018
23 95.83 44.35 0.0390031762430072
23 95.83 44.35 0.0356838786858409
23 95.83 44.35 0.020250820951733358
23 95.83 44.35 0.01940314917622338
23 95.83 44.35 0.032173652826143276
23 95.83 44.35 0.014451677746795647
23 95.83 45.57 0.0011314075276107752
23 95.83 45.57 0.0015103219796314114
23 95.83 45.57 0.002651661582116624
23 95.83 45.57 0.0009045980898293806
23 95.83 45.57 0.001135242637277117
23 95.83 52.71 8.662197209940367e-29
23 95.83 52.71 3.2604520553768415e-29
23 95.83 52.71 1.994498400115605e-28
23 95.83 52.71 4.971903819975524e-29
23 95.83 52.71 7.213628992675826e-29
23 95.83 52.71 5.569398180776048e-30
23 95.83 52.71 6.03827313051195e-29
23 95.83 55.57 0.00020032968788346524
23 95.83 55.57 0.00018227320901516934
23 95.83 55.57 0.00014526388325302903
23 95.83 59.62 5.920519865826787e-29
23 95.83 59.62 6.609362323097537e-29
23 95.83 59.62 2.4345012220887388e-29
23 95.83 62.14 5.707538615483907e-30
23 95.83 62.14 4.489931758547338e-29
23 95.83 62.14 3.525126522066861e-29
23 95.83 62.14 6.466670452070529e-29
23 95.83 62.14 1.1869467205389488e-29
23 95.83 63.63 0.0012251028053186092
23 95.83 63.63 0.001396047182261012
23 95.83 63.63 0.0021396030086302527
23 95.83 65.44 0.0025989420204248154
23 95.83 65.44 0.0018539613400818107
23 95.83 65.44 0.003210669020242264
23 95.83 65.44 0.0007672557578932641
23 95.83 65.44 0.0038129630731325876
23 95.83 67.63 0.02586971783310827
23 95.83 67.63 0.003320376615975322
23 95.83 67.63 0.014881140550074447
23 95.83 67.63 0.01849513931525335
23 95.83 67.63 0.01596063273274845
23 95.83 67.63 0.020666690099435295
23 95.83 67.63 0.009283460110992134
23 95.83 71.1 2.0369180123924634e-29
23 95.83 71.1 5.440566790157153e-29
23 95.83 71.1 1.0443181660484794e-27
23 95.83 73.35 1.963026034866272e-30
23 95.83 73.35 4.465340595982502e-28
23 95.83 73.35 3.488734027987404e-29
23 95.83 73.35 2.1290702714467063e-29
23 95.83 73.35 1.61314321370906e-29
23 95.83 73.35 2.8183548689361945e-30
23 95.83 73.35 2.3038375772455074e-30
23 95.83 77.03 2.7058001027350095e-30
24 95.83 0.0 1.621177576880152e-29
24 95.83 0.0 3.2649979809704924e-29
24 95.83 4.74 0.010348671179649037
24 95.83 4.74 0.027658188108303124
24 95.83 4.74 0.055827877439445756
24 95.83 10.25 6.471935950337686e-29
24 95.83 23.81 0.0063379318759348175
24 95.83 23.81 0.00653444515717593
24 95.83 23.81 0.007420342855271574
24 95.83 23.81 0.003069848875486688
24 95.83 23.81 0.003747894191755834
24 95.83 23.81 0.0015978520439916045
24 95.83 23.81 0.003068829495731355
24 95.83 35.04 8.719031550648396e-6
24 95.83 35.04 2.812241756579325e-5
24 95.83 35.04 3.934761488376966e-5
24 95.83 38.2 0.06562754555263198
24 95.83 38.2 0.022611753676517972
24 95.83 38.2 0.034244384500315264
24 95.83 38.2 0.04718697108710211
24 95.83 38.2 0.05260255586913892
24 95.83 44.35 0.027708472164457997
24 95.83 44.35 0.025996749064695627
24 95.83 44.35 0.024844647732623806
24 95.83 44.35 0.06290137437121243
24 95.83 44.35 0.013508693959148044
24 95.83 44.35 0.013590950783020863
24 95.83 44.35 0.012367220589973603
24 95.83 45.57 0.0012184879263717197
24 95.83 45.57 0.0005463752129086095
24 95.83 45.57 0.001874899218213579
24 95.83 45.57 0.0021244670073192985
24 95.83 45.57 0.0015668715358490696
24 95.83 52.71 4.070364707760595e-29
24 95.83 52.71 2.0545246715923476e-29
24 95.83 52.71 1.493673736997132e-28
24 95.83 52.71 2.8468808170043166e-29
24 95.83 52.71 2.757476989282986e-29
24 95.83 52.71 2.3366182823215e-29
24 95.83 52.71 3.699862189150032e-29
24 95.83 55.57 0.00036752457508641744
24 95.83 55.57 6.783517153669897e-5
24 95.83 55.57 8.902885281587088e-5
24 95.83 59.62 1.7713898070305578e-29
24 95.83 59.62 3.2406168884696805e-29
24 95.83 59.62 2.1945609084428157e-29
24 95.83 62.14 2.2399608940287098e-29
24 95.83 62.14 6.035323533084487e-29
24 95.83 62.14 1.206456898346868e-28
24 95.83 62.14 6.066977870493086e-29
24 95.83 62.14 2.964544927072244e-29
24 95.83 63.63 0.0010442821767826119
24 95.83 63.63 0.0012042993591205092
24 95.83 63.63 0.002512173621580497
24 95.83 65.44 0.001570370640102434
24 95.83 65.44 0.004569328548246071
24 95.83 65.44 0.0022217891606749244
24 95.83 65.44 0.0025088786002655204
24 95.83 65.44 0.0014451992732619303
24 95.83 67.63 0.015244649646982262
24 95.83 67.63 0.0035982633844736447
24 95.83 67.63 0.005097590704809663
24 95.83 67.63 0.03612460810553718
24 95.83 67.63 0.012942579601962897
24 95.83 67.63 0.022055490806226045
24 95.83 67.63 0.008612596687305693
24 95.83 71.1 2.531452687583014e-29
24 95.83 71.1 1.76070274221526e-28
24 95.83 71.1 7.046070229712074e-28
24 95.83 73.35 2.00718834123415e-30
24 95.83 73.35 2.3300622180124223e-28
24 95.83 73.35 3.235546421375994e-29
24 95.83 73.35 1.5423901397157533e-29
24 95.83 73.35 4.201058952720862e-29
24 95.83 73.35 3.384860671423975e-30
24 95.83 73.35 4.5265082285994776e-30
24 95.83 77.03 2.3477682069349046e-29
25 95.83 0.0 1.4503525181483695e-28
25 95.83 4.74 0.04128548224356403
25 95.83 4.74 0.02447927719498767
25 95.83 4.74 0.02813756909984768
25 95.83 10.25 1.1089421146999316e-28
25 95.83 23.81 0.005394754958196135
25 95.83 23.81 0.005055975611416418
25 95.83 23.81 0.001286023971820682
25 95.83 23.81 0.003386373305969485
25 95.83 23.81 0.004143377099668171
25 95.83 23.81 0.0068243936408535774
25 95.83 23.81 0.0037146091027171453
25 95.83 35.04 2.959700749748181e-5
25 95.83 35.04 1.6976077805830468e-5
25 95.83 35.04 2.9586093481642882e-5
25 95.83 38.2 0.07753751690964666
25 95.83 38.2 0.06421546394770078
25 95.83 38.2 0.033823659538069886
25 95.83 38.2 0.01572537667655665
25 95.83 38.2 0.030868893733825637
25 95.83 44.35 0.03760067183958704
25 95.83 44.35 0.029657338593195998
25 95.83 44.35 0.029531752304428446
25 95.83 44.35 0.02406559120081274
25 95.83 44.35 0.014406978157786483
25 95.83 44.35 0.032878846197455194
25 95.83 44.35 0.013526683579967
25 95.83 45.57 0.0015959185993140025
25 95.83 45.57 0.0024804768449646283
25 95.83 45.57 0.0008110945331075219
25 95.83 45.57 0.0018062248802659785
25 95.83 45.57 0.0005848837987216139
25 95.83 52.71 4.026654703288322e-29
25 95.83 52.71 4.594653947302372e-29
25 95.83 52.71 1.505716354771579e-28
25 95.83 52.71 5.223130677116885e-29
25 95.83 52.71 6.555019582684026e-29
25 95.83 52.71 3.543664645475193e-29
25 95.83 52.71 2.641282991598499e-29
25 95.83 55.57 0.00017638330551316322
25 95.83 55.57 0.0002557752022939046
25 95.83 55.57 0.00010002148137583226
25 95.83 59.62 4.6940176378289056e-29
25 95.83 59.62 1.266970778832031e-28
25 95.83 59.62 5.509101707686784e-29
25 95.83 62.14 4.916824387292227e-29
25 95.83 62.14 1.4458197394291776e-28
25 95.83 62.14 1.509744140215288e-28
25 95.83 62.14 2.270652666186038e-29
25 95.83 62.14 5.704147293530435e-29
25 95.83 63.63 0.000938328759869472
25 95.83 63.63 0.002092897523076141
25 95.83 63.63 0.0017274507959331338
25 95.83 65.44 0.0013063837420463085
25 95.83 65.44 0.001596170212134082
25 95.83 65.44 0.0039020304926642817
25 95.83 65.44 0.002905383613688381
25 95.83 65.44 0.0025602015093226516
25 95.83 67.63 0.01023688662900771
25 95.83 67.63 0.015407203880982673
25 95.83 67.63 0.0072744464762356745
25 95.83 67.63 0.009396624424299279
25 95.83 67.63 0.015136906483692808
25 95.83 67.63 0.019085405379730084
25 95.83 67.63 0.030765649011852393
25 95.83 71.1 1.0423298819720065e-28
25 95.83 71.1 9.42987362347668e-29
25 95.83 71.1 4.941271861402043e-28
25 95.83 73.35 1.954903892669787e-30
25 95.83 73.35 1.7465124769294337e-28
25 95.83 73.35 1.52091668078069e-29
25 95.83 73.35 5.100817097697919e-29
25 95.83 73.35 1.6449415477621607e-29
25 95.83 73.35 1.1803031161326592e-29
25 95.83 73.35 3.582212509443666e-30
25 95.83 77.03 5.243495808512802e-32
