translational analysis ortho
#nmax= 4 NR= 11 Ntheta= 11 Nphi= 11
#jmax= 4 Nalpha= 11 Nphi= 11 Nchi= 11
23.565899200404733
1 92.09423955738453 0.9299436177275981
2 153.4903992623075 0.01910083193076125
3 153.4903992623075 0.02718124615750783
4 153.49039926230753 0.02050959216539717

23.56589920040564
1 92.09423955738453 0.9299436177276038
2 153.4903992623075 0.025301929872363026
3 153.4903992623075 0.02296182845277962
4 153.49039926230753 0.018527911928524037

23.565899200406115
1 92.09423955738453 0.9299436177276033
2 153.4903992623075 0.022142769969227996
3 153.4903992623075 0.017166277099892782
4 153.49039926230753 0.02748262318454594

39.737357919325945
1 92.09423955738453 0.8481871509924805
2 153.4903992623075 0.038694388575388615
3 153.4903992623075 0.06681784938003404
4 153.49039926230753 0.03815887102006443

39.73735791932873
1 92.09423955738453 0.8481871509924943
2 153.4903992623075 0.0396763294098945
3 153.4903992623075 0.06794287255791252
4 153.49039926230753 0.03605190700768195

39.737357919329874
1 92.09423955738453 0.8481871509925012
2 153.4903992623075 0.06536873887823252
4 153.49039926230753 0.06935074222696863

69.37894363860748
1 92.09423955738453 0.4927790696817011
2 153.4903992623075 0.11028299540256567
3 153.4903992623075 0.11869160228892058
4 153.49039926230753 0.2394283746036324

69.37894363861083
1 92.09423955738453 0.4927790696817116
2 153.4903992623075 0.15549009387302218
3 153.4903992623075 0.13818427179548684
4 153.49039926230753 0.17472860662661804

69.3789436386134
1 92.09423955738453 0.4927790696817161
2 153.4903992623075 0.21269735644108118
3 153.4903992623075 0.19313575283312576
4 153.49039926230753 0.06256986302092367
5 214.8865589672305 0.012881069698711998

69.37894363861416
1 92.09423955738453 0.49277906968171514
2 153.4903992623075 0.15948804099793285
3 153.4903992623075 0.1132355098315886
4 153.49039926230753 0.19567942146561718
9 214.88655896723057 0.010254207328668918

69.37894363861575
1 92.09423955738453 0.49277906968171603
2 153.4903992623075 0.16210388304107226
3 153.4903992623075 0.21699712018215778
4 153.49039926230753 0.08930196907190445
8 214.8865589672305 0.012138685732029817

86.2062605719004
2 153.4903992623075 0.3183740135974027
3 153.4903992623075 0.31837401359739537
4 153.49039926230753 0.31837401359740725

88.56649960162495
1 92.09423955738453 0.13801377337468565
2 153.4903992623075 0.3378506115196383
3 153.4903992623075 0.3037738124359658
4 153.49039926230753 0.121068171212153
5 214.8865589672305 0.012133208916504561
6 214.8865589672305 0.013040119927524322
7 214.8865589672305 0.013209269736486545
8 214.8865589672305 0.012133208916504368
9 214.88655896723057 0.013455190137172267
10 214.88655896723057 0.02880184941336071

88.56649960162758
1 92.09423955738453 0.1380137733746871
2 153.4903992623075 0.04789186435259611
3 153.4903992623075 0.3652617214768788
4 153.49039926230753 0.3495390093382895
5 214.8865589672305 0.013267288397606733
6 214.8865589672305 0.013345332516365278
7 214.8865589672305 0.011769977666543457
8 214.8865589672305 0.013267288397606658
9 214.88655896723057 0.012321110656070312
10 214.88655896723057 0.028801849413361162

88.5664996016277
1 92.09423955738453 0.13801377337468634
2 153.4903992623075 0.3756099545582674
3 153.4903992623075 0.1036253427356583
4 153.49039926230753 0.2834572978738384
5 214.8865589672305 0.012939273174033232
6 214.8865589672305 0.012046626514873829
7 214.8865589672305 0.013396698891608532
8 214.8865589672305 0.012939273174033249
9 214.88655896723057 0.01264912587964388
10 214.88655896723057 0.02880184941336153

93.68856354924024
1 92.09423955738453 0.07860338741259783
2 153.4903992623075 0.28274560903037754
3 153.4903992623075 0.2172807043813614
4 153.49039926230753 0.2486104987683498
5 214.8865589672305 0.017833516094324084
6 214.8865589672305 0.05169284581002654
7 214.8865589672305 0.020865142350185124
8 214.8865589672305 0.04260108407944411
9 214.88655896723057 0.02386392609562601

93.6885635492425
1 92.09423955738453 0.07860338741259965
2 153.4903992623075 0.14786365197159385
3 153.4903992623075 0.22267645520818113
4 153.49039926230753 0.3780967050003269
5 214.8865589672305 0.017286860988816568
6 214.8865589672305 0.05495769233802428
7 214.8865589672305 0.024095366734021153
8 214.8865589672305 0.021329167344528135
9 214.88655896723057 0.039187427024217805

93.68856354924252
1 92.09423955738453 0.07860338741259915
2 153.4903992623075 0.24285126183530545
3 153.4903992623075 0.22594052945596865
4 153.49039926230753 0.2798450208888246
5 214.8865589672305 0.03594492566652644
6 214.8865589672305 0.013726631564918174
7 214.8865589672305 0.021096429284601495
8 214.8865589672305 0.02905203760673455
9 214.88655896723057 0.05703649030682621

93.68856354924338
1 92.09423955738453 0.07860338741259812
2 153.4903992623075 0.11663584340786762
3 153.4903992623075 0.45355400397604495
4 153.49039926230753 0.1784469647961775
5 214.8865589672305 0.05966946659369611
7 214.8865589672305 0.07125970456392215
8 214.8865589672305 0.0105636357225236

93.6885635492448
1 92.09423955738453 0.07860338741259708
2 153.4903992623075 0.36275013747791096
3 153.4903992623075 0.19462369301571003
4 153.49039926230753 0.19126298168646882
5 214.8865589672305 0.021291100044110056
6 214.8865589672305 0.025140961411355082
7 214.8865589672305 0.021667863359550288
8 214.8865589672305 0.05452476970264578
9 214.88655896723057 0.034231819911946355

95.83267940127502
1 92.09423955738453 0.4806862694009797
2 153.4903992623075 0.18338109063238353
3 153.4903992623075 0.13036400201342474
4 153.49039926230753 0.14523742927160477
5 214.8865589672305 0.0141870963596579
6 214.8865589672305 0.011190892144547807
9 214.88655896723057 0.012108880853937992

95.83267940127837
1 92.09423955738453 0.4806862694009805
2 153.4903992623075 0.19306939967377115
3 153.4903992623075 0.14689069787053505
4 153.49039926230753 0.11902242437311493
6 214.8865589672305 0.010653635163702959
8 214.8865589672305 0.016695906671264745
9 214.88655896723057 0.010521387337939603

95.83267940127925
1 92.09423955738453 0.48068626940098563
2 153.4903992623075 0.12715082032245076
3 153.4903992623075 0.11395299349801147
4 153.49039926230753 0.2178787080969616
6 214.8865589672305 0.01824369287685679
7 214.8865589672305 0.013612384762528323

95.83267940128017
1 92.09423955738453 0.4806862694009861
2 153.4903992623075 0.06714847053815859
3 153.4903992623075 0.21808652516494373
4 153.49039926230753 0.17374752621432363
5 214.8865589672305 0.010319145963459134
7 214.8865589672305 0.01378092412451494
9 214.88655896723057 0.011954471700171772

95.83267940128059
1 92.09423955738453 0.4806862694009803
2 153.4903992623075 0.19305966354172313
3 153.4903992623075 0.15826853403660238
4 153.49039926230753 0.10765432433908889
5 214.8865589672305 0.014476739775456982
7 214.8865589672305 0.011101542537312775
8 214.8865589672305 0.010821557319872206
9 214.88655896723057 0.010975470789694398

100.57531615251673
1 92.09423955738453 0.0470117537380008
2 153.4903992623075 0.18366873896170183
3 153.4903992623075 0.3125552077316949
4 153.49039926230753 0.24017642421360108
5 214.8865589672305 0.02218659185006931
6 214.8865589672305 0.02693377877467037
7 214.8865589672305 0.01848036011297026
8 214.8865589672305 0.022186591850068747
9 214.88655896723057 0.022880561975070948
10 214.88655896723057 0.08883571826426384

100.57531615252147
1 92.09423955738453 0.04701175373800133
2 153.4903992623075 0.223576821027601
3 153.4903992623075 0.2251997654536231
4 153.49039926230753 0.2876237844257872
5 214.8865589672305 0.025298574078258106
6 214.8865589672305 0.021204301250754905
7 214.8865589672305 0.02109785540869852
8 214.8865589672305 0.025298574078257186
9 214.88655896723057 0.019768579746883636
10 214.88655896723057 0.0888357182642634

100.57531615252486
1 92.09423955738453 0.04701175373800174
2 153.4903992623075 0.3299634559963247
3 153.4903992623075 0.19735592336710273
4 153.49039926230753 0.20908099154358778
5 214.8865589672305 0.020147101488242475
6 214.8865589672305 0.019378076538774134
7 214.8865589672305 0.02807555271069544
8 214.8865589672305 0.020147101488241986
9 214.88655896723057 0.024920052336898948
10 214.88655896723057 0.08883571826426427

106.08578529275455
2 153.4903992623075 0.32460180508546044
3 153.4903992623075 0.32460180508546843
4 153.49039926230753 0.3246018050854917

119.64263487479957
1 92.09423955738453 0.1811512788389086
2 153.4903992623075 0.12619388684164437
3 153.4903992623075 0.18451511824030978
4 153.49039926230753 0.16316217023758608
5 214.8865589672305 0.054882861679598736
6 214.8865589672305 0.06004148749383057
7 214.8865589672305 0.07604228587810583
8 214.8865589672305 0.061979263507010614
9 214.88655896723057 0.05889710894622774

119.6426348748038
1 92.09423955738453 0.18115127883891483
2 153.4903992623075 0.10785106463557054
3 153.4903992623075 0.18407023982534737
4 153.49039926230753 0.18194987085863185
5 214.8865589672305 0.057530559119354
6 214.8865589672305 0.05034833728493063
7 214.8865589672305 0.09255775080774706
8 214.8865589672305 0.0394399010468122
9 214.88655896723057 0.07196645924593295

119.64263487480437
1 92.09423955738453 0.1811512788389067
2 153.4903992623075 0.053711851209364066
3 153.4903992623075 0.2098365696590587
4 153.49039926230753 0.21032275445112314
5 214.8865589672305 0.0345762238474031
6 214.8865589672305 0.03073310586676388
7 214.8865589672305 0.13593556977599816
8 214.8865589672305 0.02898925405871291
9 214.88655896723057 0.08160885395590342

119.64263487480457
1 92.09423955738453 0.1811512788389116
2 153.4903992623075 0.1703182264408976
3 153.4903992623075 0.1358959933245865
4 153.49039926230753 0.16765695555406804
5 214.8865589672305 0.05876459394383881
6 214.8865589672305 0.06861154396557159
7 214.8865589672305 0.04042272916485296
8 214.8865589672305 0.06050905169378659
9 214.88655896723057 0.08353508873673081

119.64263487480461
1 92.09423955738453 0.1811512788389114
2 153.4903992623075 0.17631180232000918
3 153.4903992623075 0.190826780685505
4 153.49039926230753 0.10673259231403422
5 214.8865589672305 0.10465514235677044
6 214.8865589672305 0.04755211385670632
7 214.8865589672305 0.044235499445074156
8 214.8865589672305 0.07790362925151734
9 214.88655896723057 0.03749662259470857

119.64263487480723
1 92.09423955738453 0.18115127883891766
2 153.4903992623075 0.2190107842651741
3 153.4903992623075 0.09443210153755287
4 153.49039926230753 0.16042828951682006
5 214.8865589672305 0.04962492802413499
6 214.8865589672305 0.10313118129239551
7 214.8865589672305 0.03677996246039481
8 214.8865589672305 0.0689266917553354
9 214.88655896723057 0.053380243972511995

119.64263487480737
1 92.09423955738453 0.18115127883891097
2 153.4903992623075 0.21867769357175285
3 153.4903992623075 0.10956186158930133
4 153.49039926230753 0.14563162015849251
5 214.8865589672305 0.059625247733265455
6 214.8865589672305 0.07242982137672616
7 214.8865589672305 0.022107453354774702
8 214.8865589672305 0.08459269402050741
9 214.88655896723057 0.0730877910195048

130.86968702255896
2 153.4903992623075 0.18728088659223346
3 153.4903992623075 0.16123722061327683
4 153.49039926230753 0.16721313037921148
5 214.8865589672305 0.018612331587920413
6 214.8865589672305 0.02209386816295656
8 214.8865589672305 0.018612331587921475
9 214.88655896723057 0.01313910316057441
10 214.88655896723057 0.3602255781886462
18 276.2827186721535 0.012555793371273785
20 276.2827186721536 0.011449711369762056

130.86968702255933
2 153.4903992623075 0.16653976754970704
3 153.4903992623075 0.16636799796310564
4 153.49039926230753 0.18282347207191074
6 214.8865589672305 0.01910470170940186
7 214.8865589672305 0.019004629566147468
9 214.88655896723057 0.02223361390130295
10 214.88655896723057 0.36022557818865114
17 276.2827186721535 0.011574344193112884
18 276.2827186721535 0.01160613705069815

130.86968702256075
2 153.4903992623075 0.16101147722172068
3 153.4903992623075 0.18818880378188158
4 153.49039926230753 0.16653095658111738
5 214.8865589672305 0.01900976279448927
7 214.8865589672305 0.022225385187991206
8 214.8865589672305 0.019009762794489484
9 214.88655896723057 0.012741671954005414
10 214.88655896723057 0.36022557818864887
17 276.2827186721535 0.01259757624821434
20 276.2827186721536 0.01157597501656007

134.02871155254428
1 92.09423955738453 0.30843683552340884
2 153.4903992623075 0.2155525425346799
3 153.4903992623075 0.23569892230019282
4 153.49039926230753 0.21200433431888835

134.02871155254647
1 92.09423955738453 0.3084368355234173
2 153.4903992623075 0.09851469916258326
3 153.4903992623075 0.271345620978664
4 153.49039926230753 0.29339547901251156

134.02871155254925
1 92.09423955738453 0.30843683552341405
2 153.4903992623075 0.36015582963064563
3 153.4903992623075 0.15955774926382008
4 153.49039926230753 0.1435422202592992

134.02871155254965
1 92.09423955738453 0.308436835523414
2 153.4903992623075 0.2151756152329718
3 153.4903992623075 0.23010181555559234
4 153.49039926230753 0.21797836836519868

134.02871155255028
1 92.09423955738453 0.3084368355234113
2 153.4903992623075 0.21393191144580073
3 153.4903992623075 0.20932921054499795
4 153.49039926230753 0.23999467716296038

140.1804193451164
1 92.09423955738453 0.6728822492789883
5 214.8865589672305 0.046997489711956296
6 214.8865589672305 0.05317181295032849
7 214.8865589672305 0.028455487745322482
8 214.8865589672305 0.08686349757271655
9 214.88655896723057 0.05180840215824432

140.18041934511993
1 92.09423955738453 0.672882249278995
5 214.8865589672305 0.08095326298236158
6 214.8865589672305 0.05024142616158705
7 214.8865589672305 0.027136037738276338
8 214.8865589672305 0.06939392700423305
9 214.88655896723057 0.039572036252108686

140.18041934512004
1 92.09423955738453 0.6728822492789993
2 153.4903992623075 0.010406684154670713
5 214.8865589672305 0.012175647864962919
6 214.8865589672305 0.04953920017036436
7 214.8865589672305 0.08493637756453379
8 214.8865589672305 0.04468158519097882
9 214.88655896723057 0.07596387934772873

140.18041934512092
1 92.09423955738453 0.6728822492789952
2 153.4903992623075 0.010901386401050903
5 214.8865589672305 0.0440177782691189
6 214.8865589672305 0.03496341609626109
7 214.8865589672305 0.09328918271843895
8 214.8865589672305 0.027275975172786973
9 214.88655896723057 0.0677503378819597
14 276.2827186721535 0.011084313555969514

140.1804193451214
1 92.09423955738453 0.6728822492789949
3 153.4903992623075 0.010382170447798047
5 214.8865589672305 0.03401533598716997
6 214.8865589672305 0.09335018575838683
7 214.8865589672305 0.046328165079925474
8 214.8865589672305 0.042040213474342204
9 214.88655896723057 0.05156278983874563

140.18041934512226
1 92.09423955738453 0.6728822492789984
5 214.8865589672305 0.07612295477201708
6 214.8865589672305 0.05040965978229621
7 214.8865589672305 0.06027534052687839
8 214.8865589672305 0.03155819912241904
9 214.88655896723057 0.04893053593495975

140.18041934512266
1 92.09423955738453 0.6728822492789988
5 214.8865589672305 0.07617539053684708
6 214.8865589672305 0.0426970944668542
7 214.8865589672305 0.03696812558277449
8 214.8865589672305 0.07059285924002004
9 214.88655896723057 0.040863220312072346

141.40114483383832
1 92.09423955738453 0.37528204243762725
2 153.4903992623075 0.03740028505283061
3 153.4903992623075 0.0547516850703885
4 153.49039926230753 0.039546006678180264
5 214.8865589672305 0.09393889615408663
6 214.8865589672305 0.051090248533838103
7 214.8865589672305 0.07735789071228752
8 214.8865589672305 0.06952245930412397
9 214.88655896723057 0.1388192284910016

141.40114483384193
1 92.09423955738453 0.3752820424376263
2 153.4903992623075 0.03128649903370097
3 153.4903992623075 0.048585345398485545
4 153.49039926230753 0.05182613236921709
5 214.8865589672305 0.1534493640534336
6 214.8865589672305 0.13482247001831837
7 214.8865589672305 0.02879289926955281
8 214.8865589672305 0.05704784545399006
9 214.88655896723057 0.05661614440005368

141.40114483384377
1 92.09423955738453 0.3752820424376355
2 153.4903992623075 0.05885201270247589
3 153.4903992623075 0.03850974489011597
4 153.49039926230753 0.03433621920881028
5 214.8865589672305 0.08256984106881637
6 214.8865589672305 0.0617654246753088
7 214.8865589672305 0.01715555975078653
8 214.8865589672305 0.06958867160482808
9 214.88655896723057 0.19964922609560803
14 276.2827186721535 0.010107848553353173

141.4011448338454
1 92.09423955738453 0.37528204243762814
2 153.4903992623075 0.03962592282824217
3 153.4903992623075 0.042879601261695315
4 153.49039926230753 0.04919245271146563
5 214.8865589672305 0.03274488277567678
6 214.8865589672305 0.11574346028406164
7 214.8865589672305 0.11462155271393375
8 214.8865589672305 0.14909173407234083
9 214.88655896723057 0.01852709334933549

141.40114483384576
1 92.09423955738453 0.37528204243763214
2 153.4903992623075 0.05253060537147111
3 153.4903992623075 0.03463165481699651
4 153.49039926230753 0.0445357166129363
5 214.8865589672305 0.06956487637036494
6 214.8865589672305 0.0655758281683049
7 214.8865589672305 0.19486209734419538
8 214.8865589672305 0.08358315192906943
9 214.88655896723057 0.017142769383410698

148.54515274757054
2 153.4903992623075 0.05408938723449264
3 153.4903992623075 0.04414365013192989
4 153.49039926230753 0.02931656533769834
5 214.8865589672305 0.27271989040567907
6 214.8865589672305 0.06526439169963259
7 214.8865589672305 0.13160161506715204
8 214.8865589672305 0.1279284647413328
9 214.88655896723057 0.08522303583419907
11 276.2827186721535 0.05858959369459021
12 276.2827186721535 0.040233024647887417
13 276.2827186721535 0.013025431408792905
15 276.2827186721535 0.01057103672996996
16 276.2827186721535 0.011568769325122866
19 276.2827186721536 0.023513118522383615

148.54515274757168
2 153.4903992623075 0.04035774873252352
3 153.4903992623075 0.04746052369402441
4 153.49039926230753 0.03973133027757203
5 214.8865589672305 0.13634148830737472
6 214.8865589672305 0.09594239647991608
7 214.8865589672305 0.18614492156758614
8 214.8865589672305 0.15739815685254968
9 214.88655896723057 0.10691043454056655
11 276.2827186721535 0.01247853818365786
12 276.2827186721535 0.017178011168158192
13 276.2827186721535 0.015527508470955444
14 276.2827186721535 0.03850780518642276
15 276.2827186721535 0.027545658843716393
16 276.2827186721535 0.039092578482898925
19 276.2827186721536 0.013449188533905374

148.54515274757182
2 153.4903992623075 0.048077574304535804
3 153.4903992623075 0.047347315285690854
4 153.49039926230753 0.03212471311389534
5 214.8865589672305 0.19398770827275727
6 214.8865589672305 0.10632317939201223
7 214.8865589672305 0.13634528058315756
8 214.8865589672305 0.1721286727680829
9 214.88655896723057 0.07395255673198749
12 276.2827186721535 0.011238456256240122
13 276.2827186721535 0.015355400534853162
14 276.2827186721535 0.01980764735275397
15 276.2827186721535 0.0374218513521681
16 276.2827186721535 0.05603325054942568
19 276.2827186721536 0.015306767305968855

148.5451527475727
2 153.4903992623075 0.03769403167485443
3 153.4903992623075 0.047719651459703714
4 153.49039926230753 0.04213591956956262
5 214.8865589672305 0.09504872192082783
6 214.8865589672305 0.15861953640241602
7 214.8865589672305 0.13695862369230616
8 214.8865589672305 0.17555387072773618
9 214.88655896723057 0.11655664500470729
11 276.2827186721535 0.03626530167553733
12 276.2827186721535 0.0208687923226464
13 276.2827186721535 0.0214734707098998
15 276.2827186721535 0.034258471131186526
19 276.2827186721536 0.032065453896174434

148.54515274757279
2 153.4903992623075 0.039302019279883506
3 153.4903992623075 0.05466220039553414
4 153.49039926230753 0.033585383028703016
5 214.8865589672305 0.13349221153884558
6 214.8865589672305 0.08198160219182915
7 214.8865589672305 0.16745653004861352
8 214.8865589672305 0.21892588422130138
9 214.88655896723057 0.08088116974740411
11 276.2827186721535 0.027898174484590373
12 276.2827186721535 0.02454745046271007
14 276.2827186721535 0.04053027697226062
15 276.2827186721535 0.021022395065373806
16 276.2827186721535 0.034649128435321856
19 276.2827186721536 0.011222211702421336

148.54515274757307
2 153.4903992623075 0.030583259389461513
3 153.4903992623075 0.04349500138038454
4 153.49039926230753 0.05347134193427532
5 214.8865589672305 0.07971590837566894
6 214.8865589672305 0.15024414091964194
7 214.8865589672305 0.13628991992375356
8 214.8865589672305 0.0999770520126429
9 214.88655896723057 0.21651037651628977
11 276.2827186721535 0.013679823601244024
12 276.2827186721535 0.023295968764604064
13 276.2827186721535 0.023579109545282858
14 276.2827186721535 0.01766123590631909
15 276.2827186721535 0.026947373655011292
16 276.2827186721535 0.013863919201130795
19 276.2827186721536 0.04475185819612247

148.54515274757455
2 153.4903992623075 0.05041816703481592
3 153.4903992623075 0.013584796474832093
4 153.49039926230753 0.06354663919447359
5 214.8865589672305 0.044998161733182024
6 214.8865589672305 0.28503298550208644
7 214.8865589672305 0.042327732283406146
8 214.8865589672305 0.04167498147865159
9 214.88655896723057 0.2687035367506757
12 276.2827186721535 0.022791661935453247
13 276.2827186721535 0.06849652794127987
14 276.2827186721535 0.026170461775452982
19 276.2827186721536 0.023918590752809155

151.4072356329112
2 153.4903992623075 0.05947777255156987
3 153.4903992623075 0.03480260782762737
4 153.49039926230753 0.05763662986378913
5 214.8865589672305 0.17645268824539875
6 214.8865589672305 0.09852035271909165
7 214.8865589672305 0.18273649358938998
8 214.8865589672305 0.17645268824539403
9 214.88655896723057 0.1286870014571898

151.40723563291172
2 153.4903992623075 0.024812036886475642
3 153.4903992623075 0.06386926537626383
4 153.49039926230753 0.0632357079802459
5 214.8865589672305 0.19556229730676639
6 214.8865589672305 0.19772462365834176
7 214.8865589672305 0.06442261358876794
8 214.8865589672305 0.19556229730676997
9 214.88655896723057 0.10957739239582595
18 276.2827186721535 0.010165142985199896
20 276.2827186721536 0.010054059432677362

151.4072356329181
2 153.4903992623075 0.0674520740118427
3 153.4903992623075 0.05371869572596057
4 153.49039926230753 0.030746240505183788
5 214.8865589672305 0.08467600332283373
6 214.8865589672305 0.16308081020675386
7 214.8865589672305 0.20995272102430398
8 214.8865589672305 0.08467600332284156
9 214.88655896723057 0.22046368637974592
17 276.2827186721535 0.010793327761747119

155.45338146304783
2 153.4903992623075 0.03693792747722613
3 153.4903992623075 0.04242911213250298
4 153.49039926230753 0.04033943690839117
10 214.88655896723057 0.6749961432821538
17 276.2827186721535 0.04332125828810229
18 276.2827186721535 0.07597768441667842
20 276.2827186721536 0.06355025229176124

155.45338146304954
2 153.4903992623075 0.04277743621713624
3 153.4903992623075 0.04091371349400034
4 153.49039926230753 0.03601532680698464
10 214.88655896723057 0.6749961432821558
17 276.2827186721535 0.07804919001207244
18 276.2827186721535 0.0669655118527859
20 276.2827186721536 0.037834493131683966

155.45338146305025
2 153.4903992623075 0.04006265533548201
3 153.4903992623075 0.03630845285516733
4 153.49039926230753 0.043335368327471604
10 214.88655896723057 0.6749961432821636
17 276.2827186721535 0.06190421458642081
18 276.2827186721535 0.03957773247616886
20 276.2827186721536 0.08136724793395071

157.97232536704638
2 153.4903992623075 0.03826822825448394
3 153.4903992623075 0.04001472044213723
4 153.49039926230753 0.03862060435847501
5 214.8865589672305 0.21669201568507404
6 214.8865589672305 0.1264464289412676
7 214.8865589672305 0.18220298079007757
8 214.8865589672305 0.04104352582775859
9 214.88655896723057 0.07645702332817714
10 214.88655896723057 0.01002042123710792
11 276.2827186721535 0.024254674708293036
12 276.2827186721535 0.01172433362888956
13 276.2827186721535 0.015393542149244314
14 276.2827186721535 0.02375235822448838
15 276.2827186721535 0.022779990901925912
16 276.2827186721535 0.024254674708292883
17 276.2827186721535 0.020021476255249124
18 276.2827186721535 0.029590378350096536
19 276.2827186721536 0.021433595391884667
20 276.2827186721536 0.021952118982136587

157.97232536704666
2 153.4903992623075 0.03746267051333963
3 153.4903992623075 0.04005311588036091
4 153.49039926230753 0.03938776666139603
5 214.8865589672305 0.1875103093269458
6 214.8865589672305 0.09762523740362154
7 214.8865589672305 0.18159630348480488
8 214.8865589672305 0.047808047638203975
9 214.88655896723057 0.12830207671878086
10 214.88655896723057 0.010020421237107283
11 276.2827186721535 0.01798056437122668
12 276.2827186721535 0.015413334182595512
13 276.2827186721535 0.01615532056325945
14 276.2827186721535 0.028473321952750066
15 276.2827186721535 0.02420646600373013
16 276.2827186721535 0.01798056437122674
17 276.2827186721535 0.015607884707988623
18 276.2827186721535 0.02980074412891653
19 276.2827186721536 0.023383598268230905
20 276.2827186721536 0.026155344750574988

157.97232536704675
2 153.4903992623075 0.03639690432123773
3 153.4903992623075 0.03916321859458814
4 153.49039926230753 0.04134343013927072
5 214.8865589672305 0.05868257909818669
6 214.8865589672305 0.18127324615482665
7 214.8865589672305 0.19350446964024415
8 214.8865589672305 0.07684594892598406
9 214.88655896723057 0.13253573075311634
10 214.88655896723057 0.010020421237107467
12 276.2827186721535 0.017507510528096213
13 276.2827186721535 0.021630426560973554
14 276.2827186721535 0.03965898558314849
15 276.2827186721535 0.016364272735942813
18 276.2827186721535 0.024925062426914738
19 276.2827186721536 0.03640678366106742
20 276.2827186721536 0.03687028094241727

157.9723253670475
2 153.4903992623075 0.040585422063813346
3 153.4903992623075 0.04043234566450068
4 153.49039926230753 0.03588578532678344
5 214.8865589672305 0.017760260501962916
6 214.8865589672305 0.10932347156294966
7 214.8865589672305 0.12349507308345586
8 214.8865589672305 0.3650734014329462
9 214.88655896723057 0.027189767991042946
10 214.88655896723057 0.010020421237107786
11 276.2827186721535 0.0423549684476493
12 276.2827186721535 0.02901842686927198
16 276.2827186721535 0.04235496844764789
17 276.2827186721535 0.03271721051218835
18 276.2827186721535 0.03187851619198573

157.97232536704925
2 153.4903992623075 0.03858854756038458
3 153.4903992623075 0.03781960584453743
4 153.49039926230753 0.040495399650175345
5 214.8865589672305 0.12276294179548898
6 214.8865589672305 0.08915795499854458
7 214.8865589672305 0.0664087283423037
8 214.8865589672305 0.10048105183832315
9 214.88655896723057 0.26403129759769717
10 214.88655896723057 0.01002042123710762
12 276.2827186721535 0.027271736333637327
13 276.2827186721535 0.02753044957431613
14 276.2827186721535 0.023737006870287736
15 276.2827186721535 0.028674201785871524
17 276.2827186721535 0.021776482145862728
18 276.2827186721535 0.017563507105035386
19 276.2827186721536 0.02236742824289962
20 276.2827186721536 0.03222398433658221

159.46119406463816
1 92.09423955738453 0.0130303937334794
2 153.4903992623075 0.14874891326175352
3 153.4903992623075 0.15463574088450935
4 153.49039926230753 0.1663690774309452
10 214.88655896723057 0.422226690564022
17 276.2827186721535 0.026591887972632646
18 276.2827186721535 0.022211818613426176
20 276.2827186721536 0.013481678853702769

159.46119406464135
1 92.09423955738453 0.013030393733479435
2 153.4903992623075 0.1675991519415796
3 153.4903992623075 0.1546942939981452
4 153.49039926230753 0.14746028563748464
10 214.88655896723057 0.4222266905640228
17 276.2827186721535 0.012566447082234953
18 276.2827186721535 0.02216825241523643
20 276.2827186721536 0.02755068594229062

159.46119406464362
1 92.09423955738453 0.013030393733479596
2 153.4903992623075 0.15346079157188824
3 153.4903992623075 0.16038282658311329
4 153.49039926230753 0.15591011342220992
10 214.88655896723057 0.4222266905640225
17 276.2827186721535 0.02308603471294305
18 276.2827186721535 0.01793572364575487
20 276.2827186721536 0.021263627081064395

161.27094276332411
1 92.09423955738453 0.22749189085433458
2 153.4903992623075 0.13015951360867142
3 153.4903992623075 0.10607168333359905
4 153.49039926230753 0.17430631044689127
5 214.8865589672305 0.11650477028193776
6 214.8865589672305 0.04293777425227305
7 214.8865589672305 0.07616137381395545
8 214.8865589672305 0.0479181427835595
9 214.88655896723057 0.011009001649284773
11 276.2827186721535 0.011408786000984434
16 276.2827186721535 0.011408786000984193

161.270942763326
1 92.09423955738453 0.22749189085433805
2 153.4903992623075 0.1539683819266636
3 153.4903992623075 0.14973526079895794
4 153.49039926230753 0.10683386466354405
5 214.8865589672305 0.036670517037739596
6 214.8865589672305 0.06736820870933873
7 214.8865589672305 0.10090502497747611
8 214.8865589672305 0.03092635769426725
9 214.88655896723057 0.058660954362191355

161.2709427633268
1 92.09423955738453 0.22749189085433644
2 153.4903992623075 0.12720932023302448
3 153.4903992623075 0.14020694831263922
4 153.49039926230753 0.14312123884350342
5 214.8865589672305 0.0573928589885834
6 214.8865589672305 0.025566744511609018
7 214.8865589672305 0.04851630434921612
8 214.8865589672305 0.07921401757221976
9 214.88655896723057 0.08384113735938657

161.27094276332778
1 92.09423955738453 0.22749189085433616
2 153.4903992623075 0.11596732638175414
3 153.4903992623075 0.14173157488151122
4 153.49039926230753 0.1528386061259004
5 214.8865589672305 0.04063082235137127
6 214.8865589672305 0.06350120320799865
7 214.8865589672305 0.036477959505396236
8 214.8865589672305 0.10167638084433564
9 214.88655896723057 0.052244696871911724

161.2709427633286
1 92.09423955738453 0.2274918908543419
2 153.4903992623075 0.15755585989935747
3 153.4903992623075 0.14513910145770387
4 153.49039926230753 0.10784254603210379
5 214.8865589672305 0.04357868658336189
6 214.8865589672305 0.0940233027988836
7 214.8865589672305 0.03368927766245071
8 214.8865589672305 0.03542207287310303
9 214.88655896723057 0.08781772286320565

163.4639950720027
1 92.09423955738453 0.1310856600017074
2 153.4903992623075 0.18503297256337609
3 153.4903992623075 0.1696338853086718
4 153.49039926230753 0.1300861058146232
5 214.8865589672305 0.08130934185378799
6 214.8865589672305 0.03865008315502281
7 214.8865589672305 0.06618416932251259
8 214.8865589672305 0.0821307788547822
9 214.88655896723057 0.048846640548492075
11 276.2827186721535 0.012149521277832776
12 276.2827186721535 0.011605576471654944

163.46399507200698
1 92.09423955738453 0.13108566000170696
2 153.4903992623075 0.22177454843822292
3 153.4903992623075 0.09006054580984724
4 153.49039926230753 0.17291786943860327
5 214.8865589672305 0.05633238296003752
6 214.8865589672305 0.11036325533740805
7 214.8865589672305 0.047169607818678856
8 214.8865589672305 0.051658898126832276
9 214.88655896723057 0.051596869491646755
15 276.2827186721535 0.015329841169693947
19 276.2827186721536 0.010494707236546002

163.46399507200982
1 92.09423955738453 0.13108566000170774
2 153.4903992623075 0.17879559372076714
3 153.4903992623075 0.14006377959292615
4 153.49039926230753 0.16589359037298218
5 214.8865589672305 0.07523448361628181
6 214.8865589672305 0.07376776149730847
7 214.8865589672305 0.030656418108311975
8 214.8865589672305 0.05296680654414735
9 214.88655896723057 0.08449554396855387
12 276.2827186721535 0.010148140280313522
13 276.2827186721535 0.01471342288821023
16 276.2827186721535 0.011822521360324892

163.46399507200996
1 92.09423955738453 0.13108566000170616
2 153.4903992623075 0.08837326317104831
3 153.4903992623075 0.24188208912442885
4 153.49039926230753 0.15449761139119383
5 214.8865589672305 0.04121240150668939
6 214.8865589672305 0.019396422653018733
7 214.8865589672305 0.12389088125989389
8 214.8865589672305 0.08852073562713537
9 214.88655896723057 0.04410057268786523
11 276.2827186721535 0.010106490378375289
12 276.2827186721535 0.010451054436585705
14 276.2827186721535 0.021919405042806744

163.4639950720117
1 92.09423955738453 0.1310856600017042
2 153.4903992623075 0.13001594883748083
3 153.4903992623075 0.19696795456387214
4 153.49039926230753 0.15776906028531645
5 214.8865589672305 0.05355321627374859
6 214.8865589672305 0.050627800956130925
7 214.8865589672305 0.05558076536240565
8 214.8865589672305 0.0822207435342603
9 214.88655896723057 0.07513848760805895
11 276.2827186721535 0.011210262429366527
13 276.2827186721535 0.010456103613601492

163.46399507201173
1 92.09423955738453 0.13108566000170704
2 153.4903992623075 0.1398469331231551
3 153.4903992623075 0.12424547283182735
4 153.49039926230753 0.22066055773169146
5 214.8865589672305 0.050271059172607255
6 214.8865589672305 0.10593339975091884
7 214.8865589672305 0.0638251816333631
9 214.88655896723057 0.08954876285293344
15 276.2827186721535 0.010657336444993799
19 276.2827186721536 0.017112830321260753

163.46399507201212
1 92.09423955738453 0.13108566000170702
2 153.4903992623075 0.2064934134208605
3 153.4903992623075 0.16291845865386093
4 153.49039926230753 0.1153410916119529
5 214.8865589672305 0.09696860171975707
6 214.8865589672305 0.05264947580963975
7 214.8865589672305 0.049101656435454055
8 214.8865589672305 0.081795365142598
9 214.88655896723057 0.036605914627154464
11 276.2827186721535 0.01157382756987622
16 276.2827186721535 0.011384359431187116

166.93245243448933
2 153.4903992623075 0.014233820794918034
3 153.4903992623075 0.012737769135600216
4 153.49039926230753 0.02002585642032228
5 214.8865589672305 0.24790913718268454
6 214.8865589672305 0.1240187279745479
7 214.8865589672305 0.14945015394797262
8 214.8865589672305 0.24790913718268887
9 214.88655896723057 0.0996762088874526
17 276.2827186721535 0.011049166788727591
20 276.2827186721536 0.018181757110996122

166.9324524344904
2 153.4903992623075 0.018319622078615472
3 153.4903992623075 0.019715317762239407
5 214.8865589672305 0.05984292803094627
6 214.8865589672305 0.2426302814388274
7 214.8865589672305 0.21890480963543735
8 214.8865589672305 0.05984292803095115
9 214.88655896723057 0.28774241803918854
17 276.2827186721535 0.016080618350763083
18 276.2827186721535 0.01779934492112328

166.93245243449485
2 153.4903992623075 0.014532724542678973
3 153.4903992623075 0.014504695354326256
4 153.49039926230753 0.017960026453835667
5 214.8865589672305 0.21279203307788713
6 214.8865589672305 0.1540547585167902
7 214.8865589672305 0.15453122751053314
8 214.8865589672305 0.2127920330778867
9 214.88655896723057 0.13479331299225306
17 276.2827186721535 0.011417251192285512
18 276.2827186721535 0.011382734706111392
20 276.2827186721536 0.01563779506045411

169.1830180121604
1 92.09423955738453 0.731940223242021
2 153.4903992623075 0.12782411363847168
3 153.4903992623075 0.0679511271763473
4 153.49039926230753 0.02224226792519863
7 214.8865589672305 0.011968934224186533
9 214.88655896723057 0.012595790044206271

169.18301801216137
1 92.09423955738453 0.7319402232420265
2 153.4903992623075 0.07432480061157896
3 153.4903992623075 0.0891180077952486
4 153.49039926230753 0.05457470033318824

169.1830180121614
1 92.09423955738453 0.7319402232420258
2 153.4903992623075 0.051859788374117054
3 153.4903992623075 0.05434067532425019
4 153.49039926230753 0.11181704504164959
5 214.8865589672305 0.010969284326998369
8 214.8865589672305 0.011283420688492923

169.18301801216188
1 92.09423955738453 0.7319402232420249
2 153.4903992623075 0.03704495682820165
3 153.4903992623075 0.08160643878920193
4 153.49039926230753 0.09936611312261295
5 214.8865589672305 0.010486336929869744

169.18301801216393
1 92.09423955738453 0.7319402232420283
2 153.4903992623075 0.10329106481239274
3 153.4903992623075 0.05559629215879204
4 153.49039926230753 0.05913015176882979
7 214.8865589672305 0.010546132943248092

169.18301801216444
1 92.09423955738453 0.7319402232420219
2 153.4903992623075 0.07450358570722133
3 153.4903992623075 0.05214239107672377
4 153.49039926230753 0.0913715319560702
5 214.8865589672305 0.010257476234079355

169.18301801216455
1 92.09423955738453 0.7319402232420261
2 153.4903992623075 0.04560828326525424
3 153.4903992623075 0.09995844031811103
4 153.49039926230753 0.07245078515664966
6 214.8865589672305 0.010641596431848442

172.86352248218392
1 92.09423955738453 0.01557431868381578
2 153.4903992623075 0.07299012306755563
3 153.4903992623075 0.10171108141095199
4 153.49039926230753 0.06609619380412218
5 214.8865589672305 0.0926161450055996
6 214.8865589672305 0.08265290648250102
7 214.8865589672305 0.12146271990885163
8 214.8865589672305 0.12397900284754951
9 214.88655896723057 0.03492356898003933
11 276.2827186721535 0.017523587469355086
12 276.2827186721535 0.05124801331126019
13 276.2827186721535 0.014141910990290716
14 276.2827186721535 0.02135851957840388
15 276.2827186721535 0.0874335134534033
16 276.2827186721535 0.05740685491067999
19 276.2827186721536 0.010782682863066995

