1 0.0 0.0 2.0821912951688658e-30
1 0.0 32.75 0.29536760809732315
1 0.0 32.75 0.2953676080973245
1 0.0 32.75 0.29536760809732604
1 0.0 66.71 0.03651101272643236
1 0.0 66.71 0.036511012726431855
1 0.0 66.71 0.03651101272643293
1 0.0 67.79 7.727279448719873e-28
1 0.0 67.79 3.261458207155148e-30
1 0.0 67.79 2.4877635019264493e-27
1 0.0 67.79 4.569219406362373e-30
1 0.0 67.79 1.98399929870922e-28
1 0.0 89.21 2.7860356767222144e-30
1 0.0 89.21 1.7267800376428015e-30
1 0.0 89.21 1.0953455967943358e-31
1 0.0 89.21 4.584132232348522e-32
1 0.0 89.21 7.181097503384452e-32
1 0.0 90.93 2.573504558487848e-30
1 0.0 92.14 2.0745145829028255e-31
1 0.0 92.14 2.3885325771142258e-30
1 0.0 92.14 1.2901234987796552e-32
1 0.0 92.14 5.6381690709596026e-33
1 0.0 92.14 9.857601716449774e-33
1 0.0 99.96 1.937794395344321e-30
1 0.0 99.96 4.340105006568266e-32
1 0.0 99.96 5.845176046424057e-32
1 0.0 118.93 2.4642298299893188e-31
1 0.0 118.93 8.693314045284648e-33
1 0.0 118.93 9.325586206240282e-33
1 0.0 118.93 2.64062310707217e-32
1 0.0 118.93 1.7726139011954684e-32
1 0.0 118.93 3.9062299599670505e-31
1 0.0 118.93 3.187938723589823e-32
1 0.0 127.16 2.170168244601526e-30
1 0.0 127.16 7.946170909185832e-32
1 0.0 127.16 8.819073965041379e-32
1 0.0 127.16 9.649654806689256e-32
1 0.0 127.16 9.891098254023293e-32
1 0.0 129.41 1.5781476722927417e-5
1 0.0 129.41 1.5781476722928376e-5
1 0.0 129.41 1.57814767229278e-5
1 0.0 132.25 4.327784054717274e-31
1 0.0 134.67 2.09678850283283e-31
1 0.0 134.67 4.067014378260051e-32
1 0.0 134.67 9.001683918815542e-32
1 0.0 134.67 3.377009805350971e-31
1 0.0 134.67 5.824699900824084e-32
1 0.0 140.29 5.31943316795563e-31
1 0.0 140.29 9.46248680455086e-31
1 0.0 140.29 8.252107403939802e-32
1 0.0 140.29 1.4791148209348264e-31
1 0.0 140.29 1.361914738116669e-31
1 0.0 143.34 6.2944269655456305e-31
1 0.0 143.34 2.17811486413634e-32
1 0.0 143.34 4.080458960267243e-31
1 0.0 143.34 5.101484614375713e-31
1 0.0 143.34 9.469844853699871e-33
1 0.0 143.34 1.166960705281433e-31
1 0.0 143.34 7.031862672809273e-33
1 0.0 148.4 3.4981206787126066e-32
1 0.0 148.4 5.007941799863789e-29
1 0.0 148.4 5.48398544145697e-32
1 0.0 148.4 9.778924955504411e-32
1 0.0 148.4 3.734822413411299e-32
1 0.0 148.4 4.5543904720534276e-30
1 0.0 148.4 1.9614781793969356e-29
1 0.0 149.46 0.0002694389708481366
1 0.0 149.46 0.00026943897084813305
1 0.0 149.46 0.0002694389708481448
1 0.0 154.74 1.5989270623597973e-32
1 0.0 154.74 3.2952841446536206e-32
1 0.0 154.74 1.3360110415040506e-32
1 0.0 154.74 1.0189727175431534e-30
1 0.0 154.74 9.622146663052107e-33
1 0.0 154.74 9.818836686822539e-32
1 0.0 154.74 5.321010938559193e-32
1 0.0 156.41 3.312281112710041e-31
1 0.0 156.41 1.9308730230562825e-32
1 0.0 156.41 1.0720311185905902e-31
1 0.0 157.41 2.813225482939356e-31
1 0.0 157.41 1.3833822646976494e-32
1 0.0 157.41 2.9055564171049673e-32
1 0.0 157.41 1.5016103448680261e-30
1 0.0 157.41 7.2868847683955375e-31
1 0.0 159.64 5.2662774813970926e-30
1 0.0 159.64 1.7390267331491566e-32
1 0.0 159.64 3.402960027406387e-30
1 0.0 159.64 5.0932212147548e-32
1 0.0 159.64 1.999370231278012e-30
1 0.0 161.17 5.844186445332476e-5
1 0.0 161.17 5.844186445332143e-5
1 0.0 161.17 5.844186445332591e-5
1 0.0 172.51 2.718493706272529e-32
1 0.0 172.51 4.14053747107049e-32
1 0.0 172.51 1.597539505321366e-31
1 0.0 172.51 1.2285679971574979e-32
1 0.0 172.51 3.3943364559122805e-31
1 0.0 172.51 2.7941946373050735e-31
1 0.0 172.51 5.384006675099241e-32
1 0.0 172.51 9.367759359063922e-32
2 32.75 0.0 5.07838720458072e-30
2 32.75 0.0 1.3806492614822284e-30
2 32.75 0.0 3.022116483777754e-30
2 32.75 33.96 1.7374612004379024e-28
2 32.75 33.96 1.371460862689818e-27
2 32.75 33.96 5.5191096231350054e-27
2 32.75 35.04 0.07635248540543345
2 32.75 35.04 0.07204454142773721
2 32.75 35.04 0.08398403732931681
2 32.75 35.04 0.027734052225066287
2 32.75 35.04 0.054816892825692305
2 32.75 56.46 0.010364830800131255
2 32.75 56.46 0.012528616345188159
2 32.75 56.46 0.004820901827067318
2 32.75 56.46 0.010556804218073732
2 32.75 56.46 0.028568228591834402
2 32.75 58.18 0.006696828701084344
2 32.75 59.39 7.62571322214107e-29
2 32.75 59.39 3.840994137089159e-27
2 32.75 59.39 5.706725028303689e-30
2 32.75 59.39 3.073938513393363e-30
2 32.75 59.39 1.7034864723990164e-30
2 32.75 67.21 0.021355264462032796
2 32.75 67.21 0.01807576783856315
2 32.75 67.21 0.0039350611658179446
2 32.75 86.18 1.2091537280587726e-29
2 32.75 86.18 5.008526758397407e-31
2 32.75 86.18 1.7080704604959475e-30
2 32.75 86.18 6.452734742514276e-30
2 32.75 86.18 1.390010586493164e-29
2 32.75 86.18 1.21854050345634e-29
2 32.75 86.18 9.320380591781448e-29
2 32.75 94.41 0.04761934529405466
2 32.75 94.41 0.030167730161680124
2 32.75 94.41 0.011848089279914672
2 32.75 94.41 0.02547162003409647
2 32.75 94.41 0.02099663502048641
2 32.75 96.66 5.0200597821853404e-27
2 32.75 96.66 1.7936832632337468e-29
2 32.75 96.66 6.387311340819629e-30
2 32.75 99.5 0.0015449895101836936
2 32.75 101.92 6.272978554962752e-30
2 32.75 101.92 9.150190776903019e-30
2 32.75 101.92 3.370804488538001e-29
2 32.75 101.92 1.1894881341735285e-28
2 32.75 101.92 8.053372211021914e-30
2 32.75 107.54 0.008828226569384895
2 32.75 107.54 0.019880088841305824
2 32.75 107.54 0.029067180136514444
2 32.75 107.54 0.009930618189776948
2 32.75 107.54 0.017289465580022707
2 32.75 110.58 1.512426796164588e-28
2 32.75 110.58 9.04512584339447e-31
2 32.75 110.58 4.4370631904362743e-29
2 32.75 110.58 4.339669002763703e-29
2 32.75 110.58 1.1529777870633482e-30
2 32.75 110.58 5.297869605858322e-29
2 32.75 110.58 1.1132917011906564e-30
2 32.75 115.65 2.922959991703558e-30
2 32.75 115.65 1.0345656553182029e-29
2 32.75 115.65 1.058950327088377e-30
2 32.75 115.65 1.9219510330162146e-29
2 32.75 115.65 1.5709383622954498e-30
2 32.75 115.65 4.662582972298304e-30
2 32.75 115.65 6.1536127867679286e-30
2 32.75 116.71 1.868772523081424e-29
2 32.75 116.71 9.072228991553771e-29
2 32.75 116.71 1.303092519563263e-29
2 32.75 121.99 2.7444164108810586e-29
2 32.75 121.99 9.459612256963135e-32
2 32.75 121.99 1.679728052959054e-29
2 32.75 121.99 5.873551920761044e-28
2 32.75 121.99 4.306370897623466e-30
2 32.75 121.99 3.7886713535464467e-29
2 32.75 121.99 5.283012719164443e-30
2 32.75 123.66 0.0004079839214381774
2 32.75 123.66 5.444317862825574e-5
2 32.75 123.66 0.0004492003496993501
2 32.75 124.65 0.019226077021694755
2 32.75 124.65 0.004287330598975025
2 32.75 124.65 0.0111654915700213
2 32.75 124.65 0.0007848698622051747
2 32.75 124.65 0.01665495417749792
2 32.75 126.89 1.1137607186572503e-28
2 32.75 126.89 2.1428811311206987e-27
2 32.75 126.89 5.649299162708712e-28
2 32.75 126.89 6.267149037275987e-29
2 32.75 126.89 1.9548968716363671e-28
2 32.75 128.41 2.559146809341842e-29
2 32.75 128.41 1.8744456057463742e-28
2 32.75 128.41 2.1935151184752478e-29
2 32.75 139.76 7.027109366167225e-31
2 32.75 139.76 1.7573791272554132e-32
2 32.75 139.76 8.91936029068533e-31
2 32.75 139.76 4.9054579828543106e-32
2 32.75 139.76 2.1658810801018278e-29
2 32.75 139.76 1.0251374372930725e-29
2 32.75 139.76 4.577715992416591e-31
2 32.75 139.76 1.3415218901739245e-32
3 32.75 0.0 1.1814480983589684e-31
3 32.75 0.0 2.3980587381733736e-30
3 32.75 33.96 2.865304013413808e-28
3 32.75 33.96 1.3331821082266278e-27
3 32.75 33.96 2.2261691965894174e-27
3 32.75 35.04 0.06949020789934143
3 32.75 35.04 0.02798288994078681
3 32.75 35.04 0.03722334850985022
3 32.75 35.04 0.11063206505222628
3 32.75 35.04 0.06544830019658773
3 32.75 56.46 0.021819593559932102
3 32.75 56.46 0.008272927155818541
3 32.75 56.46 0.022236700060520018
3 32.75 56.46 0.006150125199201335
3 32.75 56.46 0.006366502254506146
3 32.75 58.18 0.006696828701085646
3 32.75 59.39 4.055239444338385e-29
3 32.75 59.39 4.2705443189640475e-27
3 32.75 59.39 1.489257770988652e-29
3 32.75 59.39 9.978439966406428e-31
3 32.75 59.39 1.0710560637426502e-30
3 32.75 67.21 0.013760124076032977
3 32.75 67.21 0.011027450119819957
3 32.75 67.21 0.018585159274559334
3 32.75 86.18 5.119206982010477e-30
3 32.75 86.18 5.087391835859909e-30
3 32.75 86.18 2.057874857078049e-30
3 32.75 86.18 1.3273142860804581e-30
3 32.75 86.18 1.2028785588941641e-29
3 32.75 86.18 6.943511409288258e-30
3 32.75 86.18 9.311810823958643e-29
3 32.75 94.41 0.012516847946716867
3 32.75 94.41 0.02246217260101958
3 32.75 94.41 0.014929422109831544
3 32.75 94.41 0.03830511843277862
3 32.75 94.41 0.04541477043960974
3 32.75 96.66 1.336861977400571e-27
3 32.75 96.66 1.94800632606181e-29
3 32.75 96.66 1.0050663629587802e-29
3 32.75 99.5 0.0015449895101837725
3 32.75 101.92 1.0762429493654468e-29
3 32.75 101.92 1.5887443047940379e-29
3 32.75 101.92 6.2859156108273166e-30
3 32.75 101.92 8.305012961754972e-29
3 32.75 101.92 8.573448668751266e-30
3 32.75 107.54 0.010427167495782924
3 32.75 107.54 0.018728581046367404
3 32.75 107.54 0.011657830173501695
3 32.75 107.54 0.02713776070564842
3 32.75 107.54 0.015874368507103373
3 32.75 110.58 2.4284157280188555e-28
3 32.75 110.58 5.729522591888015e-31
3 32.75 110.58 9.830887227779248e-29
3 32.75 110.58 5.280794489440449e-29
3 32.75 110.58 3.8865702714173275e-30
3 32.75 110.58 4.2552996021653545e-29
3 32.75 110.58 5.969526741205307e-31
3 32.75 115.65 2.9833080337731516e-30
3 32.75 115.65 4.0917550379028177e-29
3 32.75 115.65 2.878218704302843e-30
3 32.75 115.65 5.502416968479271e-29
3 32.75 115.65 1.7220476536031512e-29
3 32.75 115.65 1.0276940013003986e-29
3 32.75 115.65 1.8766347936923738e-29
3 32.75 116.71 1.4585597493886274e-29
3 32.75 116.71 7.883597038154793e-29
3 32.75 116.71 1.7718221419913318e-29
3 32.75 121.99 7.88327916400691e-29
3 32.75 121.99 2.5423800935982548e-30
3 32.75 121.99 2.0930334012027244e-29
3 32.75 121.99 2.6922214993077966e-28
3 32.75 121.99 1.76604855991701e-30
3 32.75 121.99 7.575730731386201e-29
3 32.75 121.99 3.5495193405182236e-30
3 32.75 123.66 0.00018183886340165998
3 32.75 123.66 0.000411251165901825
3 32.75 123.66 0.0003186285693092488
3 32.75 124.65 0.004180650612812036
3 32.75 124.65 0.019400342029688735
3 32.75 124.65 0.012435469561950404
3 32.75 124.65 0.005650073247338006
3 32.75 124.65 0.011116883476844704
3 32.75 126.89 6.412986645494745e-29
3 32.75 126.89 2.3699484463887718e-27
3 32.75 126.89 3.8511516811878454e-28
3 32.75 126.89 3.712649033294232e-28
3 32.75 126.89 8.512637357726159e-28
3 32.75 128.41 1.151657879139271e-29
3 32.75 128.41 1.1785684498571116e-28
3 32.75 128.41 1.2561974616452403e-28
3 32.75 139.76 2.7117776101710412e-30
3 32.75 139.76 4.2890308384221536e-32
3 32.75 139.76 6.929370971000212e-31
3 32.75 139.76 1.3770881680417028e-31
3 32.75 139.76 8.836345009471608e-30
3 32.75 139.76 1.2479655061920012e-29
3 32.75 139.76 2.1687781454961524e-30
3 32.75 139.76 3.7028646540192645e-32
4 32.75 0.0 4.8199537231014524e-30
4 32.75 33.96 1.9184218559858392e-28
4 32.75 33.96 9.350974726965405e-28
4 32.75 33.96 4.411872412278361e-27
4 32.75 35.04 0.04412850932861134
4 32.75 35.04 0.08900661309210905
4 32.75 35.04 0.0670649941487367
4 32.75 35.04 0.052031525974096056
4 32.75 35.04 0.06742185966662219
4 32.75 56.46 0.007140549688893886
4 32.75 56.46 0.018593406540859003
4 32.75 56.46 0.012367455367455791
4 32.75 56.46 0.022384313705408772
4 32.75 56.46 0.004404670345110521
4 32.75 58.18 0.006696828701085407
4 32.75 59.39 8.193151727236626e-30
4 32.75 59.39 3.365738926773767e-27
4 32.75 59.39 2.3458044262139111e-29
4 32.75 59.39 2.9969022126086737e-30
4 32.75 59.39 1.4235083247618254e-30
4 32.75 67.21 0.008044219898548133
4 32.75 67.21 0.014293160965231476
4 32.75 67.21 0.021035884354051633
4 32.75 86.18 9.912713356637787e-30
4 32.75 86.18 1.598558651661034e-30
4 32.75 86.18 1.1764171022922826e-30
4 32.75 86.18 3.4043888302538436e-30
4 32.75 86.18 8.489350025584495e-30
4 32.75 86.18 1.0482927190481025e-29
4 32.75 86.18 1.2009173533985855e-28
4 32.75 94.41 0.020144673195759504
4 32.75 94.41 0.02727941003989913
4 32.75 94.41 0.053688023598494436
4 32.75 94.41 0.016485828765718795
4 32.75 94.41 0.014184589089227186
4 32.75 96.66 2.320112773360926e-27
4 32.75 96.66 3.375829448533985e-29
4 32.75 96.66 1.2372887613361275e-29
4 32.75 99.5 0.0015449895101836116
4 32.75 101.92 3.7619683923163445e-29
4 32.75 101.92 8.238062280911823e-30
4 32.75 101.92 4.349635083736982e-29
4 32.75 101.92 9.11856708361056e-29
4 32.75 101.92 9.431143669723057e-30
4 32.75 107.54 0.030653287171984667
4 32.75 107.54 0.0111127355392619
4 32.75 107.54 0.009667829098829184
4 32.75 107.54 0.012991355758372614
4 32.75 107.54 0.01713151819589868
4 32.75 110.58 3.407826312367873e-28
4 32.75 110.58 4.525060209212728e-31
4 32.75 110.58 8.059357251862421e-29
4 32.75 110.58 1.0869542517563007e-29
4 32.75 110.58 2.046149935910536e-30
4 32.75 110.58 1.1907290680278636e-29
4 32.75 110.58 1.9908939769390107e-30
4 32.75 115.65 3.707753136255508e-29
4 32.75 115.65 5.786740277685642e-29
4 32.75 115.65 7.204618595305749e-31
4 32.75 115.65 2.773692461183444e-29
4 32.75 115.65 7.551788704143817e-30
4 32.75 115.65 2.603543978307653e-31
4 32.75 115.65 1.8237404435696402e-29
4 32.75 116.71 9.720671897698568e-30
4 32.75 116.71 6.344571707477338e-29
4 32.75 116.71 2.2971808199550303e-29
4 32.75 121.99 2.772530042903298e-29
4 32.75 121.99 3.594014002949705e-30
4 32.75 121.99 1.4606530037097e-29
4 32.75 121.99 6.350353797879614e-29
4 32.75 121.99 1.7869272487977466e-30
4 32.75 121.99 1.464134148484783e-29
4 32.75 121.99 8.687586744088387e-30
4 32.75 123.66 0.0003179225621352201
4 32.75 123.66 0.00045042989904262417
4 32.75 123.66 0.0001431361960836734
4 32.75 124.65 0.008095110121165677
4 32.75 124.65 0.007796761174510175
4 32.75 124.65 0.00790607172418182
4 32.75 124.65 0.024906344000064376
4 32.75 124.65 0.003626798533983353
4 32.75 126.89 1.4584757443688075e-28
4 32.75 126.89 1.6060045736162701e-27
4 32.75 126.89 1.420690566764171e-28
4 32.75 126.89 2.156155658460839e-28
4 32.75 126.89 3.728629893613661e-27
4 32.75 128.41 2.384180809771956e-29
4 32.75 128.41 3.119567264657124e-29
4 32.75 128.41 5.857254740605283e-28
4 32.75 139.76 1.2672722083653232e-30
4 32.75 139.76 1.081922530628051e-32
4 32.75 139.76 6.552893819974004e-31
4 32.75 139.76 3.529897863399646e-32
4 32.75 139.76 8.268296425650823e-30
4 32.75 139.76 8.644675316778833e-30
4 32.75 139.76 9.015992782009162e-31
4 32.75 139.76 2.7490168779933325e-32
5 66.71 0.0 3.3692723929414046e-30
5 66.71 0.0 9.898634425053874e-30
5 66.71 0.0 1.5060982582277172e-29
5 66.71 1.08 0.0001594861666502857
5 66.71 1.08 0.00015477409996844454
5 66.71 1.08 0.00011432504567175289
5 66.71 1.08 0.00010754261618526021
5 66.71 1.08 4.583549213204556e-5
5 66.71 22.5 0.06761130875523498
5 66.71 22.5 0.06395666465303615
5 66.71 22.5 0.04491491710063472
5 66.71 22.5 0.020188545013835373
5 66.71 22.5 0.13161801305084447
5 66.71 24.22 0.09120132091187602
5 66.71 25.43 3.792941289285348e-28
5 66.71 25.43 5.952123970106406e-26
5 66.71 25.43 1.9987704033261564e-28
5 66.71 25.43 2.3399651866561926e-28
5 66.71 25.43 2.219727620228504e-28
5 66.71 33.25 0.13809397252292693
5 66.71 33.25 0.08841932571662571
5 66.71 33.25 0.056473614913395254
5 66.71 52.22 8.747898661719892e-29
5 66.71 52.22 1.1131265146325492e-28
5 66.71 52.22 1.0957086850423585e-28
5 66.71 52.22 1.0964005775869232e-28
5 66.71 52.22 2.0792411166620387e-28
5 66.71 52.22 6.49815197033581e-29
5 66.71 52.22 1.5054335256776201e-28
5 66.71 60.45 0.0010184097707380767
5 66.71 60.45 0.0004778087147000489
5 66.71 60.45 0.00039039313863317314
5 66.71 60.45 0.0008255003353602839
5 66.71 60.45 0.0006770700862941538
5 66.71 62.7 3.5937241405602794e-28
5 66.71 62.7 2.830781984531209e-29
5 66.71 62.7 8.065375933537403e-30
5 66.71 65.54 0.01517669115618148
5 66.71 67.96 9.115139993223461e-29
5 66.71 67.96 2.8887775172354046e-29
5 66.71 67.96 1.1210986944172012e-28
5 66.71 67.96 7.715106614204096e-28
5 66.71 67.96 6.933123157033664e-29
5 66.71 73.58 0.010132542936218167
5 66.71 73.58 0.04147094339574187
5 66.71 73.58 0.06635410848757281
5 66.71 73.58 0.033768201822255206
5 66.71 73.58 0.045277840672945616
5 66.71 76.62 2.2695818500039546e-28
5 66.71 76.62 2.434935782380109e-29
5 66.71 76.62 2.8038143084068132e-28
5 66.71 76.62 9.285400312952914e-29
5 66.71 76.62 1.8546645797086257e-29
5 66.71 76.62 6.994320996259436e-29
5 66.71 76.62 1.9818667606909265e-29
5 66.71 81.69 2.567097149061966e-30
5 66.71 81.69 5.547085338863061e-29
5 66.71 81.69 1.768374092184875e-30
5 66.71 81.69 1.8446188449362032e-29
5 66.71 81.69 1.2376084485962489e-30
5 66.71 81.69 6.703674369680722e-30
5 66.71 81.69 1.445464561760302e-29
5 66.71 82.75 3.221461142203371e-29
5 66.71 82.75 1.5776995195186742e-28
5 66.71 82.75 1.3371853202063792e-29
5 66.71 88.03 4.563752508976794e-29
5 66.71 88.03 7.621997489458635e-29
5 66.71 88.03 7.548388747619028e-29
5 66.71 88.03 5.001885964397185e-28
5 66.71 88.03 3.532893082506229e-29
5 66.71 88.03 1.1763923369626367e-28
5 66.71 88.03 9.99574843219634e-29
5 66.71 89.7 1.271672842618292e-5
5 66.71 89.7 9.733425408562265e-6
5 66.71 89.7 1.5562836340671472e-5
5 66.71 90.7 0.015293189159862958
5 66.71 90.7 0.006181219096110649
5 66.71 90.7 0.00980777121109053
5 66.71 90.7 0.001243328212253895
5 66.71 90.7 0.010970963707272298
5 66.71 92.93 9.188327389591543e-29
5 66.71 92.93 1.833616132379527e-27
5 66.71 92.93 3.1797351050494335e-28
5 66.71 92.93 1.0566931319746882e-28
5 66.71 92.93 1.7319175773665552e-28
5 66.71 94.45 3.961213268954818e-29
5 66.71 94.45 1.5139538467592964e-28
5 66.71 94.45 4.2526150833707844e-29
5 66.71 105.8 1.4348915705168004e-30
5 66.71 105.8 3.6708944684344365e-31
5 66.71 105.8 1.595356708714113e-30
5 66.71 105.8 4.892341595922096e-31
5 66.71 105.8 1.3541159704773055e-29
5 66.71 105.8 5.8639802052602144e-30
5 66.71 105.8 1.1608039901271362e-30
5 66.71 105.8 3.915083565382059e-31
6 66.71 0.0 8.558913180378241e-30
6 66.71 0.0 2.1722894592961617e-29
6 66.71 1.08 0.00011068716390884869
6 66.71 1.08 0.00011973080618203051
6 66.71 1.08 0.00010505178285197039
6 66.71 1.08 0.00011756901885662276
6 66.71 1.08 0.00014204334468798509
6 66.71 22.5 0.03977285859689399
6 66.71 22.5 0.09011285700111664
6 66.71 22.5 0.05712783781683743
6 66.71 22.5 0.11878714808887086
6 66.71 22.5 0.019479867990875352
6 66.71 24.22 0.09120132091187669
6 66.71 25.43 1.8773844870117345e-27
6 66.71 25.43 4.4724393045467364e-26
6 66.71 25.43 1.0344342310533317e-27
6 66.71 25.43 5.057881909098512e-28
6 66.71 25.43 1.6038568204588666e-27
6 66.71 33.25 0.022779046232166675
6 66.71 33.25 0.11984982844333192
6 66.71 33.25 0.1391088737576176
6 66.71 52.22 8.359347135722031e-28
6 66.71 52.22 8.839785661156384e-28
6 66.71 52.22 3.251678698947665e-28
6 66.71 52.22 7.336288959267581e-28
6 66.71 52.22 6.077836570780876e-28
6 66.71 52.22 6.082168248869728e-28
6 66.71 52.22 6.635821473523127e-28
6 66.71 60.45 0.0003729119622870359
6 66.71 60.45 0.0007837731370693008
6 66.71 60.45 0.001233490446357504
6 66.71 60.45 0.0004291937934622131
6 66.71 60.45 0.0004522118374027378
6 66.71 62.7 1.5485127700833988e-28
6 66.71 62.7 7.069929137025399e-29
6 66.71 62.7 1.1363063912999253e-29
6 66.71 65.54 0.015176691156181131
6 66.71 67.96 2.3815956834120907e-28
6 66.71 67.96 1.1103413637252633e-28
6 66.71 67.96 2.528377106408859e-28
6 66.71 67.96 1.3041847003217738e-27
6 66.71 67.96 2.5541154629200265e-28
6 66.71 73.58 0.07394004749583057
6 66.71 73.58 0.019267718488412487
6 66.71 73.58 0.0207853537022137
6 66.71 73.58 0.035605901490248296
6 66.71 73.58 0.04154484725391909
6 66.71 76.62 6.317594823496977e-28
6 66.71 76.62 6.912160561049348e-29
6 66.71 76.62 2.3279800139624056e-28
6 66.71 76.62 2.8777752746194726e-28
6 66.71 76.62 5.772607550231085e-29
6 66.71 76.62 2.7413758220961533e-28
6 66.71 76.62 6.963722913309179e-29
6 66.71 81.69 2.5222301308163945e-29
6 66.71 81.69 7.982264616976621e-29
6 66.71 81.69 1.5127198620519144e-30
6 66.71 81.69 3.12721302755269e-29
6 66.71 81.69 9.62458697061332e-30
6 66.71 81.69 5.206278392976288e-30
6 66.71 81.69 2.0009539120186954e-29
6 66.71 82.75 2.7006494615694595e-29
6 66.71 82.75 1.3027948536331722e-28
6 66.71 82.75 9.681132433300102e-30
6 66.71 88.03 8.372018745497723e-28
6 66.71 88.03 3.330203865010354e-28
6 66.71 88.03 3.582582633705508e-28
6 66.71 88.03 5.7851503531759345e-28
6 66.71 88.03 2.4312665978164432e-28
6 66.71 88.03 7.796907798938701e-28
6 66.71 88.03 8.517107376579911e-28
6 66.71 89.7 1.1257933803874077e-5
6 66.71 89.7 1.8671889237931975e-5
6 66.71 89.7 8.10699237605508e-6
6 66.71 90.7 0.00914095067941288
6 66.71 90.7 0.008158440133680238
6 66.71 90.7 0.006559209530545775
6 66.71 90.7 0.017372221524978963
6 66.71 90.7 0.0020327749007733277
6 66.71 92.93 9.461199305992984e-29
6 66.71 92.93 1.2625395925044425e-27
6 66.71 92.93 1.773804732983298e-28
6 66.71 92.93 1.6757209287719964e-28
6 66.71 92.93 2.636637812870408e-27
6 66.71 94.45 2.2012942746043412e-29
6 66.71 94.45 2.6657805782014495e-29
6 66.71 94.45 4.135253219124141e-28
6 66.71 105.8 1.119088113851454e-30
6 66.71 105.8 3.979188635130549e-32
6 66.71 105.8 5.298153351605466e-31
6 66.71 105.8 4.2021217519801404e-32
6 66.71 105.8 1.038199655491379e-29
6 66.71 105.8 9.956238092229314e-30
6 66.71 105.8 1.6120592128985747e-30
6 66.71 105.8 1.5741364872273456e-31
7 66.71 0.0 3.167243997232727e-29
7 66.71 1.08 7.228217526616447e-5
7 66.71 1.08 8.242595191390078e-5
7 66.71 1.08 0.00013442376179281624
7 66.71 1.08 0.00012439476170351656
7 66.71 1.08 0.00016705174794296213
7 66.71 22.5 0.08664708155007299
7 66.71 22.5 0.0433483692438244
7 66.71 22.5 0.0894043593807027
7 66.71 22.5 0.054973125980370685
7 66.71 22.5 0.04697073512497906
7 66.71 24.22 0.09120132091187663
7 66.71 25.43 7.043643174434295e-27
7 66.71 25.43 5.977997897920126e-26
7 66.71 25.43 1.4068691578173431e-27
7 66.71 25.43 3.6089865925097406e-27
7 66.71 25.43 2.9663869839789973e-27
7 66.71 33.25 0.12273234041233645
7 66.71 33.25 0.07198259772707835
7 66.71 33.25 0.08731952190236278
7 66.71 52.22 1.4103931904480931e-27
7 66.71 52.22 1.7416910142860407e-27
7 66.71 52.22 2.8213213169029085e-27
7 66.71 52.22 1.3851915671707066e-27
7 66.71 52.22 3.263008998019222e-27
7 66.71 52.22 1.7877079341517617e-27
7 66.71 52.22 2.106419163832881e-27
7 66.71 60.45 0.0005937941148513248
7 66.71 60.45 0.0007325720573604284
7 66.71 60.45 0.0003961790891904466
7 66.71 60.45 0.0007299161069387262
7 66.71 60.45 0.0008557885260414656
7 66.71 62.7 2.675461384454175e-28
7 66.71 62.7 2.38075852003853e-29
7 66.71 62.7 9.989137729412503e-30
7 66.71 65.54 0.015176691156181834
7 66.71 67.96 5.011667237997296e-28
7 66.71 67.96 6.405269635707045e-28
7 66.71 67.96 5.58398433715827e-28
7 66.71 67.96 9.79497006856994e-28
7 66.71 67.96 2.9954097906937086e-28
7 66.71 73.58 0.03480322168202345
7 66.71 73.58 0.057142698360594206
7 66.71 73.58 0.028988849612228543
7 66.71 73.58 0.04964428606924078
7 66.71 73.58 0.029949513186745987
7 66.71 76.62 1.6315063956294136e-27
7 66.71 76.62 2.020918298338761e-28
7 66.71 76.62 8.403752527852258e-28
7 66.71 76.62 3.3435134122096046e-28
7 66.71 76.62 6.516114778748752e-28
7 66.71 76.62 2.2287698492620436e-28
7 66.71 76.62 8.207530173193783e-28
7 66.71 81.69 1.1161428195585954e-29
7 66.71 81.69 4.2724031221220147e-29
7 66.71 81.69 1.1896859024281813e-30
7 66.71 81.69 3.95568505575967e-29
7 66.71 81.69 1.2316880746703507e-29
7 66.71 81.69 5.602774420859564e-30
7 66.71 81.69 1.5843581177101576e-29
7 66.71 82.75 5.244581164178814e-29
7 66.71 82.75 1.4417917019051348e-28
7 66.71 82.75 3.6927349276742165e-29
7 66.71 88.03 1.4317674334307714e-27
7 66.71 88.03 2.5534660481826085e-27
7 66.71 88.03 1.882159470448237e-27
7 66.71 88.03 2.873515071093569e-27
7 66.71 88.03 5.381931750067156e-28
7 66.71 88.03 6.628836513340967e-28
7 66.71 88.03 5.990388149806783e-28
7 66.71 89.7 1.3962725376026077e-5
7 66.71 89.7 9.462317508501416e-6
7 66.71 89.7 1.4567742673062478e-5
7 66.71 90.7 0.0020055970307012575
7 66.71 90.7 0.011523131779260905
7 66.71 90.7 0.009688483663619721
7 66.71 90.7 0.007569315244082706
7 66.71 90.7 0.013206177678275439
7 66.71 92.93 1.0202089909232348e-28
7 66.71 92.93 1.662824596562783e-27
7 66.71 92.93 5.248501816064931e-28
7 66.71 92.93 2.9759975546120814e-28
7 66.71 92.93 1.2150089452882241e-27
7 66.71 94.45 2.015074415037775e-29
7 66.71 94.45 1.5666217178863264e-28
7 66.71 94.45 1.4534864871543665e-28
7 66.71 105.8 7.052573966897647e-31
7 66.71 105.8 3.592971143956335e-32
7 66.71 105.8 1.020005290395205e-30
7 66.71 105.8 6.219771758703863e-32
7 66.71 105.8 1.809852632152301e-29
7 66.71 105.8 1.4491199239756477e-29
7 66.71 105.8 1.7970006255791477e-30
7 66.71 105.8 3.582936175423638e-32
8 67.79 0.0 5.20647810850351e-31
8 67.79 0.0 6.928252541183388e-30
8 67.79 0.0 1.0439627160397879e-29
8 67.79 0.0 1.4806162664029089e-30
8 67.79 0.0 4.1255230533114046e-30
8 67.79 21.42 1.3928562763544576e-27
8 67.79 21.42 1.2118434430759721e-27
8 67.79 21.42 6.347706242422792e-28
8 67.79 21.42 2.4200964877421155e-27
8 67.79 21.42 3.869195721822178e-28
8 67.79 23.14 1.0499517573120822e-26
8 67.79 24.35 0.08964630253969472
8 67.79 24.35 0.024298674715508985
8 67.79 24.35 0.08533952914967645
8 67.79 24.35 0.019609993160030193
8 67.79 24.35 0.0834376793428438
8 67.79 32.17 4.318940906940091e-28
8 67.79 32.17 3.6394011299380616e-27
8 67.79 32.17 2.247609374314317e-27
8 67.79 51.14 0.041998223505919016
8 67.79 51.14 0.04334028234676991
8 67.79 51.14 0.015533956678240412
8 67.79 51.14 0.03873090871035538
8 67.79 51.14 0.02874079855744352
8 67.79 51.14 0.035954236793145494
8 67.79 51.14 0.029146056930235364
8 67.79 59.37 5.998068931841496e-29
8 67.79 59.37 1.0420736037034208e-28
8 67.79 59.37 3.6071614270631634e-29
8 67.79 59.37 1.2247720431973297e-29
8 67.79 59.37 2.982742338737712e-29
8 67.79 61.62 1.3965845932831932e-5
8 67.79 61.62 7.210561280846093e-6
8 67.79 61.62 1.7998452172129193e-5
8 67.79 64.46 9.243810918961126e-28
8 67.79 66.88 0.004914003499673078
8 67.79 66.88 0.004180389176493837
8 67.79 66.88 0.006700324182457787
8 67.79 66.88 0.013029744352783996
8 67.79 66.88 0.010946710867561322
8 67.79 72.5 1.788674601090406e-27
8 67.79 72.5 4.744895919667943e-28
8 67.79 72.5 5.866648720353248e-28
8 67.79 72.5 8.122102888369041e-28
8 67.79 72.5 8.385237694399123e-28
8 67.79 75.54 0.0025802032173819277
8 67.79 75.54 0.0031406612428052406
8 67.79 75.54 0.009124257115203106
8 67.79 75.54 0.01134861458721776
8 67.79 75.54 0.003792194970381124
8 67.79 75.54 0.01458203685850983
8 67.79 75.54 0.005096312185412377
8 67.79 80.61 2.622584230867831e-30
8 67.79 80.61 1.4502744340181724e-28
8 67.79 80.61 1.4170346564975417e-29
8 67.79 80.61 3.487749720514343e-29
8 67.79 80.61 8.993270182518848e-29
8 67.79 80.61 6.630859142966003e-29
8 67.79 80.61 2.7455742076617694e-29
8 67.79 81.67 8.561076599988848e-5
8 67.79 81.67 0.0002606857878408585
8 67.79 81.67 0.00029880145639759513
8 67.79 86.95 0.033566577966936774
8 67.79 86.95 0.01906614271749047
8 67.79 86.95 0.01914657672137161
8 67.79 86.95 0.013514898473710919
8 67.79 86.95 0.011583251541996145
8 67.79 86.95 0.0400451167308432
8 67.79 86.95 0.0418409970587592
8 67.79 88.62 2.755598323462201e-27
8 67.79 88.62 2.158309187452321e-28
8 67.79 88.62 9.348369220530631e-29
8 67.79 89.61 6.16005978426969e-28
8 67.79 89.61 2.938508737377105e-28
8 67.79 89.61 1.8878231553540988e-28
8 67.79 89.61 4.87092742290389e-28
8 67.79 89.61 7.425065711876363e-29
8 67.79 91.85 0.00033453339871105465
8 67.79 91.85 0.000579781918380076
8 67.79 91.85 0.0001925496700361299
8 67.79 91.85 0.0003525042559485452
8 67.79 91.85 0.0006176549363551818
8 67.79 93.37 0.00011754562485282229
8 67.79 93.37 0.0001273708215883818
8 67.79 93.37 7.20127087277081e-5
8 67.79 104.72 2.5299513401177872e-30
8 67.79 104.72 5.356408058212484e-31
8 67.79 104.72 2.526249789549787e-30
8 67.79 104.72 2.245442602858521e-30
8 67.79 104.72 6.01293021495273e-30
8 67.79 104.72 1.807888995825659e-29
8 67.79 104.72 3.705324739637369e-30
8 67.79 104.72 8.865473212684021e-31
9 67.79 0.0 3.198384740969728e-30
9 67.79 0.0 2.5011622892003218e-29
9 67.79 0.0 7.150344439869967e-30
9 67.79 0.0 6.473480976081078e-30
9 67.79 21.42 1.6803014885857786e-28
9 67.79 21.42 9.049248708178684e-29
9 67.79 21.42 2.1441678951256995e-29
9 67.79 21.42 8.213721946562233e-30
9 67.79 21.42 9.98681516323352e-30
9 67.79 23.14 3.2252117443418665e-26
9 67.79 24.35 0.050742497110889934
9 67.79 24.35 0.05664323469105509
9 67.79 24.35 0.02301817142566904
9 67.79 24.35 0.09977721283691002
9 67.79 24.35 0.07060744246244799
9 67.79 32.17 1.2409715265811547e-29
9 67.79 32.17 1.4020131155682717e-28
9 67.79 32.17 1.1139320162099626e-30
9 67.79 51.14 0.03448530576012146
9 67.79 51.14 0.03754468128502644
9 67.79 51.14 0.04427467396490257
9 67.79 51.14 0.03430707306203997
9 67.79 51.14 0.019159503481718732
9 67.79 51.14 0.040379121246957604
9 67.79 51.14 0.021145693284847174
9 67.79 59.37 4.854081409926539e-29
9 67.79 59.37 7.061878610775857e-29
9 67.79 59.37 1.1842650552180116e-29
9 67.79 59.37 1.7375920848672308e-29
9 67.79 59.37 6.281325280342709e-30
9 67.79 61.62 8.197602376846505e-6
9 67.79 61.62 1.9535328575730536e-5
9 67.79 61.62 1.0869951473939874e-5
9 67.79 64.46 1.7355701687245945e-28
9 67.79 66.88 0.00613845799978449
9 67.79 66.88 0.01112221048836563
9 67.79 66.88 0.00784548600546912
9 67.79 66.88 0.004938289587279447
9 67.79 66.88 0.008102572919358357
9 67.79 72.5 1.9165687219458488e-28
9 67.79 72.5 6.210687332803429e-29
9 67.79 72.5 4.024642695551101e-29
9 67.79 72.5 8.283228047393866e-29
9 67.79 72.5 1.7533897187956998e-29
9 67.79 75.54 0.010796545877164639
9 67.79 75.54 0.011486402693099975
9 67.79 75.54 0.002762751126833329
9 67.79 75.54 0.005610511642366365
9 67.79 75.54 0.00855443754831536
9 67.79 75.54 0.004135337056711714
9 67.79 75.54 0.006714874888096797
9 67.79 80.61 1.765721233527672e-30
9 67.79 80.61 3.877210035505089e-29
9 67.79 80.61 1.4304886680285998e-29
9 67.79 80.61 2.451849319452306e-29
9 67.79 80.61 8.214342234352873e-29
9 67.79 80.61 3.1865408661254246e-29
9 67.79 80.61 2.0782942357917415e-29
9 67.79 81.67 0.0003420852413916703
9 67.79 81.67 7.096715357838265e-5
9 67.79 81.67 0.0002303273728762081
9 67.79 86.95 0.004380700748891335
9 67.79 86.95 0.02990907334152671
9 67.79 86.95 0.02565102594289226
9 67.79 86.95 0.016256268758758477
9 67.79 86.95 0.03551154593098966
9 67.79 86.95 0.021943805761652828
9 67.79 86.95 0.021180758348801218
9 67.79 88.62 2.947588473498424e-27
9 67.79 88.62 1.4570995016876299e-28
9 67.79 88.62 1.0089733864916037e-28
9 67.79 89.61 2.1381093927156864e-28
9 67.79 89.61 1.044061190645161e-28
9 67.79 89.61 1.3757687929878797e-28
9 67.79 89.61 1.9120335671949013e-28
9 67.79 89.61 1.1517337905190059e-28
9 67.79 91.85 0.00040067385324863244
9 67.79 91.85 0.0002552483435693277
9 67.79 91.85 0.00038481051033427784
9 67.79 91.85 0.0006541930397245513
9 67.79 91.85 0.00036277608661837115
9 67.79 93.37 6.674144994460024e-5
9 67.79 93.37 8.772920789997694e-5
9 67.79 93.37 0.00015821422971997167
9 67.79 104.72 4.406598970708301e-30
9 67.79 104.72 1.6297690006306768e-30
9 67.79 104.72 1.401418555999247e-29
9 67.79 104.72 1.1193880519873902e-30
9 67.79 104.72 4.966724871394729e-30
9 67.79 104.72 5.774665757523195e-30
9 67.79 104.72 6.0914767054477856e-30
9 67.79 104.72 1.3678105761153404e-30
10 67.79 0.0 7.349205711745043e-29
10 67.79 0.0 1.292878153611954e-29
10 67.79 0.0 1.02717831341826e-29
10 67.79 21.42 8.227713510574523e-27
10 67.79 21.42 2.8710962190659043e-27
10 67.79 21.42 6.476131551564829e-27
10 67.79 21.42 3.963121118937005e-27
10 67.79 21.42 3.1255672923087846e-27
10 67.79 23.14 6.031162354914685e-26
10 67.79 24.35 0.08411666043237062
10 67.79 24.35 0.09258496438321846
10 67.79 24.35 0.021726935428599055
10 67.79 24.35 0.05559088548620801
10 67.79 24.35 0.04529424481755169
10 67.79 32.17 8.282368929947827e-27
10 67.79 32.17 5.713462461555762e-27
10 67.79 32.17 6.350710015671821e-27
10 67.79 51.14 0.02510231529972045
10 67.79 51.14 0.027917879410629655
10 67.79 51.14 0.04325335330014869
10 67.79 51.14 0.023240332059517935
10 67.79 51.14 0.04386290866984254
10 67.79 51.14 0.028026789493786827
10 67.79 51.14 0.034168393497557605
10 67.79 59.37 9.828820526641196e-29
10 67.79 59.37 1.5533514324109222e-28
10 67.79 59.37 4.2022280596021285e-29
10 67.79 59.37 7.659799253066648e-29
10 67.79 59.37 7.694307811190215e-29
10 67.79 61.62 1.0684268915752017e-5
10 67.79 61.62 1.4901325561152698e-5
10 67.79 61.62 1.2889337642632083e-5
10 67.79 64.46 1.3133099580376184e-27
10 67.79 66.88 0.00547830802248213
10 67.79 66.88 0.00971979257358571
10 67.79 66.88 0.011158005754425493
10 67.79 66.88 0.007573854422716349
10 67.79 66.88 0.005680247964727037
10 67.79 72.5 2.7479014313394395e-27
10 67.79 72.5 3.7614909182690914e-27
10 67.79 72.5 2.1346575631248857e-27
10 67.79 72.5 3.313226522003867e-27
10 67.79 72.5 1.9969264030388777e-27
10 67.79 75.54 0.010508433307021427
10 67.79 75.54 0.0028786239041827975
10 67.79 75.54 0.007426595163242378
10 67.79 75.54 0.004706194993466481
10 67.79 75.54 0.009216234177162986
10 67.79 75.54 0.001977301455671197
10 67.79 75.54 0.012289482651408182
10 67.79 80.61 5.4440294437792705e-30
10 67.79 80.61 1.3537420356753575e-28
10 67.79 80.61 1.479468535012329e-29
10 67.79 80.61 4.08743312718407e-29
10 67.79 80.61 7.292608564192233e-29
10 67.79 80.61 4.466326417428212e-29
10 67.79 80.61 4.322013174265781e-29
10 67.79 81.67 0.0003035717609362567
10 67.79 81.67 9.793449903712558e-5
10 67.79 81.67 0.000239234147178993
10 67.79 86.95 0.021412383668758025
10 67.79 86.95 0.04041717680681704
10 67.79 86.95 0.026958738596068427
10 67.79 86.95 0.039804911873047875
10 67.79 86.95 0.008463887272298413
10 67.79 86.95 0.013190020564071765
10 67.79 86.95 0.010320939281779518
10 67.79 88.62 8.1365985975158e-27
10 67.79 88.62 3.076999838436229e-29
10 67.79 88.62 9.54481400246224e-29
10 67.79 89.61 9.435634262836913e-28
10 67.79 89.61 9.140564327813593e-28
10 67.79 89.61 6.8267551346155085e-28
10 67.79 89.61 4.218153251871175e-28
10 67.79 89.61 8.431899350623865e-28
10 67.79 91.85 6.109567509509052e-5
10 67.79 91.85 0.0006678926783212839
10 67.79 91.85 0.0004102595297214904
10 67.79 91.85 0.0004972957017044554
10 67.79 91.85 0.00045026572522586855
10 67.79 93.37 9.426098119141528e-5
10 67.79 93.37 0.00010109299692298842
10 67.79 93.37 0.00011845471550044995
10 67.79 104.72 5.152570560283749e-30
10 67.79 104.72 6.478137041930868e-31
10 67.79 104.72 1.2281495135726197e-29
10 67.79 104.72 1.806506923129154e-30
10 67.79 104.72 2.466556016582453e-30
10 67.79 104.72 4.178370256970704e-30
10 67.79 104.72 5.982056216988129e-30
10 67.79 104.72 1.4968529751307104e-30
11 67.79 0.0 1.49112595253485e-30
11 67.79 0.0 2.4359813326159503e-30
11 67.79 21.42 7.18948102093249e-29
11 67.79 21.42 4.8959955908643134e-29
11 67.79 21.42 1.4771377892178055e-28
11 67.79 21.42 7.308989159200117e-30
11 67.79 21.42 9.656113002187582e-30
11 67.79 23.14 1.3741066851731514e-26
11 67.79 24.35 0.05246480923118308
11 67.79 24.35 0.024398264641988347
11 67.79 24.35 0.14089195885579747
11 67.79 24.35 0.03656631703936861
11 67.79 24.35 0.04493298326503542
11 67.79 32.17 1.2958420606444543e-29
11 67.79 32.17 1.2954360223512411e-28
11 67.79 32.17 5.548583058077069e-29
11 67.79 51.14 0.025327061218763984
11 67.79 51.14 0.020085650877405888
11 67.79 51.14 0.035044097902544646
11 67.79 51.14 0.05147015262020915
11 67.79 51.14 0.01728423913187327
11 67.79 51.14 0.04691129249887059
11 67.79 51.14 0.030691297663419475
11 67.79 59.37 2.6618045765511126e-29
11 67.79 59.37 6.817201795506418e-29
11 67.79 59.37 3.500291885356666e-30
11 67.79 59.37 3.069294429590855e-29
11 67.79 59.37 8.396132301428828e-30
11 67.79 61.62 1.0910664798351323e-5
11 67.79 61.62 1.1364656893151405e-5
11 67.79 61.62 1.660190422291857e-5
11 67.79 64.46 2.7225056930147153e-28
11 67.79 66.88 0.012965565884096406
11 67.79 66.88 0.007804118465091983
11 67.79 66.88 0.005743854761535862
11 67.79 66.88 0.008381784757492555
11 67.79 66.88 0.004965071306968312
11 67.79 72.5 6.473667755702702e-29
11 67.79 72.5 7.260398443360564e-29
11 67.79 72.5 3.752508925653687e-29
11 67.79 72.5 5.396670351909905e-29
11 67.79 72.5 6.721736150645079e-29
11 67.79 75.54 0.003846787094471481
11 67.79 75.54 0.008278508146457437
11 67.79 75.54 0.006545184424195985
11 67.79 75.54 0.005861346060905156
11 67.79 75.54 0.010125690993630043
11 67.79 75.54 0.009833723267691278
11 67.79 75.54 0.003141291379445344
11 67.79 80.61 1.2144230087648665e-29
11 67.79 80.61 1.3202064865201518e-28
11 67.79 80.61 1.1560180415437465e-29
11 67.79 80.61 4.0082763811853306e-29
11 67.79 80.61 9.280015835715521e-29
11 67.79 80.61 1.8455692233813508e-29
11 67.79 80.61 7.583613717945064e-30
11 67.79 81.67 0.00017497602381104913
11 67.79 81.67 0.00037889652220948083
11 67.79 81.67 8.897261441944473e-5
11 67.79 86.95 0.014843981660465173
11 67.79 86.95 0.007859110001723683
11 67.79 86.95 0.026550453165258437
11 67.79 86.95 0.030949970637592666
11 67.79 86.95 0.038154426103518976
11 67.79 86.95 0.017361104115398932
11 67.79 86.95 0.010361288851402181
11 67.79 88.62 6.275121997785854e-27
11 67.79 88.62 3.9065415870864504e-28
11 67.79 88.62 6.140944798035904e-29
11 67.79 89.61 5.020336040917293e-28
11 67.79 89.61 8.589699046740082e-29
11 67.79 89.61 8.68497175920357e-29
11 67.79 89.61 7.522658284362339e-29
11 67.79 89.61 1.55751885547957e-28
11 67.79 91.85 0.0006835503149545415
11 67.79 91.85 0.00015103999444090644
11 67.79 91.85 0.0004921494793325542
11 67.79 91.85 0.00028452615367754574
11 67.79 91.85 0.00043690019563964814
11 67.79 93.37 0.00015323045649902705
11 67.79 93.37 6.067708628742177e-5
11 67.79 93.37 9.847952700016466e-5
11 67.79 104.72 1.208813705118006e-30
11 67.79 104.72 7.1651379805621075e-31
11 67.79 104.72 4.3574299254346815e-30
11 67.79 104.72 1.3446966067481535e-30
11 67.79 104.72 6.320676622469824e-30
11 67.79 104.72 9.997238323866141e-30
11 67.79 104.72 2.182015233501771e-30
11 67.79 104.72 2.1332734673654175e-30
12 67.79 0.0 3.910221887635092e-30
12 67.79 21.42 5.737295405078345e-28
12 67.79 21.42 3.611442638202197e-28
12 67.79 21.42 3.293101184108582e-28
12 67.79 21.42 1.5902004241364911e-28
12 67.79 21.42 7.657757756074069e-28
12 67.79 23.14 5.962271632829403e-26
12 67.79 24.35 0.0216960773342924
12 67.79 24.35 0.09997835573631372
12 67.79 24.35 0.03190311297702598
12 67.79 24.35 0.08653844186726052
12 67.79 24.35 0.05988823172179821
12 67.79 32.17 7.722543215943005e-28
12 67.79 32.17 3.6137333969434217e-28
12 67.79 32.17 4.157046198286713e-28
12 67.79 51.14 0.03559376787125314
12 67.79 51.14 0.03615772720490992
12 67.79 51.14 0.024060039823948078
12 67.79 51.14 0.017696805947734703
12 67.79 51.14 0.0538269483223275
12 67.79 51.14 0.015307971847577938
12 67.79 51.14 0.044187315778664235
12 67.79 59.37 4.2285716230362524e-29
12 67.79 59.37 1.6023871430599205e-28
12 67.79 59.37 2.4118597202930653e-29
12 67.79 59.37 1.0715740293480474e-29
12 67.79 59.37 1.2019057607074489e-29
12 67.79 61.62 1.9724498246361334e-5
12 67.79 61.62 1.3178717443235709e-5
12 67.79 61.62 6.096493819442834e-6
12 67.79 64.46 3.9913195388791964e-28
12 67.79 66.88 0.009531671162922578
12 67.79 66.88 0.005954526524888712
12 67.79 66.88 0.007454227700017452
12 67.79 66.88 0.005816556585434456
12 67.79 66.88 0.009689079903161639
12 67.79 72.5 5.978989502190102e-29
12 67.79 72.5 3.4590154513932905e-28
12 67.79 72.5 3.5154122235793257e-28
12 67.79 72.5 2.0279932537799233e-28
12 67.79 72.5 3.5323713321398603e-28
12 67.79 75.54 0.007747071229238671
12 67.79 75.54 0.0096133839833153
12 67.79 75.54 0.00972928150677816
12 67.79 75.54 0.007060808695730697
12 67.79 75.54 0.0036654176196460097
12 67.79 75.54 0.004801850605594447
12 67.79 75.54 0.00814721529667496
12 67.79 80.61 4.969956495355694e-30
12 67.79 80.61 3.8418728380646663e-29
12 67.79 80.61 1.8180507380940364e-29
12 67.79 80.61 6.017467870192391e-29
12 67.79 80.61 1.0366358496874725e-28
12 67.79 80.61 1.4033776374933593e-29
12 67.79 80.61 2.7346219594556616e-29
12 67.79 81.67 0.00018384952634129025
12 67.79 81.67 0.00024640028040609176
12 67.79 81.67 0.0002088614494362711
12 67.79 86.95 0.040735358473505186
12 67.79 86.95 0.019178307533824306
12 67.79 86.95 0.01853502602733634
12 67.79 86.95 0.015690603439543628
12 67.79 86.95 0.022319262930926616
12 67.79 86.95 0.023684150427777242
12 67.79 86.95 0.031050314680185494
12 67.79 88.62 3.1695048111050867e-27
12 67.79 88.62 1.0122152486945567e-28
12 67.79 88.62 3.302319215711197e-29
12 67.79 89.61 4.664611971309385e-28
12 67.79 89.61 5.852658725126726e-29
12 67.79 89.61 1.0710904017845164e-28
12 67.79 89.61 6.11529535906838e-29
12 67.79 89.61 7.796108221090375e-29
12 67.79 91.85 0.0005910760587763046
12 67.79 91.85 0.00040119098199089393
12 67.79 91.85 0.0005708959158656741
12 67.79 91.85 0.0002906734848192483
12 67.79 91.85 0.00021740026209233194
12 67.79 93.37 9.052073324051605e-5
12 67.79 93.37 0.0001389217318028533
12 67.79 93.37 8.592499788353779e-5
12 67.79 104.72 6.845550482428491e-30
12 67.79 104.72 8.992016093112854e-31
12 67.79 104.72 3.96864304096235e-30
12 67.79 104.72 2.5896524695812276e-30
12 67.79 104.72 1.5897225776090112e-30
12 67.79 104.72 3.884897252259619e-30
12 67.79 104.72 6.340836999447515e-30
12 67.79 104.72 1.5214594576749318e-30
13 89.21 0.0 5.214985172791281e-28
13 89.21 0.0 1.327098031864415e-28
13 89.21 0.0 1.3333795672082315e-28
13 89.21 0.0 1.3432323298259587e-28
13 89.21 0.0 3.415083270682646e-29
13 89.21 1.72 2.924511670448576e-26
13 89.21 2.93 0.015831958483728807
13 89.21 2.93 0.052035114806798906
13 89.21 2.93 0.038813624613090375
13 89.21 2.93 0.021121666573352273
13 89.21 2.93 0.01878227881610111
13 89.21 10.75 1.5872707630930876e-29
13 89.21 10.75 4.829175598613112e-29
13 89.21 10.75 2.925815259296379e-29
13 89.21 29.72 0.017128750892520354
13 89.21 29.72 0.01315131736270126
13 89.21 29.72 0.013655509831692801
13 89.21 29.72 0.010392167790710626
13 89.21 29.72 0.02207559810012769
13 89.21 29.72 0.0121837558460788
13 89.21 29.72 0.01972010577386224
13 89.21 37.95 3.1665284966172477e-28
13 89.21 37.95 7.692545806470068e-29
13 89.21 37.95 4.872562177735184e-29
13 89.21 37.95 9.688193666270659e-29
13 89.21 37.95 1.1317355928788598e-28
13 89.21 40.2 0.003047693474611683
13 89.21 40.2 0.0005589834352004107
13 89.21 40.2 0.0015395611223966402
13 89.21 43.04 9.840417931091602e-29
13 89.21 45.46 0.005154283288797221
13 89.21 45.46 0.0024921870594276003
13 89.21 45.46 0.005020828211368147
13 89.21 45.46 0.0026332844898312715
13 89.21 45.46 0.002450889950981128
13 89.21 51.08 2.2596400854035744e-28
13 89.21 51.08 9.496802562540279e-29
13 89.21 51.08 6.437351970114032e-29
13 89.21 51.08 1.1734717806849556e-28
13 89.21 51.08 1.5915719286678054e-28
13 89.21 54.12 0.019329532470627183
13 89.21 54.12 0.024022922671451116
13 89.21 54.12 0.02331456755353728
13 89.21 54.12 0.041541786123653224
13 89.21 54.12 0.009218779282101658
13 89.21 54.12 0.040673235376677074
13 89.21 54.12 0.03211890077998353
13 89.21 59.19 1.0628444357981548e-28
13 89.21 59.19 3.499494860935012e-28
13 89.21 59.19 2.1847813036485082e-29
13 89.21 59.19 5.014803498149293e-29
13 89.21 59.19 5.873072950914282e-29
13 89.21 59.19 5.893524623718523e-29
13 89.21 59.19 3.5793182236624896e-29
13 89.21 60.25 0.00017608931477271008
13 89.21 60.25 0.0012504576459370124
13 89.21 60.25 0.0007058218452179763
13 89.21 65.53 0.004328583672909815
13 89.21 65.53 0.0015832566010366934
13 89.21 65.53 0.0017688579863953337
13 89.21 65.53 0.0018284852825905704
13 89.21 65.53 0.002091658207655247
13 89.21 65.53 0.001561182431089771
13 89.21 65.53 0.002953067332259086
13 89.21 67.2 3.2067253262673123e-28
13 89.21 67.2 8.813335545400406e-29
13 89.21 67.2 3.357029026135375e-29
13 89.21 68.19 6.737509722275086e-29
13 89.21 68.19 2.040718720698955e-28
13 89.21 68.19 1.8709203292347134e-27
13 89.21 68.19 1.7089583692110655e-27
13 89.21 68.19 7.161309568077289e-28
13 89.21 70.43 0.017416392195892277
13 89.21 70.43 0.00891906890174187
13 89.21 70.43 0.011280498946267039
13 89.21 70.43 0.007679200352748284
13 89.21 70.43 0.01008885459856325
13 89.21 71.95 0.004474310792487752
13 89.21 71.95 0.007893638996068163
13 89.21 71.95 0.0023644142612498525
13 89.21 83.3 9.802352858053512e-30
13 89.21 83.3 8.360298580839778e-30
13 89.21 83.3 2.680908734688411e-30
13 89.21 83.3 2.3509453562860945e-29
13 89.21 83.3 2.7564122620609377e-30
13 89.21 83.3 1.3991590094057436e-29
13 89.21 83.3 1.0807689452892613e-29
13 89.21 83.3 5.920061338288536e-30
14 89.21 0.0 1.635528523161012e-29
14 89.21 0.0 4.0427212205598826e-29
14 89.21 0.0 2.021065529640415e-29
14 89.21 0.0 4.020915576823503e-29
14 89.21 1.72 1.7833809604436156e-26
14 89.21 2.93 0.016476268482670454
14 89.21 2.93 0.03273612543143023
14 89.21 2.93 0.03187524949090417
14 89.21 2.93 0.04176186616088349
14 89.21 2.93 0.022759504945303117
14 89.21 10.75 1.3028126488606577e-29
14 89.21 10.75 3.5294760470288177e-29
14 89.21 10.75 1.4632159674645134e-29
14 89.21 29.72 0.011919182142532351
14 89.21 29.72 0.009516659088628115
14 89.21 29.72 0.02529854367277904
14 89.21 29.72 0.004467631184576388
14 89.21 29.72 0.010229395528859209
14 89.21 29.72 0.028070790127526495
14 89.21 29.72 0.019578238757369568
14 89.21 37.95 3.1498352398900847e-28
14 89.21 37.95 8.161554473468776e-29
14 89.21 37.95 1.8138083127765283e-29
14 89.21 37.95 5.417930853750541e-29
14 89.21 37.95 2.3505415155154123e-29
14 89.21 40.2 0.0011690719150151366
14 89.21 40.2 0.0022779532731657124
14 89.21 40.2 0.0016843408611440193
14 89.21 43.04 9.630237489473991e-29
14 89.21 45.46 0.0060973600589693516
14 89.21 45.46 0.005152241697117646
14 89.21 45.46 0.003959081385180339
14 89.21 45.46 0.0015749642733125363
14 89.21 45.46 0.0015378986878745917
14 89.21 51.08 1.101764596282389e-28
14 89.21 51.08 2.647370680058301e-28
14 89.21 51.08 2.002138119790878e-28
14 89.21 51.08 9.22680430701571e-29
14 89.21 51.08 7.315571278585692e-29
14 89.21 54.12 0.01327865876843451
14 89.21 54.12 0.052380877931215354
14 89.21 54.12 0.022983308530935248
14 89.21 54.12 0.03426894306971741
14 89.21 54.12 0.008175958195114994
14 89.21 54.12 0.02730657642390844
14 89.21 54.12 0.02750792303805608
14 89.21 59.19 2.0801109073038164e-29
14 89.21 59.19 1.5679377633077047e-28
14 89.21 59.19 2.0842732045797738e-29
14 89.21 59.19 2.002127338164274e-29
14 89.21 59.19 7.03354657684719e-30
14 89.21 59.19 5.809245023097692e-29
14 89.21 59.19 8.731279040646708e-29
14 89.21 60.25 0.0009040692334093187
14 89.21 60.25 0.00044503286575526277
14 89.21 60.25 0.0007798525557416834
14 89.21 65.53 0.0019927958017462986
14 89.21 65.53 0.002465072211905643
14 89.21 65.53 0.0013084811622322526
14 89.21 65.53 0.0019229583929270644
14 89.21 65.53 0.003047469401724706
14 89.21 65.53 0.0027878117390578816
14 89.21 65.53 0.001805782298842246
14 89.21 67.2 5.6131798824238885e-28
14 89.21 67.2 2.491147478029124e-28
14 89.21 67.2 1.4929571908949064e-29
14 89.21 68.19 9.51181516795103e-29
14 89.21 68.19 1.5235829056479656e-28
14 89.21 68.19 2.4337869703577047e-27
14 89.21 68.19 2.5354709168935694e-27
14 89.21 68.19 5.2877216010095365e-28
14 89.21 70.43 0.011543196534407519
14 89.21 70.43 0.013806551470135948
14 89.21 70.43 0.00945621837045161
14 89.21 70.43 0.006678613688723873
14 89.21 70.43 0.013133129915522448
14 89.21 71.95 0.006155801566093817
14 89.21 71.95 0.003307109279679512
14 89.21 71.95 0.005211348773663585
14 89.21 83.3 1.7837366100358664e-29
14 89.21 83.3 3.8516074302584556e-30
14 89.21 83.3 1.1720776986544711e-29
14 89.21 83.3 2.625028353282697e-29
14 89.21 83.3 1.5554315610599998e-29
14 89.21 83.3 1.2616134090051269e-29
14 89.21 83.3 1.5491779818987316e-29
14 89.21 83.3 6.128694926272595e-30
15 89.21 0.0 1.9816651237499311e-28
15 89.21 0.0 1.7938213851372963e-29
15 89.21 0.0 3.294442581997488e-29
15 89.21 1.72 1.2691105301037154e-26
15 89.21 2.93 0.03574386256542812
15 89.21 2.93 0.02314419319359741
15 89.21 2.93 0.027439887354000814
15 89.21 2.93 0.03372232428009835
15 89.21 2.93 0.028096361316820116
15 89.21 10.75 1.174207215580443e-29
15 89.21 10.75 8.912536232934607e-29
15 89.21 10.75 1.0268869921690359e-29
15 89.21 29.72 0.017030541337548232
15 89.21 29.72 0.011947800485884931
15 89.21 29.72 0.013576818776062514
15 89.21 29.72 0.03360400851192276
15 89.21 29.72 0.008072572139286346
15 89.21 29.72 0.021135047434154494
15 89.21 29.72 0.0010758233742006094
15 89.21 37.95 2.7101520894092008e-28
15 89.21 37.95 2.3992784642287753e-29
15 89.21 37.95 3.5489967127945696e-29
15 89.21 37.95 4.3595641125414945e-29
15 89.21 37.95 6.316884582376489e-29
15 89.21 40.2 0.002045520616197828
15 89.21 40.2 0.0008403578960454884
15 89.21 40.2 0.0021963184675662674
15 89.21 43.04 8.168891373649886e-29
15 89.21 45.46 0.004260572056405384
15 89.21 45.46 0.0017105651581555107
15 89.21 45.46 0.005419758227395724
15 89.21 45.46 0.0024229080891255525
15 89.21 45.46 0.0038076344489912845
15 89.21 51.08 2.92246459764875e-28
15 89.21 51.08 1.286642308213809e-28
15 89.21 51.08 1.0030833098381819e-28
15 89.21 51.08 4.357473789966077e-28
15 89.21 51.08 2.7549399270887367e-29
15 89.21 54.12 0.019586024832892297
15 89.21 54.12 0.015905193600603554
15 89.21 54.12 0.03317836542064146
15 89.21 54.12 0.008550682491122749
15 89.21 54.12 0.057487641426112235
15 89.21 54.12 0.02712188913875938
15 89.21 54.12 0.03059859542189601
15 89.21 59.19 1.0284828048213312e-29
15 89.21 59.19 1.97720341984981e-28
15 89.21 59.19 2.4845887942682997e-29
15 89.21 59.19 1.3051014024250293e-28
15 89.21 59.19 4.4054628975941855e-29
15 89.21 59.19 2.7124824742387206e-29
15 89.21 59.19 3.5444897119097545e-29
15 89.21 60.25 0.00022575809318060218
15 89.21 60.25 0.0010858766559825512
15 89.21 60.25 0.0008178476448728438
15 89.21 65.53 0.0013679170753582858
15 89.21 65.53 0.005540214719721217
15 89.21 65.53 0.001518945364299273
15 89.21 65.53 0.0027007598991136616
15 89.21 65.53 0.002475960479642397
15 89.21 65.53 0.002413619684891814
15 89.21 65.53 0.0005615835360503042
15 89.21 67.2 3.889816307702714e-28
15 89.21 67.2 8.746917079813154e-29
15 89.21 67.2 8.638851653476444e-29
15 89.21 68.19 8.315404831356296e-29
15 89.21 68.19 3.3355058206185045e-28
15 89.21 68.19 1.1774456852626672e-27
15 89.21 68.19 2.0063485903030807e-27
15 89.21 68.19 5.534564100780243e-28
15 89.21 70.43 0.007693532725215125
15 89.21 70.43 0.006752930284535957
15 89.21 70.43 0.01780908855884941
15 89.21 70.43 0.013464465409734939
15 89.21 70.43 0.01021741899334383
15 89.21 71.95 0.007439009263405718
15 89.21 71.95 0.00596801905997707
15 89.21 71.95 0.0011501672800524705
15 89.21 83.3 1.8226139066849992e-29
15 89.21 83.3 1.3519544099117003e-30
15 89.21 83.3 3.008217931467943e-30
15 89.21 83.3 2.3062016046899154e-29
15 89.21 83.3 6.825053070675199e-30
15 89.21 83.3 9.429719223652698e-30
15 89.21 83.3 6.305402075133859e-30
15 89.21 83.3 7.35158910772468e-30
16 89.21 0.0 1.2769935945638174e-29
16 89.21 0.0 2.875537115103403e-30
16 89.21 1.72 1.54149287591664e-26
16 89.21 2.93 0.019943243209082195
16 89.21 2.93 0.026656578930252202
16 89.21 2.93 0.02256530879008574
16 89.21 2.93 0.02512157907531068
16 89.21 2.93 0.0524172824317039
16 89.21 10.75 8.645488056845363e-31
16 89.21 10.75 4.4911541872305067e-29
16 89.21 10.75 6.2146782759173244e-30
16 89.21 29.72 0.017781841451849845
16 89.21 29.72 0.01912237431305972
16 89.21 29.72 0.006330529979722169
16 89.21 29.72 0.015922714649671377
16 89.21 29.72 0.022681612950842533
16 89.21 29.72 0.008396480836769861
16 89.21 29.72 0.017314306589545025
16 89.21 37.95 8.124280240850631e-29
16 89.21 37.95 4.855499798205216e-29
16 89.21 37.95 1.4604772698001947e-29
16 89.21 37.95 1.5757043153634813e-29
16 89.21 37.95 1.709281928960513e-29
16 89.21 40.2 0.0008558298759155761
16 89.21 40.2 0.0032026912144381358
16 89.21 40.2 0.001019347648732969
16 89.21 43.04 3.167258672372933e-28
16 89.21 45.46 0.0014250639705574014
16 89.21 45.46 0.002181223712306791
16 89.21 45.46 0.0025762465463994863
16 89.21 45.46 0.0059087537909615784
16 89.21 45.46 0.005770406965043046
16 89.21 51.08 3.0950823823643177e-28
16 89.21 51.08 2.1777909227685448e-28
16 89.21 51.08 9.730326150672432e-29
16 89.21 51.08 5.377467629408001e-29
16 89.21 51.08 2.1130518374857256e-29
16 89.21 54.12 0.02796811526609363
16 89.21 54.12 0.015808966225815107
16 89.21 54.12 0.04775399897374052
16 89.21 54.12 0.030230195352353342
16 89.21 54.12 0.022780473445544146
16 89.21 54.12 0.02696205073537321
16 89.21 54.12 0.02912987907774734
16 89.21 59.19 3.7130607153168955e-30
16 89.21 59.19 1.321655987731828e-28
16 89.21 59.19 7.098262545717089e-30
16 89.21 59.19 1.730430991100169e-29
16 89.21 59.19 1.7292473930764166e-29
16 89.21 59.19 3.0033552568493445e-29
16 89.21 59.19 9.70097100010895e-29
16 89.21 60.25 0.0010077576615751122
16 89.21 60.25 0.00038135762407485747
16 89.21 60.25 0.0007396167371099769
16 89.21 65.53 0.0017118718137319813
16 89.21 65.53 0.0010508932349302211
16 89.21 65.53 0.0022516523324016277
16 89.21 65.53 0.002862770056893846
16 89.21 65.53 0.002435131681095151
16 89.21 65.53 0.004029876320854856
16 89.21 65.53 0.0041016222114652005
16 89.21 67.2 6.503261491795166e-28
16 89.21 67.2 2.500079252905469e-28
16 89.21 67.2 1.6671830817668338e-29
16 89.21 68.19 1.4554634013904385e-28
16 89.21 68.19 2.2150871530720053e-28
16 89.21 68.19 2.633723889931102e-27
16 89.21 68.19 1.1822615251380068e-27
16 89.21 68.19 1.6688727411380454e-28
16 89.21 70.43 0.01136272919659255
16 89.21 70.43 0.013472396679402103
16 89.21 70.43 0.0069474955029411815
16 89.21 70.43 0.009819778249389819
16 89.21 70.43 0.01317723036293593
16 89.21 71.95 0.003921956848062044
16 89.21 71.95 0.003144008847719157
16 89.21 71.95 0.0075591400395397974
16 89.21 83.3 2.652796871774763e-29
16 89.21 83.3 1.1169965066382558e-29
16 89.21 83.3 5.6173111585194896e-30
16 89.21 83.3 2.7994755733227593e-29
16 89.21 83.3 1.0235594247374205e-30
16 89.21 83.3 7.346526846912398e-30
16 89.21 83.3 7.246402206889757e-30
16 89.21 83.3 8.958328370800532e-30
17 89.21 0.0 4.242013662659565e-31
17 89.21 1.72 5.9539642054807565e-27
17 89.21 2.93 0.058487300939313216
17 89.21 2.93 0.010661965427744268
17 89.21 2.93 0.029480530390948483
17 89.21 2.93 0.022350773370579422
17 89.21 2.93 0.026034812283083804
17 89.21 10.75 5.374214579551233e-30
17 89.21 10.75 1.4772601602848214e-28
17 89.21 10.75 4.901031455848909e-30
17 89.21 29.72 0.01327818281388679
17 89.21 29.72 0.022673434393576046
17 89.21 29.72 0.01819773587336854
17 89.21 29.72 0.0143582174488687
17 89.21 29.72 0.015518872569416054
17 89.21 29.72 0.007873232882657727
17 89.21 29.72 0.01931746010874581
17 89.21 37.95 1.0191125857461728e-28
17 89.21 37.95 3.5426924360192675e-29
17 89.21 37.95 1.1942868187455621e-29
17 89.21 37.95 9.678220646635978e-30
17 89.21 37.95 3.6956959606754434e-29
17 89.21 40.2 0.0012326099109976286
17 89.21 40.2 0.0016374618156877658
17 89.21 40.2 0.0022284160830751305
17 89.21 43.04 2.0896546662734396e-28
17 89.21 45.46 0.0010477934289602163
17 89.21 45.46 0.006411938935040568
17 89.21 45.46 0.0006236947718375524
17 89.21 45.46 0.0054651764935755645
17 89.21 45.46 0.004594745468577033
17 89.21 51.08 3.652401600707389e-28
17 89.21 51.08 2.0416371974011207e-28
17 89.21 51.08 1.2641499570670397e-28
17 89.21 51.08 5.46649180421577e-29
17 89.21 51.08 7.862384886902161e-29
17 89.21 54.12 0.055758266255595296
17 89.21 54.12 0.02705517066629392
17 89.21 54.12 0.011610613342524178
17 89.21 54.12 0.0254036678238615
17 89.21 54.12 0.03882382796900716
17 89.21 54.12 0.013261600690566993
17 89.21 54.12 0.02090674613066325
17 89.21 59.19 2.4487602185276317e-29
17 89.21 59.19 6.761169779989009e-29
17 89.21 59.19 8.069877163194188e-30
17 89.21 59.19 1.7298343265810033e-29
17 89.21 59.19 3.109950948336799e-29
17 89.21 59.19 5.714921167990705e-29
17 89.21 59.19 1.62034672908266e-28
17 89.21 60.25 0.0012731203951052807
17 89.21 60.25 0.00037202423907648505
17 89.21 60.25 0.0004912250844259581
17 89.21 65.53 0.002481661856723886
17 89.21 65.53 0.0008755707487892671
17 89.21 65.53 0.005219291502864691
17 89.21 65.53 0.002580666122529031
17 89.21 65.53 0.0015454520818549118
17 89.21 65.53 0.0011883210305344799
17 89.21 65.53 0.0026552033149917003
17 89.21 67.2 4.592502335857684e-28
17 89.21 67.2 1.8293113496849252e-28
17 89.21 67.2 2.164733431481188e-29
17 89.21 68.19 2.2815896793654384e-29
17 89.21 68.19 3.2053510204859257e-28
17 89.21 68.19 2.338895594465108e-27
17 89.21 68.19 2.2908737296495637e-27
17 89.21 68.19 4.589186507346922e-28
17 89.21 70.43 0.00748072981337013
17 89.21 70.43 0.011942542260400528
17 89.21 70.43 0.009240769060667417
17 89.21 70.43 0.01826074372507767
17 89.21 70.43 0.007225895707296978
17 89.21 71.95 0.0027210647597876074
17 89.21 71.95 0.0036289776357330836
17 89.21 71.95 0.00847276860493135
17 89.21 83.3 5.072530549306788e-29
17 89.21 83.3 3.3648717203103024e-30
17 89.21 83.3 8.600988772517336e-30
17 89.21 83.3 1.5625207759891915e-30
17 89.21 83.3 2.4498600921168006e-29
17 89.21 83.3 2.5175482743387294e-29
17 89.21 83.3 4.7349616418678595e-30
17 89.21 83.3 4.9983861460723735e-30
18 90.93 0.0 1.3401731501002515e-29
18 90.93 1.21 6.0525092404181946e-30
18 90.93 1.21 9.679395739780625e-29
18 90.93 1.21 5.064544958972707e-29
18 90.93 1.21 5.879261784637561e-29
18 90.93 1.21 2.6957025788001096e-29
18 90.93 9.03 4.648765887729457e-28
18 90.93 9.03 1.1882617935799123e-27
18 90.93 9.03 1.9476546942573574e-27
18 90.93 28.0 4.886860998114548e-29
18 90.93 28.0 8.922705186258524e-29
18 90.93 28.0 3.5980709268094154e-29
18 90.93 28.0 2.1199697909859867e-29
18 90.93 28.0 1.681579264058047e-28
18 90.93 28.0 4.115826044112816e-29
18 90.93 28.0 1.1756625672906523e-28
18 90.93 36.23 2.970060749411925e-26
18 90.93 36.23 1.417307371601258e-26
18 90.93 36.23 7.411906375067289e-27
18 90.93 36.23 1.1493448683304472e-26
18 90.93 36.23 5.544860711647645e-27
18 90.93 38.48 0.12136044536903914
18 90.93 38.48 0.1213604453690418
18 90.93 38.48 0.1213604453690432
18 90.93 41.32 1.4697092391978982e-27
18 90.93 43.74 5.845655014633896e-29
18 90.93 43.74 2.8166206963825766e-29
18 90.93 43.74 2.320177873879119e-29
18 90.93 43.74 2.4438344243668106e-28
18 90.93 43.74 2.6183555812878872e-28
18 90.93 49.36 4.297523707800933e-27
18 90.93 49.36 9.631150409852764e-27
18 90.93 49.36 1.037263697453086e-26
18 90.93 49.36 1.518520067098646e-26
18 90.93 49.36 8.962884525362845e-27
18 90.93 52.41 8.042315009908609e-29
18 90.93 52.41 3.7781769312283656e-29
18 90.93 52.41 7.926394274933946e-29
18 90.93 52.41 1.3018887308301603e-28
18 90.93 52.41 2.5137385031867463e-29
18 90.93 52.41 3.819535883155674e-29
18 90.93 52.41 1.9965083995897348e-29
18 90.93 57.47 1.0059027460804562e-26
18 90.93 57.47 6.473849968310583e-27
18 90.93 57.47 3.0708476135375512e-27
18 90.93 57.47 7.583498195242592e-27
18 90.93 57.47 7.494874757906333e-27
18 90.93 57.47 4.8523316059686414e-27
18 90.93 57.47 3.5304977693081496e-27
18 90.93 58.53 0.017699193150359872
18 90.93 58.53 0.017699193150359272
18 90.93 58.53 0.017699193150360754
18 90.93 63.81 3.893884409583285e-30
18 90.93 63.81 6.814012031587164e-30
18 90.93 63.81 1.397610521452372e-30
18 90.93 63.81 1.0038651071022789e-28
18 90.93 63.81 4.469247540422088e-30
18 90.93 63.81 2.3391614358132984e-29
18 90.93 63.81 2.038358640302921e-29
18 90.93 65.48 1.462011814003009e-27
18 90.93 65.48 1.913746282493609e-27
18 90.93 65.48 1.1477332728023769e-27
18 90.93 66.48 1.2781196345699545e-27
18 90.93 66.48 2.534350298051125e-27
18 90.93 66.48 2.1700029028416184e-27
18 90.93 66.48 1.6247582800481214e-27
18 90.93 66.48 3.653048577827273e-27
18 90.93 68.71 3.148933662831052e-27
18 90.93 68.71 2.0613235047528761e-29
18 90.93 68.71 1.651006670799586e-27
18 90.93 68.71 2.2326565200901785e-29
18 90.93 68.71 1.0100030773463577e-27
18 90.93 70.24 0.03244278631281064
18 90.93 70.24 0.03244278631280932
18 90.93 70.24 0.03244278631280987
18 90.93 81.59 1.9100782378193955e-30
18 90.93 81.59 2.4809596032280363e-30
18 90.93 81.59 9.71089156974263e-30
18 90.93 81.59 1.4381918246682273e-30
18 90.93 81.59 5.436097609602749e-29
18 90.93 81.59 4.35220819473165e-29
18 90.93 81.59 5.702261597264495e-30
18 90.93 81.59 8.720584491729061e-30
19 92.14 0.0 1.557844249350154e-29
19 92.14 0.0 1.880221885269218e-28
19 92.14 0.0 5.238203222066429e-29
19 92.14 0.0 3.677210210972743e-29
19 92.14 0.0 2.4653886254397212e-29
19 92.14 7.82 0.0017041252871163519
19 92.14 7.82 0.0027751867919067717
19 92.14 7.82 0.0017729030010439596
19 92.14 26.79 3.529220590513824e-29
19 92.14 26.79 5.7940048177663496e-30
19 92.14 26.79 3.3030480204104686e-29
19 92.14 26.79 1.5657597125581308e-29
19 92.14 26.79 2.4416696777478815e-29
19 92.14 26.79 1.9539404380794795e-29
19 92.14 26.79 1.49841614387184e-28
19 92.14 35.02 0.019748328447724273
19 92.14 35.02 0.019600601302666346
19 92.14 35.02 0.01076354516396075
19 92.14 35.02 0.013907974214775246
19 92.14 35.02 0.022688152914439194
19 92.14 37.27 1.6972065462071883e-27
19 92.14 37.27 3.5036061249070723e-29
19 92.14 37.27 5.701457939735299e-29
19 92.14 40.11 3.253194412668262e-29
19 92.14 42.53 4.5702734884106324e-29
19 92.14 42.53 7.579762608651592e-29
19 92.14 42.53 1.7079890826823944e-28
19 92.14 42.53 1.161284380060661e-28
19 92.14 42.53 4.0312396560576375e-29
19 92.14 48.15 0.004891201985939283
19 92.14 48.15 0.01034449087284724
19 92.14 48.15 0.03352442215614604
19 92.14 48.15 0.010387271629556737
19 92.14 48.15 0.02488313198395134
19 92.14 51.2 1.57875862714794e-28
19 92.14 51.2 5.44007663540401e-29
19 92.14 51.2 1.1584534334590077e-28
19 92.14 51.2 1.153753863311318e-28
19 92.14 51.2 2.4823231642976055e-29
19 92.14 51.2 7.057503523846854e-29
19 92.14 51.2 1.9374374362518772e-29
19 92.14 56.26 0.00565357369635832
19 92.14 56.26 0.009798033861023629
19 92.14 56.26 0.0147408536809924
19 92.14 56.26 0.00613447759199294
19 92.14 56.26 0.006447077574104189
19 92.14 56.26 0.003452777892684982
19 92.14 56.26 0.012736018828472417
19 92.14 57.32 7.354772257678586e-29
19 92.14 57.32 2.162132220046718e-27
19 92.14 57.32 7.879223531062114e-28
19 92.14 62.6 7.276182986851091e-29
19 92.14 62.6 6.772493009664657e-30
19 92.14 62.6 5.419772863680233e-29
19 92.14 62.6 7.968565213259136e-28
19 92.14 62.6 1.1937565631470194e-29
19 92.14 62.6 2.905905646808838e-29
19 92.14 62.6 8.938594131512879e-30
19 92.14 64.27 0.002004339263058222
19 92.14 64.27 0.0022436673242939575
19 92.14 64.27 0.0031342673173145115
19 92.14 65.27 0.003984450250636388
19 92.14 65.27 0.003972621830287359
19 92.14 65.27 0.00589526826825576
19 92.14 65.27 0.001549557215383628
19 92.14 65.27 0.0020487556420090832
19 92.14 67.5 8.689552337426077e-29
19 92.14 67.5 1.163361747976469e-27
19 92.14 67.5 9.624307447799874e-29
19 92.14 67.5 1.0379853205295542e-28
19 92.14 67.5 3.2943928995649224e-28
19 92.14 69.03 1.8488880232593332e-29
19 92.14 69.03 8.39345899738763e-29
19 92.14 69.03 4.504137067255676e-29
19 92.14 80.37 4.505289768215967e-30
19 92.14 80.37 1.7601057148564837e-30
19 92.14 80.37 4.832894444119147e-30
19 92.14 80.37 2.4140641549241826e-30
19 92.14 80.37 4.681510144053849e-30
19 92.14 80.37 7.2256723535262e-30
19 92.14 80.37 2.510407086009665e-30
19 92.14 80.37 8.21076461465961e-30
20 92.14 0.0 8.832366156995193e-28
20 92.14 0.0 1.9360572171560858e-28
20 92.14 0.0 2.0038155583723826e-28
20 92.14 0.0 7.240512335136299e-29
20 92.14 7.82 0.0009677273738245673
20 92.14 7.82 0.001965456301201356
20 92.14 7.82 0.0033234507285479714
20 92.14 26.79 9.069806677822312e-29
20 92.14 26.79 1.079733819311092e-28
20 92.14 26.79 1.7640484664874592e-28
20 92.14 26.79 5.181172815852952e-29
20 92.14 26.79 1.6083663469260032e-28
20 92.14 26.79 6.763675861531889e-29
20 92.14 26.79 1.9440946755421867e-28
20 92.14 35.02 0.01909008034169705
20 92.14 35.02 0.02783582846900006
20 92.14 35.02 0.013796265333003864
20 92.14 35.02 0.020123359819553436
20 92.14 35.02 0.009566937403316444
20 92.14 37.27 7.615347776423889e-26
20 92.14 37.27 6.61595380201166e-26
20 92.14 37.27 6.466243499057906e-26
20 92.14 40.11 3.821600847717141e-29
20 92.14 42.53 5.774676210609412e-29
20 92.14 42.53 1.767309382499502e-29
20 92.14 42.53 1.0931461744853259e-28
20 92.14 42.53 1.068875061334781e-28
20 92.14 42.53 3.856669338189202e-29
20 92.14 48.15 0.008488385398447403
20 92.14 48.15 0.01652708874616703
20 92.14 48.15 0.017628655749817423
20 92.14 48.15 0.02688476165090611
20 92.14 48.15 0.01661317662664831
20 92.14 51.2 3.1359093467255705e-28
20 92.14 51.2 2.1109936400148962e-28
20 92.14 51.2 1.4316683722113993e-28
20 92.14 51.2 2.967714975557387e-28
20 92.14 51.2 8.035524026340912e-29
20 92.14 51.2 1.2459444293795367e-28
20 92.14 51.2 2.305678035254355e-28
20 92.14 56.26 0.017891161440506304
20 92.14 56.26 0.00710992937759187
20 92.14 56.26 0.0053185022975996655
20 92.14 56.26 0.012754515557840782
20 92.14 56.26 0.013084003424070916
20 92.14 56.26 0.009584493017209091
20 92.14 56.26 0.0011456705679816293
20 92.14 57.32 8.231233401833842e-27
20 92.14 57.32 1.140153274428426e-26
20 92.14 57.32 1.1176480851560874e-26
20 92.14 62.6 2.8942953484707906e-29
20 92.14 62.6 1.4778004281935014e-29
20 92.14 62.6 2.878851218699458e-29
20 92.14 62.6 2.881153244261885e-28
20 92.14 62.6 7.436001807822967e-30
20 92.14 62.6 7.204122457676984e-29
20 92.14 62.6 3.811037078929776e-29
20 92.14 64.27 0.0025826602486835985
20 92.14 64.27 0.0032382316687738035
20 92.14 64.27 0.0015657573134744585
20 92.14 65.27 0.0026125609616927383
20 92.14 65.27 0.004659092615355672
20 92.14 65.27 0.0037250636673122296
20 92.14 65.27 0.0006376023830358029
20 92.14 65.27 0.005636447133837383
20 92.14 67.5 2.171613760578629e-28
20 92.14 67.5 9.797460600943228e-28
20 92.14 67.5 4.196814278458881e-28
20 92.14 67.5 1.8610089688825786e-28
20 92.14 67.5 3.4314527266722808e-28
20 92.14 69.03 1.8647978299741384e-26
20 92.14 69.03 1.8014947619771247e-26
20 92.14 69.03 1.8036502304866836e-26
20 92.14 80.37 2.1726836078520935e-30
20 92.14 80.37 2.8266144403725447e-30
20 92.14 80.37 1.3346172769226109e-30
20 92.14 80.37 7.552160976690251e-31
20 92.14 80.37 5.727379982370296e-30
20 92.14 80.37 7.025918750409084e-30
20 92.14 80.37 1.2709549428988114e-30
20 92.14 80.37 8.286974871927912e-31
21 92.14 0.0 1.0733176771722314e-29
21 92.14 0.0 1.4006139004818527e-29
21 92.14 0.0 4.8179999654779875e-30
21 92.14 7.82 0.00350541166582748
21 92.14 7.82 0.0017915487914190217
21 92.14 7.82 0.0009701665885514136
21 92.14 26.79 1.3257362412743342e-29
21 92.14 26.79 8.194909000295539e-30
21 92.14 26.79 1.7974887868303735e-29
21 92.14 26.79 1.8489805261801604e-29
21 92.14 26.79 9.68601075486035e-30
21 92.14 26.79 2.0913197248063946e-29
21 92.14 26.79 6.11422454182465e-29
21 92.14 35.02 0.0139753252198479
21 92.14 35.02 0.017375783570713888
21 92.14 35.02 0.015776516106506763
21 92.14 35.02 0.018366690460370823
21 92.14 35.02 0.025193241208994202
21 92.14 37.27 1.5617345998063611e-27
21 92.14 37.27 5.26986778253566e-29
21 92.14 37.27 1.4409913005505062e-29
21 92.14 40.11 3.5198910398787154e-29
21 92.14 42.53 1.1776301121314826e-29
21 92.14 42.53 1.9549767375805982e-29
21 92.14 42.53 6.267168300945153e-29
21 92.14 42.53 3.1019651570242474e-29
21 92.14 42.53 2.0851020178140317e-30
21 92.14 48.15 0.02579967549664436
21 92.14 48.15 0.010073564107482237
21 92.14 48.15 0.011854396414047442
21 92.14 48.15 0.012386085402235934
21 92.14 48.15 0.022463903588703357
21 92.14 51.2 3.2139698312524037e-28
21 92.14 51.2 1.1858362234276324e-29
21 92.14 51.2 1.1155270868837975e-28
21 92.14 51.2 2.2957065669930377e-29
21 92.14 51.2 6.229651090331163e-29
21 92.14 51.2 2.384714377208265e-29
21 92.14 51.2 2.30829089416955e-29
21 92.14 56.26 0.003847396452291371
21 92.14 56.26 0.008370616118399326
21 92.14 56.26 0.007192296927408117
21 92.14 56.26 0.01141835484338877
21 92.14 56.26 0.004769516391059978
21 92.14 56.26 0.009792512771064897
21 92.14 56.26 0.010369278039842385
21 92.14 57.32 2.679338289130155e-28
21 92.14 57.32 1.7639325234979894e-27
21 92.14 57.32 4.463483186315797e-28
21 92.14 62.6 5.84183892810354e-29
21 92.14 62.6 3.0565766926444548e-30
21 92.14 62.6 4.361630921713985e-29
21 92.14 62.6 8.642659163575268e-28
21 92.14 62.6 3.1285370513709104e-30
21 92.14 62.6 3.330977331552162e-29
21 92.14 62.6 6.819937219161051e-30
21 92.14 64.27 0.0034270832456366183
21 92.14 64.27 0.0015371147035957789
21 92.14 64.27 0.0024053346869498974
21 92.14 65.27 0.005446954751249551
21 92.14 65.27 0.0025926526579319585
21 92.14 65.27 0.0016186796193576952
21 92.14 65.27 0.00611967948426532
21 92.14 65.27 0.0014887311534814123
21 92.14 67.5 1.0495532704944236e-28
21 92.14 67.5 2.912569533749784e-28
21 92.14 67.5 6.759560890876583e-29
21 92.14 67.5 4.9151361378037823e-29
21 92.14 67.5 9.828665912558367e-28
21 92.14 69.03 6.101740614233433e-29
21 92.14 69.03 3.0427836620499624e-29
21 92.14 69.03 1.4152546139358754e-28
21 92.14 80.37 8.117286625167368e-30
21 92.14 80.37 4.386203014622128e-30
21 92.14 80.37 1.1049772118101724e-30
21 92.14 80.37 1.5382433034103438e-30
21 92.14 80.37 3.7562171969100745e-30
21 92.14 80.37 4.9158005293953574e-30
21 92.14 80.37 4.264536743790655e-30
21 92.14 80.37 3.251182761393036e-30
22 92.14 0.0 3.237383248191769e-30
22 92.14 0.0 9.49333757323494e-30
22 92.14 7.82 0.0022877397194907795
22 92.14 7.82 0.0021268772554242426
22 92.14 7.82 0.0018399430764845868
22 92.14 26.79 5.3422859650875914e-30
22 92.14 26.79 5.056021706003862e-30
22 92.14 26.79 2.1668286836100954e-30
22 92.14 26.79 3.402510508364019e-30
22 92.14 26.79 1.63710013082798e-29
22 92.14 26.79 7.001220798554186e-30
22 92.14 26.79 4.27041794651357e-29
22 92.14 35.02 0.022593969952720845
22 92.14 35.02 0.008006989045693264
22 92.14 35.02 0.03543944286785367
22 92.14 35.02 0.010991648776611233
22 92.14 35.02 0.012804581983831779
22 92.14 37.27 2.4198653102627038e-27
22 92.14 37.27 2.6167462682942793e-29
22 92.14 37.27 8.859255391133245e-30
22 92.14 40.11 3.5107759553473325e-29
22 92.14 42.53 4.6996817187604056e-29
22 92.14 42.53 6.026925436147048e-30
22 92.14 42.53 1.0291925408811686e-29
22 92.14 42.53 3.4752325065539907e-29
22 92.14 42.53 8.862041698219996e-30
22 92.14 48.15 0.023396150874721345
22 92.14 48.15 0.0157853012553412
22 92.14 48.15 0.015449959343631286
22 92.14 48.15 0.018416187725507703
22 92.14 48.15 0.012118190744879733
22 92.14 51.2 2.8397789049463784e-28
22 92.14 51.2 3.4870526857956077e-29
22 92.14 51.2 1.345591526880338e-28
22 92.14 51.2 2.4126692696816563e-29
22 92.14 51.2 8.76537290341581e-30
22 92.14 51.2 9.240159972778042e-30
22 92.14 51.2 5.1689178119479975e-30
22 92.14 56.26 0.007818059625533709
22 92.14 56.26 0.007069817279106841
22 92.14 56.26 0.00682074519913599
22 92.14 56.26 0.006103260825458076
22 92.14 56.26 0.011161168719435196
22 92.14 56.26 0.00498222200279895
22 92.14 56.26 0.01228672542954765
22 92.14 57.32 3.3522698511863344e-29
22 92.14 57.32 1.3121736788777734e-27
22 92.14 57.32 5.080436485520935e-28
22 92.14 62.6 1.0188848962172268e-29
22 92.14 62.6 3.470963371246072e-30
22 92.14 62.6 6.675024828844952e-29
22 92.14 62.6 6.919285276475188e-28
22 92.14 62.6 6.604399586566851e-30
22 92.14 62.6 5.430879634824729e-29
22 92.14 62.6 1.2085842765083558e-29
22 92.14 64.27 0.0037667080600031154
22 92.14 64.27 0.001852995142210874
22 92.14 64.27 0.0017551003475835922
22 92.14 65.27 0.0010520428025582026
22 92.14 65.27 0.00346652662023484
22 92.14 65.27 0.004150622272168876
22 92.14 65.27 0.006037958959852488
22 92.14 65.27 0.002624405946783775
22 92.14 67.5 4.084160875343033e-29
22 92.14 67.5 8.011334457984478e-28
22 92.14 67.5 1.2161351076529118e-28
22 92.14 67.5 1.1914674862678584e-28
22 92.14 67.5 7.587818998800775e-28
22 92.14 69.03 4.532348519111652e-29
22 92.14 69.03 2.7166858564004325e-29
22 92.14 69.03 1.262667389430497e-28
22 92.14 80.37 5.171027828876216e-30
22 92.14 80.37 6.767349965646116e-30
22 92.14 80.37 1.3201903999011107e-29
22 92.14 80.37 1.9055560637134846e-30
22 92.14 80.37 1.0112604220673191e-29
22 92.14 80.37 1.422848967809265e-29
22 92.14 80.37 8.619849809265597e-30
22 92.14 80.37 3.749032063742665e-30
23 92.14 0.0 5.808804045119987e-30
23 92.14 7.82 0.0019723597529338866
23 92.14 7.82 0.0017445127710043456
23 92.14 7.82 0.0026036423923228385
23 92.14 26.79 9.492175841852579e-30
23 92.14 26.79 4.4933059899901924e-30
23 92.14 26.79 1.635466614450653e-30
23 92.14 26.79 8.56256876967646e-31
23 92.14 26.79 3.0329195381745966e-29
23 92.14 26.79 1.2507719371717441e-29
23 92.14 26.79 9.939887482538314e-29
23 92.14 35.02 0.014694565197063508
23 92.14 35.02 0.016198390319932494
23 92.14 35.02 0.013749833169742303
23 92.14 35.02 0.02661353416980935
23 92.14 35.02 0.018925723152932238
23 92.14 37.27 1.606109157675536e-27
23 92.14 37.27 2.3734369060884325e-29
23 92.14 37.27 3.0871498210039254e-30
23 92.14 40.11 3.641441918300061e-29
23 92.14 42.53 1.8071434502353225e-29
23 92.14 42.53 1.7608378536704758e-29
23 92.14 42.53 2.392191363274736e-29
23 92.14 42.53 3.1098373484578555e-29
23 92.14 42.53 1.4634423775903226e-29
23 92.14 48.15 0.022997570650811563
23 92.14 48.15 0.03293179988869709
23 92.14 48.15 0.0063245548738932855
23 92.14 48.15 0.016881177973057257
23 92.14 48.15 0.009639615706358141
23 92.14 51.2 3.0142915555217177e-28
23 92.14 51.2 1.1168107940271552e-29
23 92.14 51.2 1.1007855217688602e-28
23 92.14 51.2 3.533304073833275e-29
23 92.14 51.2 1.556466450127008e-29
23 92.14 51.2 4.475920980160795e-29
23 92.14 51.2 1.5397538349247401e-29
23 92.14 56.26 0.008078168709428148
23 92.14 56.26 0.01051584049681518
23 92.14 56.26 0.009036001782634107
23 92.14 56.26 0.006929890932610774
23 92.14 56.26 0.0076772292058805355
23 92.14 56.26 0.015235678747851247
23 92.14 56.26 0.006729234975669751
23 92.14 57.32 3.333379893076803e-28
23 92.14 57.32 1.488110840737581e-27
23 92.14 57.32 8.227614762486439e-28
23 92.14 62.6 2.2208129932166638e-29
23 92.14 62.6 4.360795379853458e-30
23 92.14 62.6 2.275427638659937e-29
23 92.14 62.6 4.011383470054659e-28
23 92.14 62.6 3.1740498789190966e-30
23 92.14 62.6 1.4815127796324428e-29
23 92.14 62.6 1.4164962166593088e-29
23 92.14 64.27 0.00042599693121938686
23 92.14 64.27 0.0035084633908592446
23 92.14 64.27 0.0034365728261746987
23 92.14 65.27 0.004150685125948401
23 92.14 65.27 0.0026124206515413485
23 92.14 65.27 0.0018596252362861273
23 92.14 65.27 0.0029229271071464125
23 92.14 65.27 0.00560297470431734
23 92.14 67.5 9.65907754418952e-29
23 92.14 67.5 3.7253302145035384e-28
23 92.14 67.5 1.7086735958266857e-28
23 92.14 67.5 4.494813071962722e-29
23 92.14 67.5 6.412977331026079e-28
23 92.14 69.03 1.916810127585859e-29
23 92.14 69.03 7.219006211255301e-29
23 92.14 69.03 8.380392646381118e-29
23 92.14 80.37 2.758013729198993e-30
23 92.14 80.37 1.8732959847285486e-30
23 92.14 80.37 1.6008159773906085e-30
23 92.14 80.37 3.189379587072714e-30
23 92.14 80.37 7.963125508751044e-30
23 92.14 80.37 4.172114370711196e-30
23 92.14 80.37 2.8247526399801563e-30
23 92.14 80.37 1.615043802859537e-30
24 99.96 0.0 1.0178009359980796e-29
24 99.96 0.0 1.8881729425162926e-29
24 99.96 0.0 6.078307106277024e-30
24 99.96 18.97 7.326793681266311e-30
24 99.96 18.97 9.282946213397851e-30
24 99.96 18.97 1.8361776926902744e-29
24 99.96 18.97 4.6581829754690664e-30
24 99.96 18.97 3.733265297849348e-29
24 99.96 18.97 1.1549668272074588e-29
24 99.96 18.97 7.02493042710464e-29
24 99.96 27.2 3.926165273300484e-27
24 99.96 27.2 1.2344602373109379e-29
24 99.96 27.2 1.0369008099273018e-29
24 99.96 27.2 1.772405837964748e-29
24 99.96 27.2 9.357122591974834e-30
24 99.96 29.45 0.03376435877944081
24 99.96 29.45 0.021380633540729797
24 99.96 29.45 0.02364017434374936
24 99.96 32.29 2.5402970963657493e-27
24 99.96 34.71 0.05138042279645753
24 99.96 34.71 0.016388685452047226
24 99.96 34.71 0.01600553085725951
24 99.96 34.71 0.04808169367842473
24 99.96 34.71 0.036317376071880736
24 99.96 40.33 1.2346254596858844e-28
24 99.96 40.33 2.963054627095301e-29
24 99.96 40.33 5.7542831942685474e-30
24 99.96 40.33 1.6104012847603047e-29
24 99.96 40.33 2.2580794575877581e-29
24 99.96 43.37 2.0435000265315168e-29
24 99.96 43.37 1.835675528019494e-29
24 99.96 43.37 1.9400106786071094e-29
24 99.96 43.37 5.245364854936903e-29
24 99.96 43.37 4.917309873750325e-30
24 99.96 43.37 1.5786424606720738e-29
24 99.96 43.37 2.449808866348642e-29
24 99.96 48.44 2.9609659608638238e-30
24 99.96 48.44 2.712516624360185e-29
24 99.96 48.44 1.5300349339246208e-30
24 99.96 48.44 2.4026158130052157e-30
24 99.96 48.44 2.8978579984718297e-30
24 99.96 48.44 2.3757342640233685e-29
24 99.96 48.44 1.6467687310667868e-29
24 99.96 49.5 0.00017831871440856573
24 99.96 49.5 9.991785113910188e-5
24 99.96 49.5 0.00012594857931014743
24 99.96 54.78 1.0981783723334529e-29
24 99.96 54.78 3.481601145699213e-30
24 99.96 54.78 5.354952136922594e-30
24 99.96 54.78 4.165905320859266e-29
24 99.96 54.78 5.148703559615912e-30
24 99.96 54.78 9.87729537277647e-30
24 99.96 54.78 1.0738065809017464e-29
24 99.96 56.45 8.36886417535131e-30
24 99.96 56.45 2.5442658767800727e-29
24 99.96 56.45 1.0706824745981424e-29
24 99.96 57.44 1.397647843684154e-29
24 99.96 57.44 2.3744342139738715e-29
24 99.96 57.44 2.882601080586088e-28
24 99.96 57.44 4.315964799498086e-28
24 99.96 57.44 8.363654035961058e-29
24 99.96 59.68 0.0030873935589846107
24 99.96 59.68 0.0015687008115232914
24 99.96 59.68 0.0020739835613122885
24 99.96 59.68 0.0015948147527103703
24 99.96 59.68 0.002451331297281308
24 99.96 61.2 1.24979250855806e-5
24 99.96 61.2 4.845542867316461e-5
24 99.96 61.2 3.8672915086800224e-5
24 99.96 72.55 7.066091682719988e-30
24 99.96 72.55 1.018952711685579e-29
24 99.96 72.55 1.0268833978272888e-29
24 99.96 72.55 5.1826163416221904e-30
24 99.96 72.55 4.7307965057837764e-30
24 99.96 72.55 3.60254484139029e-30
24 99.96 72.55 2.340098330090868e-30
24 99.96 72.55 2.294255964642852e-30
25 99.96 0.0 1.6603864082874684e-29
25 99.96 0.0 8.002018670614467e-30
25 99.96 18.97 1.6044743108130643e-29
25 99.96 18.97 2.6129565209186454e-29
25 99.96 18.97 3.5808301564138926e-29
25 99.96 18.97 2.5534157438975836e-29
25 99.96 18.97 2.576603384603022e-29
25 99.96 18.97 3.5599663849313013e-29
25 99.96 18.97 2.2239097189190408e-29
25 99.96 27.2 2.2862553299757374e-27
25 99.96 27.2 8.060905309894183e-29
25 99.96 27.2 1.6865758989669016e-29
25 99.96 27.2 4.470501900762183e-29
25 99.96 27.2 9.245576886934122e-29
25 99.96 29.45 0.028205202806429176
25 99.96 29.45 0.022224705630031066
25 99.96 29.45 0.030024594050561168
25 99.96 32.29 8.508782551443366e-28
25 99.96 34.71 0.02901661377344174
25 99.96 34.71 0.040779257421846155
25 99.96 34.71 0.04599847183143321
25 99.96 34.71 0.03466842998152845
25 99.96 34.71 0.020207132831346862
25 99.96 40.33 5.0202861386172386e-29
25 99.96 40.33 1.791194863850387e-29
25 99.96 40.33 6.17163589218904e-29
25 99.96 40.33 6.909198094384553e-29
25 99.96 40.33 1.9139602250684335e-28
25 99.96 43.37 2.5533809350386486e-29
25 99.96 43.37 7.874416806881079e-30
25 99.96 43.37 4.9711208306917856e-29
25 99.96 43.37 1.8556984596752354e-28
25 99.96 43.37 3.5069336894211626e-29
25 99.96 43.37 2.920580194079153e-29
25 99.96 43.37 2.206566562241381e-29
25 99.96 48.44 1.286982217914653e-29
25 99.96 48.44 2.8356848507494366e-29
25 99.96 48.44 5.966113294822768e-29
25 99.96 48.44 1.3757076622793846e-29
25 99.96 48.44 9.33921265929843e-30
25 99.96 48.44 2.08825075397993e-29
25 99.96 48.44 1.025811574233284e-28
25 99.96 49.5 9.042654984667438e-5
25 99.96 49.5 0.00012858152679202104
25 99.96 49.5 0.0001844312946798499
25 99.96 54.78 4.287274995668152e-30
25 99.96 54.78 3.89591683637664e-30
25 99.96 54.78 5.7619249040397045e-31
25 99.96 54.78 4.5541964611637975e-29
25 99.96 54.78 4.501880448336826e-31
25 99.96 54.78 9.077721379210028e-30
25 99.96 54.78 5.820078528646048e-30
25 99.96 56.45 9.823440909607688e-30
25 99.96 56.45 2.3595244585597567e-29
25 99.96 56.45 4.28662524949534e-29
25 99.96 57.44 1.9225799576169245e-29
25 99.96 57.44 3.666952636064477e-29
25 99.96 57.44 2.436029790643035e-28
25 99.96 57.44 3.981431475342035e-28
25 99.96 57.44 1.097271388418032e-28
25 99.96 59.68 0.0015008967361175357
25 99.96 59.68 0.0012454190407433497
25 99.96 59.68 0.002941564584131072
25 99.96 59.68 0.0024365448823955725
25 99.96 59.68 0.0026061283298725434
25 99.96 61.2 4.096226218610825e-5
25 99.96 61.2 3.432454218556151e-5
25 99.96 61.2 2.5202924518401133e-5
25 99.96 72.55 4.903036155012508e-30
25 99.96 72.55 1.295599036968741e-29
25 99.96 72.55 2.0332111133534813e-29
25 99.96 72.55 1.30681887600676e-29
25 99.96 72.55 7.12554512642138e-30
25 99.96 72.55 1.5788404487721154e-29
25 99.96 72.55 1.1743852286456546e-29
25 99.96 72.55 2.834445807327324e-30
26 99.96 0.0 3.92790403902792e-30
26 99.96 18.97 1.0306290631844342e-29
26 99.96 18.97 9.978339894406332e-30
26 99.96 18.97 3.3394832200850937e-29
26 99.96 18.97 8.554658511962092e-30
26 99.96 18.97 2.770724626670984e-29
26 99.96 18.97 3.4014157560375455e-30
26 99.96 18.97 2.6984583565849776e-29
26 99.96 27.2 2.1659393492637786e-27
26 99.96 27.2 1.9231018047127445e-29
26 99.96 27.2 2.72316454731842e-29
26 99.96 27.2 1.2058679636205675e-29
26 99.96 27.2 1.5017399157785598e-29
26 99.96 29.45 0.01776940238540331
26 99.96 29.45 0.03599492648597502
26 99.96 29.45 0.025864214667170874
26 99.96 32.29 1.2559525027239163e-27
26 99.96 34.71 0.02124193845451794
26 99.96 34.71 0.044403144141053875
26 99.96 34.71 0.04016798228605852
26 99.96 34.71 0.018388548725860515
26 99.96 34.71 0.04572913439035634
26 99.96 40.33 1.5556938583859153e-28
26 99.96 40.33 2.1349457694125877e-29
26 99.96 40.33 2.660981498707257e-30
26 99.96 40.33 3.266519962948301e-29
26 99.96 40.33 5.059636073336628e-29
26 99.96 43.37 6.495026994617269e-29
26 99.96 43.37 7.657670310459991e-30
26 99.96 43.37 9.025785909713849e-30
26 99.96 43.37 8.604314542715312e-29
26 99.96 43.37 1.9800204940104696e-29
26 99.96 43.37 5.432934329746806e-30
26 99.96 43.37 1.3117885642001719e-29
26 99.96 48.44 3.937721972625471e-30
26 99.96 48.44 5.6562516825347e-29
26 99.96 48.44 1.7686828425479723e-30
26 99.96 48.44 4.256237556128985e-30
26 99.96 48.44 4.5552941546874956e-30
26 99.96 48.44 2.5920448370622864e-29
26 99.96 48.44 2.0038239427170708e-29
26 99.96 49.5 0.00013423690510526724
26 99.96 49.5 0.00017601264836440372
26 99.96 49.5 9.329529936045833e-5
26 99.96 54.78 7.906316471423046e-30
26 99.96 54.78 7.4221295537952895e-31
26 99.96 54.78 3.1666418993131956e-30
26 99.96 54.78 9.737151973444672e-30
26 99.96 54.78 1.3394543627589895e-30
26 99.96 54.78 1.5175685493177186e-30
26 99.96 54.78 7.768938648599983e-30
26 99.96 56.45 1.4612596970234616e-29
26 99.96 56.45 3.708769526906901e-29
26 99.96 56.45 1.6992897155755157e-29
26 99.96 57.44 1.3666034094726184e-29
26 99.96 57.44 4.061488307371785e-29
26 99.96 57.44 6.510554682871807e-28
26 99.96 57.44 2.5104133282311863e-28
26 99.96 57.44 4.9364511253974237e-29
26 99.96 59.68 0.001824140065733535
26 99.96 59.68 0.003596266449287562
26 99.96 59.68 0.0014094261720614314
26 99.96 59.68 0.002393458669044163
26 99.96 59.68 0.0013843282132103003
26 99.96 61.2 4.5701211531187553e-5
26 99.96 61.2 1.6890435393339057e-5
26 99.96 61.2 3.602457040656829e-5
26 99.96 72.55 2.1835838394256572e-29
26 99.96 72.55 6.835668784737846e-30
26 99.96 72.55 8.039218726508398e-30
26 99.96 72.55 1.009838442173909e-29
26 99.96 72.55 5.09394312494735e-30
26 99.96 72.55 8.135530717493682e-30
26 99.96 72.55 3.906747743740165e-30
26 99.96 72.55 7.026638354727973e-30
