translational analysis para
#nmax= 4 NR= 11 Ntheta= 11 Nphi= 11
#jmax= 4 Nalpha= 11 Nphi= 11 Nchi= 11
0.0
1 92.09423955738453 0.9368419833956487
2 153.4903992623075 0.020145369308799437
3 153.4903992623075 0.020145369308799493
4 153.49039926230753 0.020145369308799555

32.751957030915314
1 92.09423955738453 0.7602848844777387
2 153.4903992623075 0.028700743124809684
3 153.4903992623075 0.031316178513714564
4 153.49039926230753 0.16550795408296018

32.75195703091643
1 92.09423955738453 0.7602848844777426
2 153.4903992623075 0.11569266441885113
3 153.4903992623075 0.0660004302748386
4 153.49039926230753 0.04383178102779488

32.75195703091731
1 92.09423955738453 0.7602848844777463
2 153.4903992623075 0.08216994943302852
3 153.4903992623075 0.13066273036449388
4 153.49039926230753 0.012692195923962233

66.71098781708433
1 92.09423955738453 0.21220095933281252
2 153.4903992623075 0.25121046284266335
3 153.4903992623075 0.21292084639568462
4 153.49039926230753 0.25201518331351663
5 214.8865589672305 0.011147687890178119
6 214.8865589672305 0.012092305830003057
7 214.8865589672305 0.011167131969634049
8 214.8865589672305 0.011147687890177938
9 214.88655896723057 0.011790395903032115
10 214.88655896723057 0.010186728312875561

66.71098781708471
1 92.09423955738453 0.21220095933281047
2 153.4903992623075 0.25861865957708075
3 153.4903992623075 0.43933474946874723
4 153.49039926230753 0.018193083506034925
5 214.8865589672305 0.016797420501577332
7 214.8865589672305 0.010988131221986394
8 214.8865589672305 0.016797420501577245
10 214.88655896723057 0.010186728312875528

66.71098781708771
1 92.09423955738453 0.21220095933281527
2 153.4903992623075 0.21759844930639693
3 153.4903992623075 0.05127307359869168
4 153.49039926230753 0.44727496964678265
6 214.8865589672305 0.015998124374457256
7 214.8865589672305 0.01197928312714674
9 214.88655896723057 0.01650836560499885
10 214.88655896723057 0.010186728312875638

67.79270601153443
1 92.09423955738453 0.8127813142508138
2 153.4903992623075 0.0490666441415687
3 153.4903992623075 0.05296567768843688
4 153.49039926230753 0.06092427401469634

67.79270601153563
1 92.09423955738453 0.8127813142508205
2 153.4903992623075 0.05260833317712767
3 153.4903992623075 0.06274085811768612
4 153.49039926230753 0.04760740454988606

67.79270601153675
1 92.09423955738453 0.8127813142508135
2 153.4903992623075 0.039332920699256244
3 153.4903992623075 0.05643874128717297
4 153.49039926230753 0.06718493385827046
7 214.8865589672305 0.010082698248163954

67.792706011537
1 92.09423955738453 0.8127813142508193
2 153.4903992623075 0.0725669067120284
3 153.4903992623075 0.06297247317808591
4 153.49039926230753 0.02741721595458637
8 214.8865589672305 0.014204376773334712

67.79270601153712
1 92.09423955738453 0.8127813142508165
2 153.4903992623075 0.057181163192602
3 153.4903992623075 0.03749846208058095
4 153.49039926230753 0.06827697057151672

89.21173135987708
1 92.09423955738453 0.16864198321059792
2 153.4903992623075 0.2610259502346866
3 153.4903992623075 0.11330583694968058
4 153.49039926230753 0.18776556346822715
5 214.8865589672305 0.02963652513607472
6 214.8865589672305 0.08149103713543966
7 214.8865589672305 0.03869232037558838
8 214.8865589672305 0.06272351264748627
9 214.88655896723057 0.032788877805471864

89.21173135987931
1 92.09423955738453 0.168641983210594
2 153.4903992623075 0.15219805037053133
3 153.4903992623075 0.2701817080743838
4 153.49039926230753 0.13971759220768182
5 214.8865589672305 0.019443010795888522
7 214.8865589672305 0.08244479597211316
8 214.8865589672305 0.11181008360576038
9 214.88655896723057 0.02434985051038917

89.21173135987958
1 92.09423955738453 0.1686419832105959
2 153.4903992623075 0.1623291888229978
3 153.4903992623075 0.2901660990039587
4 153.49039926230753 0.10960206282564545
5 214.8865589672305 0.09150870321799855
6 214.8865589672305 0.013454744450952946
7 214.8865589672305 0.06223599838839211
8 214.8865589672305 0.06285944771621482
9 214.88655896723057 0.01527337932650593

89.21173135988217
1 92.09423955738453 0.16864198321060017
2 153.4903992623075 0.1698692032317846
3 153.4903992623075 0.17327909912206332
4 153.49039926230753 0.21894904829875952
5 214.8865589672305 0.08159548562472521
6 214.8865589672305 0.031609775926323996
7 214.8865589672305 0.016805071996364936
9 214.88655896723057 0.10691591630161364

89.21173135988234
1 92.09423955738453 0.16864198321059903
2 153.4903992623075 0.19184013626730495
3 153.4903992623075 0.08222868372183788
4 153.49039926230753 0.2880285306634619
5 214.8865589672305 0.014876145585212374
6 214.8865589672305 0.1091873496780919
7 214.8865589672305 0.03985583703565305
9 214.88655896723057 0.07641586529312192

90.92865785426264
1 92.09423955738453 0.05075547772383018
2 153.4903992623075 0.19595203760509894
3 153.4903992623075 0.19595203760507718
4 153.49039926230753 0.19595203760506497
10 214.88655896723057 0.2974855226357772

92.14031736220711
1 92.09423955738453 0.8278424606840433
2 153.4903992623075 0.049216752864325135
3 153.4903992623075 0.054849387187759696
4 153.49039926230753 0.05821014638590212

92.14031736220953
1 92.09423955738453 0.8278424606840592
2 153.4903992623075 0.050847179988066794
3 153.4903992623075 0.0850930614336685
4 153.49039926230753 0.026336045016253595

92.14031736221197
1 92.09423955738453 0.8278424606840595
2 153.4903992623075 0.03500473229043857
3 153.4903992623075 0.055184160875810274
4 153.49039926230753 0.07208739327174087

92.14031736221285
1 92.09423955738453 0.8278424606840591
2 153.4903992623075 0.04164429910193133
3 153.4903992623075 0.03953693694212404
4 153.49039926230753 0.08109505039393432

92.14031736221307
1 92.09423955738453 0.827842460684062
2 153.4903992623075 0.09569204166874194
3 153.4903992623075 0.03501007101407618
4 153.49039926230753 0.03157417375516963

99.96325659145639
2 153.4903992623075 0.24618897872918216
3 153.4903992623075 0.23966626489633458
4 153.49039926230753 0.47264987750841386
6 214.8865589672305 0.01006028343227295
9 214.88655896723057 0.011907394966386833

99.96325659145845
2 153.4903992623075 0.26395146127658287
3 153.4903992623075 0.2612309155448824
4 153.49039926230753 0.433322744312467
9 214.88655896723057 0.010916549270162038

99.9632565914602
2 153.4903992623075 0.45671516813889396
3 153.4903992623075 0.4512496340804419
4 153.49039926230753 0.050540318914611956
5 214.8865589672305 0.014825304790090539
8 214.8865589672305 0.014825304790090555

118.92834576091492
1 92.09423955738453 0.17486733767255014
2 153.4903992623075 0.16449625427342673
3 153.4903992623075 0.21372786645395728
4 153.49039926230753 0.2622309566865001
5 214.8865589672305 0.01636022518325042
6 214.8865589672305 0.02920787398322906
7 214.8865589672305 0.040598799240945456
8 214.8865589672305 0.02777198993117183
9 214.88655896723057 0.0392152133151209

118.92834576091778
1 92.09423955738453 0.17486733767255058
2 153.4903992623075 0.2383507711216813
3 153.4903992623075 0.22666761717015088
4 153.49039926230753 0.17543668912206453
5 214.8865589672305 0.04671618410775932
6 214.8865589672305 0.031136634386965845
7 214.8865589672305 0.03377679073641509
8 214.8865589672305 0.025335335086307177
9 214.88655896723057 0.01618915733627517
12 276.2827186721535 0.010974877640015987

118.92834576091802
1 92.09423955738453 0.1748673376725547
2 153.4903992623075 0.26991352332670077
3 153.4903992623075 0.18979837983126738
4 153.49039926230753 0.18074317425592654
5 214.8865589672305 0.03871246124289235
6 214.8865589672305 0.03579345886726614
7 214.8865589672305 0.01626215786775128
8 214.8865589672305 0.03492135289150828
9 214.88655896723057 0.027464670784301953

118.92834576091968
1 92.09423955738453 0.17486733767255452
2 153.4903992623075 0.22840865859869772
3 153.4903992623075 0.23699078070390214
4 153.49039926230753 0.17505563811130004
5 214.8865589672305 0.04020957476848141
6 214.8865589672305 0.03566214468319358
7 214.8865589672305 0.017348012954079225
8 214.8865589672305 0.034934964138280955
9 214.88655896723057 0.02499940510968362

118.92834576092025
1 92.09423955738453 0.17486733767255466
2 153.4903992623075 0.15912108899050575
3 153.4903992623075 0.18407516258865528
4 153.49039926230753 0.29725882583473817
5 214.8865589672305 0.01568399798274742
6 214.8865589672305 0.03134605187773638
7 214.8865589672305 0.04178227127642282
8 214.8865589672305 0.016844008836327203
9 214.88655896723057 0.04749777168048843

118.92834576092078
1 92.09423955738453 0.1748673376725547
2 153.4903992623075 0.2133522091123453
3 153.4903992623075 0.24300370109596708
4 153.49039926230753 0.18409916720558778
5 214.8865589672305 0.03075202480982666
6 214.8865589672305 0.022440859021149822
7 214.8865589672305 0.03487549031145419
8 214.8865589672305 0.04053437716244769
9 214.88655896723057 0.024551350348844172

118.92834576092258
1 92.09423955738453 0.17486733767255483
2 153.4903992623075 0.22233956743792158
3 153.4903992623075 0.18503421448842255
4 153.49039926230753 0.23308129548755793
5 214.8865589672305 0.023470540529489846
6 214.8865589672305 0.0317748428082242
7 214.8865589672305 0.02821934220779457
8 214.8865589672305 0.03208058603290262
9 214.88655896723057 0.03760879007531054

127.16169882904552
1 92.09423955738453 0.25038222883191835
2 153.4903992623075 0.05184917330011121
3 153.4903992623075 0.05232274683129216
4 153.49039926230753 0.06274263204830992
5 214.8865589672305 0.039332661843637345
6 214.8865589672305 0.02832019988717786
7 214.8865589672305 0.14980380628087678
8 214.8865589672305 0.040679688290365994
9 214.88655896723057 0.25804923179669087
14 276.2827186721535 0.012365947312333446
19 276.2827186721536 0.013482968775292394

127.16169882904661
1 92.09423955738453 0.25038222883191696
2 153.4903992623075 0.05129484124472658
3 153.4903992623075 0.05522033527392676
4 153.49039926230753 0.06039937566105806
5 214.8865589672305 0.0520503398037721
7 214.8865589672305 0.2529712361331541
8 214.8865589672305 0.05295392826625156
9 214.88655896723057 0.1568308129590847
14 276.2827186721535 0.013145401025344774
19 276.2827186721536 0.010246730377439811

127.16169882904671
1 92.09423955738453 0.2503822288319168
2 153.4903992623075 0.0566859597975738
3 153.4903992623075 0.06313648414795932
4 153.49039926230753 0.04709210823418126
5 214.8865589672305 0.2740909866530232
6 214.8865589672305 0.012247182558459153
7 214.8865589672305 0.08742033386826537
8 214.8865589672305 0.11973409665129198
9 214.88655896723057 0.02269298836771663
11 276.2827186721535 0.013963312165791842
16 276.2827186721535 0.013963312165792026

127.16169882904686
1 92.09423955738453 0.2503822288319281
2 153.4903992623075 0.05652869815864823
3 153.4903992623075 0.0535276293527993
4 153.49039926230753 0.05685822466826503
5 214.8865589672305 0.01783019066839142
6 214.8865589672305 0.2833036048648197
8 214.8865589672305 0.14458479025560186
9 214.88655896723057 0.06279666807773507
13 276.2827186721535 0.011408482871343044
15 276.2827186721535 0.010231552348278314

127.16169882904866
1 92.09423955738453 0.2503822288319232
2 153.4903992623075 0.06073714771213239
3 153.4903992623075 0.05464785218625814
4 153.49039926230753 0.051529552281322465
5 214.8865589672305 0.09967320500041313
6 214.8865589672305 0.18611369455380117
7 214.8865589672305 0.023432714767204092
8 214.8865589672305 0.18326706371420773
9 214.88655896723057 0.023698910063126268
11 276.2827186721535 0.01000138579192817
16 276.2827186721535 0.010001385791927898

129.41283621175245
1 92.09423955738453 0.014519777527296511
2 153.4903992623075 0.2587663074708424
3 153.4903992623075 0.23219829131116845
4 153.49039926230753 0.2731822624158477
10 214.88655896723057 0.13750696180080904
17 276.2827186721535 0.013109378284063975
20 276.2827186721536 0.018021059246615678

129.41283621175253
1 92.09423955738453 0.014519777527296465
2 153.4903992623075 0.26367207091249584
3 153.4903992623075 0.25977497298891106
4 153.49039926230753 0.24069981729645085
10 214.88655896723057 0.1375069618008094
17 276.2827186721535 0.014780828076674832
18 276.2827186721535 0.013453042178795884

129.4128362117533
1 92.09423955738453 0.014519777527296576
2 153.4903992623075 0.2423017534731239
3 153.4903992623075 0.2727378982002055
4 153.49039926230753 0.24910720952453597
10 214.88655896723057 0.13750696180080887
18 276.2827186721535 0.017869659268829812

132.2500298718487
1 92.09423955738453 0.011676962828505971
2 153.4903992623075 0.09986386711534265
3 153.4903992623075 0.0998638671153394
4 153.49039926230753 0.09986386711534294
10 214.88655896723057 0.5939886834731948
17 276.2827186721535 0.024427888274526605
18 276.2827186721535 0.024427888274525668
20 276.2827186721536 0.0244278882745266

134.66828534258246
1 92.09423955738453 0.1441251148647195
2 153.4903992623075 0.17750373641634085
3 153.4903992623075 0.1914676042693577
4 153.49039926230753 0.3595954736704641
5 214.8865589672305 0.011074122796726924
6 214.8865589672305 0.023611194868062898
7 214.8865589672305 0.023090701849235996
8 214.8865589672305 0.031934426348694894
9 214.88655896723057 0.01358447157889847
10 214.88655896723057 0.017571715488767136

134.66828534258346
1 92.09423955738453 0.14412511486472027
2 153.4903992623075 0.23923671308788907
3 153.4903992623075 0.27336274689361095
4 153.49039926230753 0.2159673543746697
5 214.8865589672305 0.023538203424596678
6 214.8865589672305 0.013531909253488399
7 214.8865589672305 0.025013894787916165
8 214.8865589672305 0.01777340389901191
9 214.88655896723057 0.023437506076605774
10 214.88655896723057 0.017571715488767247

134.66828534258576
1 92.09423955738453 0.1441251148647201
2 153.4903992623075 0.3314539987071642
3 153.4903992623075 0.2541192607099503
4 153.49039926230753 0.14299355493905538
5 214.8865589672305 0.01853283138950363
6 214.8865589672305 0.018442760147402808
7 214.8865589672305 0.028466389621463438
8 214.8865589672305 0.018789790579364907
9 214.88655896723057 0.019063145703885363
10 214.88655896723057 0.017571715488767254

134.66828534258585
1 92.09423955738453 0.1441251148647196
2 153.4903992623075 0.10737867645664181
3 153.4903992623075 0.3028659345190964
4 153.49039926230753 0.3183222033804248
5 214.8865589672305 0.027436611910575733
6 214.8865589672305 0.026143237104835144
7 214.8865589672305 0.016055675543983603
8 214.8865589672305 0.015624108706710998
9 214.88655896723057 0.018035284175513547
10 214.88655896723057 0.01757171548876724

134.66828534258727
1 92.09423955738453 0.1441251148647194
2 153.4903992623075 0.3767657557575937
3 153.4903992623075 0.1869884949489278
4 153.49039926230753 0.16481256364965297
5 214.8865589672305 0.021686951187848746
6 214.8865589672305 0.022149095507384253
7 214.8865589672305 0.011160307391388893
8 214.8865589672305 0.019603149934356075
9 214.88655896723057 0.028695413420643343
10 214.88655896723057 0.017571715488767597

140.28915959189416
1 92.09423955738453 0.380561336738954
2 153.4903992623075 0.13947577803551306
3 153.4903992623075 0.1316972098750695
4 153.49039926230753 0.13976509110507682
5 214.8865589672305 0.043153953729367214
6 214.8865589672305 0.026507965185531234
7 214.8865589672305 0.015513009729745036
8 214.8865589672305 0.038982187731934896
9 214.88655896723057 0.031557927596530096
10 214.88655896723057 0.02754277257941158

140.2891595918946
1 92.09423955738453 0.3805613367389591
2 153.4903992623075 0.13970351556201596
3 153.4903992623075 0.14114785055999052
4 153.49039926230753 0.13008671289365753
5 214.8865589672305 0.03420494970020646
9 214.88655896723057 0.10832346233114218
10 214.88655896723057 0.027542772579412334

140.28915959189558
1 92.09423955738453 0.3805613367389598
2 153.4903992623075 0.14435732766390272
3 153.4903992623075 0.13289370463923283
4 153.49039926230753 0.13368704671252893
6 214.8865589672305 0.014800604398799834
7 214.8865589672305 0.10776490067738766
8 214.8865589672305 0.024121977190636433
10 214.88655896723057 0.02754277257941096

140.28915959189587
1 92.09423955738453 0.38056133673895204
2 153.4903992623075 0.13091514331850795
3 153.4903992623075 0.1398902779018999
4 153.49039926230753 0.1401326577952608
6 214.8865589672305 0.07111561550491438
8 214.8865589672305 0.06706955377129856
10 214.88655896723057 0.027542772579412962

140.2891595918964
1 92.09423955738453 0.38056133673896053
2 153.4903992623075 0.1320482120014997
3 153.4903992623075 0.1393319271098322
4 153.49039926230753 0.13955793990433096
5 214.8865589672305 0.05646757217423269
6 214.8865589672305 0.04021459308537287
7 214.8865589672305 0.021369848519845754
8 214.8865589672305 0.019678352197014436
9 214.88655896723057 0.017984677996638092
10 214.88655896723057 0.027542772579412223

143.33572808410295
1 92.09423955738453 0.25331579609647376
2 153.4903992623075 0.023757205269771736
3 153.4903992623075 0.01163050487328372
4 153.49039926230753 0.025704583034328234
5 214.8865589672305 0.044225620592036774
6 214.8865589672305 0.15878015965581352
7 214.8865589672305 0.07460531399780022
8 214.8865589672305 0.05877315474188357
9 214.88655896723057 0.12200366991628844
11 276.2827186721535 0.01343843523475056
12 276.2827186721535 0.03939561130876025
14 276.2827186721535 0.023424821262686992
15 276.2827186721535 0.05086188733226793
19 276.2827186721536 0.07130137744067773

143.3357280841039
1 92.09423955738453 0.25331579609647153
2 153.4903992623075 0.020706172885024635
3 153.4903992623075 0.02728347887130483
4 153.49039926230753 0.01310264142105623
5 214.8865589672305 0.1595961516525329
6 214.8865589672305 0.0651424922781351
7 214.8865589672305 0.03698313979795079
8 214.8865589672305 0.13632041455684651
9 214.88655896723057 0.060345720618367106
11 276.2827186721535 0.04591187271129905
13 276.2827186721535 0.04592793996747741
15 276.2827186721535 0.016120965339973824
16 276.2827186721535 0.0755341975140617
19 276.2827186721536 0.010293957993913538

143.3357280841049
1 92.09423955738453 0.25331579609646676
2 153.4903992623075 0.020211535267039022
3 153.4903992623075 0.01598270264718688
4 153.49039926230753 0.024898055263161217
5 214.8865589672305 0.06931621458613942
6 214.8865589672305 0.14744287179670285
7 214.8865589672305 0.11184546743694057
8 214.8865589672305 0.0374534700703341
9 214.88655896723057 0.0923298950137173
12 276.2827186721535 0.08593822333378286
14 276.2827186721535 0.03926059867177693
15 276.2827186721535 0.02993223105994802
19 276.2827186721536 0.042876016138086094

143.33572808410494
1 92.09423955738453 0.25331579609646815
2 153.4903992623075 0.02378897392641037
3 153.4903992623075 0.014259128719499343
4 153.49039926230753 0.023044190531474856
5 214.8865589672305 0.04856571068182913
6 214.8865589672305 0.13868630837314733
7 214.8865589672305 0.07976294227571387
8 214.8865589672305 0.09196638586319968
9 214.88655896723057 0.0994065717099417
11 276.2827186721535 0.030049070685801992
12 276.2827186721535 0.04033670576578653
13 276.2827186721535 0.08636526389681957
15 276.2827186721535 0.024648343311613436
19 276.2827186721536 0.012575140398110382

143.3357280841055
1 92.09423955738453 0.25331579609647975
2 153.4903992623075 0.017726162545257
3 153.4903992623075 0.02393438374078198
4 153.49039926230753 0.019431746891343808
5 214.8865589672305 0.12470438032280842
6 214.8865589672305 0.06069641389907205
7 214.8865589672305 0.10708714153029215
8 214.8865589672305 0.0743888497065306
9 214.88655896723057 0.09151113344512109
11 276.2827186721535 0.021033833378824408
12 276.2827186721535 0.027349013856633422
13 276.2827186721535 0.029870826813311133
14 276.2827186721535 0.0647194789410523
16 276.2827186721535 0.05070829568935829

143.33572808410588
1 92.09423955738453 0.2533157960964805
2 153.4903992623075 0.019606316434756604
3 153.4903992623075 0.02606278446587536
4 153.49039926230753 0.015423192276751442
5 214.8865589672305 0.11231032792657764
6 214.8865589672305 0.025345534932015593
7 214.8865589672305 0.09812792318278189
8 214.8865589672305 0.1487875739797063
9 214.88655896723057 0.07381655888275018
11 276.2827186721535 0.06543397661695054
12 276.2827186721535 0.020448677833501714
14 276.2827186721535 0.011080004490970161
15 276.2827186721535 0.022785682865006505
16 276.2827186721535 0.03577158440280276
19 276.2827186721536 0.04208241724158406

143.33572808410608
1 92.09423955738453 0.2533157960964772
2 153.4903992623075 0.01574744554682977
3 153.4903992623075 0.023065856304592278
4 153.49039926230753 0.022278991325962384
5 214.8865589672305 0.0836044483844167
6 214.8865589672305 0.04581784586791184
7 214.8865589672305 0.1408798250473557
8 214.8865589672305 0.07458710525039589
9 214.88655896723057 0.11349869435374808
11 276.2827186721535 0.024343683046433227
13 276.2827186721535 0.026912234526437047
14 276.2827186721535 0.04527373293941256
15 276.2827186721535 0.042085578718919464
16 276.2827186721535 0.026912055804730852
19 276.2827186721536 0.036758534055538486

148.40147682044
1 92.09423955738453 0.03473557898058308
2 153.4903992623075 0.16026053256981115
3 153.4903992623075 0.22515702838546442
4 153.49039926230753 0.37799763396035224
5 214.8865589672305 0.022415992187577338
6 214.8865589672305 0.04744827685541977
7 214.8865589672305 0.050480265837095695
8 214.8865589672305 0.034199352132748405
9 214.88655896723057 0.030070435390510703

148.40147682044085
1 92.09423955738453 0.03473557898058292
2 153.4903992623075 0.23556275593102655
3 153.4903992623075 0.31981907891854505
4 153.49039926230753 0.20803336006605355
5 214.8865589672305 0.055718296054857376
6 214.8865589672305 0.029498050739628155
7 214.8865589672305 0.02832507552017001
8 214.8865589672305 0.026347255114898917
9 214.88655896723057 0.04472564497379715

148.4014768204418
1 92.09423955738453 0.034735578980582875
2 153.4903992623075 0.3175412906104972
3 153.4903992623075 0.14149515397943974
4 153.49039926230753 0.3043787503256864
5 214.8865589672305 0.03984336605727915
6 214.8865589672305 0.018929589882784155
7 214.8865589672305 0.029237730094800046
8 214.8865589672305 0.03589302215893461
9 214.88655896723057 0.06071061420955483

148.4014768204419
1 92.09423955738453 0.034735578980583035
2 153.4903992623075 0.253989947938564
3 153.4903992623075 0.28567681266552714
4 153.49039926230753 0.22374843431153627
5 214.8865589672305 0.05072433194511672
6 214.8865589672305 0.036931902694867326
7 214.8865589672305 0.038825419950765154
8 214.8865589672305 0.025431564597726834
9 214.88655896723057 0.03270110321487623

148.4014768204419
1 92.09423955738453 0.034735578980582965
2 153.4903992623075 0.28757041508262776
3 153.4903992623075 0.15752704463228917
4 153.49039926230753 0.31831773520071305
5 214.8865589672305 0.02849390158150434
6 214.8865589672305 0.060669453593064956
7 214.8865589672305 0.020514265665103663
8 214.8865589672305 0.03772345716111966
9 214.88655896723057 0.037213244402560845

148.40147682044318
1 92.09423955738453 0.03473557898058301
2 153.4903992623075 0.20726371537280303
3 153.4903992623075 0.24071965111197452
4 153.49039926230753 0.3154318284308449
5 214.8865589672305 0.030169183093089885
6 214.8865589672305 0.02208766665850323
7 214.8865589672305 0.04482526706043428
8 214.8865589672305 0.03987776119506558
9 214.88655896723057 0.047654444396257746

148.40147682044488
1 92.09423955738453 0.03473557898058304
2 153.4903992623075 0.25558149708854155
3 153.4903992623075 0.37695818038955026
4 153.49039926230753 0.13087551743753711
5 214.8865589672305 0.04160481557976317
6 214.8865589672305 0.03996637870185056
7 214.8865589672305 0.045578762529048245
8 214.8865589672305 0.04053212215785505
9 214.88655896723057 0.01693224343483577

149.46043412795458
2 153.4903992623075 0.07343339409471587
3 153.4903992623075 0.07054458653366562
4 153.49039926230753 0.08404833660178694
5 214.8865589672305 0.0282145664882506
6 214.8865589672305 0.03808643100996045
7 214.8865589672305 0.03597457935925947
8 214.8865589672305 0.02821456648825036
9 214.88655896723057 0.039969151416727376
10 214.88655896723057 0.2665193073976598
17 276.2827186721535 0.08634373665331817
18 276.2827186721535 0.07336007956679377
20 276.2827186721536 0.13405227056993682

149.46043412795734
2 153.4903992623075 0.09633337598255491
3 153.4903992623075 0.06871878399183001
4 153.49039926230753 0.06297415725578631
5 214.8865589672305 0.043620764200769775
6 214.8865589672305 0.03942117693205379
7 214.8865589672305 0.019233635724647674
8 214.8865589672305 0.04362076420077263
9 214.88655896723057 0.024562953704212083
10 214.88655896723057 0.26651930739765395
17 276.2827186721535 0.18926700372313424
18 276.2827186721535 0.06515406597469252
20 276.2827186721536 0.039335017092222445

149.46043412795825
2 153.4903992623075 0.05853098759057276
3 153.4903992623075 0.08884729299539651
4 153.49039926230753 0.0806480366442038
5 214.8865589672305 0.030700342687091868
6 214.8865589672305 0.024706307884209803
7 214.8865589672305 0.046868926286161655
8 214.8865589672305 0.030700342687092687
9 214.88655896723057 0.03748337521788186
10 214.88655896723057 0.26651930739767365
17 276.2827186721535 0.019365327145348037
18 276.2827186721535 0.15562103306830002
20 276.2827186721536 0.11876972657639874

154.74243386362943
1 92.09423955738453 0.5450751458717144
2 153.4903992623075 0.08427371741694065
3 153.4903992623075 0.11004122240904994
4 153.49039926230753 0.1121429169805593
5 214.8865589672305 0.016494685437286192
6 214.8865589672305 0.016576465063325555
7 214.8865589672305 0.021365827579400632
8 214.8865589672305 0.01661979219219439
9 214.88655896723057 0.020046622354488827
15 276.2827186721535 0.015352354546558717

154.7424338636295
1 92.09423955738453 0.545075145871722
2 153.4903992623075 0.06390406431913613
3 153.4903992623075 0.12357133139301492
4 153.49039926230753 0.1189824610943992
5 214.8865589672305 0.015201829317204105
6 214.8865589672305 0.014447912631320054
7 214.8865589672305 0.024222637745963574
8 214.8865589672305 0.015709832378207684
9 214.88655896723057 0.02152118055399709
12 276.2827186721535 0.021276395507584756
14 276.2827186721535 0.019136392665137506

154.74243386363113
1 92.09423955738453 0.5450751458717114
2 153.4903992623075 0.11234877816774387
3 153.4903992623075 0.06404632491543627
4 153.49039926230753 0.13006275372337667
5 214.8865589672305 0.013706576374664619
6 214.8865589672305 0.024393693301136245
7 214.8865589672305 0.01680338982529925
8 214.8865589672305 0.013299766404923736
9 214.88655896723057 0.022899966720676755
13 276.2827186721535 0.026998204979678204

154.74243386363156
1 92.09423955738453 0.5450751458717182
2 153.4903992623075 0.09658797155188391
3 153.4903992623075 0.12930087604288473
4 153.49039926230753 0.08056900921178681
5 214.8865589672305 0.022184691668845975
6 214.8865589672305 0.013605601228447691
7 214.8865589672305 0.018946704945563726
8 214.8865589672305 0.021605831445424606
9 214.88655896723057 0.014760563338415323
16 276.2827186721535 0.010090614896511196

154.74243386363167
1 92.09423955738453 0.5450751458717241
2 153.4903992623075 0.14693936811818464
3 153.4903992623075 0.12322721185999214
4 153.49039926230753 0.03629127682837457
5 214.8865589672305 0.028956016916309932
6 214.8865589672305 0.015134380088155288
7 214.8865589672305 0.010444001521424107
8 214.8865589672305 0.029659896404948483
16 276.2827186721535 0.03516915329797

154.74243386363233
1 92.09423955738453 0.5450751458717132
2 153.4903992623075 0.07768637774254179
3 153.4903992623075 0.09635643139033076
4 153.49039926230753 0.1324150476736797
5 214.8865589672305 0.013091876778549966
6 214.8865589672305 0.0192803421113952
7 214.8865589672305 0.02238754227144734
8 214.8865589672305 0.013101777621880377
9 214.88655896723057 0.023241853843422818
19 276.2827186721536 0.018067125589314215

154.74243386363244
1 92.09423955738453 0.5450751458717161
2 153.4903992623075 0.10066430178387707
3 153.4903992623075 0.053613586415195216
4 153.49039926230753 0.15217996860748167
6 214.8865589672305 0.026842815388003247
7 214.8865589672305 0.0189940844566854
9 214.88655896723057 0.025954661810160578
19 276.2827186721536 0.0357493964146733

156.41186046900572
2 153.4903992623075 0.35421105350049453
3 153.4903992623075 0.2734457120918265
4 153.49039926230753 0.26988955580947355
5 214.8865589672305 0.01141441314104467
6 214.8865589672305 0.012398461226412288
7 214.8865589672305 0.03474758574940088
8 214.8865589672305 0.011414413141044926
9 214.88655896723057 0.027625893603526838

156.41186046900785
2 153.4903992623075 0.26979131846176446
3 153.4903992623075 0.27592014354069005
4 153.49039926230753 0.3518348593993435
5 214.8865589672305 0.034090052989300325
6 214.8865589672305 0.013083177908205446
7 214.8865589672305 0.011387229219350741
8 214.8865589672305 0.03409005298929985

156.4118604690086
2 153.4903992623075 0.2735539194724594
3 153.4903992623075 0.3480095547491622
4 153.49039926230753 0.2759828471801723
5 214.8865589672305 0.013100529056900102
6 214.8865589672305 0.033031527036527515
7 214.8865589672305 0.012428404023430147
8 214.8865589672305 0.013100529056899967
9 214.88655896723057 0.025939777687671223

157.40609608119686
1 92.09423955738453 0.3465701523648271
2 153.4903992623075 0.11416299289975712
3 153.4903992623075 0.21048790499100997
4 153.49039926230753 0.09246407094914272
5 214.8865589672305 0.027567720922468616
6 214.8865589672305 0.03428517109406788
7 214.8865589672305 0.02450739611317623
8 214.8865589672305 0.0342286324870852
9 214.88655896723057 0.02225513933399175
10 214.88655896723057 0.07460839087163672

157.40609608119794
1 92.09423955738453 0.3465701523648282
2 153.4903992623075 0.16312959812216596
3 153.4903992623075 0.08434721107741922
4 153.49039926230753 0.16963815964032417
5 214.8865589672305 0.032342322169379066
6 214.8865589672305 0.02879590443031014
7 214.8865589672305 0.03667524642578605
8 214.8865589672305 0.01937925018967458
9 214.88655896723057 0.025651336735642252
10 214.88655896723057 0.07460839087163396

157.40609608119865
1 92.09423955738453 0.34657015236482797
2 153.4903992623075 0.1347272869998153
3 153.4903992623075 0.13984320448232562
4 153.49039926230753 0.14254447735777012
5 214.8865589672305 0.02703379250973068
6 214.8865589672305 0.023982049525534427
7 214.8865589672305 0.03807226601506627
8 214.8865589672305 0.028492798526951888
9 214.88655896723057 0.025263153373506472
10 214.88655896723057 0.0746083908716365

157.40609608119922
1 92.09423955738453 0.34657015236483024
2 153.4903992623075 0.10888468703994102
3 153.4903992623075 0.08689678612104001
4 153.49039926230753 0.22133349567892832
5 214.8865589672305 0.01894415550606318
6 214.8865589672305 0.035386296725530696
7 214.8865589672305 0.02659384272432303
8 214.8865589672305 0.028019960228894643
9 214.88655896723057 0.03389980476597919
10 214.88655896723057 0.07460839087163582

157.40609608119948
1 92.09423955738453 0.3465701523648286
2 153.4903992623075 0.1723196766107034
3 153.4903992623075 0.17444920589149476
4 153.49039926230753 0.07034608633771183
5 214.8865589672305 0.03706358938788439
6 214.8865589672305 0.02002103108362577
7 214.8865589672305 0.01779059705706482
8 214.8865589672305 0.03238689862500982
9 214.88655896723057 0.03558194379720354
10 214.88655896723057 0.07460839087163706

159.64240291329062
2 153.4903992623075 0.025155479805381242
3 153.4903992623075 0.026128811560393057
4 153.49039926230753 0.033133634022031455
5 214.8865589672305 0.09001253874383924
6 214.8865589672305 0.19634288002195824
7 214.8865589672305 0.10471437891408618
8 214.8865589672305 0.29671375494201435
9 214.88655896723057 0.16302869270293896

159.6424029132921
2 153.4903992623075 0.033330620597143756
3 153.4903992623075 0.03721348752829971
4 153.49039926230753 0.013873817262364538
5 214.8865589672305 0.11812167097869687
6 214.8865589672305 0.20379102870748017
7 214.8865589672305 0.1109320784157006
8 214.8865589672305 0.12410594974928245
9 214.88655896723057 0.29386151747367895

159.64240291329224
2 153.4903992623075 0.021145435475534064
3 153.4903992623075 0.02562270942697974
4 153.49039926230753 0.03764978048529196
5 214.8865589672305 0.11436795285409285
6 214.8865589672305 0.2238647348003836
7 214.8865589672305 0.11990382098343758
8 214.8865589672305 0.2947622398669223
9 214.88655896723057 0.09791349682000333

159.64240291329426
2 153.4903992623075 0.032915105942986925
3 153.4903992623075 0.035522877519678045
4 153.49039926230753 0.015979941925141957
5 214.8865589672305 0.15378883401959337
6 214.8865589672305 0.18128765224887602
7 214.8865589672305 0.2866906763433119
8 214.8865589672305 0.06555278772094536
9 214.88655896723057 0.16349229499211104

159.64240291329463
2 153.4903992623075 0.02822229127957606
3 153.4903992623075 0.014582365750268052
4 153.49039926230753 0.041613268357963286
5 214.8865589672305 0.38836091186510985
6 214.8865589672305 0.04424148115955
7 214.8865589672305 0.24303787584203174
8 214.8865589672305 0.06392496331793335
9 214.88655896723057 0.1112470131402183
12 276.2827186721535 0.010959771335245394

161.1659621910639
2 153.4903992623075 0.015183614388346166
3 153.4903992623075 0.028329108053282162
4 153.49039926230753 0.013618505119265724
5 214.8865589672305 0.14750746577092802
6 214.8865589672305 0.04092677406334545
7 214.8865589672305 0.13616799659723638
8 214.8865589672305 0.1475074657709273
9 214.88655896723057 0.06889402518341614
10 214.88655896723057 0.34057162392670653
18 276.2827186721535 0.010110288228863056

161.16596219106643
2 153.4903992623075 0.016861751099402782
3 153.4903992623075 0.014785610611059319
4 153.49039926230753 0.025483865850428826
5 214.8865589672305 0.06154101288249131
6 214.8865589672305 0.13905159817876725
7 214.8865589672305 0.12400962537025942
8 214.8865589672305 0.061541012882492196
9 214.88655896723057 0.15486047807185538
10 214.88655896723057 0.34057162392668866

161.16596219106685
2 153.4903992623075 0.024929814283764257
3 153.4903992623075 0.013881299773594431
4 153.49039926230753 0.01832011350353379
5 214.8865589672305 0.11344355445599667
6 214.8865589672305 0.14560347610027405
7 214.8865589672305 0.06555520587524544
8 214.8865589672305 0.11344355445599616
9 214.88655896723057 0.10295793649834702
10 214.88655896723057 0.3405716239267003

172.51370961183963
1 92.09423955738453 0.015784807863593823
2 153.4903992623075 0.06788017922310996
3 153.4903992623075 0.10524517826146904
4 153.49039926230753 0.06744385609854373
5 214.8865589672305 0.12079380266007063
6 214.8865589672305 0.06930339437009787
7 214.8865589672305 0.14006051743795633
8 214.8865589672305 0.15747499760725608
9 214.88655896723057 0.08344887593131993
11 276.2827186721535 0.021189320051329712
12 276.2827186721535 0.014789126254011744
13 276.2827186721535 0.013483473421747959
14 276.2827186721535 0.02824823371426963
15 276.2827186721535 0.026467633421025597
16 276.2827186721535 0.032104618642857345

172.5137096118402
1 92.09423955738453 0.015784807863593913
2 153.4903992623075 0.09906808622388734
3 153.4903992623075 0.05233069226559715
4 153.49039926230753 0.08917043509364009
5 214.8865589672305 0.07121537887720851
6 214.8865589672305 0.1742839034803611
7 214.8865589672305 0.07405364553072574
8 214.8865589672305 0.1204856021314386
9 214.88655896723057 0.13104305798697236
11 276.2827186721535 0.017549545938180946
12 276.2827186721535 0.01586194811625213
13 276.2827186721535 0.029322933256082175
14 276.2827186721535 0.014624909895176112
15 276.2827186721535 0.027484756348383488
16 276.2827186721535 0.014404742208038697
19 276.2827186721536 0.025735797436104605

172.51370961184114
1 92.09423955738453 0.015784807863593937
2 153.4903992623075 0.09618637129640438
3 153.4903992623075 0.0931212128022016
4 153.49039926230753 0.05126162948451767
5 214.8865589672305 0.17960616165083707
6 214.8865589672305 0.08069988179797125
7 214.8865589672305 0.09870472690889898
8 214.8865589672305 0.16337224168431266
9 214.88655896723057 0.04869857596468298
11 276.2827186721535 0.037075647210775796
12 276.2827186721535 0.024230767431770873
14 276.2827186721535 0.01490947398267447
15 276.2827186721535 0.021535866380953634
16 276.2827186721535 0.031217236714919498

172.51370961184114
1 92.09423955738453 0.01578480786359382
2 153.4903992623075 0.03912205395792545
3 153.4903992623075 0.10249774960142036
4 153.49039926230753 0.09894941002377805
5 214.8865589672305 0.05039431682437303
6 214.8865589672305 0.07660754260287647
7 214.8865589672305 0.19829604005932583
8 214.8865589672305 0.10008704850615882
9 214.88655896723057 0.1456966400139708
12 276.2827186721535 0.016178804197060786
13 276.2827186721535 0.01339028057035516
14 276.2827186721535 0.03378453058602428
15 276.2827186721535 0.031263148582863914
16 276.2827186721535 0.010812552797753602
19 276.2827186721536 0.0296681600250548

172.51370961184128
1 92.09423955738453 0.015784807863593747
2 153.4903992623075 0.1053221128269526
3 153.4903992623075 0.10226185706588582
4 153.49039926230753 0.0329852436902851
5 214.8865589672305 0.218597278040311
6 214.8865589672305 0.053359817678644436
7 214.8865589672305 0.031337348183830244
8 214.8865589672305 0.21268263561700476
9 214.88655896723057 0.055104508486915574
11 276.2827186721535 0.0491627565226061
13 276.2827186721535 0.01247478834865129
16 276.2827186721535 0.04918469868719444
19 276.2827186721536 0.010516102579040414

172.51370961184148
1 92.09423955738453 0.015784807863593712
2 153.4903992623075 0.07841208230657568
3 153.4903992623075 0.08522974079405322
4 153.49039926230753 0.07692739048249565
5 214.8865589672305 0.13505209480263153
6 214.8865589672305 0.08746715672702421
7 214.8865589672305 0.13228452891272216
8 214.8865589672305 0.1070863219963934
9 214.88655896723057 0.10919148556793527
11 276.2827186721535 0.022830853763112894
12 276.2827186721535 0.02557985987384621
13 276.2827186721535 0.016478463782973143
14 276.2827186721535 0.025101482032864938
15 276.2827186721535 0.014066661026718294
16 276.2827186721535 0.02239389230998705
19 276.2827186721536 0.018533420408716597

172.51370961184168
1 92.09423955738453 0.01578480786359386
2 153.4903992623075 0.09743400881906662
3 153.4903992623075 0.05964608903206915
4 153.49039926230753 0.08348911573198856
5 214.8865589672305 0.12163380228655503
6 214.8865589672305 0.1654902654915356
7 214.8865589672305 0.09089074698789935
8 214.8865589672305 0.08814525588832577
9 214.88655896723057 0.10492151735239079
11 276.2827186721535 0.013847891039044293
12 276.2827186721535 0.030442423858670513
13 276.2827186721535 0.02229330989938923
14 276.2827186721535 0.013389489672359344
15 276.2827186721535 0.023608234222394185
16 276.2827186721535 0.019540284062364993
19 276.2827186721536 0.02186300044399636

172.51370961184176
1 92.09423955738453 0.01578480786359379
2 153.4903992623075 0.08832749697353386
3 153.4903992623075 0.049532956074251636
4 153.49039926230753 0.1027087605353375
5 214.8865589672305 0.054401798498200815
6 214.8865589672305 0.1744183441197738
7 214.8865589672305 0.09357935265110041
8 214.8865589672305 0.08451310871229754
9 214.88655896723057 0.16416898402532887
11 276.2827186721535 0.011407469582064017
12 276.2827186721535 0.018135200123577687
13 276.2827186721535 0.03780902555724476
14 276.2827186721535 0.01840418369623965
15 276.2827186721535 0.020086130682112804
19 276.2827186721536 0.030245668544876866

