#nmax= 4 NR= 11 Ntheta= 11 Nphi= 11
#jmax= 1 Nalpha= 11 Nphi= 11 Nchi= 11
#Ntrans= 35
#Nrot= 6

-1189.97682 25.6285 -1195.01094
-1189.97679 25.62854 -1195.0109
-1189.97666 25.62866 -1195.01078
-1174.2316 41.37373 -1179.26571
-1174.23159 41.37373 -1179.26571
-1174.23154 41.37378 -1179.26566
-1136.31468 79.29065 -1141.34879
-1136.31462 79.29071 -1141.34873
-1136.31451 79.29082 -1141.34863
-1136.1226 79.48273 -1141.15672
-1136.12234 79.48299 -1141.15645
-1131.06431 84.54102 -1136.09842
-1131.06422 84.5411 -1136.09834
-1131.06411 84.54122 -1136.09822
-1130.01309 85.59223 -1135.04721
-1122.12171 93.48361 -1127.15583
-1122.12157 93.48376 -1127.15569
-1121.76588 93.83944 -1126.8
-1121.76585 93.83948 -1126.79996
-1121.76583 93.8395 -1126.79994
-1118.32659 97.27874 -1123.3607
-1118.32658 97.27875 -1123.3607
-1118.3265 97.27883 -1123.36062
-1114.2952 101.31013 -1119.32932
-1080.38581 135.21951 -1085.41993
-1080.38581 135.21952 -1085.41992
-1080.38307 135.22225 -1085.41719
-1079.74034 135.86499 -1084.77445
-1079.74028 135.86504 -1084.7744
-1079.74027 135.86506 -1084.77439
-1079.6473 135.95803 -1084.68141
-1072.20415 143.40118 -1077.23827
-1072.20264 143.40268 -1077.23676
-1072.2026 143.40272 -1077.23672
-1072.19 143.41533 -1077.22412
-1072.18996 143.41536 -1077.22408
-1072.18992 143.41541 -1077.22403
-1070.90604 144.69928 -1075.94016
-1070.90399 144.70134 -1075.9381
-1068.14132 147.46401 -1073.17544
-1068.14123 147.4641 -1073.17534
-1068.1412 147.46413 -1073.17531
-1066.07542 149.5299 -1071.10954
-1066.07539 149.52993 -1071.10951
-1066.07032 149.53501 -1071.10444
-1065.84145 149.76388 -1070.87556
-1065.83865 149.76667 -1070.87277
-1065.83863 149.76669 -1070.87275
-1064.40494 151.20039 -1069.43905
-1059.59022 156.0151 -1064.62434
-1059.58431 156.02101 -1064.61843
-1059.5843 156.02103 -1064.61842
-1058.35351 157.25181 -1063.38763
-1058.35351 157.25181 -1063.38763
-1058.35351 157.25182 -1063.38762
-1057.99607 157.60925 -1063.03019
-1057.98829 157.61703 -1063.02241
-1055.23802 160.36731 -1060.27214
-1055.23788 160.36745 -1060.27199
-1055.23787 160.36746 -1060.27199
-1014.75222 200.85311 -1019.78633
-1013.11571 202.48961 -1018.14983
-1012.83262 202.7727 -1017.86674
-1012.83214 202.77318 -1017.86626
-1011.69192 203.91341 -1016.72603
-1011.51369 204.09164 -1016.5478
-1010.79176 204.81356 -1015.82588
-1010.7888 204.81652 -1015.82292
-1010.64191 204.96342 -1015.67602
-1007.62249 207.98284 -1012.6566
-1007.56181 208.04351 -1012.59593
-1007.56134 208.04399 -1012.59546
-1006.93197 208.67335 -1011.96609
-1006.92636 208.67897 -1011.96047
-1006.76181 208.84351 -1011.79593
-1005.79476 209.81057 -1010.82887
-1002.74907 212.85625 -1007.78319
-1002.23593 213.3694 -1007.27004
-1002.23294 213.37239 -1007.26705
-1002.01852 213.5868 -1007.05264
-1001.5886 214.01673 -1006.62271
-1001.46206 214.14327 -1006.49618
-1000.73438 214.87094 -1005.7685
-1000.66352 214.94181 -1005.69763
-1000.62959 214.97573 -1005.66371
-999.64955 215.95577 -1004.68367
-999.55031 216.05501 -1004.58443
-999.54092 216.06441 -1004.57504
-998.8712 216.73412 -1003.90532
-998.81354 216.79178 -1003.84766
-996.80536 218.79996 -1001.83948
-996.78675 218.81857 -1001.82087
-996.77787 218.82746 -1001.81198
-996.58231 219.02302 -1001.61642
-996.52447 219.08086 -1001.55859
-996.5161 219.08923 -1001.55021
-995.62414 219.98119 -1000.65826
-995.58722 220.01811 -1000.62134
-995.54274 220.06259 -1000.57686
-995.27398 220.33134 -1000.3081
