#nmax= 4 NR= 11 Ntheta= 11 Nphi= 11
#jmax= 1 Nalpha= 11 Nphi= 11 Nchi= 11
#Ntrans= 35
#Nrot= 4

-1215.6053258475974 0.0 -1220.6394424151356
-1181.2639942132757 34.341331634321705 -1186.2981107808139
-1181.2639348236096 34.34139102398788 -1186.2980513911477
-1181.2638629051569 34.34146294244066 -1186.297979472695
-1154.5099569346987 61.09536891289883 -1159.5440735022369
-1154.509821076804 61.09550477079356 -1159.5439376443421
-1154.50981293225 61.0955129153473 -1159.5439294997884
-1131.0873109165366 84.51801493106085 -1136.1214274840747
-1131.0870131063107 84.51831274128675 -1136.1211296738488
-1131.0790796947963 84.52624615280128 -1136.1131962623344
-1131.0783504892815 84.52697535831592 -1136.1124670568197
-1131.0783181459183 84.52700770167915 -1136.1124347134564
-1127.3892294823358 88.21609636526162 -1132.423346049874
-1118.088814669665 97.51651117793246 -1123.1229312372031
-1118.0887066940102 97.51661915358726 -1123.1228232615483
-1118.0887054655452 97.51662038205231 -1123.1228220330834
-1094.2573439801745 121.34798186742303 -1099.2914605477126
-1094.2554269919024 121.34989885569503 -1099.2895435594407
-1092.029961642992 123.57536420460542 -1097.0640782105302
-1092.0276470686763 123.57767877892117 -1097.0617636362144
-1092.027624626148 123.57770122144932 -1097.0617411936864
-1088.229184648904 127.37614119869338 -1093.2633012164424
-1075.849959063342 139.7553667842553 -1080.8840756308803
-1075.8498083300542 139.75551751754327 -1080.8839248975924
-1075.8330836158098 139.77224223178771 -1080.867200183348
-1075.0967794874673 140.50854636013008 -1080.1308960550057
-1075.0967591530878 140.50856669450962 -1080.1308757206261
-1075.0864905067683 140.51883534082916 -1080.1206070743065
-1074.360391192174 141.24493465542363 -1079.394507759712
-1067.0343554568956 148.57097039070192 -1072.0684720244337
-1067.034337628833 148.57098821876428 -1072.0684541963715
-1067.0341663016134 148.571159545984 -1072.0682828691517
-1061.4620932150858 154.14323263251168 -1066.496209782624
-1061.4620857114403 154.1432401361572 -1066.4962022789784
-1061.4618809512453 154.1434448963521 -1066.4959975187835
-1060.099862662594 155.5054631850034 -1065.1339792301324
-1060.0997456734492 155.50558017414815 -1065.1338622409876
-1058.3357274527043 157.2695983948931 -1063.3698440202425
-1058.3357176465208 157.2696082010766 -1063.369834214059
-1058.335461056205 157.26986479139234 -1063.3695776237432
-1030.309251882552 185.2960739650455 -1035.34336845009
-1030.308936597825 185.2963892497724 -1035.3430531653632
-1030.2008759996716 185.40444984792595 -1035.2349925672097
-1026.9461441646285 188.65918168296886 -1031.980260732167
-1026.9458364239792 188.65948942361828 -1031.9799529915174
-1026.8654882481705 188.73983759942686 -1031.8996048157087
-1025.045539412369 190.5597864352286 -1030.079655979907
-1018.0288077488275 197.57651809877 -1023.0629243163656
-1018.0287905969496 197.5765352506478 -1023.062907164488
-1018.0105441267616 197.5947817208359 -1023.0446606942998
-1012.264568434939 203.34075741265835 -1017.2986850024773
-1011.5653232602144 204.04000258738316 -1016.5994398277526
-1011.5652448828607 204.04008096473677 -1016.5993614503989
-1011.3548357815018 204.25049006609564 -1016.3889523490399
-1011.22226339212 204.38306245547744 -1016.2563799596583
-1011.0997472254427 204.5055786221548 -1016.133863792981
-1009.5110269332077 206.0942989143897 -1014.545143500746
-1009.510982094741 206.09434375285636 -1014.5450986622792
-1009.4786061471484 206.12671970044906 -1014.5127227146867
-1005.897786770357 209.70753907724043 -1010.9319033378953
-1005.8646093990596 209.7407164485378 -1010.8987259665978
-1002.2808649856336 213.324460861964 -1007.3149815531717
-1002.2564116920383 213.34891415555913 -1007.2905282595766
-1002.2564043797842 213.34892146781337 -1007.2905209473223
-999.5047906603492 216.1005351872483 -1004.5389072278874
-988.6236033249777 226.9817225226198 -993.6577198925158
-988.5493072147837 227.05601863281382 -993.5834237823218
-988.5490649833912 227.05626086420614 -993.5831815509296
-986.9623026246998 228.64302322289768 -991.996419192238
-986.9617907966359 228.6435350509615 -991.9959073641742
-986.8840682890905 228.721257558507 -991.9181848566287
-985.9619075798696 229.64341826772784 -990.996024147408
-979.3432679014389 236.26205794615854 -984.377384468977
-979.3265208551195 236.278804992478 -984.3606374226576
-979.326488426903 236.27883742069443 -984.3606049944411
-977.104740759268 238.50058508832953 -982.1388573268061
-977.0228684336171 238.5824574139805 -982.0569850011552
-973.1439266553855 242.46139919221196 -978.1780432229239
-973.1438118687579 242.46151397883955 -978.1779284362962
-973.1400342450193 242.46529160257816 -978.1741508125575
-939.7436346751664 275.861691172431 -944.7777512427047
-934.3292120059319 281.27611384166556 -939.3633285734702
-933.3707404881931 282.2345853594044 -938.4048570557314
-932.9617287740095 282.64359707358796 -937.9958453415478
-932.9610857197779 282.6442401278196 -937.9952022873159
-932.7522155027474 282.85311034485005 -937.7863320702857
-926.1037420049217 289.50158384267564 -931.13785857246
-926.0500543381818 289.55527150941566 -931.08417090572
-926.0287731204262 289.5765527271711 -931.0628896879646
-924.4807511605542 291.1245746870433 -929.5148677280923
-924.431436615665 291.1738892319323 -929.4655531832034
-924.4154220579027 291.1899037896947 -929.4495386254409
-921.167658682329 294.43766716526835 -926.2017752498673
-921.1541614568936 294.45116439070404 -926.1882780244316
-921.1508486928707 294.4544771547268 -926.1849652604088
-921.0695867012441 294.53573914635336 -926.1037032687823
-920.8675209891894 294.737804858408 -925.9016375567277
-920.6850724981836 294.920253349414 -925.7191890657217
-920.195978198004 295.40934764959337 -925.2300947655422
-919.9950150464203 295.6103108011771 -925.0291316139586
