#nmax= 4 NR= 11 Ntheta= 11 Nphi= 11
#jmax= 1 Nalpha= 11 Nphi= 11 Nchi= 11
#Ntrans= 35
#Nrot= 10
#Npara= 4
#Nportho= 6

0.1  0.0  6.574767994274631e-7  0.0
0.2  0.0  1.5849887129054914e-7  0.0
0.3  0.0  7.56620126325255e-8  0.0
0.4  0.0  4.402746424737476e-8  0.0
0.5  0.0  2.7238324547709182e-8  0.0
0.6  0.0  1.695872696935917e-8  0.0
0.7  0.0  1.1980262380238028e-8  0.0
0.8  0.0  1.3208239274212428e-8  0.0
0.9  0.0  1.2755281823107747e-8  0.0
1.0  0.0  5.823365937786101e-8  0.0
1.1  0.0  3.403820266221281e-7  0.0
1.2  0.0  1.5719435383136763e-6  0.0
1.3  0.0  5.7106834178504114e-6  0.0
1.4  0.0  1.7088047246052512e-5  0.0
1.5  -2.0872279346903584e-10  4.3770630850011094e-5  -2.0872279346903584e-10
1.6  0.0  9.88658723406924e-5  0.0
1.7  4.875013342269869e-10  0.00020141345124210602  4.875013342269869e-10
1.8  1.7393566122419652e-9  0.00037666368965594824  1.7393566122419652e-9
1.9  7.024880722018797e-9  0.0006556330934638924  7.024880722018797e-9
2.0  2.3716127407919202e-8  0.0010740110700363124  2.3716127407919202e-8
2.1  6.996473230059009e-8  0.0016705921602435806  6.996473230059009e-8
2.2  1.854247585162163e-7  0.002485449376108138  1.854247585162163e-7
2.3  4.504506184573246e-7  0.003558059942443168  4.504506184573246e-7
2.4  1.0125501453484204e-6  0.004925557153062564  1.0125501453484204e-6
2.5  2.1257915580116976e-6  0.0066212467198807825  2.1257915580116976e-6
2.6  4.203016310794749e-6  0.008673440746238801  4.203016310794749e-6
2.7  7.879671977147714e-6  0.011104642737598872  7.879671977147714e-6
2.8  1.4084954875198245e-5  0.013931087273837336  1.4084954875198245e-5
2.9  2.412885129313819e-5  0.01716256960179216  2.412885129313819e-5
3.0  3.978679107176598e-5  0.0208025491577904  3.978679107176598e-5
3.1  6.338601194171084e-5  0.024848457027598893  6.338601194171084e-5
3.2  9.788892125381992e-5  0.02929215741636243  9.788892125381992e-5
3.3  0.00014696422010510626  0.034120519525118014  0.00014696422010510626
3.4  0.00021504902606087956  0.03931605076691867  0.00021504902606087956
3.5  0.0003073882303627607  0.04485756142714453  0.0003073882303627607
3.6  0.00043006070560750966  0.05072083201161171  0.00043006070560750966
3.7  0.0005899823772771592  0.056879258028648697  0.0005899823772771592
3.8  0.0007948885723977124  0.06330446117802191  0.0007948885723977124
3.9  0.001053297809553709  0.06996685513377003  0.001053297809553709
4.0  0.0013744554253129683  0.07683615736693393  0.0013744554253129683
4.1  0.001768261222834041  0.0838818464491012  0.001768261222834041
4.2  0.0022451850585160733  0.09107356361873961  0.0022451850585160733
4.3  0.0028161674337911233  0.09838145763732305  0.0028161674337911233
4.4  0.0034925159823168904  0.10577647918817241  0.0034925159823168904
4.5  0.004285793199318558  0.11323062391227413  0.004285793199318558
4.6  0.0052077042988196605  0.12071713040411126  0.0052077042988196605
4.7  0.006269983383908313  0.1282106385567167  0.006269983383908313
4.8  0.0074842828664181335  0.13568730813139895  0.0074842828664181335
4.9  0.008862067736393354  0.1431249064805423  0.008862067736393354
5.0  0.010414514612390739  0.15050286545447358  0.010414514612390739
5.1  0.0121524189776268  0.15780231561680685  0.0121524189776268
5.2  0.01408611125513778  0.16500609500645433  0.01408611125513778
5.3  0.016225381481608934  0.1720987421809565  0.016225381481608934
5.4  0.018579412594648622  0.17906647200081388  0.018579412594648622
5.5  0.021156725879752605  0.18589714036674101  0.021156725879752605
5.6  0.023965134091550218  0.19258019488379766  0.023965134091550218
5.7  0.027011703687973256  0.19910661907819066  0.027011703687973256
5.8  0.0303027286164689  0.20546886944971282  0.0303027286164689
5.9  0.033843710273536186  0.2116608068280686  0.033843710273536186
6.0  0.037639346493753244  0.21767762392895046  0.037639346493753244
6.1  0.04169352850902127  0.22351576985992608  0.04169352850902127
6.2  0.046009343663349286  0.22917287349068372  0.046009343663349286
6.3  0.0505890851076295  0.23464766592635994  0.0505890851076295
6.4  0.055434265922658606  0.2399399028866555  0.055434265922658606
6.5  0.060545639717677666  0.24505028748699875  0.060545639717677666
6.6  0.06592322326181878  0.2499803940855279  0.06592322326181878
6.7  0.07156632427941108  0.2547325950834995  0.07156632427941108
6.8  0.07747357093418535  0.25930998777113434  0.07747357093418535
6.9  0.08364294492244594  0.26371632493800024  0.08364294492244594
7.0  0.09007181491522515  0.26795594707162435  0.09007181491522515
7.1  0.09675697264183447  0.2720337183632304  0.09675697264183447
7.2  0.10369466927565806  0.2759549643055351  0.10369466927565806
7.3  0.1108806524764315  0.27972541307979987  0.1108806524764315
7.4  0.11831020382378934  0.2833511396153712  0.11831020382378934
7.5  0.12597817630964733  0.28683851325316273  0.12597817630964733
7.6  0.13387903076899868  0.29019414786189396  0.13387903076899868
7.7  0.14200687268817683  0.2934248546674436  0.14200687268817683
7.8  0.1503554878058513  0.2965375995084048  0.1503554878058513
7.9  0.15891837647164103  0.2995394611174027  0.15891837647164103
8.0  0.16768878775740265  0.30243759456615127  0.16768878775740265
8.1  0.17665975175511014  0.30523919466971833  0.17665975175511014
8.2  0.18582411049820813  0.3079514653612948  0.18582411049820813
8.3  0.19517454822201952  0.31058158889115073  0.19517454822201952
8.4  0.20470362004338033  0.3131366991211761  0.20470362004338033
8.5  0.21440377827792137  0.3156238568634539  0.21440377827792137
8.6  0.22426739879242458  0.3180500273662688  0.22426739878607485
8.7  0.23428680524272794  0.3204220603085377  0.23428680524272794
8.8  0.24445429098241891  0.322746671858166  0.24445429098241891
8.9  0.2547621413445471  0.32503042831076917  0.2547621413445471
9.0  0.26520265298261175  0.32727973206758176  0.26520265298261175
9.1  0.2757681524792255  0.32950080936005993  0.27576815247355435
9.2  0.28645101346051915  0.33169969948478195  0.28645101346051915
9.3  0.29724367269716795  0.33388224553959184  0.29724367269716795
9.4  0.3081386441659413  0.3360540872258695  0.3081386441659413
9.5  0.319128532648757  0.33822065368532817  0.31912853265916424
9.6  0.330206045827624  0.3403871594591462  0.33020604583271973
9.7  0.3413640051255682  0.34255860003105715  0.3413640051255682
9.8  0.3525953557709572  0.3447397492365504  0.3525953557660673
9.9  0.3638931751417909  0.3469351575280577  0.36389317515616576
10.0  0.37525068124037786  0.3491491514738364  0.3752506812497704
10.1  0.38666123926184776  0.3513858331973098  0.38666123927105517
10.2  0.39811836729514044  0.3536490816922046  0.39811836731770994
10.3  0.4096157419826398  0.35594255422591914  0.40961574201362655
10.4  0.4211472026065085  0.3582696883981897  0.4211472026412441
10.5  0.4327067545897554  0.3606337050162018  0.43270675464087116
10.6  0.44428857251966863  0.36303761139735896  0.44428857258236354
10.7  0.4558870025501859  0.3654842047422336  0.4558870026240201
10.8  0.46749656365655906  0.3679760768733482  0.4674965637572162
10.9  0.4791119491335776  0.3705156179001723  0.4791119492561129
11.0  0.4907280266992004  0.3731050218136668  0.49072802686609235
11.1  0.5023398388562988  0.37574629106081764  0.5023398390735596
11.2  0.5139426025515748  0.3784412418565155  0.5139426028211307
11.3  0.5255317080406167  0.3811915098877275  0.5255317083863357
11.4  0.5371027180220954  0.38399855570521524  0.5371027184448892
11.5  0.5486513660142418  0.38686367055407644  0.5486513665504502
11.6  0.560173554447775  0.3897879822350053  0.5601735551108917
11.7  0.5716653527164649  0.39277246098673313  0.571665353539829
11.8  0.5831229946665553  0.39581792547402206  0.583122995681763
11.9  0.5945428760077919  0.39892504849655025  0.5945428772547341
12.0  0.6059215517538084  0.4020943634674833  0.6059215532866165
12.1  0.6172557329677821  0.40532626962247775  0.6172557348314041
12.2  0.6285422838370855  0.4086210387221304  0.628542286105705
12.3  0.6397782183471408  0.4119788201027649  0.6397782210943103
12.4  0.6509606969251753  0.4153996470635997  0.6509607002482334
12.5  0.6620870229609876  0.4188834421974859  0.6620870269614522
12.6  0.6731546394431488  0.4224300229957966  0.6731546442441281
12.7  0.684161125171276  0.4260391075408122  0.6841611309189497
12.8  0.6951041912297894  0.42971031968556106  0.6951041980861498
12.9  0.7059816772218618  0.43344319442393875  0.7059816853805637
13.0  0.7167915477148816  0.43723718290095703  0.7167915573908505
13.1  0.7275318884189068  0.44109165756856095  0.7275318998660647
13.2  0.7382009026146471  0.44500591688680985  0.7382009161180201
13.3  0.7487969073731734  0.4489791901832995  0.7487969232680943
13.4  0.7593183299086159  0.45301064224973514  0.7593183485618498
13.5  0.7697637039248338  0.457099377560196  0.7697637257556921
13.6  0.7801316661249161  0.46124444480850063  0.7801316916120952
13.7  0.7904209525598384  0.46544484113724166  0.790420982245204
13.8  0.8006303951262947  0.46969951573934143  0.8006304296183281
13.9  0.810758918153187  0.47400737416807576  0.8107589581422748
14.0  0.8208055348430366  0.4783672817114364  0.8208055810916416
14.1  0.830769344263098  0.4827780672489324  0.8307693976284329
14.2  0.8406495277682288  0.4872385264499128  0.8406495892162802
14.3  0.8504453458897361  0.49174742522405585  0.8504454164886976
14.4  0.8601561351257279  0.49630350266724854  0.8601562160669597
14.5  0.8697813051478922  0.5009054743363515  0.8697813977631098
14.6  0.8793203355000471  0.5055520350015444  0.8793204412540879
14.7  0.8887727727494822  0.5102418612845862  0.8887728932671183
14.8  0.8981382277974489  0.5149736144436055  0.8981383648732657
14.9  0.9074163729215088  0.5197459428203344  0.9074165285332076
15.0  0.9166069392340479  0.5245574841335731  0.9166071155651512
15.1  0.9257097139194339  0.5294068678098393  0.9257099133525252
15.2  0.9347245379160619  0.5342927170864858  0.9347247630852387
15.3  0.9436513031881482  0.5392136510212207  0.9436515569687037
15.4  0.9524899505770673  0.5441682864414961  0.9524902361122647
15.5  0.9612404673433154  0.5491552396675629  0.9612407880653264
15.6  0.9699028850142297  0.5541731282817646  0.9699032446654476
15.7  0.9784772771286627  0.55922057270744  0.9784776797785691
15.8  0.9869637572788674  0.564296197708161  0.9869642073583978
15.9  0.9953624769879161  0.5693986338200299  0.995362979299121
16.0  1.0036736238126194  0.5745265186140193  1.0036741835557863
16.1  1.0118974193831616  0.5796784980018699  1.0118980421928412
16.2  1.0200341177127292  0.5848532273551972  1.020034809676926
16.3  1.0280840034265781  0.5900493725719319  1.028084771114162
16.4  1.0360473899401097  0.5952656110483008  1.0360482404288425
16.5  1.0439246179604345  0.6005006327274349  1.0439255588689877
16.6  1.0517160539836272  0.6057531407462982  1.0517170935072726
16.7  1.0594220886143313  0.6110218524033376  1.0594232355471664
16.8  1.0670431353178946  0.6163054997728098  1.0670443990883183
16.9  1.07457962884994  0.6216028304596998  1.0745810195626562
17.0  1.0820320240798578  0.6269126080635439  1.0820335525387283
17.1  1.0894007946427002  0.6322336128829563  1.0894024724039248
17.2  1.0966864316755731  0.6375646422652163  1.0966882710584192
17.3  1.1038894427481447  0.6429045111055922  1.1038914568979084
17.4  1.1110103505685978  0.6482520523815198  1.1110125534782245
17.5  1.1180496921200314  0.653606117177627  1.1180520986852356
17.6  1.1250080174641708  0.6589655752888861  1.1250106435030462
17.7  1.1318858887449368  0.6643293153946441  1.1318887510601081
17.8  1.1386838793407486  0.6696962451884174  1.138686995747072
17.9  1.1454025728796955  0.6750652917268307  1.1454059622517887
18.0  1.1520425624112502  0.680435401422497  1.1520462447277617
18.1  1.1586044495301744  0.6858055402726465  1.1586084459135373
18.2  1.1650888436253495  0.6911746939658701  1.1650931763971175
18.3  1.1714963610915514  0.6965418678234093  1.1715010537973944
18.4  1.1778276246153974  0.7019060869542986  1.1778327020951957
18.5  1.1840832625397748  0.7072663962165491  1.1840887509513682
18.6  1.190263908062798  0.7126218601779208  1.190269834939685
18.7  1.1963701987705775  0.717971563102553  1.1963765930730985
18.8  1.20240277592987  0.7233146089117513  1.2024096680802743
18.9  1.2083622839677608  0.728650121080755  1.208369705906287
19.0  1.2142493699030172  0.7339772425464902  1.2142573551317664
19.1  1.2200646828542374  0.7392951355580313  1.2200732664843579
19.2  1.225808873515407  0.744602981644759  1.225818092319262
19.3  1.2314825937253222  0.7498999813748874  1.2314924861775325
19.4  1.237086495966246  0.7551853542283207  1.2370971022917228
19.5  1.2426212330282822  0.7604583384703166  1.24263259525864
19.6  1.2480874575397187  0.7657181908921888  1.248099619550625
19.7  1.2534858216206535  0.7709641866917908  1.2534988291796698
19.8  1.2588169764870156  0.7761956192482268  1.2588308773076662
19.9  1.2640815721309626  0.7814117998700779  1.2640964159106896
20.0  1.2692802570656978  0.7866120576636402  1.269296095537386
20.1  1.2744136778853052  0.7917957392329624  1.2744305648582928
20.2  1.2794824791095507  0.7969622085290108  1.2795004705168256
20.3  1.2844873027697241  0.8021108464784658  1.284506456713501
20.4  1.2894287883328601  0.8072410509197123  1.2894491651235245
20.5  1.2943075722857353  0.8123522362365462  1.2943292344873587
20.6  1.299124288025405  0.8174438331406572  1.2991473004969067
20.7  1.3038795656068911  0.8225152884298907  1.303903995543456
20.8  1.30857403152872  0.8275660647301136  1.3085999484996211
20.9  1.3132083085394741  0.8325956402322088  1.3132357845375402
21.0  1.3177830155206307  0.8376035084663114  1.3178121249779324
21.1  1.3222987672678137  0.8425891780008368  1.32232958711488
21.2  1.3267561743397454  0.8475521721890119  1.3267887840326948
21.3  1.3311558429344383  0.8524920289957969  1.331190324483878
21.4  1.3354983747602178  0.8574083005361296  1.3355348127756388
21.5  1.3397843668837341  0.8623005530784507  1.3398228485944217
21.6  1.3440144116411328  0.8671683665829648  1.3440550269341216
21.7  1.348189096551587  0.8720113345485645  1.3482319379982823
21.8  1.3523090041723684  0.8768290636821464  1.352354167054311
21.9  1.356374712018208  0.8816211737317524  1.3564222943574022
22.0  1.3603867925579902  0.8863872971731223  1.3604368951374586
22.1  1.364345813001742  0.8911270789489674  1.3643985393873934
22.2  1.368252335374704  0.8958401762726815  1.3683077919455833
22.3  1.3721069163691515  0.9005262583585815  1.3721652123263273
22.4  1.3759101073120552  0.9051850061288065  1.3759713547028385
22.5  1.3796624541390183  0.9098161120785214  1.3797267678720337
22.6  1.3833644973355084  0.9144192799055444  1.3834319951949066
22.7  1.387016771891615  0.9189942243824363  1.387087574546358
22.8  1.3906198073088594  0.9235406710743649  1.390694038331336
22.9  1.3941741275273976  0.9280583561186667  1.394251913395798
23.0  1.3976802509178334  0.932547025977806  1.3977617210284201
23.1  1.4011386902858238  0.9370064372343996  1.4012239769547825
23.2  1.4045499528747496  0.9414363563827759  1.4046391913454201
23.3  1.4079145403016904  0.945836559591486  1.4080078687391664
23.4  1.4112329485944937  0.9502068324819708  1.4113305080961092
23.5  1.4145056681679355  0.9545469699328083  1.4146076027543881
23.6  1.4177331838791427  0.9588567758744694  1.4178396404891567
23.7  1.4209159749686717  0.9631360630840646  1.421027103458278
23.8  1.4240545150937147  0.9673846529524589  1.4241704682225111
23.9  1.4271492723704107  0.9716023753393943  1.427270205801349
24.0  1.4302007093370404  0.9757890683506347  1.4303267816140173
24.1  1.4332092830512955  0.9799445781472834  1.4333406555944592
24.2  1.43617544500796  0.9840687587611099  1.4363122820905854
24.3  1.439099641257895  0.9881614719168784  1.4392421099947657
24.4  1.4419823123812099  0.9922225868586378  1.4421305827058684
24.5  1.4448238935114044  0.9962519801380176  1.444978138162771
24.6  1.4476248144161556  1.0002495354847702  1.4477852089049696
24.7  1.4503854994764007  1.0042151436341882  1.450552222068647
24.8  1.4531063677618303  1.0081487021074391  1.4532795994481882
24.9  1.455787832999688  1.0120501151320043  1.455967757466831
25.0  1.458430303705408  1.0159192934052497  1.4586171073075758
25.1  1.4610341831552658  1.0197561539808886  1.4612280548864847
25.2  1.4635998694637262  1.0235606201415046  1.463801000916239
25.3  1.4661277555803574  1.02733262115051  1.4663363409141381
25.4  1.4686182293715389  1.0310720922130805  1.4688344652787435
25.5  1.471071673652326  1.034778974294966  1.471295759314397
25.6  1.4734884662356393  1.0384532139356015  1.473720603287044
25.7  1.4758689799757567  1.0420947631899529  1.4761093724609153
25.8  1.4782135828141685  1.0457035794516776  1.4784624371414286
25.9  1.4805226378052192  1.0492796253138457  1.4807801627078392
26.0  1.482796503228896  1.052822868465664  1.4830629097146657
26.1  1.485035532543757  1.0563332815485664  1.4853110338486228
26.2  1.4872400745438634  1.0598108420518833  1.4875248860825518
26.3  1.4894104733191986  1.06325553216597  1.4897048126350305
26.4  1.491547068339823  1.0666673387005505  1.4918511550510867
26.5  1.4936501945409146  1.0700462529345283  1.4939642502926618
26.6  1.4957201823199864  1.073392270535647  1.496044430723447
26.7  1.4977573576227623  1.0767053914324631  1.4980920242036988
26.8  1.4997620419741502  1.0799856197010027  1.5001073541186674
26.9  1.501734552534666  1.0832329635056375  1.5020907394244944
27.0  1.5036752021890298  1.0864474349204163  1.504042494746744
27.1  1.5055842995498199  1.0896290499107315  1.5059629303820685
27.2  1.5074621490229996  1.0927778281764624  1.5078523523510665
27.3  1.5093090508949756  1.0958937930999944  1.509711062502235
27.4  1.5111253013258914  1.0989769716187054  1.5115393584914216
27.5  1.512911192452274  1.1020273941639502  1.513337533882432
27.6  1.514667012428907  1.105045094536874  1.515105878201156
27.7  1.5163930454698473  1.108030109880341  1.5168446769650783
27.8  1.5180895719092777  1.1109824805392605  1.5185542117404336
27.9  1.5197568682534208  1.1139022500121978  1.5202347602059916
28.0  1.5213952072311152  1.116789464823258  1.52188659619376
28.1  1.523004857850239  1.1196441745406849  1.5235099897454933
28.2  1.5245860854410467  1.1224664315800394  1.5251052071579108
28.3  1.5261391517248737  1.1252562912403288  1.5266725110526407
28.4  1.5276643148542317  1.128013811554141  1.5282121604093772
28.5  1.52916182945371  1.13073905324159  1.5297244106108532
28.6  1.5306319467092728  1.1334320796663417  1.5312095135363586
28.7  1.5320749143695938  1.1360929567220754  1.5326677175491772
28.8  1.5334909768244487  1.1387217528051  1.5340992675905658
28.9  1.534880375169567  1.1413185387332139  1.535504405231456
29.0  1.5362433472205792  1.1438833876820995  1.5368833686969936
29.1  1.5375801275830223  1.1464163751334664  1.5382363929275942
29.2  1.538890947715389  1.1489175788013524  1.5395637096463743
29.3  1.5401760359442234  1.1513870785909972  1.5408655473719153
29.4  1.5414356175324009  1.153824956523028  1.5421421314922037
29.5  1.5426699147332954  1.1562312966980128  1.5433936843094196
29.6  1.543879146832019  1.1586061852309049  1.544620425088811
29.7  1.5450635301870796  1.1609497101932789  1.5458225700978587
29.8  1.5462232782655567  1.1632619615585336  1.5470003326411954
29.9  1.5473586017479697  1.1655430311880286  1.5481539231684052
30.0  1.5484697084887802  1.1677930127339118  1.5492835492292736
