1.0 0.002169359628331008
1.134 0.0025047495567763977
1.268 0.0028521140298410088
1.4020000000000001 0.0032119610187942224
1.536 0.003584824949566972
1.67 0.003971268393400526
1.804 0.004371883890215924
1.9380000000000002 0.004787295916605782
2.072 0.005218163010430034
2.206 0.005665180062703453
2.34 0.0061290807835571
2.474 0.006610640340529566
2.608 0.007110678151659571
2.742 0.007630060790985362
2.8760000000000003 0.008169704934303433
3.0100000000000002 0.008730580261541984
3.144 0.00931371230231801
3.278 0.009920185473814958
3.412 0.010551147083096781
3.5460000000000003 0.011207813589649302
3.68 0.011891480113519367
3.814 0.012603532321672939
3.9480000000000004 0.013345457637002433
4.082000000000001 0.014118853060439621
4.216 0.014925430152647653
4.35 0.01576702030989996
4.484 0.016645582965280833
4.618 0.017563217347205333
4.752000000000001 0.018522177219933975
4.886 0.01952488799835722
5.0200000000000005 0.02057396608041882
5.154 0.021672240658762897
5.288 0.022822778540614878
5.422000000000001 0.024028912678788743
5.556 0.025294275269725136
5.69 0.02662283645268661
5.824 0.02801894987262492
5.958 0.02948740666311332
6.0920000000000005 0.031033499777228708
6.226 0.032663101053079936
6.36 0.034382753949725675
6.494000000000001 0.036199785514062735
6.628 0.03812244178658443
6.7620000000000005 0.04016005138939049
6.896000000000001 0.042323222168266256
7.03 0.044624074877161586
7.164000000000001 0.047076514813877104
7.298 0.04969653480546879
7.432 0.052502526940776034
7.566000000000001 0.05551554893780435
7.7 0.05875943280444531
7.8340000000000005 0.062260523091484304
7.968 0.06604667540990154
8.102 0.0701449414595103
8.236 0.07457720083205824
8.370000000000001 0.07935313416045307
8.504000000000001 0.08446086860797543
8.638000000000002 0.08985783381071896
8.772 0.09546725179330161
8.906 0.10118649152749634
9.040000000000001 0.10690922481416233
9.174000000000001 0.11255605397192094
9.308 0.11810424190427692
9.442 0.12360637775758757
9.576 0.12918781079506012
9.71 0.13502044238422625
9.844000000000001 0.14128602479030491
9.978 0.14814821470971146
10.112 0.15574250538824377
10.246 0.16418034542598023
10.38 0.17355918037413517
10.514000000000001 0.18397219866588568
10.648 0.19551482266626458
10.782 0.2082868721868805
10.916 0.2223899124223201
11.05 0.23791966084150065
11.184000000000001 0.2549548780187661
11.318000000000001 0.27354822034363013
11.452 0.2937304719990283
11.586 0.31554139065657605
11.72 0.33908769141770406
11.854000000000001 0.36460187163047053
11.988000000000001 0.39246123786098286
12.122 0.4231511222098724
12.256 0.4571996642790458
12.39 0.4951296070444072
12.524000000000001 0.5374592599541581
12.658000000000001 0.58476244974355
12.792000000000002 0.6377718610753543
12.926 0.6974818706867214
13.06 0.7652011904277677
13.194 0.8425422226568037
13.328000000000001 0.9313787817195306
13.462000000000002 1.0338094429015428
13.596 1.1521379065299642
13.73 1.28886627129808
13.864 1.4467140281852193
13.998000000000001 1.628713757845972
14.132000000000001 1.8384519057385738
14.266 2.0804585001236413
14.4 2.3605869506477353
14.534 2.6860587217301544
14.668000000000001 3.0648008007293166
14.802000000000001 3.5037599640417545
14.936 4.0059167595484855
15.07 4.5657706116695325
15.204 5.163480618271717
15.338000000000001 5.7592032834641005
15.472000000000001 6.291596265323334
15.606000000000002 6.686200210236523
15.74 6.876277215386806
15.874 6.828623145797719
16.008000000000003 6.5579893721343
16.142000000000003 6.119278116457387
16.276000000000003 5.583985413583189
16.41 5.017199159211074
16.544 4.465600796309004
16.678 3.956281827002034
16.812 3.5011835658230708
16.946 3.10262699210063
17.080000000000002 2.757728030244385
17.214000000000002 2.461220873790559
17.348000000000003 2.207003502950044
17.482 1.9888929340735804
17.616 1.8009853709539168
17.75 1.6378773398056232
17.884 1.4948752713475713
18.018 1.3681914749486987
18.152 1.2550296749215832
18.286 1.1534772263751198
18.42 1.0622377759965924
18.554000000000002 0.9803365872006795
18.688000000000002 0.906914922065406
18.822000000000003 0.8411411302951007
18.956 0.7822005251858215
19.09 0.7293159774030386
19.224 0.6817698038517318
19.358 0.6389165375828595
19.492 0.6001863238672088
19.626 0.5650819218941918
19.76 0.5331723121180431
19.894000000000002 0.5040850146069459
20.028000000000002 0.4774983512639598
20.162000000000003 0.45313427235138143
20.296 0.43075199830007566
20.43 0.41014252708991134
20.564 0.39112395949915707
20.698 0.3735375540932792
20.832 0.3572444134872385
20.966 0.3421227075560004
21.1 0.3280653494322137
21.234 0.3149780519154116
21.368000000000002 0.30277770306982527
21.502000000000002 0.29139100905939963
21.636000000000003 0.2807533586810215
21.77 0.27080786633891973
21.904 0.2615045462367075
22.038 0.25279955679731203
22.172 0.24465442538212398
22.306 0.23703511290665658
22.44 0.22991070360597307
22.574 0.2232514246041119
22.708000000000002 0.2170256877707217
22.842000000000002 0.2111960922790285
22.976000000000003 0.20571514604146648
23.110000000000003 0.20052303060018442
23.244 0.19555124272845184
23.378 0.19073485628524203
23.512 0.1860301964114314
23.646 0.18142752073984117
23.78 0.1769492467739127
23.914 0.17263526765645892
24.048000000000002 0.16852605003050009
24.182000000000002 0.16465240843091908
24.316000000000003 0.1610333599063034
24.450000000000003 0.1576788215198112
24.584000000000003 0.154593719411536
24.718 0.1517816650296656
24.852 0.1492476844216498
24.986 0.14700010518080092
25.12 0.14505184176245658
25.254 0.14342123400901405
25.388 0.14213241320110434
25.522000000000002 0.14121491720257567
25.656000000000002 0.1407019222446698
25.790000000000003 0.14062597599163665
25.924000000000003 0.14101056873421905
26.058 0.1418556093755206
26.192 0.1431157851877403
26.326 0.14467439883817096
26.46 0.14632249151742532
26.594 0.14776059753578794
26.728 0.14863839863616424
26.862000000000002 0.14862842479386404
26.996000000000002 0.14750712984362632
27.130000000000003 0.14521401296201616
27.264000000000003 0.1418713269605881
27.398000000000003 0.13775338223975186
27.532 0.13320912165354637
27.666 0.12857116601066454
27.8 0.12409323254898408
27.934 0.11993209848811724
28.068 0.11616174298763703
28.202 0.11279927075176555
28.336000000000002 0.1098289961928398
28.470000000000002 0.10721975755379078
28.604000000000003 0.10493556984118754
28.738000000000003 0.10294141074133215
28.872 0.10120595184742902
29.006 0.09970256185990119
29.14 0.09840942087956064
29.274 0.09730923161916995
29.408 0.09638879068869656
29.542 0.09563855363335018
29.676000000000002 0.0950522563742929
29.810000000000002 0.09462661883495393
29.944000000000003 0.09436113876327971
30.078000000000003 0.09425797634636479
30.212000000000003 0.09432192833237958
30.346 0.09456049143538157
30.48 0.09498401743496768
30.614 0.09560596595068452
30.748 0.09644326518285305
30.882 0.09751679602108759
31.016000000000002 0.09885202098900758
31.150000000000002 0.10047978673860386
31.284000000000002 0.10243733748551277
31.418000000000003 0.10476958711963379
31.552000000000003 0.1075307098257702
31.686000000000003 0.11078612263035442
31.82 0.1146149472684922
31.954 0.11911305040396082
32.088 0.12439676454783957
32.222 0.13060737480552992
32.356 0.13791639498929045
32.49 0.14653150548735655
32.624 0.15670270140626244
32.758 0.16872755476649062
32.892 0.18295327729548405
33.026 0.19977108566797497
33.160000000000004 0.21959468973264126
33.294000000000004 0.24280910072335873
33.428000000000004 0.2696688568024226
33.562000000000005 0.3001197663036334
33.696000000000005 0.3335263161326872
33.830000000000005 0.36833039955908314
33.964 0.40177147544260566
34.098 0.4299449430493153
34.232 0.44851710999436023
34.366 0.45410323623356735
34.5 0.44567011535828144
34.634 0.4249969730622326
34.768 0.39583963464872907
34.902 0.3624488719683454
35.036 0.3283809425742533
35.17 0.29601440739522483
35.304 0.2666223457579018
35.438 0.24067809511736832
35.572 0.21816947465801478
35.706 0.19883243378325924
35.84 0.18229641456918574
35.974000000000004 0.16816357879286897
36.108000000000004 0.15604777037663523
36.242000000000004 0.1455940562873571
36.376000000000005 0.13649220705242465
36.510000000000005 0.12848820474448444
36.644000000000005 0.12138957829562852
36.778 0.11505949522956582
36.912 0.10940165145200222
37.046 0.10434376411057392
37.18 0.09982568805199751
37.314 0.09579319594742537
37.448 0.09219573755961467
37.582 0.08898625360313883
37.716 0.08612168640190686
37.85 0.08356342075521046
37.984 0.08127733522877463
38.118 0.07923339693152587
38.252 0.07740482147755268
38.386 0.07576684242838602
38.52 0.07429521674346228
38.654 0.07296485050685846
38.788000000000004 0.07174935322527316
38.922000000000004 0.07062254091664939
39.056000000000004 0.06956214493280856
39.190000000000005 0.06855406840335462
39.324000000000005 0.06759419264842421
39.458000000000006 0.06668617274510548
39.592 0.06583682097725162
39.726 0.06505203616337438
39.86 0.06433487324934063
39.994 0.06368548187476203
40.128 0.06310192486552736
40.262 0.06258111387310507
40.396 0.06211953185832404
40.53 0.061713691348578424
40.664 0.061360385578714545
40.798 0.061056805281686485
40.932 0.06080057724950322
41.066 0.06058975950672719
41.2 0.06042281041974271
41.334 0.060298536043622356
41.468 0.06021601075288829
41.602000000000004 0.060174461673506575
41.736000000000004 0.06017311190114377
41.870000000000005 0.06021099642335408
42.004000000000005 0.06028679286259388
42.138000000000005 0.06039871204608116
42.272000000000006 0.06054442429835734
42.406000000000006 0.060720904489927494
42.54 0.06092417273185199
42.674 0.06114928398789074
42.808 0.06139115907443404
42.942 0.06164634166123242
43.076 0.06191471554062631
43.21 0.062199834617174064
43.344 0.0625075272269919
43.478 0.06284382054806946
43.612 0.0632135300208501
43.746 0.06362004083983655
43.88 0.06406588075185302
44.014 0.06455335432851263
44.148 0.06508480308064887
44.282000000000004 0.0656625402247079
44.416000000000004 0.0662887262467914
44.550000000000004 0.06696535055330023
44.684000000000005 0.06769431877691087
44.818000000000005 0.06847757939601941
44.952000000000005 0.06931723921394385
45.086000000000006 0.07021565023432198
45.220000000000006 0.07117547058487207
45.354 0.07219970862194917
45.488 0.07329175898666974
45.622 0.07445543708129813
45.756 0.07569501629440653
45.89 0.07701527086215725
46.024 0.07842152646126095
46.158 0.07991972030741107
46.292 0.08151647252716354
46.426 0.08321917078297981
46.56 0.08503607050901074
46.694 0.08697641363988964
46.828 0.08905056938868286
46.962 0.09127020147191806
47.096000000000004 0.09364846721820201
47.230000000000004 0.09620025526493081
47.364000000000004 0.09894247007240922
47.498000000000005 0.10189437327354975
47.632000000000005 0.10507799388698726
47.766000000000005 0.10851862149799482
47.900000000000006 0.11224539827381981
48.034000000000006 0.11629202630438427
48.168000000000006 0.12069760458960947
48.302 0.1255076018474474
48.436 0.13077495128925337
48.57 0.13656121107571034
48.704 0.14293765150398424
48.838 0.1499859792552659
48.972 0.1577981529386569
49.106 0.16647434945678827
49.24 0.17611762867830574
49.374 0.1868234254204376
49.508 0.1986623553237537
49.642 0.2116574818807198
49.776 0.22576430046115528
49.910000000000004 0.24087316099615474
50.044000000000004 0.2568606245683604
50.178000000000004 0.27369856948662863
50.312000000000005 0.29158098943682326
50.446000000000005 0.31099066573083745
50.580000000000005 0.3326606352219757
50.714000000000006 0.35746663291081565
50.848000000000006 0.38632406327573615
50.982000000000006 0.42012616417881815
51.116 0.45970428227368937
51.25 0.5057627380047631
51.384 0.5587402306807547
51.518 0.618567749370613
51.652 0.6843364768728077
51.786 0.7539738761624463
51.92 0.8241348693021124
52.054 0.8905478367453905
52.188 0.9488874543906122
52.322 0.9959449520385119
52.456 1.030697197364975
52.59 1.0548827406284205
52.724000000000004 1.0727186145487764
52.858000000000004 1.0896291339512119
52.992000000000004 1.1104053691956164
53.126000000000005 1.137510939860276
53.260000000000005 1.170007567407734
53.394000000000005 1.2032891477417644
53.528000000000006 1.2298416417897837
53.662000000000006 1.2412345479950955
53.79600000000001 1.2309920716163896
53.93 1.1971112740294076
54.064 1.1427918091141251
54.198 1.0749773709791144
54.332 1.001743571163621
54.466 0.9300535220786171
54.6 0.864703236727196
54.734 0.8083308071541467
54.868 0.7619473112164054
55.002 0.7255401851675096
55.136 0.6985403092256228
55.27 0.6801150959926213
55.404 0.6693251269810178
55.538000000000004 0.665205122244541
55.672000000000004 0.6668316576751913
55.806000000000004 0.6734181534577302
55.940000000000005 0.6844301797535096
56.074000000000005 0.6996730918609049
56.208000000000006 0.7193112278928556
56.342000000000006 0.743829136046518
56.476000000000006 0.7739850742905497
56.61000000000001 0.8107929936835256
56.744 0.8555266394403993
56.878 0.9097214297485948
57.012 0.9751678674186541
57.146 1.0539146598056213
57.28 1.1483002789185646
57.414 1.2610043207997592
57.548 1.395073661469725
57.682 1.5538506300171102
57.816 1.740707277492165
57.95 1.9584515247010925
58.084 2.2082215396123774
58.218 2.4876936088868913
58.352000000000004 2.7886434751451574
58.486000000000004 3.094517324172859
58.620000000000005 3.3797153497220056
58.754000000000005 3.613055961289067
58.888000000000005 3.7666074890373475
59.022000000000006 3.826746788450976
59.156000000000006 3.800238269670791
59.290000000000006 3.7102423770522597
59.42400000000001 3.5848740845314895
59.55800000000001 3.445905456937326
59.692 3.3032638970717048
59.826 3.156350306948286
59.96 3.0000203848311586
60.094 2.8314238731527253
60.228 2.6537304339354604
60.362 2.4750810044915754
60.496 2.3045499320950182
60.63 2.1482643258839302
60.764 2.0075575528388603
60.898 1.879360615741833
61.032000000000004 1.7582699376311883
61.166000000000004 1.6393627676559077
61.300000000000004 1.520419989470734
61.434000000000005 1.4024031944211293
61.568000000000005 1.2882295282381722
61.702000000000005 1.1810288798585253
61.836000000000006 1.0830166182439684
61.970000000000006 0.9952551315099375
62.104000000000006 0.9179315023255041
62.23800000000001 0.8507067196897788
62.37200000000001 0.792931464243678
62.506 0.7437391578448094
62.64 0.7020964907100339
62.774 0.6668739243447904
62.908 0.6369623266497956
63.042 0.6114132095200263
63.176 0.5895277066897714
63.31 0.5708158158958007
63.444 0.5548186313789658
63.578 0.5408819688114775
63.712 0.5280245569313579
63.846000000000004 0.5150270124548381
63.980000000000004 0.50076394280618
64.114 0.48463239440846717
64.248 0.4668157069505803
64.382 0.4482037244752071
64.516 0.43002800499845695
64.65 0.4134407043905949
64.784 0.3992290036217746
64.918 0.38770885719928205
65.052 0.3787481228253611
65.186 0.37187393607765445
65.32000000000001 0.3664518477125669
65.45400000000001 0.3619037742024643
65.58800000000001 0.35785934661701513
65.72200000000001 0.35411885008778865
65.85600000000001 0.35042939532387996
65.99000000000001 0.34624549639839913
66.12400000000001 0.34069260903661014
66.25800000000001 0.332827880620112
66.39200000000001 0.32206781857163147
66.52600000000001 0.3084884920059803
66.66000000000001 0.29278544446140836
66.794 0.2759616523336413
66.928 0.2589900635251616
67.062 0.24262186889136617
67.196 0.22734464674743007
67.33 0.21341639578613927
67.464 0.20091825284577577
67.598 0.1898043583629226
67.732 0.17994452272551534
67.866 0.17116047467576134
68.0 0.16325873238328162
68.134 0.15606178135661328
68.268 0.14943329635975386
68.402 0.1432886404589676
68.536 0.13758653515878227
68.67 0.1323089742162817
68.804 0.12744211330296254
68.938 0.12296603961592692
69.072 0.11885323252948575
69.206 0.11507146014514186
69.34 0.1115873025767923
69.474 0.10836874642259771
69.608 0.10538701550370715
69.742 0.10261796342496961
69.876 0.10004265185354932
70.01 0.09764665321608192
70.144 0.09541839472426233
70.278 0.09334739318174903
70.412 0.09142295852749985
70.546 0.08963348105991965
70.68 0.08796636618081699
70.81400000000001 0.0864089123958039
70.94800000000001 0.08495034550104828
71.08200000000001 0.08358442106513918
71.21600000000001 0.08231107613638683
71.35000000000001 0.08113587534799123
71.48400000000001 0.08006754919448905
71.61800000000001 0.07911500310679788
71.75200000000001 0.078284672724301
71.88600000000001 0.07757791587658448
72.02000000000001 0.07698752082525318
72.15400000000001 0.07649278368024374
72.28800000000001 0.07605403175018856
72.42200000000001 0.0756099374689638
72.556 0.07508328501948784
72.69 0.07439935429352346
72.824 0.0735123800126962
72.958 0.07242473984626473
73.092 0.07118456603823614
73.226 0.06986374988352491
73.36 0.06853230679595679
73.494 0.06724267014913542
73.628 0.06602618326745441
73.762 0.06489689790625607
73.896 0.06385742033455274
74.03 0.06290396238691097
74.164 0.062029806718212864
74.298 0.06122736725630108
74.432 0.06048927621127095
74.566 0.05980888014306621
74.7 0.05918040952119015
74.834 0.05859898347404786
74.968 0.05806054116850884
75.102 0.057561748384842605
75.236 0.05709990343321144
75.37 0.056672853357949665
75.504 0.05627892460174732
75.638 0.05591686906346496
75.772 0.055585825128162576
75.906 0.05528529286285997
76.04 0.05501512266240502
76.174 0.05477551692610685
76.308 0.05456704467946045
76.44200000000001 0.05439066927881106
76.57600000000001 0.054247789254097324
76.71000000000001 0.054140291630559355
76.84400000000001 0.054070615144421165
76.97800000000001 0.05404181657389578
77.11200000000001 0.05405762505569909
77.24600000000001 0.05412245356095894
77.38000000000001 0.0542413087993018
77.51400000000001 0.05441949458386617
77.64800000000001 0.05466193514886681
77.78200000000001 0.05497186397736082
77.91600000000001 0.05534858349731714
78.05000000000001 0.05578414963179066
78.184 0.056259449740540875
78.318 0.056741470213415475
78.452 0.057185154785735735
78.586 0.0575431097145531
78.72 0.057781854520468044
78.854 0.05789593993564651
78.988 0.05790954074695108
79.122 0.05786426603865924
79.256 0.05780285830788145
79.39 0.057759173178627596
79.524 0.057756924469062686
79.658 0.057812962394870486
79.792 0.05794025267553543
79.926 0.05814896249706832
80.06 0.05844666965626846
80.194 0.05883887531336606
80.328 0.059329994180115864
80.462 0.05992439252150224
80.596 0.06062714345727117
80.73 0.0614444972311674
80.864 0.06238422214060937
80.998 0.06345593632811634
81.132 0.06467147491879795
81.266 0.06604530502746325
81.4 0.06759500407820351
81.534 0.0693418277333302
81.668 0.07131140149561335
81.802 0.07353457489063235
81.936 0.0760484812333615
82.07000000000001 0.07889784995829394
82.20400000000001 0.08213662082066961
82.33800000000001 0.08582990583355986
82.47200000000001 0.09005632736174744
82.60600000000001 0.09491071377782848
82.74000000000001 0.10050702869766813
82.87400000000001 0.10698119410822764
83.00800000000001 0.1144930513651099
83.14200000000001 0.12322593899329812
83.27600000000001 0.13338103440496457
83.41000000000001 0.14516145714666004
83.54400000000001 0.15873808606681786
83.67800000000001 0.17418583733662343
83.81200000000001 0.19137881087343622
83.946 0.20984283316470984
84.08 0.22859701648624176
84.214 0.24607859105447674
84.348 0.26030477486966713
84.482 0.26937988267607316
84.616 0.2722151012107664
84.75 0.2690389668484627
84.884 0.2613175844072215
85.018 0.25115166536253375
85.152 0.24058821284545523
85.286 0.2312081825286793
85.42 0.22404372667630035
85.554 0.21968930834455527
85.688 0.21846422169896712
85.822 0.22054930563643174
85.956 0.22607405177265255
86.09 0.23515365439677038
86.224 0.24787915448806774
86.358 0.26426050764323483
86.492 0.2841219311968479
86.626 0.30695899330994086
86.76 0.3317897537282175
86.894 0.35705442246743063
87.028 0.3806144781376659
87.162 0.39988241450135487
87.296 0.41213920868149
87.43 0.41513274956772017
87.56400000000001 0.4078765016499789
87.69800000000001 0.3911957048037968
87.83200000000001 0.36753020767621725
87.96600000000001 0.34005763300329306
88.10000000000001 0.31172236420556376
88.23400000000001 0.28466840112494307
88.36800000000001 0.2601451164771887
88.50200000000001 0.23868628544131398
88.63600000000001 0.2203560920055242
88.77000000000001 0.20495436425185787
88.90400000000001 0.19215562633847175
89.03800000000001 0.18159560989440413
89.17200000000001 0.17292707301059093
89.30600000000001 0.16585826750148885
89.44000000000001 0.16017420455808337
89.57400000000001 0.1557362780742317
89.708 0.15246420878291703
89.842 0.15031352317694374
89.976 0.14926005969210435
90.11 0.1492943179527846
90.244 0.15042250075759336
90.378 0.15267037794746344
90.512 0.1560877810593944
90.646 0.16075312121995064
90.78 0.1667781455288852
90.914 0.1743134029780914
91.048 0.18355479002138864
91.182 0.19475110387332742
91.316 0.20821174546902524
91.45 0.22431270318629618
91.584 0.24349759494611378
91.718 0.26626802698611407
91.852 0.2931527067077675
91.986 0.3246371113227133
92.12 0.3610261189534596
92.254 0.4022059351837475
92.388 0.4472835568608742
92.522 0.4941414553323438
92.656 0.5390845660135184
92.79 0.5769475380523614
92.924 0.6020734151285493
93.058 0.6101468716556074
93.19200000000001 0.6000146483646662
93.32600000000001 0.5742272870444465
93.46000000000001 0.5378786015930207
93.59400000000001 0.4966373453408478
93.72800000000001 0.45520305366158914
93.86200000000001 0.4167041490055539
93.99600000000001 0.38281923777543253
94.13000000000001 0.35419370864580774
94.26400000000001 0.33086130260670665
94.39800000000001 0.3125609265966061
94.53200000000001 0.2989411541767001
94.66600000000001 0.2896768001374339
94.80000000000001 0.2845228619492863
94.93400000000001 0.28332633319131545
95.06800000000001 0.28601093745421957
95.20200000000001 0.29254118782709543
95.33600000000001 0.3028623906166594
95.47 0.3168086899173281
95.604 0.3339796259967282
95.738 0.35361583417708786
95.872 0.3745579663634799
96.006 0.3954150949791819
96.14 0.415009954512938
96.274 0.43294886241675506
96.408 0.4499395423765388
96.542 0.46755905694208016
96.676 0.4875541151995408
96.81 0.5110177802120089
96.944 0.5377077343221743
97.078 0.5656072364342867
97.212 0.5908586769338727
97.346 0.6083512417331705
97.48 0.613158418494083
97.614 0.6024280304825614
97.748 0.5766368968710379
97.882 0.5393030482013319
98.016 0.49541214747153356
98.15 0.4496934169896583
98.284 0.4056210657372974
98.418 0.3652352312969893
98.552 0.3294283945962227
98.686 0.2983474067209612
98.82000000000001 0.27173112458111387
98.95400000000001 0.24913829493699888
99.08800000000001 0.23008130302599017
99.22200000000001 0.21409568309927857
99.35600000000001 0.2007709568555408
99.49000000000001 0.18976012865354097
99.62400000000001 0.1807782449989134
99.75800000000001 0.17359577277632027
99.89200000000001 0.16802970540972365
100.02600000000001 0.16393355455583047
100.16000000000001 0.16118640591781513
100.29400000000001 0.15968165380933
100.42800000000001 0.15931890049539885
100.56200000000001 0.16000644812730544
100.69600000000001 0.16168085895727957
100.83000000000001 0.16433778745629932
100.96400000000001 0.16804965909885858
101.098 0.1729410014520047
101.232 0.1791122690174514
101.366 0.18652810375490297
101.5 0.19489611051372885
101.634 0.20357093654301633
101.768 0.21154527892964226
101.902 0.21760950384246455
102.036 0.22070382392281146
102.17 0.22032758654974663
102.304 0.21674968869680364
102.438 0.210870309569152
102.572 0.20384090979658018
102.706 0.19667681056483505
102.84 0.19001564753045402
102.974 0.18404644819121127
103.108 0.17857787624750635
103.242 0.17321214036174462
103.376 0.16757549501316113
103.51 0.16151069784062483
103.644 0.15513096977753846
103.778 0.14872371104692958
103.912 0.14259857456042133
104.046 0.13698617599199758
104.18 0.13202150209932423
104.31400000000001 0.12777830467898274
104.44800000000001 0.12430460892700372
104.58200000000001 0.12163346273610195
104.71600000000001 0.11977247822034591
104.85000000000001 0.11868649780167345
104.98400000000001 0.11828339467822972
105.11800000000001 0.11840930421369378
105.25200000000001 0.1188608483799373
105.38600000000001 0.11941809581972768
105.52000000000001 0.1198846247216388
105.65400000000001 0.1201047237370602
105.78800000000001 0.11994349751562833
105.92200000000001 0.1192604035397497
106.05600000000001 0.11792571130700838
106.19000000000001 0.11588626057172387
106.32400000000001 0.11322474781021517
106.45800000000001 0.11015256227740318
106.59200000000001 0.10693810270637293
106.72600000000001 0.10382479561524292
106.86 0.1009842953501525
106.994 0.0985108534570259
107.128 0.09643882397846357
107.262 0.09476499317957908
107.396 0.09346653647410587
107.53 0.09251277199361425
107.664 0.09187197662548299
107.798 0.09151495620120084
107.932 0.09141664038986658
108.066 0.09155653960515003
108.2 0.09191860214675507
108.334 0.09249079924711422
108.468 0.09326461790766274
108.602 0.0942345528908914
108.736 0.09539764930419753
108.87 0.09675314707390992
109.004 0.09830232202144776
109.138 0.10004868816301178
109.272 0.10199872075109018
109.406 0.10416300789869762
109.54 0.10655728411934264
109.674 0.1092026693135978
109.808 0.11212502991982966
109.94200000000001 0.11535412329418346
110.07600000000001 0.1189232476034678
110.21000000000001 0.12286959427004011
110.34400000000001 0.1272350645130815
110.47800000000001 0.13206730041098283
110.61200000000001 0.13742096128554088
110.74600000000001 0.1433595451883265
110.88000000000001 0.14995807076274031
111.01400000000001 0.157306667965001
111.14800000000001 0.16551478964814273
111.28200000000001 0.17471565466816474
111.41600000000001 0.1850707778736441
111.55000000000001 0.19677476972520397
111.68400000000001 0.2100607039763297
111.81800000000001 0.22520630352633259
111.95200000000001 0.24254103815862052
112.08600000000001 0.26245380031587284
112.22000000000001 0.2854001445483
112.35400000000001 0.31190755694238903
112.488 0.34257754776638066
112.622 0.3780853064239942
112.756 0.4191809185715949
112.89 0.4666959795113545
113.024 0.521544318969815
113.158 0.5846669805670249
113.292 0.6568272892327159
113.426 0.738155185781261
113.56 0.8273972607046409
113.694 0.9209559263616256
113.828 1.012039798899272
113.962 1.0906073284469857
114.096 1.1449752253022183
114.23 1.165323799780949
114.364 1.147675345823225
114.498 1.0957209263897048
114.632 1.0190836805800596
114.766 0.9293882454930148
114.9 0.8367554030457177
115.034 0.7481666480211928
115.168 0.667480415025699
115.302 0.5962249781579343
115.436 0.5344857404311452
115.57000000000001 0.4815903930613546
115.70400000000001 0.4365480002713679
115.83800000000001 0.39829734517032706
115.97200000000001 0.36583366325030264
116.10600000000001 0.33826548950762686
116.24000000000001 0.3148325167659697
116.37400000000001 0.29490154736291657
116.50800000000001 0.277951268396023
116.64200000000001 0.2635535858580528
116.77600000000001 0.2513563660949874
116.91000000000001 0.2410694401804989
117.04400000000001 0.23245370984058583
117.17800000000001 0.22531254630056524
117.31200000000001 0.21948491761013603
117.44600000000001 0.21484012763931168
117.58000000000001 0.21127417485507732
117.71400000000001 0.20870728952990075
117.84800000000001 0.20708144955289065
117.98200000000001 0.20635639851687254
118.11600000000001 0.20650338392917442
118.25 0.20749709596053595
118.384 0.20930768982455925
118.518 0.21189641344181118
118.652 0.21521932930153873
118.786 0.21924059418811792
118.92 0.22394752739536838
119.054 0.22935114272241516
119.188 0.2354615592196239
119.322 0.24224839989261504
119.456 0.24961352247090243
119.59 0.2574023991124698
119.724 0.2654621703184879
119.858 0.2737270837397659
119.992 0.2822906327212421
120.126 0.29142685695796905
120.26 0.30155253921277575
120.394 0.313155920889282
120.528 0.3267316566735883
120.662 0.34274870499464594
120.796 0.36165328085259474
120.93 0.3838941704559376
121.06400000000001 0.40995769772665314
121.19800000000001 0.4404055522128113
121.33200000000001 0.475912825105768
121.46600000000001 0.5173044658224567
121.60000000000001 0.5655844730500762
121.73400000000001 0.6219405134621987
121.86800000000001 0.6876927427677267
122.00200000000001 0.7641505244501792
122.13600000000001 0.8523432728210333
122.27000000000001 0.9525982479534979
122.40400000000001 1.0639756104417912
122.53800000000001 1.1836880979231958
122.67200000000001 1.3068219611273042
122.80600000000001 1.4267547578669668
122.94000000000001 1.5363021892019588
123.07400000000001 1.6288401455010633
123.20800000000001 1.6983784170800185
123.34200000000001 1.738747341853394
123.47600000000001 1.7436439233529735
123.61000000000001 1.7088789334810333
123.74400000000001 1.6355723170867358
123.87800000000001 1.5313270464503512
124.012 1.4080287640275686
124.146 1.27796529672051
124.28 1.1508513582113868
124.414 1.0328270085425453
124.548 0.9269001212688448
124.682 0.8338911625335003
124.816 0.7532997863508805
124.95 0.6839313587329101
125.084 0.6243195275141187
125.218 0.5730068478958162
125.352 0.52871151921551
125.486 0.4903882285463089
125.62 0.4572065467246948
125.754 0.428492915910384
125.888 0.4036781187126563
126.022 0.38226668397487984
126.156 0.3638240566639274
126.29 0.3479717980917413
126.424 0.3343841276349008
126.558 0.32278310452423237
126.69200000000001 0.31293193543833525
126.82600000000001 0.3046265918856105
126.96000000000001 0.29768616223743394
127.09400000000001 0.2919430660481945
127.22800000000001 0.2872359212831514
127.36200000000001 0.2834097403692726
127.49600000000001 0.28032726147079945
127.63000000000001 0.27788826477096146
127.76400000000001 0.27604384818377947
127.89800000000001 0.2747915128968862
128.032 0.27414967155955644
128.166 0.27412378755101663
128.3 0.274677689031856
128.43400000000003 0.2757179926923471
128.568 0.277098085679664
128.702 0.27864899010177874
128.836 0.28023519973558686
128.97000000000003 0.2818112869238025
129.104 0.2834427180985486
129.238 0.28527669692149743
129.372 0.28748741488136104
129.506 0.290231854761183
129.64000000000001 0.29363192871465255
129.774 0.29777638454845595
129.90800000000002 0.3027300667385085
130.042 0.3085435767433005
130.17600000000002 0.31526248403554363
130.31 0.3229370114186681
130.44400000000002 0.33163000086046296
130.578 0.3414153341944735
130.71200000000002 0.35235645964340034
130.846 0.3644590110596942
130.98000000000002 0.3775998065058485
131.114 0.3914451348874068
131.24800000000002 0.405390760307971
131.382 0.41858425899835683
131.51600000000002 0.43009479245336246
131.65 0.4392219608212986
131.78400000000002 0.44579563415904644
131.918 0.45026009851788934
132.05200000000002 0.4534806723910436
132.186 0.45642313327415673
132.32000000000002 0.45990319430715476
132.454 0.4644861927954005
132.588 0.4705024578271733
132.722 0.47811211661372255
132.856 0.4873732559103936
132.99 0.4982944119412319
133.124 0.5108688961491309
133.258 0.5250949062999353
133.392 0.5409863557411314
133.526 0.5585783517811876
133.66 0.577929957309481
133.794 0.5991258415930373
133.928 0.6222777300512133
134.062 0.6475261276757668
134.196 0.6750425750940149
134.33 0.7050326877238973
134.464 0.7377403433287367
134.598 0.7734533980156169
134.732 0.8125109152177646
134.866 0.8553109603446006
