rotational analysis ortho
#nmax= 4 NR= 11 Ntheta= 11 Nphi= 11
#jmax= 1 Nalpha= 11 Nphi= 11 Nchi= 11
25.628504942265458
2 23.799400000000006 0.48917439561721177
4 42.4022 0.021060167962108477
5 42.4022 0.4891743956172119

25.628539074357548
1 23.799399999999995 0.957288465692954
2 23.799400000000006 0.010677836568671323
3 23.799400000000006 0.010677930584817554
5 42.4022 0.010677836568671323
6 42.4022 0.010677930584817554

25.628663607903196
3 23.799400000000006 0.4891742381229579
4 42.4022 0.021060470869608168
6 42.4022 0.48917423812295785

41.373729119333845
1 23.799399999999995 0.06784342763390708
2 23.799400000000006 0.46557563284629433
5 42.4022 0.4655756328462944

41.3737347559725
2 23.799400000000006 0.034172988731656084
3 23.799400000000006 0.03417315637944979
4 42.4022 0.863307709777624
5 42.4022 0.03417298873165609
6 42.4022 0.03417315637944979

41.37378209977101
1 23.799399999999995 0.0678442565043867
3 23.799400000000006 0.4655752204967886
6 42.4022 0.46557522049678857

79.29064797205562
1 23.799399999999995 0.4684519954103043
2 23.799400000000006 0.2546969087861187
4 42.4022 0.010859206333341307
5 42.4022 0.2546969087861188

79.29070932072126
1 23.799399999999995 0.4684536914901873
3 23.799400000000006 0.25469609505623253
4 42.4022 0.010859184151321132
6 42.4022 0.25469609505623253

79.29081617208955
2 23.799400000000006 0.23966054299925318
3 23.799400000000006 0.23965537637016723
4 42.4022 0.04093228726933058
5 42.4022 0.23966054299925318
6 42.4022 0.23965537637016723

79.4827253044082
2 23.799400000000006 0.26438860490785915
3 23.799400000000006 0.21124178643388497
4 42.4022 0.04291370835998117
5 42.4022 0.26438860490785915
6 42.4022 0.21124178643388494

79.48298767514598
1 23.799399999999995 0.6175525227614367
2 23.799400000000006 0.06894818950980777
3 23.799400000000006 0.12208791077025027
5 42.4022 0.06894818950980779
6 42.4022 0.12208791077025027

84.54102044739456
1 23.799399999999995 0.39861059830618206
2 23.799400000000006 0.28998214943750633
4 42.4022 0.010712396357848618
5 42.4022 0.28998214943750633

84.54110197879338
1 23.799399999999995 0.3986081904417627
3 23.799400000000006 0.28998338883820085
4 42.4022 0.010712476660084833
6 42.4022 0.28998338883820085

84.54121979997225
2 23.799400000000006 0.20465634647870076
3 23.799400000000006 0.20466096959613397
4 42.4022 0.18136536784594998
5 42.4022 0.20465634647870076
6 42.4022 0.20466096959613397

85.59223339197781
1 23.799399999999995 0.33332695232161885
2 23.799400000000006 0.16666280593145633
3 23.799400000000006 0.16666999352643655
5 42.4022 0.16666280593145638
6 42.4022 0.16666999352643655

93.48361222694315
1 23.799399999999995 0.11780065078074493
2 23.799400000000006 0.22840621009219714
3 23.799400000000006 0.2121840644013668
5 42.4022 0.22840621009219714
6 42.4022 0.21218406440136686

93.48375720932691
2 23.799400000000006 0.10492545148060445
3 23.799400000000006 0.12114791089817921
4 42.4022 0.547756583707373
5 42.4022 0.10492545148060443
6 42.4022 0.12114791089817924

93.83944187591491
1 23.799399999999995 0.029580952105478085
2 23.799400000000006 0.015155917985718147
3 23.799400000000006 0.26435530081829695
4 42.4022 0.4113966102864922
5 42.4022 0.015155917985718144
6 42.4022 0.264355300818297

93.83948023077454
1 23.799399999999995 0.11732333638030605
2 23.799400000000006 0.22049106451227132
3 23.799400000000006 0.22048206985262928
5 42.4022 0.22049106451227135
6 42.4022 0.22048206985262928

93.83949975100003
1 23.799399999999995 0.02958118341378647
2 23.799400000000006 0.2643587245570843
3 23.799400000000006 0.015155724811863003
4 42.4022 0.4113899178483183
5 42.4022 0.26435872455708426
6 42.4022 0.015155724811863003

97.27873878201662
1 23.799399999999995 0.028946299268728076
2 23.799400000000006 0.2791621096430813
3 23.799400000000006 0.014473657822412826
4 42.4022 0.3837821658002837
5 42.4022 0.27916210964308125
6 42.4022 0.014473657822412824

97.27874607297903
1 23.799399999999995 0.02894719632230624
2 23.799400000000006 0.014473354556209569
3 23.799400000000006 0.2791659863010787
4 42.4022 0.3837741219631183
5 42.4022 0.014473354556209569
6 42.4022 0.2791659863010787

97.27882617603679
1 23.799399999999995 0.17455297136599665
2 23.799400000000006 0.20635743727677885
3 23.799400000000006 0.20636607703314128
5 42.4022 0.20635743727677888
6 42.4022 0.20636607703314128

101.31012717180552
2 23.799400000000006 0.16666777651367154
3 23.799400000000006 0.16666705928520986
4 42.4022 0.3333169494406115
5 42.4022 0.16666777651367154
6 42.4022 0.16666705928520986

135.21951455418062
1 23.799399999999995 0.14806962056661224
2 23.799400000000006 0.0751705042243844
3 23.799400000000006 0.3340307102673842
4 42.4022 0.03352795044985173
5 42.4022 0.07517050422438441
6 42.4022 0.3340307102673842

135.2195177388801
1 23.799399999999995 0.14809292667490973
2 23.799400000000006 0.3340339036114511
3 23.799400000000006 0.07515719847836497
4 42.4022 0.03352486914545823
5 42.4022 0.3340339036114511
6 42.4022 0.07515719847836498

135.2222538200866
1 23.799399999999995 0.6349019842849731
2 23.799400000000006 0.09127874338798414
3 23.799400000000006 0.09127026439632765
5 42.4022 0.09127874338798414
6 42.4022 0.09127026439632767

135.86498759048922
1 23.799399999999995 0.4279634398628549
2 23.799400000000006 0.13860093525623346
3 23.799400000000006 0.1386089023499228
4 42.4022 0.017616884924832838
5 42.4022 0.13860093525623346
6 42.4022 0.1386089023499228

135.86504101943382
1 23.799399999999995 0.2528474082242982
2 23.799400000000006 0.13410288697172412
3 23.799400000000006 0.22674085250828113
4 42.4022 0.025465112815690468
5 42.4022 0.13410288697172412
6 42.4022 0.2267408525082811

135.865056997907
1 23.799399999999995 0.2528252607574841
2 23.799400000000006 0.2267395062581263
3 23.799400000000006 0.1341142688096523
4 42.4022 0.02546718910695873
5 42.4022 0.22673950625812633
6 42.4022 0.13411426880965227

135.95803006760508
1 23.799399999999995 0.3119006645527645
2 23.799400000000006 0.166642094298301
3 23.799400000000006 0.1666432029087141
4 42.4022 0.021528741033205012
5 42.4022 0.166642094298301
6 42.4022 0.16664320290871412

143.4011754624301
1 23.799399999999995 0.3887839557351125
2 23.799400000000006 0.1488933074148335
3 23.799400000000006 0.14894057220915238
4 42.4022 0.015548285016915409
5 42.4022 0.14889330741483353
6 42.4022 0.14894057220915238

143.4026840015772
1 23.799399999999995 0.18553195570640688
2 23.799400000000006 0.25048750733199787
3 23.799400000000006 0.10090880968156399
4 42.4022 0.11167541026646918
5 42.4022 0.25048750733199787
6 42.4022 0.10090880968156396

143.40272310020038
1 23.799399999999995 0.1854017231027252
2 23.799400000000006 0.1009737646711046
3 23.799400000000006 0.2505104797121444
4 42.4022 0.11162978813077677
5 42.4022 0.1009737646711046
6 42.4022 0.25051047971214435

143.41532711435295
1 23.799399999999995 0.07141663370818321
2 23.799400000000006 0.41705493133451615
3 23.799400000000006 0.0353173930568312
4 42.4022 0.023838717509121813
5 42.4022 0.4170549313345162
6 42.4022 0.0353173930568312

143.41536463819725
1 23.799399999999995 0.07154487248138133
2 23.799400000000006 0.03525200029311919
3 23.799400000000006 0.417032433923325
4 42.4022 0.023886259085729663
5 42.4022 0.03525200029311919
6 42.4022 0.4170324339233251

143.41541076961818
1 23.799399999999995 0.8105647097127651
2 23.799400000000006 0.047384121812162165
3 23.799400000000006 0.04733352211155151
5 42.4022 0.04738412181216215
6 42.4022 0.04733352211155151

144.69928369618918
1 23.799399999999995 0.5053743033046552
2 23.799400000000006 0.1227373621261901
3 23.799400000000006 0.11928623563413444
4 42.4022 0.010578501174694275
5 42.4022 0.12273736212619009
6 42.4022 0.11928623563413446

144.70133812975556
2 23.799400000000006 0.2106417207145628
3 23.799400000000006 0.21409210450664842
4 42.4022 0.15050785837699474
5 42.4022 0.21064172071456277
6 42.4022 0.21409210450664842

147.46400606181754
1 23.799399999999995 0.32547786644659377
2 23.799400000000006 0.1686287534188092
3 23.799400000000006 0.1686323091766568
5 42.4022 0.16862875341880923
6 42.4022 0.1686323091766568

147.46409984537834
1 23.799399999999995 0.23510821335323742
2 23.799400000000006 0.21382311757430106
3 23.799400000000006 0.11754440400807681
4 42.4022 0.10215674348200636
5 42.4022 0.21382311757430106
6 42.4022 0.11754440400807681

147.464129117111
1 23.799399999999995 0.23511046327955726
2 23.799400000000006 0.11754292012005871
3 23.799400000000006 0.21382285405067825
4 42.4022 0.1021579883789695
5 42.4022 0.1175429201200587
6 42.4022 0.21382285405067822

149.52990365288468
1 23.799399999999995 0.0795814116224398
2 23.799400000000006 0.06590568777453427
3 23.799400000000006 0.33359528444345854
4 42.4022 0.1214166439415744
5 42.4022 0.06590568777453427
6 42.4022 0.33359528444345854

149.52993267633963
1 23.799399999999995 0.07960007934578651
2 23.799400000000006 0.333584959309085
3 23.799400000000006 0.06593720321116738
4 42.4022 0.12135559561370803
5 42.4022 0.333584959309085
6 42.4022 0.06593720321116738

149.53500691791697
2 23.799400000000006 0.10221480522172188
3 23.799400000000006 0.10229121926674775
4 42.4022 0.5909879463955704
5 42.4022 0.1022148052217219
6 42.4022 0.10229121926674774

149.76387883275052
1 23.799399999999995 0.039884821542395955
2 23.799400000000006 0.1407152240428265
3 23.799400000000006 0.1406410062358515
4 42.4022 0.39740271790024756
5 42.4022 0.14071522404282652
6 42.4022 0.14064100623585146

149.76667402034514
1 23.799399999999995 0.05754525433729927
2 23.799400000000006 0.1286936329349569
3 23.799400000000006 0.22861011857203545
4 42.4022 0.2278472426487166
5 42.4022 0.12869363293495686
6 42.4022 0.22861011857203545

149.76669367083247
1 23.799399999999995 0.0575281845318015
2 23.799400000000006 0.22862234784290023
3 23.799400000000006 0.12866029336449064
4 42.4022 0.22790653305341604
5 42.4022 0.22862234784290023
6 42.4022 0.12866029336449064

151.20038924714527
1 23.799399999999995 0.0513153351853575
2 23.799400000000006 0.1665480029115946
3 23.799400000000006 0.16654694274248769
4 42.4022 0.28249477350647684
5 42.4022 0.16654800291159466
6 42.4022 0.16654694274248769

156.01510145775464
1 23.799399999999995 0.03548271263620746
2 23.799400000000006 0.1416444937109095
3 23.799400000000006 0.14164716901271365
4 42.4022 0.3979339619165458
5 42.4022 0.14164449371090945
6 42.4022 0.14164716901271365

156.0210140588357
1 23.799399999999995 0.09325293947486499
2 23.799400000000006 0.11246966411668251
3 23.799400000000006 0.24611422257427967
4 42.4022 0.1895792871432111
5 42.4022 0.11246966411668251
6 42.4022 0.24611422257427967

156.02102621118055
1 23.799399999999995 0.09325507363232545
2 23.799400000000006 0.24611022122356235
3 23.799400000000006 0.11247048775513487
4 42.4022 0.18958350841028107
5 42.4022 0.24611022122356233
6 42.4022 0.11247048775513488

157.2518130048083
1 23.799399999999995 0.05810658793393303
2 23.799400000000006 0.45068654682643566
3 23.799400000000006 0.010128066449711643
4 42.4022 0.020264185513773125
5 42.4022 0.4506865468264356
6 42.4022 0.010128066449711646

157.25181391635175
1 23.799399999999995 0.05810835122948797
2 23.799400000000006 0.010128019190834964
3 23.799400000000006 0.4506841618976237
4 42.4022 0.02026728659359587
5 42.4022 0.010128019190834964
6 42.4022 0.4506841618976237

157.2518178141382
2 23.799400000000006 0.0391830705160672
3 23.799400000000006 0.03918242388914673
4 42.4022 0.8432690107920116
5 42.4022 0.03918307051606721
6 42.4022 0.03918242388914673

157.60925096298308
1 23.799399999999995 0.025230442587591925
2 23.799400000000006 0.1146884835073286
3 23.799400000000006 0.11345904970466325
4 42.4022 0.5184744909884239
5 42.4022 0.11468848350732863
6 42.4022 0.11345904970466328

157.61703471321385
1 23.799399999999995 0.12207839305455565
2 23.799400000000006 0.21886473139212395
3 23.799400000000006 0.2200944420278159
5 42.4022 0.21886473139212398
6 42.4022 0.22009444202781586

160.36730598755278
2 23.799400000000006 0.1773060202680122
3 23.799400000000006 0.17730473607975364
4 42.4022 0.2907784872438149
5 42.4022 0.17730602026801212
6 42.4022 0.1773047360797536

160.36744851528735
1 23.799399999999995 0.050854469751550606
2 23.799400000000006 0.15185103628579347
3 23.799400000000006 0.1708409903104925
4 42.4022 0.3037614770558772
5 42.4022 0.15185103628579352
6 42.4022 0.17084099031049244

160.36745596169712
1 23.799399999999995 0.05085387468789228
2 23.799400000000006 0.17083994329045887
3 23.799400000000006 0.1518516904233112
4 42.4022 0.30376285788456703
5 42.4022 0.17083994329045887
6 42.4022 0.15185169042331118

200.8531103167265
1 23.799399999999995 0.2675839317097985
2 23.799400000000006 0.17186731518988996
3 23.799400000000006 0.1717214322703108
4 42.4022 0.045238573369799334
5 42.4022 0.17186731518988999
6 42.4022 0.17172143227031084

202.48961143319775
2 23.799400000000006 0.22392407388114993
3 23.799400000000006 0.22422449706016198
4 42.4022 0.1036457743052634
5 42.4022 0.22392407388114985
6 42.4022 0.22422449706016198

202.77270363608207
1 23.799399999999995 0.4476777556114566
3 23.799400000000006 0.26255009778619864
4 42.4022 0.012735776865115369
6 42.4022 0.26255009778619864

202.77318334040433
1 23.799399999999995 0.44756857375331127
2 23.799400000000006 0.26262207622141304
4 42.4022 0.01273946868473084
5 42.4022 0.26262207622141304

203.91340814721153
1 23.799399999999995 0.3214134168569627
2 23.799400000000006 0.157047751680103
3 23.799400000000006 0.1568736620584012
4 42.4022 0.050743755666027845
5 42.4022 0.15704775168010301
6 42.4022 0.15687366205840117

204.09163852481512
1 23.799399999999995 0.30111941604484704
2 23.799400000000006 0.16870331708353284
3 23.799400000000006 0.16867037833625678
4 42.4022 0.024133193115573177
5 42.4022 0.16870331708353284
6 42.4022 0.16867037833625675

204.81356188685604
1 23.799399999999995 0.37891035278148366
2 23.799400000000006 0.0761758174427039
3 23.799400000000006 0.21740803593799804
4 42.4022 0.0339219404571127
5 42.4022 0.0761758174427039
6 42.4022 0.21740803593799804

204.8165209512561
1 23.799399999999995 0.3788170533852798
2 23.799400000000006 0.21747994056913308
3 23.799400000000006 0.07612093656001863
4 42.4022 0.03398119235641661
5 42.4022 0.21747994056913308
6 42.4022 0.07612093656001864

204.96341772585808
1 23.799399999999995 0.11299114034541428
2 23.799400000000006 0.20198043825471937
3 23.799400000000006 0.20204126174433398
4 42.4022 0.07896545965647929
5 42.4022 0.20198043825471937
6 42.4022 0.20204126174433396

207.98283897098224
1 23.799399999999995 0.32720740862443565
2 23.799400000000006 0.13359502404692927
3 23.799400000000006 0.13366026926062372
4 42.4022 0.1382820047604579
5 42.4022 0.13359502404692927
6 42.4022 0.13366026926062372

208.04351254655518
1 23.799399999999995 0.20094125195370016
2 23.799400000000006 0.19609687640709106
3 23.799400000000006 0.1775555851363667
4 42.4022 0.051753824959383576
5 42.4022 0.1960968764070911
6 42.4022 0.1775555851363667

208.0439861386776
1 23.799399999999995 0.20138021662576655
2 23.799400000000006 0.17744789525728863
3 23.799400000000006 0.19597080534225172
4 42.4022 0.05178238217515251
5 42.4022 0.17744789525728863
6 42.4022 0.19597080534225175

208.6733524369504
1 23.799399999999995 0.3274152970354789
2 23.799400000000006 0.029762104983136594
3 23.799400000000006 0.278997970473302
4 42.4022 0.055064552051642734
5 42.4022 0.029762104983136594
6 42.4022 0.27899797047330205

208.67897066617238
1 23.799399999999995 0.3286097250547359
2 23.799400000000006 0.27879915249794446
3 23.799400000000006 0.029455659267756083
4 42.4022 0.05488065141386346
5 42.4022 0.27879915249794446
6 42.4022 0.029455659267756087

208.8435143616077
2 23.799400000000006 0.20595081486179131
3 23.799400000000006 0.20605020157224363
4 42.4022 0.1759734824168267
5 42.4022 0.20595081486179131
6 42.4022 0.20605020157224366

209.81056966562358
1 23.799399999999995 0.23284273674615946
2 23.799400000000006 0.16774622330951083
3 23.799400000000006 0.16767062180702336
4 42.4022 0.0963235730207713
5 42.4022 0.1677462233095108
6 42.4022 0.16767062180702333

212.8562512452205
1 23.799399999999995 0.06799112244155603
2 23.799400000000006 0.15262407063519717
3 23.799400000000006 0.15697365284873752
4 42.4022 0.31281343059057554
5 42.4022 0.15262407063519715
6 42.4022 0.15697365284873752

213.36939892521292
1 23.799399999999995 0.025610984224026617
2 23.799400000000006 0.28636339424067053
3 23.799400000000006 0.0130145414276731
4 42.4022 0.375633144439286
5 42.4022 0.2863633942406706
6 42.4022 0.013014541427673098

213.3723878777177
1 23.799399999999995 0.02532512258195905
2 23.799400000000006 0.013149206381461907
3 23.799400000000006 0.28677386564289
4 42.4022 0.37482873336933736
5 42.4022 0.013149206381461907
6 42.4022 0.28677386564289

213.58680385825784
1 23.799399999999995 0.20339905556497637
2 23.799400000000006 0.20243151287509834
3 23.799400000000006 0.19291163246756216
5 42.4022 0.20243151287509834
6 42.4022 0.19291163246756224

214.016728090843
1 23.799399999999995 0.046041897445318995
2 23.799400000000006 0.17142190706345548
3 23.799400000000006 0.169741094315524
4 42.4022 0.2716320997967225
5 42.4022 0.17142190706345548
6 42.4022 0.16974109431552403

214.14326579670535
1 23.799399999999995 0.13701269457020973
2 23.799400000000006 0.16317007818263202
3 23.799400000000006 0.16962122313530728
4 42.4022 0.19740470279391154
5 42.4022 0.16317007818263202
6 42.4022 0.16962122313530728

214.87094161141567
1 23.799399999999995 0.25226299784901757
2 23.799400000000006 0.16571577560187675
3 23.799400000000006 0.16557953064486472
4 42.4022 0.0851463896574991
5 42.4022 0.16571577560187678
6 42.4022 0.1655795306448647

214.94180830631333
1 23.799399999999995 0.23587375164256313
2 23.799400000000006 0.16178509624723775
3 23.799400000000006 0.17480345144813333
4 42.4022 0.09094915296669509
5 42.4022 0.16178509624723775
6 42.4022 0.1748034514481333

214.9757330556927
1 23.799399999999995 0.23109663830195998
2 23.799400000000006 0.1744644704804856
3 23.799400000000006 0.16283740998220594
4 42.4022 0.09429960077265728
5 42.4022 0.17446447048048558
6 42.4022 0.16283740998220597

215.95577290232708
1 23.799399999999995 0.1228365936527306
2 23.799400000000006 0.18898553147475014
3 23.799400000000006 0.18880499314319896
4 42.4022 0.12158235711137161
5 42.4022 0.18898553147475017
6 42.4022 0.18880499314319896

216.05501107057844
1 23.799399999999995 0.06628492815578142
2 23.799400000000006 0.22167242458938796
3 23.799400000000006 0.09402662408162826
4 42.4022 0.3023169745021868
5 42.4022 0.22167242458938796
6 42.4022 0.09402662408162825

216.0644072507529
1 23.799399999999995 0.06273021133250169
2 23.799400000000006 0.09425309503673429
3 23.799400000000006 0.22262329304086606
4 42.4022 0.30351701251229696
5 42.4022 0.09425309503673429
6 42.4022 0.22262329304086606

216.73412450085573
1 23.799399999999995 0.06772992712326048
2 23.799400000000006 0.18792962344248745
3 23.799400000000006 0.18690408807253334
4 42.4022 0.18260264984669694
5 42.4022 0.18792962344248745
6 42.4022 0.18690408807253334

216.79178352502922
1 23.799399999999995 0.41743700142511864
2 23.799400000000006 0.14529341490947162
3 23.799400000000006 0.14515719146024447
5 42.4022 0.14529341490947162
6 42.4022 0.1451571914602445

218.7999638736002
2 23.799400000000006 0.1949816529956599
3 23.799400000000006 0.197894435597561
4 42.4022 0.20931203603763232
5 42.4022 0.1949816529956599
6 42.4022 0.19789443559756104

218.81857279127686
1 23.799399999999995 0.3507268095545287
2 23.799400000000006 0.2807761928954541
3 23.799400000000006 0.023192062903856114
4 42.4022 0.04133667884685145
5 42.4022 0.2807761928954541
6 42.4022 0.023192062903856118

218.82745846806
1 23.799399999999995 0.35727568346650707
2 23.799400000000006 0.01909446128601201
3 23.799400000000006 0.28428498040652717
4 42.4022 0.03596543314841556
5 42.4022 0.019094461286012006
6 42.4022 0.28428498040652717

219.02301747296815
1 23.799399999999995 0.1264410757941698
2 23.799400000000006 0.15063287226267544
3 23.799400000000006 0.1426915892126775
4 42.4022 0.28691000125512356
5 42.4022 0.15063287226267544
6 42.4022 0.14269158921267752

219.0808554215696
1 23.799399999999995 0.08450005816256621
2 23.799400000000006 0.16421999329314535
3 23.799400000000006 0.18810783374734522
4 42.4022 0.21084428775645286
5 42.4022 0.16421999329314535
6 42.4022 0.18810783374734516

219.08922971487087
1 23.799399999999995 0.08115059969175958
2 23.799400000000006 0.18567852354581174
3 23.799400000000006 0.16545860327587208
4 42.4022 0.21657514666487243
5 42.4022 0.18567852354581169
6 42.4022 0.16545860327587208

219.98118615135567
1 23.799399999999995 0.18938461320908184
2 23.799400000000006 0.20284195784306647
3 23.799400000000006 0.20243652743758225
5 42.4022 0.20284195784306644
6 42.4022 0.20243652743758228

220.01810666064725
1 23.799399999999995 0.06410564442489997
2 23.799400000000006 0.26162903809450777
3 23.799400000000006 0.033108415746044076
4 42.4022 0.346419447893996
5 42.4022 0.2616290380945077
6 42.4022 0.03310841574604407

220.062587126516
1 23.799399999999995 0.05823481664771256
2 23.799400000000006 0.03526556510128666
3 23.799400000000006 0.2592974088079575
4 42.4022 0.35263923553379917
5 42.4022 0.03526556510128666
6 42.4022 0.25929740880795743

220.33134411501496
1 23.799399999999995 0.10630529274518172
2 23.799400000000006 0.16722458280944338
3 23.799400000000006 0.16750169985756508
4 42.4022 0.22424214192080147
5 42.4022 0.16722458280944338
6 42.4022 0.16750169985756505

