translational analysis ortho
#nmax= 4 NR= 11 Ntheta= 11 Nphi= 11
#jmax= 1 Nalpha= 11 Nphi= 11 Nchi= 11
25.628504942265458
1 65.120461299245 0.9422155798248775
2 108.53410216540831 0.020559012375686546
4 108.53410216540833 0.020558620747734967
10 151.94774303157166 0.014586203104451401

25.628539074357548
1 65.120461299245 0.9422150744716292
2 108.53410216540831 0.020559189431580673
3 108.53410216540831 0.02055901390393569
10 151.94774303157166 0.014586084229923116

25.628663607903196
1 65.120461299245 0.9422153932108558
3 108.53410216540831 0.02055930989502294
4 108.53410216540833 0.020558714275935704
10 151.94774303157166 0.014585972715206728

41.373729119333845
1 65.120461299245 0.8537002083118773
3 108.53410216540831 0.06613016067615272
4 108.53410216540833 0.06612902499394797

41.3737347559725
1 65.120461299245 0.8536990143155166
2 108.53410216540831 0.06613006514277593
3 108.53410216540831 0.0661304053428731

41.37378209977101
1 65.120461299245 0.8536996083584492
2 108.53410216540831 0.06613095868050638
4 108.53410216540833 0.06612892611969717

79.29064797205562
3 108.53410216540831 0.4533033860853397
4 108.53410216540833 0.4533147676511297
5 151.94774303157163 0.010413511566986762
6 151.94774303157163 0.010413644948438624
9 151.94774303157166 0.02949570527679953
18 195.36138389773492 0.014138934184624093
20 195.36138389773498 0.01413930306451403

79.29070932072126
2 108.53410216540831 0.4533049972121792
4 108.53410216540833 0.45331314957299973
5 151.94774303157163 0.010413470567849378
7 151.94774303157163 0.010413624507239956
9 151.94774303157166 0.0294957433498277
17 195.36138389773492 0.014139010038742489
20 195.36138389773498 0.014139135980713041

79.29081617208955
2 108.53410216540831 0.45331204256057
3 108.53410216540831 0.4533023543444935
6 151.94774303157163 0.010413393526172921
7 151.94774303157163 0.010413218188427949
8 151.94774303157163 0.03932962351604476
17 195.36138389773492 0.01413920906044536
18 195.36138389773492 0.014138753358965871

79.4827253044082
2 108.53410216540831 0.4018720228337898
3 108.53410216540831 0.4982428630242003
5 151.94774303157163 0.04114570951445241
7 151.94774303157163 0.01386529585680465
17 195.36138389773492 0.012532378247223521
18 195.36138389773492 0.01553791016475502

79.48298767514598
2 108.53410216540831 0.2016464235118576
3 108.53410216540831 0.10528936874548757
4 108.53410216540833 0.5983526653524189
6 151.94774303157163 0.03425979888374467
7 151.94774303157163 0.027633962057941823
20 195.36138389773498 0.018660021516798242

84.54102044739456
1 65.120461299245 0.11640140036611832
3 108.53410216540831 0.3892022902662111
4 108.53410216540833 0.38919258709999205
5 151.94774303157163 0.010248078793507859
6 151.94774303157163 0.010247790265558903
10 151.94774303157166 0.049158217977519306

84.54110197879338
1 65.120461299245 0.11640207593808755
2 108.53410216540831 0.38919995159172616
4 108.53410216540833 0.3891943262631442
5 151.94774303157163 0.01024793849686325
7 151.94774303157163 0.010247867221581953
10 151.94774303157166 0.04915832848383563

84.54121979997225
1 65.120461299245 0.11640259215398881
2 108.53410216540831 0.3891923413929033
3 108.53410216540831 0.3892011818823871
6 151.94774303157163 0.010247635417975798
7 151.94774303157163 0.010247935042988422
9 151.94774303157166 0.012978133186040084
10 151.94774303157166 0.04915864261584586

85.59223339197781
2 108.53410216540831 0.3191055457699613
3 108.53410216540831 0.31909160211383525
4 108.53410216540833 0.31910009610082
17 195.36138389773492 0.014210912166280024
18 195.36138389773492 0.014210480183208089
20 195.36138389773498 0.014210774764364779

93.48361222694315
2 108.53410216540831 0.41362241491643437
3 108.53410216540831 0.38756855675383095
5 151.94774303157163 0.11284979859535538
6 151.94774303157163 0.03103067867596243
7 151.94774303157163 0.025524837519041894
17 195.36138389773492 0.010059196466488928

93.48375720932691
2 108.53410216540831 0.12078668265442204
3 108.53410216540831 0.14684106984494344
4 108.53410216540833 0.5339902158789691
6 151.94774303157163 0.0819037899563622
7 151.94774303157163 0.08740981229989933
20 195.36138389773498 0.012986547058868547

93.83944187591491
3 108.53410216540831 0.40034185529553656
4 108.53410216540833 0.4003372973595235
5 151.94774303157163 0.02834342370380986
6 151.94774303157163 0.02834296418525696
8 151.94774303157163 0.02816722447799894
9 151.94774303157166 0.08450124637402856

93.83948023077454
2 108.53410216540831 0.4003287507285056
3 108.53410216540831 0.4003450876236439
6 151.94774303157163 0.02834185137829208
7 151.94774303157163 0.028343077675468918
8 151.94774303157163 0.11267307012486157

93.83949975100003
2 108.53410216540831 0.4003352384637663
4 108.53410216540833 0.40034455948551023
5 151.94774303157163 0.028343055724209358
7 151.94774303157163 0.028343187642985018
8 151.94774303157163 0.028166411130344127
9 151.94774303157166 0.08450141765169346

97.27873878201662
1 65.120461299245 0.02383075161003902
2 108.53410216540831 0.3777279756666057
4 108.53410216540833 0.3777195155108723
5 151.94774303157163 0.027699512140829795
7 151.94774303157163 0.02769853281494272
8 151.94774303157163 0.027548588649848577
10 151.94774303157166 0.10637083163438286

97.27874607297903
1 65.120461299245 0.0238311334973679
3 108.53410216540831 0.37772013543265026
4 108.53410216540833 0.37772630040127764
5 151.94774303157163 0.027698929775942575
6 151.94774303157163 0.027699388363673683
8 151.94774303157163 0.027548675559965298
10 151.94774303157166 0.10637093290058272

97.27882617603679
1 65.120461299245 0.023831148272976856
2 108.53410216540831 0.37773100001524507
3 108.53410216540831 0.37771510225321736
6 151.94774303157163 0.02769916521080103
7 151.94774303157163 0.027698110313527122
9 151.94774303157166 0.03673183917771603
10 151.94774303157166 0.10637192302252499

101.31012717180552
2 108.53410216540831 0.3208728052921622
3 108.53410216540831 0.3208714957868181
4 108.53410216540833 0.3208678388193225
17 195.36138389773492 0.012424216397067936
18 195.36138389773492 0.012424093830761741
20 195.36138389773498 0.012423959439128779

135.21951455418062
5 151.94774303157163 0.14278191961247774
6 151.94774303157163 0.14062246847541576
8 151.94774303157163 0.45749729211173873
9 151.94774303157166 0.15086698310888155
15 195.36138389773492 0.020768150787860526
16 195.36138389773492 0.030916028494582613
19 195.36138389773498 0.012007393632633482
32 238.7750247638983 0.018922512112866226

135.2195177388801
5 151.94774303157163 0.14275659898551804
7 151.94774303157163 0.14064471101779139
8 151.94774303157163 0.4574727062490841
9 151.94774303157166 0.1508950051225041
11 195.36138389773492 0.030913246403812933
15 195.36138389773492 0.020768520116080814
19 195.36138389773498 0.01200954216096347
32 238.7750247638983 0.018921741932454328

135.2222538200866
6 151.94774303157163 0.14170239244542232
7 151.94774303157163 0.1417170258965229
9 151.94774303157166 0.6084201803507882
13 195.36138389773492 0.03289159213711666
14 195.36138389773492 0.032893046009330504
34 238.77502476389833 0.02517000383723881

135.86498759048922
6 151.94774303157163 0.23879564094489458
7 151.94774303157163 0.2387819476155294
8 151.94774303157163 0.4094181267210057
11 195.36138389773492 0.011678805060564849
12 195.36138389773492 0.01761688488155246
13 195.36138389773492 0.011850251445895925
14 195.36138389773492 0.01184860762778172
16 195.36138389773492 0.011678757767900099
30 238.7750247638983 0.011628752633379312
31 238.7750247638983 0.011628220774080414
32 238.7750247638983 0.016533861623727986

135.86504101943382
5 151.94774303157163 0.23778574551080456
6 151.94774303157163 0.2399443133709994
8 151.94774303157163 0.10104085627442158
9 151.94774303157166 0.30822662307730675
12 195.36138389773492 0.017620867060591256
16 195.36138389773492 0.017431046911061666
19 195.36138389773498 0.023210750561109668
29 238.7750247638983 0.011579194473255618
30 238.7750247638983 0.011682428880154763
34 238.77502476389833 0.012450408571245752

135.865056997907
5 151.94774303157163 0.23780745091533545
7 151.94774303157163 0.23992321556060225
8 151.94774303157163 0.10106984818070795
9 151.94774303157166 0.30819750221656134
11 195.36138389773492 0.017432633208191828
12 195.36138389773492 0.017621020154524318
19 195.36138389773498 0.023208492269425614
29 238.7750247638983 0.011580126391119768
31 238.7750247638983 0.011681439621703418
34 238.77502476389833 0.012449329812185692

135.95803006760508
5 151.94774303157163 0.2968044456464866
6 151.94774303157163 0.2966438383978848
7 151.94774303157163 0.2966458816672687
13 195.36138389773492 0.01345595068032532
14 195.36138389773492 0.013456075309158124
15 195.36138389773492 0.021528741915625874
29 238.7750247638983 0.013583610714190866
30 238.7750247638983 0.013578939992233996
31 238.7750247638983 0.01357890931679758

143.4011754624301
2 108.53410216540831 0.07352643300362882
3 108.53410216540831 0.07355997713915824
6 151.94774303157163 0.1796642062058132
7 151.94774303157163 0.179516785314336
8 151.94774303157163 0.37806150168050673
11 195.36138389773492 0.012538655016791515
12 195.36138389773492 0.015548283140809539
16 195.36138389773492 0.01253816132938871
17 195.36138389773492 0.02318244162277787
18 195.36138389773492 0.023211953134878036
32 238.7750247638983 0.010709627297817674

143.4026840015772
2 108.53410216540831 0.07346986084116955
4 108.53410216540833 0.07362274428245343
5 151.94774303157163 0.17984693462789797
7 151.94774303157163 0.17914848592107438
8 151.94774303157163 0.09482342670712504
9 151.94774303157166 0.28345281637990255
12 195.36138389773492 0.015541780738595723
13 195.36138389773492 0.01463780730646384
15 195.36138389773492 0.011758669032593764
17 195.36138389773492 0.023130096083782064
20 195.36138389773498 0.023268367663946514

143.40272310020038
3 108.53410216540831 0.07344561719241174
4 108.53410216540833 0.07364722144421694
5 151.94774303157163 0.17996851860494392
6 151.94774303157163 0.179026108675498
8 151.94774303157163 0.09489957924719011
9 151.94774303157166 0.28337541126767324
12 195.36138389773492 0.015541667349769347
14 195.36138389773492 0.014638302558683742
15 195.36138389773492 0.011758198838738184
18 195.36138389773492 0.02310800181025407
20 195.36138389773498 0.023290734626616384

143.41532711435295
1 65.120461299245 0.021992891737294743
5 151.94774303157163 0.06331320828408263
7 151.94774303157163 0.06404790985668721
8 151.94774303157163 0.04622437306082294
9 151.94774303157166 0.01571746001942861
10 151.94774303157166 0.6718887869257301
17 195.36138389773492 0.017129231831833198
20 195.36138389773498 0.016991112770883426
35 238.77502476389833 0.046992099054230366

143.41536463819725
1 65.120461299245 0.021992715821558022
5 151.94774303157163 0.06319004692218763
6 151.94774303157163 0.06416844797692342
8 151.94774303157163 0.046151438187323465
9 151.94774303157166 0.01579307259399919
10 151.94774303157166 0.671888528098481
18 195.36138389773492 0.017151960760817462
20 195.36138389773498 0.016968692227841434
35 238.77502476389833 0.04699174812608316

143.41541076961818
1 65.120461299245 0.02199280982442517
6 151.94774303157163 0.06360291417919677
7 151.94774303157163 0.06375439974806704
9 151.94774303157166 0.061949961276345056
10 151.94774303157166 0.671886362500791
17 195.36138389773492 0.017074259151833318
18 195.36138389773492 0.017045490118281735
35 238.77502476389833 0.04699204692018735

144.69928369618918
2 108.53410216540831 0.07484702042750235
3 108.53410216540831 0.07378833352835909
5 151.94774303157163 0.4887623145652178
6 151.94774303157163 0.12492584750395205
7 151.94774303157163 0.11969663356109048
11 195.36138389773492 0.016235846469254328
15 195.36138389773492 0.010572760050773788
16 195.36138389773492 0.01623323808789541
17 195.36138389773492 0.024029029048163786
18 195.36138389773492 0.02368900853333409
29 238.7750247638983 0.01659451166367839

144.70133812975556
2 108.53410216540831 0.024244846233925414
3 108.53410216540831 0.025304388170982496
4 108.53410216540833 0.09908975673417311
6 151.94774303157163 0.3640948208509234
7 151.94774303157163 0.36932167633257157
13 195.36138389773492 0.012779968136897416
14 195.36138389773492 0.012874044450703021
19 195.36138389773498 0.019603137610844534
20 195.36138389773498 0.031814560273653286
30 238.7750247638983 0.012364991422232772
31 238.7750247638983 0.012542354613716463

147.46400606181754
2 108.53410216540831 0.06718418729030143
3 108.53410216540831 0.06718219389249533
6 151.94774303157163 0.22430856917656672
7 151.94774303157163 0.22430314093592207
9 151.94774303157166 0.2031505685935623
10 151.94774303157166 0.10093748937739794
17 195.36138389773492 0.034738966000745206
18 195.36138389773492 0.0347382579014545
30 238.7750247638983 0.010781449186357383
31 238.7750247638983 0.01078126614504977

147.46409984537834
2 108.53410216540831 0.06718405953799214
4 108.53410216540833 0.06718213951271143
5 151.94774303157163 0.22429148382691783
7 151.94774303157163 0.22430916829052955
8 151.94774303157163 0.15238373132607433
9 151.94774303157166 0.05078626652816022
10 151.94774303157166 0.10093408938528035
17 195.36138389773492 0.03473852663986348
20 195.36138389773498 0.034738157539754524
29 238.7750247638983 0.010780275158363642
31 238.7750247638983 0.010781573425572712

147.464129117111
3 108.53410216540831 0.06718333351021372
4 108.53410216540833 0.06718283064748776
5 151.94774303157163 0.22428597888160945
6 151.94774303157163 0.22431181185711618
8 151.94774303157163 0.15238740537761636
9 151.94774303157166 0.05078694778573624
10 151.94774303157166 0.10093186770706772
18 195.36138389773492 0.03473823798494046
20 195.36138389773498 0.034738272851992644
29 238.7750247638983 0.0107801269525774
30 238.7750247638983 0.01078168542362574

149.52990365288468
5 151.94774303157163 0.1261673454104202
7 151.94774303157163 0.11617868797531741
8 151.94774303157163 0.4339444751904753
9 151.94774303157166 0.1364230445509675
11 195.36138389773492 0.07461823086813356
15 195.36138389773492 0.048606290414403744
19 195.36138389773498 0.027631089779651185
32 238.7750247638983 0.013952124288286846

149.52993267633963
5 151.94774303157163 0.12622667040655627
6 151.94774303157163 0.11612049637337078
8 151.94774303157163 0.43401828670526793
9 151.94774303157166 0.13634741293797953
15 195.36138389773492 0.04860315222963252
16 195.36138389773492 0.07463747548583961
19 195.36138389773498 0.027615695463782324
32 238.7750247638983 0.013954388694469624

149.53500691791697
6 151.94774303157163 0.1211045818012857
7 151.94774303157163 0.12121857512741258
9 151.94774303157166 0.5705651389037524
13 195.36138389773492 0.07771319780802047
14 195.36138389773492 0.07774740394463292
34 238.77502476389833 0.018364815504504247

149.76387883275052
6 151.94774303157163 0.2128738511175738
7 151.94774303157163 0.21276018288387472
8 151.94774303157163 0.3842435566843401
11 195.36138389773492 0.028662466939313427
12 195.36138389773492 0.03988439074028012
13 195.36138389773492 0.029072615413581696
14 195.36138389773492 0.02903898600283287
16 195.36138389773492 0.02866313281779965
32 238.7750247638983 0.0111434316831135

149.76667402034514
5 151.94774303157163 0.20816829156613018
7 151.94774303157163 0.21817416319858948
8 151.94774303157163 0.08965054889917812
9 151.94774303157166 0.2939929014659871
11 195.36138389773492 0.04135068080890187
12 195.36138389773492 0.03993274147558644
13 195.36138389773492 0.014883055621157859
19 195.36138389773498 0.05787926054324291

149.76669367083247
5 151.94774303157163 0.20810442285838032
6 151.94774303157163 0.2182313990662291
8 151.94774303157163 0.0895768296153303
9 151.94774303157166 0.2940727743407568
12 195.36138389773492 0.039932038470269375
14 195.36138389773492 0.01488645458314548
16 195.36138389773492 0.04132987556300425
19 195.36138389773498 0.0578943587158419

151.20038924714527
5 151.94774303157163 0.2707124808213351
6 151.94774303157163 0.26986783430888805
7 151.94774303157163 0.26986904341026585
11 195.36138389773492 0.01936193488113516
13 195.36138389773492 0.032083001823830705
14 195.36138389773492 0.03208295503533018
15 195.36138389773492 0.05131526510606046
16 195.36138389773492 0.01936188278180464
29 238.7750247638983 0.010009237472912581

156.01510145775464
2 108.53410216540831 0.01940717080415271
3 108.53410216540831 0.01940793974192586
6 151.94774303157163 0.18541687195493425
7 151.94774303157163 0.18541813869307416
8 151.94774303157163 0.3907288784962597
11 195.36138389773492 0.030456182162842207
12 195.36138389773492 0.035482682583744
16 195.36138389773492 0.030456920178920155
17 195.36138389773492 0.037641877932410514
18 195.36138389773492 0.037644115712461325

156.0210140588357
2 108.53410216540831 0.019413633799129863
4 108.53410216540833 0.019413680449946576
5 151.94774303157163 0.18497753756583
7 151.94774303157163 0.18503282170188934
8 151.94774303157163 0.09798833833968584
9 151.94774303157166 0.29373641037014897
12 195.36138389773492 0.03541690510044889
13 195.36138389773492 0.03529044537594584
15 195.36138389773492 0.02783305241021821
17 195.36138389773492 0.03765627256354583
20 195.36138389773498 0.037662625474604056

156.02102621118055
3 108.53410216540831 0.01941394478479202
4 108.53410216540833 0.01941318462443469
5 151.94774303157163 0.18497877333163104
6 151.94774303157163 0.18503681372191705
8 151.94774303157163 0.09798479361084497
9 151.94774303157166 0.2937349711662435
12 195.36138389773492 0.03541740134567373
14 195.36138389773492 0.03529010327565941
15 195.36138389773492 0.02783276135851471
18 195.36138389773492 0.037658316522466824
20 195.36138389773498 0.03766060366839018

157.2518130048083
1 65.120461299245 0.0223944044194021
5 151.94774303157163 0.01681217951232973
6 151.94774303157163 0.01681970328791137
10 151.94774303157166 0.7659660756568734
18 195.36138389773492 0.055343181392725926
20 195.36138389773498 0.055338010753152936
35 238.77502476389833 0.039648228870357474

157.25181391635175
1 65.120461299245 0.02239419780431337
5 151.94774303157163 0.01681210504919532
7 151.94774303157163 0.016822589005639377
10 151.94774303157166 0.76596416962157
17 195.36138389773492 0.055344704299513034
20 195.36138389773498 0.05533553799994178
35 238.77502476389833 0.039648065413028316

157.2518178141382
1 65.120461299245 0.022394312816745098
6 151.94774303157163 0.016817748413041872
7 151.94774303157163 0.0168177945791055
9 151.94774303157166 0.011671738391507105
10 151.94774303157166 0.7659644236823572
17 195.36138389773492 0.05534087823777272
18 195.36138389773492 0.05533976322465044
35 238.77502476389833 0.03964799050201746

157.60925096298308
2 108.53410216540831 0.0200786455260073
3 108.53410216540831 0.020185334878952143
5 151.94774303157163 0.5066970912662068
6 151.94774303157163 0.12621339146259686
7 151.94774303157163 0.12823850721522728
11 195.36138389773492 0.03738154401649476
15 195.36138389773492 0.025229774416010722
16 195.36138389773492 0.03738001113217901
17 195.36138389773492 0.037868558965815056
18 195.36138389773492 0.03807020659929239
29 238.7750247638983 0.011776766410874549

157.61703471321385
4 108.53410216540833 0.026844270766295697
6 151.94774303157163 0.38170633912392526
7 151.94774303157163 0.37968040717119234
13 195.36138389773492 0.030072290796509325
14 195.36138389773492 0.02999336744676038
17 195.36138389773492 0.012762089657720393
18 195.36138389773492 0.012560378570453506
19 195.36138389773498 0.044589697966605314
20 195.36138389773498 0.050644289902852815

160.36730598755278
2 108.53410216540831 0.013628705698948244
3 108.53410216540831 0.013628741714171964
6 151.94774303157163 0.29080934630907884
7 151.94774303157163 0.2908068129872288
9 151.94774303157166 0.2617136340563469
10 151.94774303157166 0.014842837246329071
17 195.36138389773492 0.03663820216168693
18 195.36138389773492 0.036638346609408456
30 238.7750247638983 0.012931753952975526
31 238.7750247638983 0.012931559742509313
34 238.77502476389833 0.01110696754664285

160.36744851528735
2 108.53410216540831 0.013628687437927865
4 108.53410216540833 0.013629059464477806
5 151.94774303157163 0.2907555640150233
7 151.94774303157163 0.2908122062832986
8 151.94774303157163 0.19632882513464237
9 151.94774303157166 0.06543079552607049
10 151.94774303157166 0.01484328215940387
17 195.36138389773492 0.03663819352702514
20 195.36138389773498 0.036639389767323054
29 238.7750247638983 0.012928977399282225
31 238.7750247638983 0.012931768934195254

160.36745596169712
3 108.53410216540831 0.013628625505432016
4 108.53410216540833 0.013628935401762961
5 151.94774303157163 0.29075681477018994
6 151.94774303157163 0.2908134736874793
8 151.94774303157163 0.1963285746675086
9 151.94774303157166 0.0654313037805867
10 151.94774303157166 0.014841663370349025
18 195.36138389773492 0.036637617941598394
20 195.36138389773498 0.03663884834101237
29 238.7750247638983 0.012929007814872365
30 238.7750247638983 0.012931883822401243

200.8531103167265
11 195.36138389773492 0.20407231549947877
13 195.36138389773492 0.10117080053911995
14 195.36138389773492 0.10116077218144412
16 195.36138389773492 0.1999926091333793
19 195.36138389773498 0.2626903993691576
21 238.7750247638983 0.042188082503132746
24 238.7750247638983 0.02973339325219015
25 238.7750247638983 0.02973905872357472

202.48961143319775
11 195.36138389773492 0.4097059585686316
13 195.36138389773492 0.01357083832516587
14 195.36138389773492 0.013697499705199716
16 195.36138389773492 0.42024644294781044
22 238.7750247638983 0.011329133503170469
27 238.7750247638983 0.011272868666305415
28 238.7750247638983 0.08142821814461294

202.77270363608207
11 195.36138389773492 0.09248850778002048
13 195.36138389773492 0.34601559404439597
15 195.36138389773492 0.09168295888650824
19 195.36138389773498 0.3289653667782406
26 238.7750247638983 0.02790104025152185
33 238.77502476389833 0.047423545615317975

202.77318334040433
14 195.36138389773492 0.34613426763271055
15 195.36138389773492 0.09162768976512783
16 195.36138389773492 0.09219448720867125
19 195.36138389773498 0.3292057665709608
26 238.7750247638983 0.027895718702292543
33 238.77502476389833 0.04745313850944677

203.91340814721153
11 195.36138389773492 0.22813534946862982
13 195.36138389773492 0.05437266736540789
14 195.36138389773492 0.05366406704670612
16 195.36138389773492 0.22133746875868204
19 195.36138389773498 0.30177194191887946
20 195.36138389773498 0.01897776813403765
21 238.7750247638983 0.04509034378071986
24 238.7750247638983 0.025101443907609065
25 238.7750247638983 0.024983394305377778

204.09163852481512
11 195.36138389773492 0.0376928852627106
13 195.36138389773492 0.24292567601319318
14 195.36138389773492 0.24345574251042035
15 195.36138389773492 0.30111898302015566
16 195.36138389773492 0.037216397346616525
17 195.36138389773492 0.013849761417517974
18 195.36138389773492 0.013810417678018286
22 238.7750247638983 0.019370972882381446
23 238.7750247638983 0.023001986860135593
24 238.7750247638983 0.0226157242211438
25 238.7750247638983 0.02272826845424182
27 238.7750247638983 0.019312754318539755

204.81356188685604
9 151.94774303157166 0.013617691725242485
11 195.36138389773492 0.36625855222392645
12 195.36138389773492 0.10667844112901692
15 195.36138389773492 0.14881979241156817
19 195.36138389773498 0.19516710721914599
21 238.7750247638983 0.023635482187716144
23 238.7750247638983 0.010249149511617605
27 238.7750247638983 0.017760639882789375
28 238.7750247638983 0.01921651957180883
33 238.77502476389833 0.01479536449568018
34 238.77502476389833 0.012217014638696799

204.8165209512561
9 151.94774303157166 0.01363656758680212
12 195.36138389773492 0.10685449356048551
15 195.36138389773492 0.14936415618035437
16 195.36138389773492 0.36610005328106243
19 195.36138389773498 0.19499799229694964
21 238.7750247638983 0.019565778420554
22 238.7750247638983 0.01780631790156337
23 238.7750247638983 0.0102434758966263
28 238.7750247638983 0.023133469539081658
33 238.77502476389833 0.014776668896336278
34 238.77502476389833 0.01225704440054529

204.96341772585808
8 151.94774303157163 0.01923546996101226
12 195.36138389773492 0.11299111905663291
13 195.36138389773492 0.3540631701147733
14 195.36138389773492 0.3541460319080853
24 238.7750247638983 0.02684731315214091
25 238.7750247638983 0.026853289958671415
26 238.7750247638983 0.04252068043136965
32 238.7750247638983 0.017208918085605433

207.98283897098224
8 151.94774303157163 0.06620655013114927
11 195.36138389773492 0.18554159021021543
12 195.36138389773492 0.32720743176591854
16 195.36138389773492 0.18563254297939408
17 195.36138389773492 0.026422238871153678
18 195.36138389773492 0.026441975043885887
22 238.7750247638983 0.03794424550579546
27 238.7750247638983 0.03795184997820225
32 238.7750247638983 0.0697947057464343

208.04351254655518
5 151.94774303157163 0.01172812225784797
8 151.94774303157163 0.02015918725902086
9 151.94774303157166 0.04379409063856881
11 195.36138389773492 0.02336335607717372
12 195.36138389773492 0.33659674444363746
13 195.36138389773492 0.1490449621324793
15 195.36138389773492 0.08622425511283038
17 195.36138389773492 0.026962956775410697
19 195.36138389773498 0.10752605869379911
20 195.36138389773498 0.02432027161272316
23 238.7750247638983 0.035829777480607186
27 238.7750247638983 0.031615790321999356
32 238.7750247638983 0.020708903028633076
34 238.77502476389833 0.04696556786195112

208.0439861386776
5 151.94774303157163 0.011668461945216669
8 151.94774303157163 0.02002939170667402
9 151.94774303157166 0.04399226374335696
12 195.36138389773492 0.3364640555000009
14 195.36138389773492 0.1497272890667615
15 195.36138389773492 0.08530260508832346
16 195.36138389773492 0.022972807254257873
18 195.36138389773492 0.0269525727043616
19 195.36138389773498 0.10808645970977766
20 195.36138389773498 0.024405668182345224
22 238.7750247638983 0.0314955450348547
23 238.7750247638983 0.03589563567945327
32 238.7750247638983 0.02059635517778463
34 238.77502476389833 0.04716732374175624

208.6733524369504
5 151.94774303157163 0.015491329573349921
7 151.94774303157163 0.020862732491633982
8 151.94774303157163 0.04361276460211708
9 151.94774303157166 0.023833986433893575
11 195.36138389773492 0.22534420316920573
13 195.36138389773492 0.10511996012460184
15 195.36138389773492 0.2935433390084259
16 195.36138389773492 0.012806708390774106
19 195.36138389773498 0.0746696643099234
21 238.7750247638983 0.02079362065915397
25 238.7750247638983 0.010902081186073836
26 238.7750247638983 0.025907512268689564
27 238.7750247638983 0.012474907694217758
28 238.7750247638983 0.013755537447594992
31 238.7750247638983 0.01150247964617061
32 238.7750247638983 0.0353351252753378
34 238.77502476389833 0.02091481887011355

208.67897066617238
5 151.94774303157163 0.015620279324506997
6 151.94774303157163 0.02080778107340767
8 151.94774303157163 0.043949808834506575
9 151.94774303157166 0.023635848491557605
11 195.36138389773492 0.012222518713024787
14 195.36138389773492 0.1043581509796152
15 195.36138389773492 0.2943206061232786
16 195.36138389773492 0.226760939849296
19 195.36138389773498 0.07389804906480815
21 238.7750247638983 0.013465458084444961
22 238.7750247638983 0.012548441859714037
24 238.7750247638983 0.010787669027639245
26 238.7750247638983 0.02587342006840113
28 238.7750247638983 0.020918831007823928
30 238.7750247638983 0.01148002173194323
32 238.7750247638983 0.0356520470402413
34 238.77502476389833 0.02080605217469617

208.8435143616077
6 151.94774303157163 0.018785821559530447
7 151.94774303157163 0.01876949289074202
9 151.94774303157166 0.07041922914169574
11 195.36138389773492 0.018836865736566826
13 195.36138389773492 0.3344971044483178
14 195.36138389773492 0.3345089404627324
16 195.36138389773492 0.020772015827949693
24 238.7750247638983 0.021640099491722124
25 238.7750247638983 0.02163737433135988
30 238.7750247638983 0.010611528573561013
31 238.7750247638983 0.010602795713326514
33 238.77502476389833 0.035388317063145436
34 238.77502476389833 0.059499761472092204

209.81056966562358
5 151.94774303157163 0.038866325240924475
6 151.94774303157163 0.03759277107852191
7 151.94774303157163 0.037593161579282566
11 195.36138389773492 0.09115007765042604
13 195.36138389773492 0.15026902800515582
14 195.36138389773492 0.15026984392797296
15 195.36138389773492 0.2328431030607224
16 195.36138389773492 0.09128396251254825
22 238.7750247638983 0.0250956787906104
23 238.7750247638983 0.029163654889157727
27 238.7750247638983 0.02510798596347522
29 238.7750247638983 0.028289125978074568
30 238.7750247638983 0.027253523568294358
31 238.7750247638983 0.0272589555623087

212.8562512452205
11 195.36138389773492 0.12086408297025361
13 195.36138389773492 0.10617503093119182
14 195.36138389773492 0.10677758871464005
16 195.36138389773492 0.10869824334093403
19 195.36138389773498 0.30385803356300384
21 238.7750247638983 0.051006886485253165
24 238.7750247638983 0.07624124587359385
25 238.7750247638983 0.07658857001915138

213.36939892521292
11 195.36138389773492 0.0728253783488534
13 195.36138389773492 0.2962512442265539
15 195.36138389773492 0.061168503579443534
19 195.36138389773498 0.3222365062435796
23 238.7750247638983 0.014814847188280581
25 238.7750247638983 0.020013783489425035
26 238.7750247638983 0.05274798557650026
33 238.77502476389833 0.10413827633000172

213.3723878777177
14 195.36138389773492 0.2965378073415016
15 195.36138389773492 0.06090873041757747
16 195.36138389773492 0.07214337864460031
19 195.36138389773498 0.3228197672548745
23 238.7750247638983 0.014886164843345536
24 238.7750247638983 0.020070852051261693
26 238.7750247638983 0.05263569206992599
33 238.77502476389833 0.10431912424899376

213.58680385825784
11 195.36138389773492 0.31846629796468184
12 195.36138389773492 0.014310661191462827
13 195.36138389773492 0.019879581945588184
14 195.36138389773492 0.02080640323559512
15 195.36138389773492 0.012624701364661291
16 195.36138389773492 0.34345510704555815
18 195.36138389773492 0.026903451279592507
22 238.7750247638983 0.019436485054386103
27 238.7750247638983 0.019662814103923995
28 238.7750247638983 0.14179031416429164
34 238.77502476389833 0.010234200998961612

214.016728090843
11 195.36138389773492 0.028114912223315983
13 195.36138389773492 0.22155127280930925
14 195.36138389773492 0.2121621004025317
15 195.36138389773492 0.2714878852243347
16 195.36138389773492 0.036149889613680056
22 238.7750247638983 0.037776394930057924
23 238.7750247638983 0.045298760624432985
24 238.7750247638983 0.049850853904508045
25 238.7750247638983 0.04532073446843074
27 238.7750247638983 0.03998110599835307

214.14326579670535
11 195.36138389773492 0.22849426554303137
12 195.36138389773492 0.027316256755251508
13 195.36138389773492 0.027929746205067083
14 195.36138389773492 0.034339186441169026
15 195.36138389773492 0.015162944290247282
16 195.36138389773492 0.21212039790762577
17 195.36138389773492 0.02947757662735532
19 195.36138389773498 0.18138097966134434
20 195.36138389773498 0.014713999762544507
21 238.7750247638983 0.09639571864852399
22 238.7750247638983 0.01463283708394743
24 238.7750247638983 0.03089886626972488
25 238.7750247638983 0.03592430209732347
27 238.7750247638983 0.012291434282448858

214.87094161141567
2 108.53410216540831 0.013091308456463443
3 108.53410216540831 0.013083540006714191
6 151.94774303157163 0.03578523435382542
7 151.94774303157163 0.035771740584798636
8 151.94774303157163 0.020922726003276975
11 195.36138389773492 0.032226106045510836
12 195.36138389773492 0.2522625269757195
13 195.36138389773492 0.04397684367124866
14 195.36138389773492 0.0439422747311346
16 195.36138389773492 0.03210381201890747
17 195.36138389773492 0.14590558942880663
18 195.36138389773492 0.14580532522626116
30 238.7750247638983 0.054766592767104064
31 238.7750247638983 0.054740980806651
32 238.7750247638983 0.05961357972474935

214.94180830631333
3 108.53410216540831 0.011873189575754915
4 108.53410216540833 0.01297416373518696
5 151.94774303157163 0.03572087072314459
6 151.94774303157163 0.03350882840981757
9 151.94774303157166 0.015374605668472117
11 195.36138389773492 0.016012684447660033
12 195.36138389773492 0.2350054062037835
14 195.36138389773492 0.05200659635838772
15 195.36138389773492 0.06847563346170846
16 195.36138389773492 0.048586332517274185
18 195.36138389773492 0.13193113383354121
20 195.36138389773498 0.1455476442688322
29 238.7750247638983 0.05365120252840831
30 238.7750247638983 0.052206551073443845
32 238.7750247638983 0.0118320399778261
34 238.77502476389833 0.04418285963465214

214.9757330556927
2 108.53410216540831 0.010777675584147594
4 108.53410216540833 0.01243120386384268
5 151.94774303157163 0.03453325753062224
7 151.94774303157163 0.03127676059406654
9 151.94774303157166 0.0144200025634117
11 195.36138389773492 0.07228948009684896
12 195.36138389773492 0.2196623812601462
13 195.36138389773492 0.04946466610255988
15 195.36138389773492 0.0624136037951222
16 195.36138389773492 0.033244147268732954
17 195.36138389773492 0.11943290422362593
20 195.36138389773498 0.13998463726230748
21 238.7750247638983 0.01574149500827864
29 238.7750247638983 0.051220030845147174
31 238.7750247638983 0.04919466676085206
34 238.77502476389833 0.04112890681494324

215.95577290232708
12 195.36138389773492 0.12158558342899818
13 195.36138389773492 0.2922081607690929
14 195.36138389773492 0.29243628344842276
17 195.36138389773492 0.017578003345504363
18 195.36138389773492 0.017606101767824556
24 238.7750247638983 0.052754214331489885
25 238.7750247638983 0.05278967185035768
26 238.7750247638983 0.08033068378441642
32 238.7750247638983 0.037695838079952526

216.05501107057844
11 195.36138389773492 0.28534030280356465
12 195.36138389773492 0.12475968779544383
15 195.36138389773492 0.15461933535960454
17 195.36138389773492 0.019302902305437963
19 195.36138389773498 0.14590502662461657
20 195.36138389773498 0.02083980031105311
21 238.7750247638983 0.032933955905027845
23 238.7750247638983 0.022692822980080813
25 238.7750247638983 0.014038433738788119
26 238.7750247638983 0.022344357318033192
27 238.7750247638983 0.0467014985320856
28 238.7750247638983 0.03259147878789047
33 238.77502476389833 0.022679909692517326
34 238.77502476389833 0.02782338331782465

216.0644072507529
12 195.36138389773492 0.12557583104362377
15 195.36138389773492 0.15644862651376326
16 195.36138389773492 0.28614634540624806
18 195.36138389773492 0.01913096793341913
19 195.36138389773498 0.14574840269288844
20 195.36138389773498 0.017181343942166
21 238.7750247638983 0.0326493713383511
22 238.7750247638983 0.04717267685237222
23 238.7750247638983 0.02271517398718854
24 238.7750247638983 0.014074676936701563
26 238.7750247638983 0.0226759459832568
28 238.7750247638983 0.03273220457298781
33 238.77502476389833 0.022636971548406996
34 238.77502476389833 0.02796288305867728

216.73412450085573
2 108.53410216540831 0.016142325353140072
3 108.53410216540831 0.01623113773500419
5 151.94774303157163 0.057834410615423104
6 151.94774303157163 0.014769302151750124
7 151.94774303157163 0.014994649503839542
11 195.36138389773492 0.1280220343395261
13 195.36138389773492 0.014018775567332538
14 195.36138389773492 0.014319366959771512
15 195.36138389773492 0.06772953241427952
16 195.36138389773492 0.1279504081920057
17 195.36138389773492 0.16885586041675738
18 195.36138389773492 0.16981609397780945
29 238.7750247638983 0.12452234954459515
30 238.7750247638983 0.03151266492580132
31 238.7750247638983 0.03201091894933432

216.79178352502922
4 108.53410216540833 0.02166530083391377
6 151.94774303157163 0.04323720030505858
7 151.94774303157163 0.043027403913457773
13 195.36138389773492 0.08796905394740458
14 195.36138389773492 0.08765512373979079
17 195.36138389773492 0.05728106729091488
18 195.36138389773492 0.05631320074419502
19 195.36138389773498 0.1675638304671382
20 195.36138389773498 0.22851484670016575
30 238.7750247638983 0.09386892702302466
31 238.7750247638983 0.09340441419772913

218.7999638736002
2 108.53410216540831 0.023036902004794666
3 108.53410216540831 0.023060177844999315
10 151.94774303157166 0.05866594381359503
12 195.36138389773492 0.01197362561235175
15 195.36138389773492 0.015858693996563943
17 195.36138389773492 0.3024507028940972
18 195.36138389773492 0.30277446635387173
30 238.7750247638983 0.02791216295862285
31 238.7750247638983 0.027899761325775863
34 238.77502476389833 0.015401194899509736
35 238.77502476389833 0.12457373342743892

218.81857279127686
3 108.53410216540831 0.023439255484147985
4 108.53410216540833 0.02343785569601508
10 151.94774303157166 0.05963959341489519
16 195.36138389773492 0.01593144932687454
18 195.36138389773492 0.30755791537730875
19 195.36138389773498 0.015091494103146922
20 195.36138389773498 0.3075791776420846
29 238.7750247638983 0.028515295942566236
30 238.7750247638983 0.028594715883403947
32 238.7750247638983 0.013560614483878033
35 238.77502476389833 0.1267167494818624

218.82745846806
2 108.53410216540831 0.024052493034649184
4 108.53410216540833 0.02389979775675643
10 151.94774303157166 0.061011711783273595
11 195.36138389773492 0.01583747643253557
17 195.36138389773492 0.3154743651927545
19 195.36138389773498 0.015509336876615213
20 195.36138389773498 0.3137285188058978
29 238.7750247638983 0.029553103303876258
31 238.7750247638983 0.02883490359889228
32 238.7750247638983 0.011703443395320477
35 238.77502476389833 0.12967828042517732

219.02301747296815
8 151.94774303157163 0.015229590352391915
11 195.36138389773492 0.18038144219430335
12 195.36138389773492 0.28628656948384146
16 195.36138389773492 0.1837781503768211
17 195.36138389773492 0.01841556630977729
18 195.36138389773492 0.0262865389181451
22 238.7750247638983 0.07246725121339351
27 238.7750247638983 0.07300584812569258
32 238.7750247638983 0.09744105787500724

219.0808554215696
9 151.94774303157166 0.011959132399944769
11 195.36138389773492 0.019420015937461226
12 195.36138389773492 0.29089059920567173
13 195.36138389773492 0.17080012442592477
15 195.36138389773492 0.047214110465307935
17 195.36138389773492 0.01943575686259939
19 195.36138389773498 0.13675256919623546
20 195.36138389773498 0.02024395427105866
23 238.7750247638983 0.07329673460980861
25 238.7750247638983 0.02348292759698878
27 238.7750247638983 0.051091835729785234
32 238.7750247638983 0.023430807392553744
34 238.77502476389833 0.07682628296738366

219.08922971487087
9 151.94774303157166 0.012259981150497035
12 195.36138389773492 0.27917169431170524
14 195.36138389773492 0.17529032205632317
15 195.36138389773492 0.03757860857702096
16 195.36138389773492 0.016714877651386278
18 195.36138389773492 0.026113229975803492
19 195.36138389773498 0.1396015127619075
20 195.36138389773498 0.020803735274690156
22 238.7750247638983 0.04657346159453081
23 238.7750247638983 0.07255346119357406
24 238.7750247638983 0.024285984416731344
32 238.7750247638983 0.020939665147319438
34 238.77502476389833 0.07881459058204768

219.98118615135567
9 151.94774303157166 0.017836177860216372
11 195.36138389773492 0.02855389280081494
13 195.36138389773492 0.3073736688741352
14 195.36138389773492 0.306978796493682
16 195.36138389773492 0.030704279296015345
24 238.7750247638983 0.04051040707800096
25 238.7750247638983 0.040544630916942895
28 238.7750247638983 0.013936064084759513
30 238.7750247638983 0.013577112362612791
31 238.7750247638983 0.013448655486052181
33 238.77502476389833 0.0657678285438382
34 238.77502476389833 0.0848020806027343

220.01810666064725
8 151.94774303157163 0.013702208349785526
11 195.36138389773492 0.2572704202140028
13 195.36138389773492 0.0841450972423855
15 195.36138389773492 0.2866526411108592
19 195.36138389773498 0.04259393992629098
21 238.7750247638983 0.03121467552630408
23 238.7750247638983 0.010932337215896055
25 238.7750247638983 0.014724375147892235
26 238.7750247638983 0.04618991034417788
27 238.7750247638983 0.02649085530149938
28 238.7750247638983 0.03131838738855465
29 238.7750247638983 0.013387216402150692
31 238.7750247638983 0.013151033409957824
32 238.7750247638983 0.0662995940634945
34 238.77502476389833 0.018842126499677467

220.062587126516
8 151.94774303157163 0.013866710928994387
14 195.36138389773492 0.07705194598248245
15 195.36138389773492 0.28280699043191304
16 195.36138389773492 0.2659258273046174
18 195.36138389773492 0.013981048939762368
19 195.36138389773498 0.0368087689887297
21 238.7750247638983 0.031721347878198455
22 238.7750247638983 0.02638038252508792
23 238.7750247638983 0.01045823609426891
24 238.7750247638983 0.013992669007137177
26 238.7750247638983 0.04456254626636064
28 238.7750247638983 0.03209438334513328
29 238.7750247638983 0.013295602630364091
30 238.7750247638983 0.013310217325970958
32 238.7750247638983 0.06794712726975335
34 238.77502476389833 0.01741043188029867

220.33134411501496
5 151.94774303157163 0.01078266167602687
6 151.94774303157163 0.01055770435528993
7 151.94774303157163 0.01055622340408868
11 195.36138389773492 0.08658356009715665
13 195.36138389773492 0.143084945248179
14 195.36138389773492 0.14306256055440414
15 195.36138389773492 0.22424024147466085
16 195.36138389773492 0.08699351053264212
22 238.7750247638983 0.048085877322427834
23 238.7750247638983 0.0556082183731506
27 238.7750247638983 0.04816612586785732
29 238.7750247638983 0.03981665243185593
30 238.7750247638983 0.03891069394052669
31 238.7750247638983 0.038927226899068454

