25.63 0.0 3.5601446289299715e-12
25.63 0.0 5.960179446244901e-13
25.63 0.0 4.666112559261474e-11
25.63 15.75 0.2234951231393039
25.63 15.75 0.2234950963575227
25.63 15.75 9.338986220645169e-15
25.63 53.66 0.002738821818033728
25.63 53.66 8.962064503481351e-17
25.63 53.66 0.0027388045392711937
25.63 53.85 0.0030049480428967356
25.63 53.85 0.0006350016931058548
25.63 58.91 0.0181744065807231
25.63 58.91 5.003381122449827e-16
25.63 58.91 0.01817453851543317
25.63 59.96 0.006998946575592781
25.63 67.86 4.671236394695309e-24
25.63 67.86 6.955515329340464e-26
25.63 68.21 1.1388419232077682e-10
25.63 68.21 3.329676658953723e-10
25.63 68.21 9.471843922239e-12
25.63 71.65 1.6054338038501738e-11
25.63 71.65 1.2099667038031257e-10
25.63 71.65 2.103571230141172e-11
25.63 75.68 4.1127293532248684e-27
25.63 109.59 3.567827572694608e-11
25.63 109.59 3.0653481913617405e-11
25.63 109.59 6.875705458053336e-14
25.63 110.24 1.119142600900268e-12
25.63 110.24 7.507901003487027e-11
25.63 110.24 4.7726497450714625e-11
25.63 110.33 1.1949215304992633e-26
25.63 117.77 5.913022146877244e-12
25.63 117.77 4.39359336306891e-12
25.63 117.77 1.1327535562284078e-11
25.63 117.79 1.9194572990253018e-11
25.63 117.79 3.736602878669478e-11
25.63 117.79 8.401943072831799e-13
25.63 119.07 7.549723964555938e-26
25.63 119.07 1.2517699129409296e-27
25.63 121.84 3.2507639476545157e-12
25.63 121.84 8.813944216025978e-12
25.63 121.84 8.3290987741419e-12
25.63 123.9 7.628011490025576e-22
25.63 123.9 1.6872614937982773e-8
25.63 123.91 1.7892113558063398e-8
25.63 124.14 3.4169973530597435e-8
25.63 124.14 1.1155802539560073e-21
25.63 124.14 3.3608509763403153e-8
25.63 125.57 8.871507096065026e-12
25.63 130.39 7.246512279030358e-6
25.63 130.39 2.5716073888162036e-19
25.63 130.39 7.234351601370521e-6
25.63 131.62 0.00021572972830035582
25.63 131.62 1.725239056666154e-16
25.63 131.62 0.00021572275019628046
25.63 131.98 9.042092030472499e-6
25.63 131.99 2.981465295600109e-6
25.63 134.74 1.0344628000603654e-6
25.63 134.74 5.992641894184379e-20
25.63 134.74 1.0341266138813681e-6
25.63 175.22 2.7491467330969936e-7
25.63 176.86 1.906125659502927e-8
25.63 177.14 4.0298019132427147e-22
25.63 177.14 1.9819817891987255e-8
25.63 178.28 6.1414327275166304e-9
25.63 178.46 7.696409581157272e-9
25.63 179.19 7.790354247598695e-21
25.63 179.19 2.3203891606115008e-7
25.63 179.33 2.3466537153372032e-7
25.63 182.35 2.416796304655221e-7
25.63 182.42 7.762925434093003e-21
25.63 182.42 2.1219339469410078e-7
25.63 183.04 1.1451183633109038e-21
25.63 183.05 9.456754516517229e-8
25.63 183.22 7.554183932878074e-8
25.63 184.18 7.963341427472661e-12
25.63 187.23 7.114889418358925e-22
25.63 187.74 2.0019645559642857e-10
25.63 187.74 2.8491914733509867e-9
25.63 187.96 4.573674797899862e-8
25.63 188.39 1.0361856506443493e-24
25.63 188.51 9.30336023936634e-22
25.63 189.24 6.505458880469305e-8
25.63 189.31 4.265427619376529e-8
25.63 189.35 3.999337171910271e-21
25.63 190.33 1.8342920880950923e-10
25.63 190.43 3.88527384044003e-9
25.63 190.44 6.1857063074491e-8
25.63 191.11 5.803101686979417e-7
25.63 191.16 1.9955440241564194e-7
25.63 193.17 1.9722744724083225e-5
25.63 193.19 2.0123597890166182e-5
25.63 193.2 6.734688512028126e-19
25.63 193.39 4.3327807622266546e-7
25.63 193.45 1.6511225133442522e-10
25.63 193.46 4.908166147445412e-7
25.63 194.35 7.070213970484824e-8
25.63 194.39 5.544530131883156e-9
25.63 194.43 3.655062227800923e-7
25.63 194.7 1.6852527764146257e-22
25.63 0.0 9.479082610660173e-12
25.63 0.0 1.2835916255555751e-24
25.63 15.75 0.22349531614641657
25.63 15.75 7.020768384778102e-14
25.63 15.75 0.2234953238810013
25.63 53.66 0.002738887254967649
25.63 53.66 0.0027388123428065464
25.63 53.66 7.76995018983176e-17
25.63 53.85 3.120245138452104e-5
25.63 53.85 0.0036088932517638313
25.63 58.91 0.01817410060619418
25.63 58.91 0.01817421847912382
25.63 58.91 4.853938137102193e-16
25.63 59.96 0.006998943335093648
25.63 67.86 1.341638092998755e-10
25.63 67.86 2.2121262341381127e-12
25.63 68.21 3.573739844317971e-24
25.63 68.21 1.0049658457623424e-10
25.63 68.21 3.5124655812267464e-12
25.63 71.65 1.4079194126674584e-12
25.63 71.65 4.095390833345561e-24
25.63 71.65 2.367899956624125e-12
25.63 75.68 1.3637661771476497e-17
25.63 109.59 1.8413299318161105e-23
25.63 109.59 1.3682546188214577e-10
25.63 109.59 2.4963497859425526e-14
25.63 110.24 6.783888347084599e-15
25.63 110.24 6.4411977560235835e-24
25.63 110.24 1.1208547032965204e-10
25.63 110.33 3.3830215489120197e-13
25.63 117.77 1.0276821044546759e-12
25.63 117.77 9.40419499693725e-12
25.63 117.77 3.572508613719205e-25
25.63 117.79 6.441934520455496e-12
25.63 117.79 1.1380463471666997e-24
25.63 117.79 1.3013016767629416e-13
25.63 119.07 1.833525386445298e-12
25.63 119.07 3.240850266712865e-14
25.63 121.84 3.02344637715983e-13
25.63 121.84 1.0637550803130453e-11
25.63 121.84 3.009120453483279e-25
25.63 123.9 1.851974135952e-8
25.63 123.9 1.8515825819050544e-8
25.63 123.91 5.445552567594468e-22
25.63 124.14 1.038280564232048e-21
25.63 124.14 3.164562658313207e-8
25.63 124.14 3.163983768553506e-8
25.63 125.57 3.5513139073024832e-15
25.63 130.39 2.2064874594145623e-19
25.63 130.39 7.238876939919419e-6
25.63 130.39 7.2371780163090084e-6
25.63 131.62 0.0002157284418689489
25.63 131.62 0.00021572106975902583
25.63 131.62 4.943051228689606e-17
25.63 131.98 6.274878161617408e-11
25.63 131.99 1.2020862762734122e-5
25.63 134.74 3.01259730653841e-20
25.63 134.74 1.0342233784985192e-6
25.63 134.74 1.0338371434527447e-6
25.63 175.22 2.89802607050418e-7
25.63 176.86 5.804134312298767e-22
25.63 177.14 1.1975867252935203e-8
25.63 177.14 1.2025631191539676e-8
25.63 178.28 7.179720865640535e-9
25.63 178.46 3.076231888140533e-14
25.63 179.19 2.3805315860056329e-7
25.63 179.19 2.3801135733741015e-7
25.63 179.33 7.14613728035439e-21
25.63 182.35 7.35972058603288e-21
25.63 182.41 2.3818565244928636e-7
25.63 182.42 2.3817076195295828e-7
25.63 183.04 3.405843095016074e-8
25.63 183.05 3.519058756518241e-8
25.63 183.21 2.3000651024268894e-21
25.63 184.18 8.159152174085444e-16
25.63 187.23 2.1905046100544113e-8
25.63 187.74 8.704290584186228e-10
25.63 187.74 8.64671098948712e-23
25.63 187.96 5.436313169273628e-8
25.63 188.39 3.0404545746044973e-11
25.63 188.51 2.8051670784377026e-8
25.63 189.24 1.9814236457718393e-21
25.63 189.31 1.0401653990965687e-7
25.63 189.35 1.23584228597861e-7
25.63 190.33 1.614554825096046e-10
25.63 190.43 2.3532116917151075e-8
25.63 190.44 1.8821920541979403e-21
25.63 191.11 4.850260109443008e-12
25.63 191.16 7.9998877975245e-7
25.63 193.17 6.005391169209076e-19
25.63 193.19 2.0102245781050827e-5
25.63 193.2 2.0574485354582096e-5
25.63 193.39 4.3531669785770397e-7
25.63 193.45 1.7498084504466173e-9
25.63 193.46 1.494952068448664e-20
25.63 194.35 5.664556034260749e-8
25.63 194.39 4.698346260574276e-8
25.63 194.43 1.1132228973590616e-20
25.63 194.7 5.145729353540743e-9
25.63 0.0 6.010548186915629e-11
25.63 15.75 4.062265613238258e-14
25.63 15.75 0.22349518824940717
25.63 15.75 0.2234948744997875
25.63 53.66 8.308063249237304e-18
25.63 53.66 0.002738932400957174
25.63 53.66 0.0027389511620402427
25.63 53.85 0.0024239942188707397
25.63 53.85 0.0012161503871633312
25.63 58.91 3.674767671227965e-17
25.63 58.91 0.01817445618938688
25.63 58.91 0.018174265250533055
25.63 59.96 0.006998852483907293
25.63 67.85 7.054497751867278e-10
25.63 67.86 1.347781162421584e-11
25.63 68.21 2.381599115068897e-12
25.63 68.21 1.0380914288898713e-24
25.63 68.21 4.270481917706917e-11
25.63 71.65 2.6201732321380527e-11
25.63 71.65 4.638393270898961e-14
25.63 71.65 1.6953341943289582e-26
25.63 75.68 9.26147539371109e-12
25.63 109.59 7.560190853377333e-11
25.63 109.59 6.335341278053827e-11
25.63 109.59 4.687916399306362e-29
25.63 110.24 2.9930324149263876e-26
25.63 110.24 3.6225233990813464e-11
25.63 110.24 2.418880367911972e-11
25.63 110.33 1.7810152487367152e-12
25.63 117.77 3.476834604335269e-27
25.63 117.77 2.501294972163314e-11
25.63 117.77 2.289175440116466e-11
25.63 117.79 1.3773136874388565e-11
25.63 117.79 9.398227981072567e-12
25.63 117.79 6.480128796719657e-27
25.63 119.07 3.266497798641093e-11
25.63 119.07 7.322676003585421e-13
25.63 121.84 6.56887524310654e-27
25.63 121.84 1.67852410515595e-11
25.63 121.84 3.344001563364998e-11
25.63 123.9 1.6916256890132164e-8
25.63 123.9 1.9115767257779263e-22
25.63 123.91 1.791232792398683e-8
25.63 124.14 3.4099567777539206e-8
25.63 124.14 3.3596444147835156e-8
25.63 124.14 1.5170872001622379e-22
25.63 125.57 8.380311812607515e-12
25.63 130.39 7.2441195763302985e-6
25.63 130.39 7.232896452751038e-6
25.63 130.39 5.320674978491705e-20
25.63 131.62 8.463895724946714e-17
25.63 131.62 0.00021574023750552723
25.63 131.62 0.0002157345132545641
25.63 131.98 8.99450060660622e-6
25.63 131.99 3.028955840966893e-6
25.63 134.74 1.0341585960687095e-6
25.63 134.74 1.0343100146592554e-6
25.63 134.74 2.6740928774515187e-20
25.63 175.22 2.7453862255884703e-7
25.63 176.86 1.89937374636218e-8
25.63 177.14 1.9918825003653794e-8
25.63 177.14 2.7105117909063717e-23
25.63 178.28 6.1704186047465355e-9
25.63 178.46 7.710890326565559e-9
25.63 179.18 2.3202301431985882e-7
25.63 179.19 3.204807276151609e-22
25.63 179.33 2.3477348554608192e-7
25.63 182.35 2.419087547472403e-7
25.63 182.41 2.1142460644701854e-7
25.63 182.42 2.899740945675824e-22
25.63 183.04 9.528422264170863e-8
25.63 183.05 7.668567240213644e-23
25.63 183.21 7.529369575114354e-8
25.63 184.18 7.508397977792543e-12
25.63 187.23 1.0646373426369634e-8
25.63 187.74 3.353764752348208e-10
25.63 187.74 2.5050722972305847e-9
25.63 187.96 6.935629557895225e-23
25.63 188.39 1.146704872492594e-10
25.63 188.51 5.2431788913254103e-8
25.63 189.24 6.538477690154708e-8
25.63 189.31 1.1064833020356733e-22
25.63 189.35 3.016583056636702e-8
25.63 190.33 2.2865633850566645e-25
25.63 190.43 4.463993200355395e-9
25.63 190.44 6.009946640216089e-8
25.63 191.11 5.769815959063103e-7
25.63 191.16 2.0229769520339316e-7
25.63 193.17 1.971962382862537e-5
25.63 193.19 2.7212634137991813e-20
25.63 193.2 2.0618192085103216e-5
25.63 193.39 5.885094070852343e-22
25.63 193.45 1.9358944277569519e-10
25.63 193.46 4.942337644007756e-7
25.63 194.35 8.359206045487294e-23
25.63 194.39 6.101646726599345e-9
25.63 194.43 3.684190993454647e-7
25.63 194.7 5.302358389740353e-9
41.37 0.0 1.1068734464304854e-11
41.37 0.0 8.116894562694893e-24
41.37 0.0 2.695475189383457e-12
41.37 37.92 5.564584945507195e-12
41.37 37.92 1.94078972989743e-12
41.37 37.92 3.035274625682052e-24
41.37 38.11 1.7979934543217234e-11
41.37 38.11 7.482738818324297e-12
41.37 43.17 5.425328712769004e-11
41.37 43.17 7.49529844704921e-11
41.37 43.17 3.9761400296068086e-25
41.37 44.22 1.754501527662016e-11
41.37 52.11 0.008215640783665835
41.37 52.11 0.0023991022872456294
41.37 52.47 1.5490428968808658e-15
41.37 52.47 0.007903586302366539
41.37 52.47 0.007903557611901023
41.37 55.91 8.607538573140605e-5
41.37 55.91 4.9165870491405626e-17
41.37 55.91 8.608319646003358e-5
41.37 59.94 0.022584278092020085
41.37 93.85 1.2524302409261046e-18
41.37 93.85 3.986613244860529e-6
41.37 93.85 4.033992047774742e-6
41.37 94.49 1.92063096671103e-5
41.37 94.49 4.087011599062508e-18
41.37 94.49 1.9203821516387055e-5
41.37 94.58 2.297117043560962e-11
41.37 102.03 0.000712570250492313
41.37 102.03 0.0007110211514988895
41.37 102.03 1.3311917277185057e-16
41.37 102.04 0.0004397653703392567
41.37 102.04 8.175802482541894e-17
41.37 102.04 0.00043822969139721573
41.37 103.33 0.0006943822247763349
41.37 103.33 0.00022492683378187912
41.37 106.09 0.00023410203976397605
41.37 106.09 0.000234106693748571
41.37 106.09 4.546075913305018e-17
41.37 108.16 2.220189403682783e-11
41.37 108.16 4.1604143035064445e-10
41.37 108.16 2.6003549946274903e-24
41.37 108.39 4.584102927035791e-22
41.37 108.39 8.779000516404987e-11
41.37 108.39 3.2204571268927316e-10
41.37 109.83 2.707990326446609e-10
41.37 114.64 4.7208589382348077e-23
41.37 114.65 1.2151863571551013e-15
41.37 114.65 5.5391880542688877e-14
41.37 115.88 1.1596704915828763e-11
41.37 115.88 3.4828975254540607e-11
41.37 115.88 8.217998060996787e-24
41.37 116.24 2.524110415893602e-10
41.37 116.24 1.305269455547307e-12
41.37 118.99 2.254833346108093e-25
41.37 118.99 2.8133949709970776e-11
41.37 118.99 3.217942504135626e-12
41.37 159.48 6.113765237584051e-10
41.37 161.12 3.643484321271893e-23
41.37 161.4 1.0389015033145277e-9
41.37 161.4 3.438871374212626e-10
41.37 162.54 8.505102846076465e-10
41.37 162.72 2.331481943525098e-10
41.37 163.44 7.1731083854955416e-9
41.37 163.44 2.6313248426334854e-9
41.37 163.59 1.7391924336127412e-25
41.37 166.61 2.0396319867799444e-24
41.37 166.67 1.2168742010138013e-9
41.37 166.67 3.428462684580854e-10
41.37 167.3 1.589392821447397e-8
41.37 167.31 5.3147627464347395e-9
41.37 167.47 5.858113459299932e-23
41.37 168.44 3.659259758009104e-10
41.37 171.48 8.30768773066074e-7
41.37 172.0 1.3895720276402476e-7
41.37 172.0 2.3469167555580556e-20
41.37 172.21 1.218657380574298e-7
41.37 172.64 5.8074624566207215e-8
41.37 172.77 5.5530489571890516e-9
41.37 173.5 8.25342701723344e-26
41.37 173.57 3.930951401730718e-9
41.37 173.6 2.2106931017378404e-9
41.37 174.58 2.216256075723691e-7
41.37 174.68 2.1513449151604594e-7
41.37 174.69 4.1978742674066736e-20
41.37 175.36 2.123350894004937e-10
41.37 175.42 1.6316750468235784e-9
41.37 177.43 1.7899123379127607e-21
41.37 177.44 1.4247567402498978e-8
41.37 177.45 1.1115475005597898e-11
41.37 177.65 8.29037687528859e-7
41.37 177.71 8.503728527579591e-7
41.37 177.72 1.5560764022537648e-19
41.37 178.61 7.098315671454548e-9
41.37 178.64 2.708373390712477e-9
41.37 178.69 4.430066328327565e-21
41.37 178.96 2.0176519402363554e-10
41.37 0.0 1.1598694785367692e-10
41.37 0.0 4.839205697042544e-12
41.37 37.92 1.7247503257980685e-24
41.37 37.92 4.299321328000826e-13
41.37 37.92 1.5279583416105274e-11
41.37 38.11 1.9259757262047472e-10
41.37 38.11 9.428872865167672e-12
41.37 43.17 1.5249748484373622e-23
41.37 43.17 2.4523450035094625e-13
41.37 43.17 2.6938010176523225e-12
41.37 44.22 4.143977663002801e-11
41.37 52.11 8.415313806118584e-6
41.37 52.11 0.010606298249190025
41.37 52.47 0.007903540533754132
41.37 52.47 2.4136457709975076e-15
41.37 52.47 0.007903554538791501
41.37 55.91 8.604203033511272e-5
41.37 55.91 8.606458413525522e-5
41.37 55.91 2.2716527610023912e-17
41.37 59.94 0.022584666988909048
41.37 93.85 4.0767420859633115e-6
41.37 93.85 4.0766210634699355e-6
41.37 93.85 1.142913614926418e-18
41.37 94.49 5.4555020157657725e-18
41.37 94.49 1.9089993161875253e-5
41.37 94.49 1.909196296993965e-5
41.37 94.58 6.05914538120446e-16
41.37 102.03 2.019875989952598e-16
41.37 102.03 0.0007148979177807246
41.37 102.03 0.0007155323183478696
41.37 102.04 0.00043589528747575886
41.37 102.04 0.0004352468868826029
41.37 102.04 1.2533607595398068e-16
41.37 103.33 3.491364913039646e-8
41.37 103.33 0.000919249136378937
41.37 106.09 6.785270073533869e-17
41.37 106.09 0.0002341243994944136
41.37 106.09 0.00023412273034726606
41.37 108.16 1.5079627196515902e-9
41.37 108.16 1.3263756770849353e-22
41.37 108.16 1.4012228431268289e-11
41.37 108.39 2.473895294726703e-9
41.37 108.39 7.661619126944081e-10
41.37 108.39 9.265945413660083e-23
41.37 109.83 9.377984614165648e-10
41.37 114.64 2.545078147205484e-10
41.37 114.65 9.39427590758228e-12
41.37 114.65 9.098950895095053e-26
41.37 115.88 4.319197434622531e-24
41.37 115.88 3.93704331594841e-13
41.37 115.88 8.49419644076156e-13
41.37 116.24 4.436251083181241e-10
41.37 116.24 8.826169484500665e-14
41.37 118.99 1.1649372119469743e-12
41.37 118.99 2.129192669543604e-12
41.37 118.99 9.577476179443574e-25
41.37 159.48 3.777489540340193e-11
41.37 161.12 1.9368042331045977e-10
41.37 161.4 3.995235585098509e-9
41.37 161.4 9.785937504444632e-23
41.37 162.54 2.391331939764479e-10
41.37 162.72 1.015435108323661e-11
41.37 163.44 2.2218070078792007e-8
41.37 163.44 7.458121309343811e-22
41.37 163.59 9.33869888781601e-13
41.37 166.61 9.85928414791934e-12
41.37 166.67 3.4126712098570832e-9
41.37 166.67 9.743252992791937e-23
41.37 167.3 3.8792054895391314e-8
41.37 167.31 1.5061094287239021e-21
41.37 167.47 3.1584442752494476e-10
41.37 168.44 1.7029320989049178e-12
41.37 171.48 7.274358239394817e-7
41.37 172.0 1.269978198293034e-7
41.37 172.0 1.2637699471457293e-7
41.37 172.21 3.453309139130378e-20
41.37 172.64 4.017542647011976e-11
41.37 172.77 9.662832210521801e-8
41.37 173.5 4.098909704804855e-13
41.37 173.57 1.117137061045006e-21
41.37 173.6 2.6706812884543644e-8
41.37 174.58 6.28091772374836e-20
41.37 174.68 2.2422632155979575e-7
41.37 174.69 2.260963250971474e-7
41.37 175.36 2.191760935765085e-11
41.37 175.42 1.9517785850426534e-9
41.37 177.43 9.646579055647252e-9
41.37 177.44 4.0452315982322705e-21
41.37 177.45 4.4365410809193826e-10
41.37 177.65 2.349402243836733e-19
41.37 177.71 8.449683683016423e-7
41.37 177.72 8.380187589059504e-7
41.37 178.61 2.0120274988692295e-21
41.37 178.64 1.5904746169819115e-8
41.37 178.69 2.39089091585584e-8
41.37 178.96 3.3417119019867966e-14
41.37 0.0 6.066534954059162e-13
41.37 37.92 4.733468204438871e-12
41.37 37.92 8.7205950685271e-12
41.37 37.92 1.4808746480667184e-10
41.37 38.11 1.187352669588945e-25
41.37 38.11 7.93748617497812e-27
41.37 43.17 5.686865803055333e-11
41.37 43.17 4.1244901005402346e-11
41.37 43.17 8.639485405384836e-12
41.37 44.22 3.6655123176475383e-26
41.37 52.11 0.007698192732936705
41.37 52.11 0.002916566266630406
41.37 52.47 0.007903598028313951
41.37 52.47 0.007903640245134746
41.37 52.47 2.641574662025585e-16
41.37 55.9 3.5915015692956426e-17
41.37 55.9 8.607120321231272e-5
41.37 55.91 8.603791225035775e-5
41.37 59.94 0.022584439247185215
41.37 93.85 3.9848328268400625e-6
41.37 93.85 7.068083604505715e-19
41.37 93.85 4.03318892764159e-6
41.37 94.49 1.9207936385149674e-5
41.37 94.49 1.9205652979097358e-5
41.37 94.49 6.555336614201088e-19
41.37 94.58 2.1620051251440025e-11
41.37 102.03 0.0007133707676113652
41.37 102.03 7.198165701911126e-19
41.37 102.03 0.0007103897262429583
41.37 102.04 1.8501728815705773e-18
41.37 102.04 0.00044039851019266274
41.37 102.04 0.0004374250099131213
41.37 103.33 0.0006845541157971502
41.37 103.33 0.00023475285786356774
41.37 106.09 0.00023411773630538143
41.37 106.09 9.756656007355901e-19
41.37 106.09 0.00023411184068877398
41.37 108.16 1.926461452590471e-10
41.37 108.16 7.098051627033105e-10
41.37 108.16 1.556812474988262e-13
41.37 108.39 1.3730899130951918e-10
41.37 108.39 1.821906340158812e-12
41.37 108.39 1.6929948904405766e-10
41.37 109.83 6.280891999969023e-25
41.37 114.64 1.1047607164684102e-10
41.37 114.65 8.283127283186831e-14
41.37 114.65 5.981181828334793e-15
41.37 115.88 1.0760530754561759e-11
41.37 115.88 1.1330751684696608e-11
41.37 115.88 6.134716873680736e-12
41.37 116.24 3.1259151429407475e-25
41.37 116.24 2.8202800275307757e-28
41.37 118.99 4.907671219917412e-12
41.37 118.99 4.954635257546946e-13
41.37 118.99 3.985019336166564e-12
41.37 159.48 1.0355021385906538e-25
41.37 161.12 1.3445976439417312e-9
41.37 161.4 1.4791725820117416e-9
41.37 161.4 5.733577928201543e-10
41.37 162.54 2.610358037559222e-25
41.37 162.72 3.668084963992626e-26
41.37 163.44 7.415792883740358e-9
41.37 163.44 2.7221151367044644e-9
41.37 163.59 2.6135077152933737e-12
41.37 166.61 5.252541717189609e-10
41.37 166.67 1.7441109588958667e-9
41.37 166.67 6.080527720525216e-10
41.37 167.3 1.578124275892149e-8
41.37 167.31 5.186840000194997e-9
41.37 167.47 1.6063959684397297e-10
41.37 168.44 4.8606623585389494e-26
41.37 171.48 8.259137445781021e-7
41.37 172.0 9.695831985448826e-23
41.37 172.0 1.392412645626628e-7
41.37 172.21 1.1774397202406809e-7
41.37 172.64 6.154513726456072e-8
41.37 172.77 4.442518778798935e-9
41.37 173.5 1.5996187523198884e-11
41.37 173.57 7.61578172744923e-9
41.37 173.6 3.2561750984887434e-9
41.37 174.58 2.2140079296952958e-7
41.37 174.68 1.6924633848791185e-22
41.37 174.69 2.159147020979429e-7
41.37 175.36 4.150567564729541e-26
41.37 175.42 1.4406773432040593e-24
41.37 177.43 6.60288082823975e-9
41.37 177.44 2.3209669705768956e-8
41.37 177.45 6.940308585077344e-10
41.37 177.65 8.198883328640955e-7
41.37 177.71 6.413511973579032e-22
41.37 177.72 8.517913564807489e-7
41.37 178.61 7.580962221014124e-9
41.37 178.64 1.0357953229977775e-23
41.37 178.69 5.764523122595767e-10
41.37 178.96 1.8865200372271974e-10
79.29 0.0 3.7613164051271657e-10
79.29 0.0 2.489871184278546e-10
79.29 0.0 3.21792063358701e-25
79.29 0.19 2.60855497151154e-10
79.29 0.19 8.551593736981062e-12
79.29 5.25 6.131256903221461e-10
79.29 5.25 8.950333985674223e-10
79.29 5.25 4.461375495018772e-25
79.29 6.3 1.460489370551599e-11
79.29 14.19 0.046806588310859584
79.29 14.19 0.1602872884838495
79.29 14.55 7.368908408309558e-16
79.29 14.55 0.05151096566592839
79.29 14.55 0.05151200627797857
79.29 17.99 0.05644089846697414
79.29 17.99 2.1781936542487535e-14
79.29 17.99 0.05643892493882693
79.29 22.02 1.873762481442197e-12
79.29 55.93 2.1552250185015233e-16
79.29 55.93 0.0020722590987558263
79.29 55.93 0.002085048109550685
79.29 56.57 0.0022730580845330994
79.29 56.57 8.246001902507949e-17
79.29 56.57 0.0022876663110046073
79.29 56.67 0.00377584071955923
79.29 64.11 0.00869654199251082
79.29 64.11 0.008713089607177912
79.29 64.11 1.5959016387945546e-17
79.29 64.12 0.005124339270118724
79.29 64.12 4.507593563073199e-17
79.29 64.12 0.005142826591291377
79.29 65.41 0.006966044161010625
79.29 65.41 0.021498797756291495
79.29 68.17 0.0010869292138082722
79.29 68.17 0.0010869931246822349
79.29 68.17 9.551747670531902e-18
79.29 70.24 1.2218903396751826e-9
79.29 70.24 5.633408466962663e-9
79.29 70.24 1.1767564863450328e-24
79.29 70.47 6.715225130050141e-23
79.29 70.48 2.7121887986775267e-9
79.29 70.48 3.7101159260604906e-9
79.29 71.91 9.918413562684692e-10
79.29 76.72 1.2246565570011661e-23
79.29 76.73 1.7724577905219614e-10
79.29 76.73 4.236674655564781e-11
79.29 77.96 2.8975047620871696e-11
79.29 77.96 1.0063078821851998e-10
79.29 77.96 2.1839719526287264e-23
79.29 78.32 9.398123477765077e-10
79.29 78.33 6.87250122168707e-12
79.29 81.08 8.032711371101777e-26
79.29 81.08 6.13705444198079e-11
79.29 81.08 2.1546523368083658e-11
79.29 121.56 1.0851544561270716e-10
79.29 123.2 6.682451045885225e-22
79.29 123.48 9.004263940516425e-10
79.29 123.48 1.469762629868534e-10
79.29 124.62 6.116489537527706e-11
79.29 124.8 7.054174420099638e-10
79.29 125.52 6.361088390088803e-9
79.29 125.53 1.38980319926532e-9
79.29 125.67 2.269848122805573e-25
79.29 128.69 1.037137161643783e-23
79.29 128.75 1.9483013715030716e-9
79.29 128.75 3.9787849718109975e-10
79.29 129.38 2.0309188416065215e-8
79.29 129.39 4.820681052061331e-9
79.29 129.55 3.9053996197535604e-23
79.29 130.52 1.6191987199015025e-9
79.29 133.57 3.478695320086054e-8
79.29 134.08 1.6516009938930364e-7
79.29 134.08 5.324920272397641e-22
79.29 134.3 1.3934440444023464e-7
79.29 134.73 9.801977281170195e-7
79.29 134.85 2.2808891235480393e-6
79.29 135.58 1.6528596659029768e-24
79.29 135.65 6.693113772287548e-9
79.29 135.69 2.671492355737643e-7
79.29 136.67 1.0055882506682687e-7
79.29 136.76 9.167504168903947e-8
79.29 136.77 4.168279215235196e-22
79.29 137.44 3.0429653625507635e-9
79.29 137.5 2.0057458256671988e-10
79.29 139.51 4.604255803349454e-22
79.29 139.53 2.4233566280091443e-8
79.29 139.54 2.712687568121531e-9
79.29 139.73 2.2950999621627963e-6
79.29 139.79 2.4014722507521667e-6
79.29 139.8 6.3456065246066456e-21
79.29 140.69 2.867076974338005e-6
79.29 140.73 2.7962292750985836e-6
79.29 140.77 7.699893763701726e-21
79.29 141.04 1.2010424357680299e-5
79.29 0.0 1.498200543217039e-10
79.29 0.0 1.993865695013504e-10
79.29 0.19 6.009857033143151e-25
79.29 0.19 2.829657978159784e-26
79.29 5.25 6.412844023831474e-10
79.29 5.25 7.338166105392722e-10
79.29 5.25 5.448754997203256e-12
79.29 6.3 9.188305628151493e-26
79.29 14.19 0.056903413780377214
79.29 14.19 0.1501905004764117
79.29 14.55 0.05151080837878827
79.29 14.55 0.051508921735649325
79.29 14.55 1.779803488934485e-15
79.29 17.99 2.3053611463005655e-14
79.29 17.99 0.056441535817044336
79.29 17.99 0.056441458164459356
79.29 22.02 7.422712579360067e-14
79.29 55.93 0.0020719790612418413
79.29 55.93 3.069536133974148e-16
79.29 55.93 0.002084892724812571
79.29 56.57 0.002273304541314493
79.29 56.57 0.0022879751883548545
79.29 56.57 7.219465155332088e-17
79.29 56.67 0.003775803149879681
79.29 64.11 0.008686806178598403
79.29 64.11 8.745911264519147e-18
79.29 64.11 0.008720622966303188
79.29 64.12 4.4528047786897544e-17
79.29 64.12 0.005116783621259236
79.29 64.12 0.005152414586418837
79.29 65.41 0.007270369877380425
79.29 65.41 0.021194428904876522
79.29 68.17 0.001087026843299449
79.29 68.17 1.0543045296055183e-17
79.29 68.17 0.0010870127922425466
79.29 70.24 3.807859760209389e-9
79.29 70.24 9.240254065300516e-9
79.29 70.24 1.660143726787672e-11
79.29 70.47 3.4843799176749334e-9
79.29 70.48 8.263169586467341e-10
79.29 70.48 1.9072634909855484e-9
79.29 71.91 4.589905542109822e-24
79.29 76.72 1.2032475054335027e-9
79.29 76.73 3.4608058129880706e-12
79.29 76.73 7.502558938354309e-12
79.29 77.96 7.383642228888023e-11
79.29 77.96 9.415046070560476e-11
79.29 77.96 3.4019630708481878e-12
79.29 78.32 3.1832116659327428e-24
79.29 78.33 1.5262155300176998e-26
79.29 81.08 7.457225280137376e-17
79.29 81.08 3.852001977945364e-11
79.29 81.08 3.0515045063372844e-11
79.29 121.56 2.3784920996028397e-23
79.29 123.2 1.845054974974089e-10
79.29 123.48 6.725172570841002e-10
79.29 123.48 2.573607346509338e-10
79.29 124.62 2.85779935436374e-23
79.29 124.8 1.8128759656345887e-24
79.29 125.52 6.397539873069275e-9
79.29 125.53 1.390901613095073e-9
79.29 125.67 1.087969070618842e-10
79.29 128.69 2.934107911414329e-9
79.29 128.75 1.8657960370649312e-9
79.29 128.75 4.901601187931187e-10
79.29 129.38 2.1581554613389428e-8
79.29 129.39 4.16420543166814e-9
79.29 129.55 9.525180606387477e-13
79.29 130.52 3.997779688726894e-24
79.29 133.57 3.632386006206862e-8
79.29 134.08 4.045323636028229e-22
79.29 134.08 1.6578557226040083e-7
79.29 134.3 1.420759492634773e-7
79.29 134.73 8.308272450215749e-7
79.29 134.85 2.4290151236590597e-6
79.29 135.58 7.149283088662675e-10
79.29 135.65 4.773980345732289e-9
79.29 135.69 2.669217734380534e-7
79.29 136.67 1.0035291869287342e-7
79.29 136.76 2.3397970262053407e-22
79.29 136.77 9.121567001866355e-8
79.29 137.44 7.312245720029629e-24
79.29 137.5 1.785338568811879e-24
79.29 139.51 6.937398808357859e-9
79.29 139.53 7.092403644008229e-8
79.29 139.54 1.6076037596119785e-8
79.29 139.73 2.2271242326126687e-6
79.29 139.79 5.796544606227017e-21
79.29 139.8 2.4734105214881526e-6
79.29 140.69 2.8906221005004063e-6
79.29 140.73 6.796458410642776e-21
79.29 140.77 2.7669163156680144e-6
79.29 141.04 1.1991432719283465e-5
79.29 0.0 3.2569095415235536e-10
79.29 0.19 3.051149594510916e-10
79.29 0.19 5.436989167573209e-11
79.29 5.25 9.090834235576087e-25
79.29 5.25 1.7869358288854034e-9
79.29 5.25 6.030043818643259e-11
79.29 6.3 5.930397823320467e-10
79.29 14.19 0.20692676501777812
79.29 14.19 0.00016417093124901914
79.29 14.55 0.05151047170333443
79.29 14.55 1.0369715870066297e-15
79.29 14.55 0.05151063808051059
79.29 17.99 0.05644195851901602
79.29 17.99 0.05643969631334933
79.29 17.99 1.4382397874612747e-16
79.29 22.02 6.559744598486899e-12
79.29 55.93 0.0020985903512434783
79.29 55.93 0.00209838236393752
79.29 55.93 2.3766731745810905e-18
79.29 56.57 8.311179289387035e-18
79.29 56.57 0.002262864554495541
79.29 56.57 0.0022631739074238225
79.29 56.67 0.0037818722415221026
79.29 64.11 9.830982482568428e-18
79.29 64.11 0.008665500745386974
79.29 64.11 0.008657828984584505
79.29 64.12 0.005170589367104042
79.29 64.12 0.005178252969774886
79.29 64.12 1.5084103949811718e-18
79.29 65.41 0.028460096413150376
79.29 65.41 1.0841979240788029e-6
79.29 68.17 1.4745278760939904e-18
79.29 68.17 0.0010868550713061158
79.29 68.17 0.0010867305317219197
79.29 70.24 6.727086458155196e-10
79.29 70.24 1.2943209159710973e-23
79.29 70.24 9.497812117678759e-10
79.29 70.47 5.08554788347324e-8
79.29 70.48 7.043701994114975e-10
79.29 70.48 5.564195556144132e-24
79.29 71.91 2.4586580248169902e-8
79.29 76.72 8.475851998218485e-9
79.29 76.73 1.276080601485759e-10
79.29 76.73 1.0699431799907271e-24
79.29 77.96 1.6834635234972845e-22
79.29 77.96 3.801651942424911e-10
79.29 77.96 5.468004238795746e-10
79.29 78.32 1.0926578874189737e-8
79.29 78.33 2.3315736758961684e-13
79.29 81.08 6.641042994779676e-11
79.29 81.08 2.785680596413298e-10
79.29 81.08 5.1613443988846756e-24
79.29 121.56 2.5971933505985587e-7
79.29 123.2 5.544823457452488e-7
79.29 123.48 1.1924244471418971e-10
79.29 123.48 1.7618215124533013e-25
79.29 124.62 3.1370672437744905e-7
79.29 124.8 1.728449288666709e-9
79.29 125.52 1.2790879653809152e-12
79.29 125.53 1.5644949940802501e-24
79.29 125.67 3.732076562529892e-11
79.29 128.69 4.5245988857741465e-9
79.29 128.75 1.3211083330812186e-10
79.29 128.75 4.554958833387088e-25
79.29 129.38 4.818081604548133e-13
79.29 129.39 5.411653706928984e-24
79.29 129.55 3.243579914318329e-8
79.29 130.52 2.1960683517601156e-9
79.29 133.57 4.3388085555029904e-12
79.29 134.08 2.080714647811688e-7
79.29 134.08 2.1251211588034515e-7
79.29 134.3 1.5711692152591136e-22
79.29 134.73 3.4946035240554794e-6
79.29 134.85 4.35787337601967e-9
79.29 135.58 3.780852335731711e-10
79.29 135.65 7.465979919666672e-24
79.29 135.68 2.2829918651884033e-9
79.29 136.66 1.132347778445025e-22
79.29 136.76 2.0703790758611033e-7
79.29 136.77 2.1894546577949954e-7
79.29 137.44 2.0736553317004614e-9
79.29 137.5 1.4506392106272873e-8
79.29 139.51 3.725535321538717e-7
79.29 139.53 2.905577855534152e-23
79.29 139.54 6.592300413309379e-9
79.29 139.73 2.5829788980111507e-21
79.29 139.79 2.134272482663416e-6
79.29 139.8 1.846484910484301e-6
79.29 140.69 3.2306942775547033e-21
79.29 140.73 2.6708177777853994e-6
79.29 140.77 2.5396481477098107e-6
79.29 141.04 1.2188783043716036e-5
79.48 0.0 2.2085747309785542e-10
79.48 0.0 1.8962650078091094e-11
79.48 5.06 1.1552134184217252e-9
79.48 5.06 3.8717655407864515e-26
79.48 5.06 3.8256064899167965e-11
79.48 6.11 4.9247583359151326e-11
79.48 14.0 2.7447225055017816e-23
79.48 14.0 5.807328204190012e-23
79.48 14.36 0.06904321075279125
79.48 14.36 0.20487082100595094
79.48 14.36 0.036050091288107586
79.48 17.8 0.06226633737700103
79.48 17.8 0.05022610443948861
79.48 17.8 0.0006463500401226308
79.48 21.83 4.384300401650068e-26
79.48 55.74 0.00442348129607852
79.48 55.74 0.005475697332535937
79.48 55.74 5.6733335469781776e-5
79.48 56.38 0.007025598793889338
79.48 56.38 0.0023465888590958705
79.48 56.38 0.0012202449512809497
79.48 56.48 1.5211307723561068e-24
79.48 63.92 0.024771390890446224
79.48 63.92 0.004341434617073018
79.48 63.92 0.00831924930824635
79.48 63.93 0.006453117899378731
79.48 63.93 0.005220721960112736
79.48 63.93 6.587610335136725e-5
79.48 65.22 3.9114294185506286e-24
79.48 65.22 8.270398431564338e-24
79.48 67.98 5.700912920300293e-6
79.48 67.98 0.0005489233061591492
79.48 67.98 0.00044289552528256664
79.48 70.05 9.47895938440148e-25
79.48 70.05 9.975375813857977e-11
79.48 70.05 7.81147650520929e-14
79.48 70.28 4.174046754833433e-8
79.48 70.28 9.123964976008786e-25
79.48 70.28 7.13187804511067e-10
79.48 71.72 1.8118289337938174e-8
79.48 76.53 7.762665843433526e-9
79.48 76.54 2.7944778206797227e-25
79.48 76.54 6.02107406986768e-11
79.48 77.77 3.7997110150846877e-10
79.48 77.77 2.659335183699716e-22
79.48 77.77 4.010707765971908e-11
79.48 78.13 8.63597085143721e-9
79.48 78.13 1.0660693909936357e-11
79.48 80.88 7.674472011521874e-12
79.48 80.88 3.443742386490577e-24
79.48 80.88 1.706508435270572e-10
79.48 121.37 4.5867585137477726e-7
79.48 123.01 1.1338956570851339e-6
79.48 123.29 1.9012127075275873e-27
79.48 123.29 3.43994896196593e-11
79.48 124.43 6.683405155826364e-7
79.48 124.61 1.5980333931143496e-9
79.48 125.33 1.9989362865748104e-29
79.48 125.33 3.7624573147711743e-10
79.48 125.48 1.6928446506001723e-11
79.48 128.5 4.1208671014418585e-9
79.48 128.56 1.2357355542967176e-27
79.48 128.56 7.318408195116385e-11
79.48 129.19 1.806305809948682e-29
79.48 129.2 1.4363805136517664e-9
79.48 129.36 1.329322371161142e-7
79.48 130.33 1.720322341413634e-9
79.48 133.37 3.122226319155801e-29
79.48 133.89 7.167494782181397e-6
79.48 133.89 5.57100047326679e-6
79.48 134.1 8.995343978313768e-8
79.48 134.53 4.610744470416998e-28
79.48 134.66 1.1511109665746083e-27
79.48 135.39 6.730729474174371e-10
79.48 135.46 5.003339661969979e-10
79.48 135.49 1.7496441262590253e-28
79.48 136.47 2.5967790291420627e-5
79.48 136.57 4.010025566920451e-6
79.48 136.58 7.88609375160613e-6
79.48 137.25 2.3886245171945837e-9
79.48 137.31 7.2531301559744805e-9
79.48 139.32 1.1907537743921565e-6
79.48 139.34 1.1263617547242334e-6
79.48 139.34 5.580793831312745e-27
79.48 139.54 5.8229332704626654e-5
79.48 139.6 9.854584698105068e-6
79.48 139.61 1.7895455239304286e-5
79.48 140.5 2.876666633402912e-7
79.48 140.54 3.0442087100057497e-5
79.48 140.58 2.5960056704121767e-5
79.48 140.85 4.467219278760888e-27
79.48 0.0 7.783854927736001e-11
79.48 5.06 5.812190275438971e-11
79.48 5.06 9.442640629783973e-27
79.48 5.06 1.82874426084668e-11
79.48 6.11 1.0522565508673442e-10
79.48 14.0 8.897894483768084e-23
79.48 14.0 1.1350049861014878e-22
79.48 14.36 0.13760146444111887
79.48 14.36 0.0017707252636020962
79.48 14.36 0.17059470316762873
79.48 17.8 0.013157989542011864
79.48 17.8 0.02520124773774479
79.48 17.8 0.07477975147066108
79.48 21.83 2.2903895951282962e-26
79.48 55.74 0.002192250055202953
79.48 55.74 0.0011399025626841666
79.48 55.74 0.006559292252564617
79.48 56.38 6.075650189647259e-5
79.48 56.38 0.00473313639169868
79.48 56.38 0.0058594075066164
79.48 56.48 3.2015643159313166e-24
79.48 63.92 0.0002131936060465751
79.48 63.92 0.020646976115116025
79.48 63.92 0.016669210778462912
79.48 63.93 0.001341433464880936
79.48 63.93 0.0025739641282468413
79.48 63.93 0.0077284663078275246
79.48 65.22 1.2486138571316998e-23
79.48 65.22 1.712603967765975e-23
79.48 67.98 0.0006592776417410408
79.48 67.98 0.000115971053463952
79.48 67.98 0.00022214113537245413
79.48 70.05 1.0035238485546081e-22
79.48 70.05 1.0599190465241203e-8
79.48 70.05 3.7230333349452766e-11
79.48 70.28 3.0790963362485623e-9
79.48 70.28 4.707579265443194e-24
79.48 70.28 3.5824424382028083e-9
79.48 71.72 5.349498048691711e-9
79.48 76.53 6.905936310952997e-10
79.48 76.54 6.200717704112249e-28
79.48 76.54 1.7758299360107195e-14
79.48 77.77 1.2920894475644165e-11
79.48 77.77 1.4120121031040373e-23
79.48 77.77 3.349390688747736e-11
79.48 78.13 2.078876385453897e-9
79.48 78.13 4.1364949178274864e-14
79.48 80.88 7.231581546962044e-12
79.48 80.88 3.001916413868019e-25
79.48 80.88 1.4868012765635288e-11
79.48 121.37 2.2601623452521233e-8
79.48 123.01 2.2914042880557774e-9
79.48 123.29 4.410434176626156e-25
79.48 123.29 8.316530985199297e-9
79.48 124.43 4.030043145397038e-8
79.48 124.61 2.320629886589541e-10
79.48 125.33 4.08273746633819e-28
79.48 125.33 5.5017772652479435e-8
79.48 125.48 6.416858295156693e-12
79.48 128.5 1.7222417735272228e-11
79.48 128.56 1.9703845694552697e-25
79.48 128.56 1.3707854406201306e-8
79.48 129.19 2.1747128361859097e-28
79.48 129.2 1.6099202178979902e-7
79.48 129.36 1.1011824307013182e-9
79.48 130.33 1.1046641527073638e-10
79.48 133.37 5.356359864506769e-29
79.48 133.89 1.958501362572487e-6
79.48 133.89 3.5185887138708406e-6
79.48 134.1 8.978601269167145e-6
79.48 134.53 1.4208819752166735e-27
79.48 134.66 1.6933302293850462e-27
79.48 135.39 2.0788295850894337e-10
79.48 135.46 6.223799584215365e-7
79.48 135.49 8.500631862776205e-28
79.48 136.47 2.227495876614755e-7
79.48 136.57 2.0991978166205044e-5
79.48 136.58 1.716114584895701e-5
79.48 137.25 2.496089200355816e-10
79.48 137.31 1.4698182849563222e-7
79.48 139.32 1.0682002455395412e-7
79.48 139.34 3.3589416596089254e-7
79.48 139.34 1.6695497909648403e-27
79.48 139.54 3.9387498491051007e-7
79.48 139.6 5.083843322012344e-5
79.48 139.61 4.223626591351865e-5
79.48 140.5 3.511335792505475e-5
79.48 140.54 5.166369279052942e-6
79.48 140.58 9.582244301753192e-6
79.48 140.85 1.3084290030626432e-26
84.54 0.0 1.0873175782799022e-9
84.54 0.0 2.065409007208242e-9
84.54 0.0 6.910516065305836e-25
84.54 1.05 2.7248013161253606e-11
84.54 8.94 0.05404632188525514
84.54 8.94 0.015782209398830575
84.54 9.3 4.44148875574795e-16
84.54 9.3 0.052161187478157296
84.54 9.3 0.05215960159408191
84.54 12.74 0.060186122222488064
84.54 12.74 2.3703648301458458e-14
84.54 12.74 0.06018713361515332
84.54 16.77 0.13265172328468838
84.54 50.68 1.2540423146276397e-17
84.54 50.68 9.924911184021938e-5
84.54 50.68 9.955084786442843e-5
84.54 51.32 3.6545558635805004e-5
84.54 51.32 1.270104777025195e-18
84.54 51.32 3.678939410201728e-5
84.54 51.42 6.874985406193633e-11
84.54 58.86 0.001451307521108717
84.54 58.86 0.0014447958029836
84.54 58.86 1.0491590952809347e-18
84.54 58.87 0.0036455609183759976
84.54 58.87 1.591736073858136e-17
84.54 58.87 0.0036392158003909856
84.54 60.16 0.0014282216285512997
84.54 60.16 0.0004625743958327064
84.54 62.92 0.01179861032345531
84.54 62.92 0.01179876003883968
84.54 62.92 3.0938857867615665e-17
84.54 64.99 5.6314904195719707e-11
84.54 64.99 3.022245950268137e-8
84.54 64.99 1.2094020657741763e-25
84.54 65.22 1.5241289881897077e-23
84.54 65.23 1.9361254817815663e-12
84.54 65.23 1.2711373721244794e-8
84.54 66.66 4.795784330356164e-9
84.54 71.47 1.1291567034886317e-24
84.54 71.48 8.496204810875996e-13
84.54 71.48 2.5031960826380535e-12
84.54 72.71 4.667694724194644e-11
84.54 72.71 9.352453938802455e-11
84.54 72.71 2.0506809370241394e-23
84.54 73.07 4.540287872155252e-10
84.54 73.08 4.177603627999737e-11
84.54 75.83 1.8282191181843193e-26
84.54 75.83 2.683176243819816e-10
84.54 75.83 1.2223507871797543e-10
84.54 116.31 9.065385310293284e-16
84.54 117.95 1.434693890259562e-26
84.54 118.23 3.9924432806008146e-10
84.54 118.23 1.1005910223640644e-9
84.54 119.37 7.970060916948682e-11
84.54 119.55 4.84445099787092e-10
84.54 120.27 3.0924788574955125e-9
84.54 120.28 7.999482098080055e-9
84.54 120.42 2.9588539835509235e-27
84.54 123.44 2.796880715716108e-25
84.54 123.5 7.442162422733756e-10
84.54 123.5 1.9038469674231576e-9
84.54 124.13 1.2544626744002568e-8
84.54 124.14 2.236013837260809e-8
84.54 124.3 2.528674559846879e-25
84.54 125.27 1.0480540457693535e-9
84.54 128.32 2.2841492274507924e-6
84.54 128.83 1.0715912305240396e-6
84.54 128.83 2.829015069687018e-22
84.54 129.05 9.786622871941664e-7
84.54 129.48 1.0500052369489796e-6
84.54 129.6 2.3823792035159567e-7
84.54 130.33 4.2862167902888914e-26
84.54 130.4 5.4351002976223665e-8
84.54 130.43 4.415657903955656e-12
84.54 131.41 3.448096941265965e-7
84.54 131.51 3.195402014737736e-7
84.54 131.52 9.896110369306493e-23
84.54 132.19 1.004116539533238e-9
84.54 132.25 1.884830659211702e-9
84.54 134.26 3.48908701583525e-24
84.54 134.28 1.3687781806822928e-9
84.54 134.29 3.822817882750934e-10
84.54 134.48 8.161482968072744e-7
84.54 134.54 8.613686955780913e-7
84.54 134.55 2.3268683610959526e-22
84.54 135.44 3.018532890080032e-7
84.54 135.48 2.9311684295763216e-7
84.54 135.52 1.0590805551320223e-22
84.54 135.79 8.392537352025681e-11
84.54 0.0 1.4922912273076507e-9
84.54 0.0 3.613100045220491e-11
84.54 1.05 1.0659453493095016e-26
84.54 8.94 0.0506414162867394
84.54 8.94 0.019186833909192656
84.54 9.3 0.05215871162394869
84.54 9.3 0.05215866341039663
84.54 9.3 1.3733505045629182e-15
84.54 12.74 2.4959554817658474e-14
84.54 12.74 0.06018747267346087
84.54 12.74 0.060189157590112466
84.54 16.77 0.13265182830114436
84.54 50.68 9.922950092364502e-5
84.54 50.68 1.7954190090629855e-17
84.54 50.68 9.954671741731426e-5
84.54 51.32 3.656233706064985e-5
84.54 51.32 3.679620505312816e-5
84.54 51.32 1.3139928057163586e-18
84.54 51.42 7.059039948277087e-11
84.54 58.86 0.0014544937214142771
84.54 58.86 1.0773958742087163e-18
84.54 58.86 0.0014421915545001181
84.54 58.87 9.810419637432432e-18
84.54 58.87 0.0036481486873831868
84.54 58.87 0.003635901402276026
84.54 60.16 0.0014079598702116717
84.54 60.16 0.00048280665167438726
84.54 62.92 0.011798721520531456
84.54 62.92 3.803862195684589e-17
84.54 62.92 0.01179883720998853
84.54 64.99 8.246685353469994e-12
84.54 64.99 3.2967896588101435e-8
84.54 64.99 3.1820656627013105e-10
84.54 65.22 2.5016275888751575e-8
84.54 65.23 6.917651723274206e-11
84.54 65.23 1.200193424828322e-8
84.54 66.66 5.7812523428075666e-24
84.54 71.47 8.280008168049301e-10
84.54 71.48 7.815815332740388e-12
84.54 71.48 1.45928583098379e-12
84.54 72.71 1.4092266053229734e-10
84.54 72.71 8.038815842945968e-11
84.54 72.71 2.1125138710811406e-12
84.54 73.07 1.905251574260343e-24
84.54 73.08 6.726698061058578e-27
84.54 75.83 4.15899066258972e-12
84.54 75.83 1.6839792110635254e-10
84.54 75.83 2.580308227607601e-10
84.54 116.31 2.3576171091705508e-27
84.54 117.95 3.057641391781893e-11
84.54 118.23 3.863320897261018e-10
84.54 118.23 1.2203797087173893e-9
84.54 119.37 7.6899986510823e-26
84.54 119.55 8.278109640895287e-26
84.54 120.27 3.181505317587109e-9
84.54 120.28 7.954343170487413e-9
84.54 120.42 2.508332846855045e-11
84.54 123.44 1.8712179966856116e-9
84.54 123.5 9.41593235494559e-10
84.54 123.5 1.890544125311489e-9
84.54 124.13 1.2374574115891695e-8
84.54 124.14 2.2522048805190175e-8
84.54 124.3 1.933795083438084e-10
84.54 125.27 4.614748932605369e-26
84.54 128.32 2.276266838021788e-6
84.54 128.83 2.47849733173564e-22
84.54 128.83 1.0730456511902036e-6
84.54 129.05 9.720750177030544e-7
84.54 129.48 1.1112513912555319e-6
84.54 129.6 1.841681355442505e-7
84.54 130.33 1.8504083456997215e-10
84.54 130.4 6.308134613406686e-8
84.54 130.43 4.106482591771023e-10
84.54 131.41 3.436219386414547e-7
84.54 131.51 8.794896816334416e-23
84.54 131.52 3.191517605854491e-7
84.54 132.19 5.299264009971485e-26
84.54 132.25 7.915002669097484e-25
84.54 134.26 3.1399000159277137e-9
84.54 134.28 4.5453810490813285e-8
84.54 134.29 3.5038292801586767e-10
84.54 134.48 7.66444961688661e-7
84.54 134.54 2.055906544088297e-22
84.54 134.55 8.780227942106277e-7
84.54 135.44 3.059824583632031e-7
84.54 135.48 9.019248162764226e-23
84.54 135.52 2.738100241125711e-7
84.54 135.79 7.524772756453469e-11
84.54 0.0 6.953902919168622e-11
84.54 1.05 1.742293301146043e-11
84.54 8.94 5.5331353616021734e-5
84.54 8.94 0.06977231546936498
84.54 9.3 0.052160568806801304
84.54 9.3 8.089724032208797e-16
84.54 9.3 0.05215838430258657
84.54 12.74 0.06018750033412268
84.54 12.74 0.06018780068618997
84.54 12.74 9.410018541417684e-17
84.54 16.77 0.13265239399904422
84.54 50.68 9.982408761715474e-5
84.54 50.68 9.984204838046615e-5
84.54 50.68 5.031159046227971e-20
84.54 51.32 2.8956447295329383e-20
84.54 51.32 3.6047569998436657e-5
84.54 51.32 3.606623693241804e-5
84.54 51.42 3.1557804770522745e-13
84.54 58.86 7.33455580582921e-19
84.54 58.86 0.0014607826337188464
84.54 58.86 0.0014635030848732366
84.54 58.87 0.0036296359651974987
84.54 58.87 0.0036269019430786456
84.54 58.87 4.640430952741384e-18
84.54 60.16 7.136596545839532e-8
84.54 60.16 0.0018904700832638786
84.54 62.92 6.7537618598500605e-18
84.54 62.92 0.011798844544057156
84.54 62.92 0.011798794629444295
84.54 64.99 3.6915868030739573e-9
84.54 64.99 5.175805757750146e-23
84.54 64.99 4.780881949153072e-10
84.54 65.22 6.650341736187058e-8
84.54 65.23 2.014370185046682e-9
84.54 65.23 1.0206772805893557e-23
84.54 66.66 2.5429211189771207e-8
84.54 71.47 5.675631654571124e-9
84.54 71.48 2.095799546970917e-10
84.54 71.48 1.669866498154524e-24
84.54 72.71 1.5775284581758238e-24
84.54 72.71 4.214286355651015e-13
84.54 72.71 2.3109217596191908e-11
84.54 73.07 8.77489585207088e-9
84.54 73.08 2.439316175027254e-11
84.54 75.83 4.729955502607443e-13
84.54 75.83 1.6333979256600863e-10
84.54 75.83 3.069616703783405e-24
84.54 116.31 1.0204334533435483e-11
84.54 117.95 6.086733682628981e-11
84.54 118.23 1.7210313806276764e-9
84.54 118.23 6.858531112219792e-25
84.54 119.37 3.4393290669439246e-10
84.54 119.55 3.2333900174122334e-10
84.54 120.27 1.5655435396349358e-8
84.54 120.28 4.114729007579682e-24
84.54 120.42 4.830492536357904e-12
84.54 123.44 6.506664869406924e-10
84.54 123.5 6.070736002128763e-9
84.54 123.5 1.0757648933502122e-24
84.54 124.13 6.932324274336181e-8
84.54 124.14 1.1594848902710018e-23
84.54 124.3 1.17496272236352e-9
84.54 125.27 9.691067027171086e-11
84.54 128.32 1.7098882021205e-6
84.54 128.83 1.0226468540790893e-6
84.54 128.83 1.020206007133897e-6
84.54 129.05 5.041141865414281e-22
84.54 129.48 8.162765240680555e-10
84.54 129.6 1.5159431894255915e-6
84.54 130.33 1.3718885701652487e-10
84.54 130.4 3.0000961313907253e-23
84.54 130.43 3.103924609296304e-7
84.54 131.41 1.7788469357495338e-22
84.54 131.51 3.627791917907417e-7
84.54 131.52 3.668849184831221e-7
84.54 132.19 1.24150348327845e-10
84.54 132.25 3.3806743772112707e-9
84.54 134.26 1.623832321149049e-8
84.54 134.28 1.0370715141272951e-23
84.54 134.29 1.3501023367136495e-8
84.54 134.48 4.1075061981457017e-22
84.54 134.54 8.344525342702822e-7
84.54 134.55 8.106765571196912e-7
84.54 135.44 1.568216392682747e-22
84.54 135.48 3.766247298162204e-7
84.54 135.52 4.2086875035194584e-7
84.54 135.79 2.5365434136829854e-12
85.59 0.0 1.0720566256091177e-10
85.59 7.89 5.151129839821397e-26
85.59 7.89 1.3824996697252036e-25
85.59 8.25 2.6471108108650707e-12
85.59 8.25 1.18318117801783e-13
85.59 8.25 3.210214645078652e-13
85.59 11.69 0.1270650128624968
85.59 11.69 0.12706171631964697
85.59 11.69 0.1270626693125247
85.59 15.72 2.481134777154222e-25
85.59 49.63 0.00012480978196704624
85.59 49.63 0.00012483118392203472
85.59 49.63 0.00012492572244862256
85.59 50.27 4.678601325249867e-13
85.59 50.27 1.4184098832466634e-9
85.59 50.27 1.315876874223125e-9
85.59 50.37 8.884849526356005e-28
85.59 57.81 4.699212997755195e-10
85.59 57.81 1.1218756670291424e-8
85.59 57.81 1.9934642623951698e-8
85.59 57.82 0.003784681719091508
85.59 57.82 0.0037845204528973585
85.59 57.82 0.003784418096556435
85.59 59.11 6.23073426557079e-26
85.59 59.11 3.49923779362113e-26
85.59 61.87 0.028456975655463842
85.59 61.87 0.028456751310694996
85.59 61.87 0.02845659178841291
85.59 63.94 1.210180203518801e-21
85.59 63.94 1.2811023654551178e-7
85.59 63.94 1.2585156615478377e-9
85.59 64.17 1.9725229812071005e-7
85.59 64.17 6.599565661762138e-23
85.59 64.17 5.0078650692094285e-8
85.59 65.61 6.27058237694459e-8
85.59 70.42 1.7214242026510446e-8
85.59 70.43 2.0183578013730077e-26
85.59 70.43 1.8745849395525787e-12
85.59 71.66 2.400333968441842e-11
85.59 71.66 3.612558002223036e-23
85.59 71.66 1.2655411600334268e-10
85.59 72.02 1.529566104237895e-8
85.59 72.02 1.7117008742204516e-11
85.59 74.78 1.3754533587623737e-11
85.59 74.78 1.6300725676451587e-24
85.59 74.78 8.269069461436627e-11
85.59 115.26 1.52493373929104e-8
85.59 116.9 4.3920637131021194e-8
85.59 117.18 6.551395823180458e-25
85.59 117.18 1.2352007317081451e-8
85.59 118.32 3.2291975914204894e-8
85.59 118.5 6.595548990388019e-10
85.59 119.22 6.393817045657519e-28
85.59 119.22 8.087369315052227e-8
85.59 119.37 9.711773166437477e-16
85.59 122.39 1.012985907186152e-9
85.59 122.45 2.374728241174843e-25
85.59 122.45 1.654126106351171e-8
85.59 123.08 1.2218865619492106e-28
85.59 123.09 2.0576595129329426e-7
85.59 123.25 1.2415603691973902e-8
85.59 124.22 4.3719921414341324e-10
85.59 127.26 1.7866857890062353e-29
85.59 127.78 9.221748027739104e-6
85.59 127.78 9.209053149799885e-6
85.59 127.99 8.65979732713584e-6
85.59 128.42 6.90036738564812e-29
85.59 128.55 4.4932595897315386e-29
85.59 129.28 3.9596567179678526e-10
85.59 129.35 5.172054074287504e-7
85.59 129.38 4.723171992823205e-28
85.59 130.36 2.1479314109988616e-12
85.59 130.46 6.815108950818105e-10
85.59 130.47 8.028389193542652e-10
85.59 131.14 1.2748531351728948e-9
85.59 131.2 3.2803763208684653e-11
85.59 133.21 3.320768856065441e-8
85.59 133.23 7.865471328481811e-8
85.59 133.24 3.148778300145265e-28
85.59 133.43 2.040338906532479e-9
85.59 133.49 1.3327326610804607e-9
85.59 133.5 7.812968051788825e-9
85.59 134.39 4.711068103265982e-6
85.59 134.43 4.975005471575931e-6
85.59 134.47 5.051430763573953e-6
85.59 134.74 2.2374427810988715e-29
93.48 0.0 3.3134446033633324e-9
93.48 0.0 6.275301988079464e-11
93.48 0.36 1.8662642690029236e-10
93.48 0.36 3.1600077287210474e-9
93.48 0.36 7.188581953004449e-23
93.48 3.8 1.1830212981221773e-22
93.48 3.8 2.883430930121156e-10
93.48 3.8 1.1694261951086478e-9
93.48 7.83 6.229971351401791e-10
93.48 41.74 8.813461005351275e-11
93.48 41.74 1.5792239766219578e-23
93.48 41.74 5.129508014707692e-10
93.48 42.38 5.755561831987332e-12
93.48 42.38 1.3921854728555429e-9
93.48 42.38 5.2015004912893504e-23
93.48 42.47 1.0109742427574169e-11
93.48 49.92 3.729353309101041e-11
93.48 49.92 8.805035273192663e-24
93.48 49.92 1.8925709051976986e-8
93.48 49.93 4.3334836128325165e-23
93.48 49.93 1.4589262680572747e-8
93.48 49.93 4.690165708008012e-9
93.48 51.22 3.6940230992216736e-11
93.48 51.22 1.8905257906185112e-9
93.48 53.98 6.033817746487822e-8
93.48 53.98 2.056366003150641e-22
93.48 53.98 8.11788870782615e-8
93.48 56.05 0.009910117175768719
93.48 56.05 0.010556790555365729
93.48 56.05 1.0538805960292413e-5
93.48 56.28 0.01031859432197402
93.48 56.28 0.002673305249659893
93.48 56.28 0.0021790904560471075
93.48 57.72 2.0650609604747479e-25
93.48 62.53 0.0013578663437097682
93.48 62.54 0.0003755773915789509
93.48 62.54 0.0003089902560786311
93.48 63.77 0.004222276921179714
93.48 63.77 0.003956548547494708
93.48 63.77 4.329001543313301e-6
93.48 64.13 8.41645765287211e-26
93.48 64.13 5.211101121867869e-26
93.48 66.88 9.755090671014797e-6
93.48 66.88 0.008919498976266524
93.48 66.88 0.009519220948394677
93.48 107.37 3.043315691123755e-29
93.48 109.01 2.991000722343416e-8
93.48 109.29 3.7295606472739536e-5
93.48 109.29 3.927292996295628e-5
93.48 110.43 3.648587568596567e-28
93.48 110.61 6.112946758235519e-28
93.48 111.33 7.14103792597048e-5
93.48 111.33 6.0215250230732984e-5
93.48 111.48 0.00020396596696495382
93.48 114.5 0.0004243520654958255
93.48 114.56 0.0001626381879658413
93.48 114.56 0.00013822950550859502
93.48 115.19 0.0007326671370642182
93.48 115.2 0.0007946840865909342
93.48 115.36 9.248239344720705e-7
93.48 116.33 2.5702338930888816e-26
93.48 119.37 1.526788550762745e-5
93.48 119.89 8.904617337716483e-28
93.48 119.89 4.902241289210439e-9
93.48 120.1 2.670823563638141e-5
93.48 120.53 1.0848656039260987e-9
93.48 120.66 8.691786673460904e-6
93.48 121.39 8.199493883249172e-5
93.48 121.46 2.599646368038449e-5
93.48 121.49 3.430028038333777e-5
93.48 122.47 1.0490401382506408e-10
93.48 122.57 2.3268481490238717e-29
93.48 122.58 1.5284459143183768e-9
93.48 123.25 5.476586226860029e-29
93.48 123.31 2.8125559413793887e-28
93.48 125.32 3.866879504185431e-8
93.48 125.33 3.840264827454683e-5
93.48 125.34 3.7726197030789576e-5
93.48 125.54 7.110838471574635e-7
93.48 125.6 1.4552353701611332e-28
93.48 125.61 9.734360827348851e-10
93.48 126.5 1.5098571714661416e-6
93.48 126.53 2.2698771876384366e-28
93.48 126.58 7.237891307461571e-13
93.48 126.85 2.3460279624757024e-9
93.48 0.0 3.160101894830073e-12
93.48 0.36 6.690450194566332e-12
93.48 0.36 4.5793978155687395e-12
93.48 0.36 1.61385211823296e-25
93.48 3.79 1.4509634480997726e-25
93.48 3.79 2.7981723454841453e-13
93.48 3.8 6.732031765257029e-14
93.48 7.83 1.9977042426110637e-12
93.48 41.74 1.8714995566965456e-9
93.48 41.74 3.350902542831777e-22
93.48 41.74 1.0395481869052875e-11
93.48 42.38 3.436075869442245e-13
93.48 42.38 1.4274687212363599e-9
93.48 42.38 5.33222813825395e-23
93.48 42.47 8.494435579531968e-12
93.48 49.92 3.7138436498862246e-10
93.48 49.92 4.3775264340114335e-26
93.48 49.92 1.1222257359517596e-10
93.48 49.93 3.4932759326777946e-26
93.48 49.93 1.1277571556391317e-11
93.48 49.93 1.9208368713683778e-12
93.48 51.22 4.560767380528866e-10
93.48 51.22 2.7285072381140593e-12
93.48 53.98 5.895347015578484e-11
93.48 53.98 1.1690268956798482e-24
93.48 53.98 5.035819844288617e-10
93.48 56.05 0.003532452872524627
93.48 56.05 0.002885715843670452
93.48 56.05 0.013433221650490487
93.48 56.28 8.073956780253417e-6
93.48 56.28 0.007644801254423747
93.48 56.28 0.00813907877918094
93.48 57.72 1.49670515912762e-25
93.48 62.53 1.0782169370382616e-6
93.48 62.54 0.000990389023176099
93.48 62.54 0.0010568996902345063
93.48 63.77 0.001232959233098941
93.48 63.77 0.0014988849836173543
93.48 63.77 0.00545116626299509
93.48 64.13 9.946705096047479e-27
93.48 64.13 2.3837388934506277e-26
93.48 66.88 0.01229098351443122
93.48 66.88 0.0033798612666241274
93.48 66.88 0.0027801987831410214
93.48 107.37 5.218204729200933e-29
93.48 109.01 3.693929287325555e-5
93.48 109.29 1.0064353398938457e-5
93.48 109.29 7.997422153941027e-6
93.48 110.43 1.73819536819545e-28
93.48 110.61 8.888288635237354e-28
93.48 111.33 0.0001376101451148025
93.48 111.33 0.0001487271599285458
93.48 111.48 1.6347754279027836e-7
93.48 114.5 3.440181720255939e-7
93.48 114.56 0.0002613548445693465
93.48 114.56 0.0002859663298537153
93.48 115.19 0.00037529426761972025
93.48 115.2 0.00031566663834297086
93.48 115.36 0.001152716147811413
93.48 116.33 8.832388463174575e-27
93.48 119.37 2.5263962471268988e-6
93.48 119.89 1.08159632173077e-25
93.48 119.89 6.941165022745563e-7
93.48 120.1 6.560438412766813e-6
93.48 120.53 1.9794608106929483e-8
93.48 120.66 1.0070110591647456e-5
93.48 121.39 6.357587852738668e-8
93.48 121.46 5.6965708791444795e-5
93.48 121.49 4.827163795459016e-5
93.48 122.47 3.731049053644935e-9
93.48 122.57 4.2962925160760454e-27
93.48 122.58 1.464604288738134e-6
93.48 123.25 1.189511690053394e-28
93.48 123.31 3.3244626444968497e-28
93.48 125.32 4.8169265665153795e-5
93.48 125.33 1.094699207752251e-5
93.48 125.34 1.3579086964678094e-5
93.48 125.54 1.8321161778908967e-7
93.48 125.6 1.4700354173661965e-26
93.48 125.61 9.190617569602597e-7
93.48 126.5 1.4499907053827582e-8
93.48 126.53 5.823148412754624e-29
93.48 126.58 2.379808275926364e-7
93.48 126.85 1.0025817216559627e-9
93.84 0.0 5.5444212097972635e-11
93.84 0.0 2.068979238866065e-24
93.84 0.0 2.2965621048176015e-11
93.84 3.44 1.4763150029588396e-12
93.84 3.44 1.8171629301821311e-10
93.84 3.44 5.1698882520072025e-25
93.84 7.47 1.0269954714166801e-11
93.84 41.38 4.911373346671084e-10
93.84 41.38 2.255688573295018e-10
93.84 41.38 2.285708427023721e-25
93.84 42.03 4.5780277467822706e-24
93.84 42.03 3.176529880099317e-10
93.84 42.03 4.457615993673472e-11
93.84 42.12 7.039913360298904e-10
93.84 49.56 8.796076059381805e-24
93.84 49.56 2.1965068648963517e-9
93.84 49.56 4.1804722988786145e-9
93.84 49.58 6.083318862777693e-10
93.84 49.58 1.64780250679885e-9
93.84 49.58 5.78468123193047e-24
93.84 50.86 2.433659732559446e-9
93.84 50.86 5.0793120579885465e-12
93.84 53.62 3.2284109365252944e-23
93.84 53.62 1.1033002094228113e-8
93.84 53.62 3.228094480027322e-8
93.84 55.69 0.006979893931914536
93.84 55.69 1.8406031311650377e-16
93.84 55.7 0.007228036872780212
93.84 55.92 0.008551096793087503
93.84 55.93 0.008808388719314416
93.84 55.93 1.65431149145235e-17
93.84 57.36 0.009334801952135327
93.84 62.18 0.0016562960925387473
93.84 62.18 0.0016486378859652962
93.84 62.18 4.7501922559020404e-17
93.84 63.41 1.31419004211921e-15
93.84 63.41 0.0032692799270824615
93.84 63.41 0.003269325494400887
93.84 63.77 0.0007327089367549956
93.84 63.78 0.0021591406560522142
93.84 66.53 0.006088214865680031
93.84 66.53 0.006088335131224056
93.84 66.53 5.5170681912488875e-17
93.84 107.01 4.817235268707554e-8
93.84 108.65 1.8697708669813533e-5
93.84 108.93 1.898701067497842e-5
93.84 108.93 1.1742566622769486e-19
93.84 110.07 3.0216141227045283e-5
93.84 110.25 1.1379465659447433e-5
93.84 110.97 0.00014380843077286388
93.84 110.98 1.0334169544225189e-18
93.84 111.12 0.000155239298696115
93.84 114.14 0.0003941205569619614
93.84 114.2 0.0003291418605271788
93.84 114.2 2.6111818958679315e-18
93.84 114.83 0.000491175919794919
93.84 114.84 3.4248803855072624e-18
93.84 115.0 0.00042239444159436284
93.84 115.97 0.00070439423979881
93.84 119.02 4.9856341286111515e-6
93.84 119.53 2.9399835375660685e-7
93.84 119.53 2.567200622894457e-7
93.84 119.75 1.1799137729477773e-19
93.84 120.18 5.053249547335392e-8
93.84 120.3 2.1367254283615798e-5
93.84 121.03 0.00011895048404728358
93.84 121.1 7.703697082788409e-19
93.84 121.14 9.795441097423997e-5
93.84 122.12 1.0614925322884601e-23
93.84 122.22 1.9516357473069193e-6
93.84 122.22 2.7066312829901765e-7
93.84 122.89 5.051160040899692e-7
93.84 122.95 1.264327115184393e-6
93.84 124.96 2.927911198897474e-6
93.84 124.98 2.058056002601003e-20
93.84 124.99 2.945818813276129e-6
93.84 125.18 4.849308249267249e-22
93.84 125.24 2.9168116538584057e-7
93.84 125.25 3.580404094949226e-8
93.84 126.14 3.9811330086411374e-22
93.84 126.18 7.477340127063431e-6
93.84 126.22 6.638265466635841e-10
93.84 126.49 1.562033092921945e-9
93.84 0.0 3.1310203324842494e-9
93.84 0.0 1.3986768451142415e-10
93.84 3.44 9.537234298225659e-11
93.84 3.44 3.812106227802466e-23
93.84 3.44 9.87644250533994e-10
93.84 7.47 6.312492835453701e-10
93.84 41.38 1.2032981404923835e-23
93.84 41.38 5.857434950359496e-11
93.84 41.38 5.790351506045797e-10
93.84 42.03 4.4133270345323353e-13
93.84 42.03 4.042645783193263e-23
93.84 42.03 1.06645731015962e-9
93.84 42.12 9.356856858721224e-13
93.84 49.56 1.850869602144263e-10
93.84 49.56 1.3144005153131237e-8
93.84 49.56 8.497428204638966e-23
93.84 49.58 9.799091411981011e-9
93.84 49.58 7.825675906396688e-23
93.84 49.58 5.3333335159281015e-9
93.84 50.86 3.1542465099030044e-10
93.84 50.86 2.5058186528199455e-9
93.84 53.62 7.827627265838259e-8
93.84 53.62 3.295054765434529e-8
93.84 53.62 7.677332074030467e-22
93.84 55.69 0.007468866666966776
93.84 55.69 0.007471726259139037
93.84 55.7 1.317619959196864e-16
93.84 55.92 1.5557400059367165e-16
93.84 55.93 0.008317666640135129
93.84 55.93 0.008314601326160711
93.84 57.36 0.009351404254348196
93.84 62.18 3.0287220530603816e-17
93.84 62.18 0.0016462996876377995
93.84 62.18 0.0016464006475121738
93.84 63.41 0.003269444080924595
93.84 63.41 0.003269771276561622
93.84 63.41 5.414358197982078e-16
93.84 63.77 0.002878451043476702
93.84 63.78 1.5339836031764418e-8
93.84 66.53 1.137922622281371e-16
93.84 66.53 0.0060899707590912405
93.84 66.53 0.006089658599294401
93.84 107.01 6.103728976896917e-13
93.84 108.65 3.4227391283513e-19
93.84 108.93 2.7604531996887998e-5
93.84 108.93 2.7491385689809925e-5
93.84 110.07 8.446088714875723e-11
93.84 110.25 4.065772246160698e-5
93.84 110.97 0.0001740363990045081
93.84 110.98 0.00017370209933352646
93.84 111.12 2.837345464369572e-18
93.84 114.14 7.200615344045064e-18
93.84 114.2 0.00044149921481108606
93.84 114.2 0.000439953941983687
93.84 114.83 0.00032209441367076565
93.84 114.84 0.0003256847814952901
93.84 115.0 7.730686899030525e-18
93.84 115.97 0.0006984258763299737
93.84 119.02 8.756180460710788e-6
93.84 119.53 4.982701013738177e-9
93.84 119.53 2.150436595449658e-21
93.84 119.75 9.929508024509797e-6
93.84 120.18 4.481626974881959e-9
93.84 120.3 4.6307007643966144e-7
93.84 121.03 2.1763054367896485e-18
93.84 121.1 0.00013236465963548674
93.84 121.14 0.0001354174096701768
93.84 122.12 2.6841994237096935e-9
93.84 122.22 2.1822108155987264e-10
93.84 122.22 4.583923728087728e-21
93.84 122.89 8.861057793133843e-7
93.84 122.95 2.777356082217954e-12
93.84 124.96 5.34200684750891e-20
93.84 124.98 3.090092049536669e-6
93.84 124.99 3.5097156176875505e-6
93.84 125.18 1.2404437351221654e-7
93.84 125.24 5.05336432264104e-11
93.84 125.25 8.686738089532651e-22
93.84 126.14 1.0168155476362409e-6
93.84 126.18 4.387314049070159e-10
93.84 126.22 5.0708679878837444e-24
93.84 126.49 7.613357047367422e-9
93.84 0.0 3.040787680087695e-11
93.84 3.44 8.930673263482339e-12
93.84 3.44 5.057999109958894e-11
93.84 3.44 2.6470296864708452e-11
93.84 7.47 1.3352086308247155e-23
93.84 41.38 2.494987620953408e-10
93.84 41.38 2.0782590386219127e-11
93.84 41.38 6.7764466084041125e-12
93.84 42.03 6.34692766749372e-10
93.84 42.03 3.1136514780057683e-11
93.84 42.03 6.975849181962563e-12
93.84 42.12 4.497268408805732e-24
93.84 49.56 1.311974257172704e-9
93.84 49.56 2.8328300488750832e-9
93.84 49.56 4.351807222248993e-9
93.84 49.58 8.37262084386514e-10
93.84 49.58 2.221956740509816e-9
93.84 49.58 8.121781233717982e-11
93.84 50.86 2.208706358636212e-23
93.84 50.86 5.530265648660901e-23
93.84 53.62 1.9138851791791915e-9
93.84 53.62 1.191302107602442e-8
93.84 53.62 3.864314371037838e-8
93.84 55.69 3.437123635446677e-16
93.84 55.69 0.006976833228288385
93.84 55.7 0.0072224691189981035
93.84 55.92 0.008556841295844149
93.84 55.93 2.0038806530521208e-16
93.84 55.93 0.008811392213993179
93.84 57.36 0.009334819645036697
93.84 62.18 0.001656220500907456
93.84 62.18 7.177059122500953e-17
93.84 62.18 0.0016485380752414673
93.84 63.41 0.0032691110263107846
93.84 63.41 2.440234721986092e-15
93.84 63.41 0.003269364990795985
93.84 63.77 0.0007211843650491867
93.84 63.78 0.0021707093087952236
93.84 66.53 0.006088308868022447
93.84 66.53 2.020313610994202e-16
93.84 66.53 0.006088237823805768
93.84 107.01 4.806038155043434e-8
93.84 108.65 1.8720125534200633e-5
93.84 108.93 7.132741420852316e-19
93.84 108.93 1.9020233344230204e-5
93.84 110.07 3.0140902879095838e-5
93.84 110.25 1.147272254728722e-5
93.84 110.97 4.7775598688707496e-18
93.84 110.98 0.00014401624279375506
93.84 111.12 0.00015517500768849274
93.84 114.14 0.00039381253245891843
93.84 114.2 1.2094422490092135e-17
93.84 114.2 0.00033140075024401365
93.84 114.83 1.0269085314558335e-17
93.84 114.84 0.0004890142297155078
93.84 115.0 0.00042282616027587054
93.84 115.97 0.000704257114638361
93.84 119.02 2.2608127322033703e-19
93.84 119.53 4.253407372756924e-7
93.84 119.53 1.152145561393988e-7
93.84 119.75 1.6909663721522113e-5
93.84 120.18 4.1993932419405306e-22
93.84 120.3 1.4592387951579463e-19
93.84 121.03 0.00011901858884797047
93.84 121.1 0.00010708893823176758
93.84 121.14 3.629657234134042e-18
93.84 122.12 1.431122579706541e-9
93.84 122.22 2.024598140106355e-6
93.84 122.22 2.5039612378998796e-7
93.84 122.89 4.897699593891629e-7
93.84 122.95 1.2655148777581862e-6
93.84 124.96 2.9216433850574803e-6
93.84 124.98 2.8810219056065723e-6
93.84 124.99 9.665519628905526e-20
93.84 125.18 6.551654268225404e-8
93.84 125.24 3.547163687452049e-7
93.84 125.25 4.7733030371772215e-8
93.84 126.14 9.747917119865848e-9
93.84 126.18 7.485564990637367e-6
93.84 126.22 2.7109954375558707e-10
93.84 126.49 1.7877627041845853e-22
97.28 0.0 2.1867411028929273e-14
97.28 0.0 1.8860018984441697e-11
97.28 0.0 6.352972489217184e-11
97.28 4.03 2.4378864054366386e-26
97.28 37.94 3.3847825565821216e-10
97.28 37.94 5.0428941973606616e-11
97.28 37.94 7.46702494174747e-13
97.28 38.59 4.5873399558169635e-10
97.28 38.59 1.5332236743834324e-10
97.28 38.59 7.182352950397026e-11
97.28 38.68 9.433180205929656e-23
97.28 46.12 1.0947783685620013e-9
97.28 46.12 2.472528385993132e-10
97.28 46.12 1.8960853712601172e-10
97.28 46.14 3.883105156522401e-14
97.28 46.14 1.2865840191364508e-10
97.28 46.14 2.4169842307975952e-11
97.28 47.42 8.083265534254789e-22
97.28 47.42 7.852264954781134e-25
97.28 50.19 1.5014359383503765e-9
97.28 50.19 7.703210123812056e-10
97.28 50.19 1.2675958175939632e-9
97.28 52.25 8.619667242037602e-17
97.28 52.25 0.00019795566762931935
97.28 52.26 0.00019548626414557887
97.28 52.49 4.1221807705896006e-5
97.28 52.49 1.4232430918222248e-17
97.28 52.49 3.806151427568616e-5
97.28 53.92 6.594695923407478e-10
97.28 58.74 0.0016220487980529111
97.28 58.74 7.67700672619407e-16
97.28 58.74 0.0016241919468477893
97.28 59.97 0.01728907779084721
97.28 59.97 2.9685388941448044e-14
97.28 59.97 0.01728931191504724
97.28 60.33 0.0016127654768713598
97.28 60.34 0.0005322421029356792
97.28 63.09 0.010092317852717948
97.28 63.09 2.546732121952904e-15
97.28 63.09 0.01009279846962638
97.28 103.57 1.2647839251198262e-5
97.28 105.21 4.01546245973776e-6
97.28 105.49 1.6012828170941346e-18
97.28 105.49 4.014201296702895e-6
97.28 106.63 1.3812386789026012e-6
97.28 106.81 3.1136011628720208e-6
97.28 107.53 3.4258636642317498e-18
97.28 107.54 8.39085011990665e-6
97.28 107.68 8.566878363189084e-6
97.28 110.7 6.0547072657073014e-5
97.28 110.76 2.240237774082931e-17
97.28 110.77 5.4521974200097236e-5
97.28 111.39 3.5330919719563725e-18
97.28 111.4 8.508106633832287e-6
97.28 111.56 4.87953509463887e-6
97.28 112.53 3.890103048063807e-8
97.28 115.58 4.87909960313117e-19
97.28 116.09 1.64768316049725e-9
97.28 116.09 3.0434606554067135e-8
97.28 116.31 8.788201211314528e-6
97.28 116.74 2.682148640180553e-20
97.28 116.86 8.112561903201063e-18
97.28 117.59 0.0002403326920304797
97.28 117.66 0.00023195444126501434
97.28 117.7 8.98371673947397e-17
97.28 118.68 2.141272592674699e-8
97.28 118.78 5.877561828557794e-7
97.28 118.79 6.959679299542853e-7
97.28 119.46 0.0003024770630436953
97.28 119.51 9.664200388698369e-5
97.28 121.52 0.00014561787375311236
97.28 121.54 0.0001478599186908239
97.28 121.55 6.14783077337046e-17
97.28 121.74 2.9171561137064464e-6
97.28 121.8 1.181044479927159e-8
97.28 121.81 3.4381035591555793e-6
97.28 122.7 2.0568622145341588e-7
97.28 122.74 7.271798818042029e-7
97.28 122.78 2.2731971675934873e-6
97.28 123.05 9.464862177723956e-21
97.28 0.0 3.20426708612412e-10
97.28 0.0 2.449508408848671e-23
97.28 4.03 8.411523972084222e-14
97.28 37.94 6.079870925934644e-10
97.28 37.94 2.942367113682506e-10
97.28 37.94 2.808478890611766e-25
97.28 38.59 1.7667686257852316e-22
97.28 38.59 2.5974521700162937e-10
97.28 38.59 3.849489497827151e-11
97.28 38.68 2.3022144042056053e-10
97.28 46.12 4.205958923233993e-22
97.28 46.12 4.092720123521089e-11
97.28 46.12 2.866072560168909e-10
97.28 46.14 6.140267254986718e-12
97.28 46.14 4.394962354021837e-12
97.28 46.14 9.293697341103943e-24
97.28 47.42 1.979640811887393e-9
97.28 47.42 1.8985948524677826e-12
97.28 50.19 5.761309152562503e-22
97.28 50.19 4.997569180593995e-10
97.28 50.19 1.5342965006642063e-9
97.28 52.25 0.00019793022766782345
97.28 52.25 8.04483559916636e-17
97.28 52.26 0.00019542837522909529
97.28 52.49 4.1299954367699545e-5
97.28 52.49 3.811211330843857e-5
97.28 52.49 1.3100962662509841e-17
97.28 53.92 6.224116922049563e-10
97.28 58.74 0.0016222379498690264
97.28 58.74 0.001624376914196915
97.28 58.74 7.4915990458992875e-16
97.28 59.97 1.7363560134634355e-14
97.28 59.97 0.01728888977507679
97.28 59.97 0.017289215603383794
97.28 60.33 0.0016042435619000872
97.28 60.34 0.0005407879298851527
97.28 63.09 0.01009257492485409
97.28 63.09 0.0100925706212966
97.28 63.09 2.408116791555725e-15
97.28 103.57 1.2649616786520477e-5
97.28 105.21 4.011616725372383e-6
97.28 105.49 4.008898019545739e-6
97.28 105.49 1.5067093623650374e-18
97.28 106.63 1.3718826607664775e-6
97.28 106.81 3.1229016404292765e-6
97.28 107.53 8.392410476781543e-6
97.28 107.54 3.2211139637376614e-18
97.28 107.68 8.571502819267597e-6
97.28 110.7 6.056891586419774e-5
97.28 110.76 5.438297803768181e-5
97.28 110.77 2.113823458031615e-17
97.28 111.39 8.659497192234125e-6
97.28 111.4 3.264365818300892e-18
97.28 111.56 4.865705386175164e-6
97.28 112.53 3.892727116691476e-8
97.28 115.58 1.1919901056343438e-6
97.28 116.09 3.265430244958317e-8
97.28 116.09 8.430753361674012e-8
97.28 116.31 3.3810665046268655e-18
97.28 116.74 6.567956691725274e-8
97.28 116.86 1.9856629812979358e-5
97.28 117.59 0.00024025589251332747
97.28 117.66 8.907742002014256e-17
97.28 117.7 0.00022002991023071332
97.28 118.68 8.215936006946933e-21
97.28 118.78 5.63232221975876e-7
97.28 118.79 6.843406531337457e-7
97.28 119.46 0.0003009498167701579
97.28 119.51 9.818098546261056e-5
97.28 121.52 0.00014549619730429972
97.28 121.54 5.678432309029805e-17
97.28 121.55 0.0001505707977406691
97.28 121.74 1.1205258448412723e-18
97.28 121.8 4.466125790744355e-8
97.28 121.81 3.550517059403827e-6
97.28 122.7 7.918602132698742e-20
97.28 122.74 7.664716084513634e-7
97.28 122.78 2.3215395354775606e-6
97.28 123.05 2.3144528937689456e-8
97.28 0.0 1.3641547245677531e-11
97.28 4.03 1.3460748886845638e-11
97.28 37.94 8.08934525796602e-23
97.28 37.94 6.377377750624851e-10
97.28 37.94 2.1577828702330202e-13
97.28 38.59 9.93454023305692e-10
97.28 38.59 2.4435958289740727e-23
97.28 38.59 6.326375533980383e-10
97.28 38.68 9.87249891473077e-10
97.28 46.12 1.443646004718078e-9
97.28 46.12 1.4630854374613723e-10
97.28 46.12 1.988705001404688e-25
97.28 46.14 9.528342547839549e-11
97.28 46.14 3.7146539971663156e-25
97.28 46.14 5.372552304700752e-11
97.28 47.42 2.5027240989627427e-9
97.28 47.42 3.7829915331625055e-12
97.28 50.19 6.867954756315223e-10
97.28 50.19 2.705229033298305e-10
97.28 50.19 1.1835151287968053e-24
97.28 52.25 0.0001926345968744404
97.28 52.25 0.0001926409059801619
97.28 52.26 1.0620549267822394e-19
97.28 52.49 2.2281962441356864e-20
97.28 52.49 4.374797778133309e-5
97.28 52.49 4.3773832455494155e-5
97.28 53.92 9.265016445432903e-13
97.28 58.74 8.878187449335762e-19
97.28 58.74 0.0016229259607002215
97.28 58.74 0.0016231868739539107
97.28 59.97 0.017289819748374895
97.28 59.97 0.01728992456389252
97.28 59.97 4.0681324028040294e-15
97.28 60.33 1.1507137014220938e-8
97.28 60.34 0.002146081861626669
97.28 63.09 9.394686029387644e-18
97.28 63.09 0.010092373186955888
97.28 63.09 0.010092941168159907
97.28 103.57 1.3330099534888665e-5
97.28 105.21 2.19397799414389e-21
97.28 105.49 4.689684448519468e-6
97.28 105.49 4.683665059041954e-6
97.28 106.63 2.7523056268611485e-6
97.28 106.81 6.0285043916825666e-12
97.28 107.53 8.147217197997186e-6
97.28 107.54 8.153566478162043e-6
97.28 107.68 4.686634864313892e-21
97.28 110.7 3.3100350497389145e-20
97.28 110.76 5.8172911740231624e-5
97.28 110.77 5.81846347047798e-5
97.28 111.39 1.2240315774298073e-6
97.28 111.4 1.3046218359349135e-6
97.28 111.56 2.6629266767120178e-21
97.28 112.53 1.4314461608635245e-12
97.28 115.58 5.001299640158211e-6
97.28 116.09 1.6722814193122217e-7
97.28 116.09 3.543333926264753e-23
97.28 116.31 2.344197603873156e-5
97.28 116.74 8.727384752874588e-8
97.28 116.86 3.633133575015589e-5
97.28 117.59 1.3136435945891638e-19
97.28 117.66 0.00021916319371766523
97.28 117.7 0.0002011839862469433
97.28 118.68 7.054678848619195e-9
97.28 118.78 9.658183210217628e-8
97.28 118.79 3.7644544256351494e-22
97.28 119.46 1.7413769323545262e-9
97.28 119.51 0.00039277883826271487
97.28 121.52 7.957649174544404e-20
97.28 121.54 0.00014794252573308478
97.28 121.55 0.0001523111006590233
97.28 121.74 3.6652071567539853e-6
97.28 121.8 4.422874041359482e-7
97.28 121.81 1.91920268426866e-21
97.28 122.7 6.731435770302768e-7
97.28 122.74 8.672308093904737e-6
97.28 122.78 1.2595850744876722e-21
97.28 123.05 6.830287852043399e-8
