translational analysis para
#nmax= 4 NR= 11 Ntheta= 11 Nphi= 11
#jmax= 1 Nalpha= 11 Nphi= 11 Nchi= 11
0.0
1 65.120461299245 0.937764769686746
2 108.53410216540831 0.016643138110000566
3 108.53410216540831 0.01664311024453764
4 108.53410216540833 0.016642756894307956
10 151.94774303157166 0.011217865485903106

34.341331634321705
1 65.120461299245 0.704275787147297
2 108.53410216540831 0.27188927798929347

34.34139102398788
1 65.120461299245 0.7042738747843417
3 108.53410216540831 0.27189112806304105

34.34146294244066
1 65.120461299245 0.7042771756134804
4 108.53410216540833 0.2718878641657669

61.095368912898834
1 65.120461299245 0.2688985795111781
4 108.53410216540833 0.6344260002687169
6 151.94774303157163 0.01408528275860447
7 151.94774303157163 0.014085210123364646
9 151.94774303157166 0.017492877141000913
10 151.94774303157166 0.03305377359027662
20 195.36138389773498 0.015034447088342265

61.09550477079356
1 65.120461299245 0.26890181441876887
3 108.53410216540831 0.6344224148340876
5 151.94774303157163 0.01408524246959963
7 151.94774303157163 0.014085044409931075
8 151.94774303157163 0.013120076172610462
10 151.94774303157166 0.03305396429603933
18 195.36138389773492 0.01503424980531302

61.09551291534731
1 65.120461299245 0.26889977718056807
2 108.53410216540831 0.6344244619329104
5 151.94774303157163 0.014085220162304265
6 151.94774303157163 0.014084996723671674
8 151.94774303157163 0.013120018993726038
10 151.94774303157166 0.033054000631493746
17 195.36138389773492 0.015034351451290402

84.51801493106085
2 108.53410216540831 0.28555817497652564
3 108.53410216540831 0.34786410253325795
8 151.94774303157163 0.3230637246600683
32 238.7750247638983 0.011576821861026593

84.51831274128675
2 108.53410216540831 0.1387714442614485
3 108.53410216540831 0.07646855254165393
4 108.53410216540833 0.42127929729000335
9 151.94774303157166 0.3230481823027728
34 238.77502476389833 0.011576766635399237

84.52624615280128
2 108.53410216540831 0.3235071239734987
3 108.53410216540831 0.323511732683646
5 151.94774303157163 0.31668952028444597
29 238.7750247638983 0.012406459579147251

84.52697535831592
2 108.53410216540831 0.32351399319750257
4 108.53410216540833 0.3235226040082748
6 151.94774303157163 0.3166792200661445
30 238.7750247638983 0.012406682707938942

84.52700770167915
3 108.53410216540831 0.3235169972539816
4 108.53410216540833 0.3235187722846243
7 151.94774303157163 0.3166800202159972
31 238.7750247638983 0.012406688630300148

88.21609636526162
1 65.120461299245 0.01210329066780835
2 108.53410216540831 0.1960101381156202
3 108.53410216540831 0.19600537589485625
4 108.53410216540833 0.19600376371438286
10 151.94774303157166 0.37890801721300943
35 238.77502476389833 0.02037252496219487

97.51651117793246
2 108.53410216540831 0.4799666510882377
3 108.53410216540831 0.4799619758689472
17 195.36138389773492 0.019992944833712528
18 195.36138389773492 0.01999288970895045

97.51661915358726
3 108.53410216540831 0.4799665611385251
4 108.53410216540833 0.47996209933251294
18 195.36138389773492 0.01999311698342994
20 195.36138389773498 0.019992863622281254

97.51662038205231
2 108.53410216540831 0.47997037296574785
4 108.53410216540833 0.4799581922852282
17 195.36138389773492 0.019993255364738585
20 195.36138389773498 0.0199928175906524

121.34798186742302
2 108.53410216540831 0.15735800309709444
3 108.53410216540831 0.15830313595361506
8 151.94774303157163 0.5734616899225843
11 195.36138389773492 0.017071814983772936
15 195.36138389773492 0.012460967826534993
16 195.36138389773492 0.017067108401764456
17 195.36138389773492 0.023828741642124767
18 195.36138389773492 0.023971754867988346
32 238.7750247638983 0.014490354721916749

121.34989885569503
2 108.53410216540831 0.0530777150609056
3 108.53410216540831 0.05213367766220269
4 108.53410216540833 0.2104281782831145
9 151.94774303157166 0.5735297414442464
13 195.36138389773492 0.014308985214206756
14 195.36138389773492 0.014271116340334405
19 195.36138389773498 0.019821204033895666
20 195.36138389773498 0.031867751029609134
34 238.77502476389833 0.014495319695411707

123.5753642046054
2 108.53410216540831 0.15192827202413384
3 108.53410216540831 0.15192819490391613
5 151.94774303157163 0.5796677095191825
11 195.36138389773492 0.01810249551855393
12 195.36138389773492 0.012192991436446605
16 195.36138389773492 0.018102456492573235
17 195.36138389773492 0.024476902111354656
18 195.36138389773492 0.024476976180108526
29 238.7750247638983 0.016933113811902226

123.57767877892117
3 108.53410216540831 0.15192008185275552
4 108.53410216540833 0.15192277540897
7 151.94774303157163 0.5797306419445302
12 195.36138389773492 0.012195058622841294
14 195.36138389773492 0.019161299139343155
15 195.36138389773492 0.011745208388806544
18 195.36138389773492 0.02447781410167684
20 195.36138389773498 0.02447779634951954
31 238.7750247638983 0.016938553971965427

123.57770122144933
2 108.53410216540831 0.15191928697582685
4 108.53410216540833 0.15192270135666522
6 151.94774303157163 0.5797315782246889
12 195.36138389773492 0.012194993794706456
13 195.36138389773492 0.019161241656244887
15 195.36138389773492 0.011745192621957187
17 195.36138389773492 0.024477701673512528
20 195.36138389773498 0.024477936609919364
30 238.7750247638983 0.016938633244656123

127.37614119869338
1 65.120461299245 0.04711572679596462
2 108.53410216540831 0.10138727829357437
3 108.53410216540831 0.10138802884322758
4 108.53410216540833 0.10138103121966942
10 151.94774303157166 0.5001086180574276
17 195.36138389773492 0.04293169769017672
18 195.36138389773492 0.04293186862724277
20 195.36138389773498 0.04293014027927457
35 238.77502476389833 0.01938252426865947

139.7553667842553
5 151.94774303157163 0.109284912412776
7 151.94774303157163 0.09919963498025322
8 151.94774303157163 0.3529452866843988
9 151.94774303157166 0.1105128315998941
14 195.36138389773492 0.10260610438784369
16 195.36138389773492 0.18426025119287356

139.75551751754327
5 151.94774303157163 0.10927365266385065
6 151.94774303157163 0.09921329044056876
8 151.94774303157163 0.3529319896882889
9 151.94774303157166 0.11052640989643164
11 195.36138389773492 0.1842477437085746
13 195.36138389773492 0.10261757659668802

139.77224223178771
6 151.94774303157163 0.10426093690556582
7 151.94774303157163 0.1042787285531416
9 151.94774303157166 0.4640256934590646
19 195.36138389773498 0.2863981344668994

140.50854636013008
5 151.94774303157163 0.19794461519648784
6 151.94774303157163 0.2083003395380249
8 151.94774303157163 0.0646476886996801
9 151.94774303157166 0.2161586159744403
11 195.36138389773492 0.09998035771269198
13 195.36138389773492 0.17897081347008204

140.50856669450962
5 151.94774303157163 0.1979323459219382
7 151.94774303157163 0.20831441306747023
8 151.94774303157163 0.06463388265005554
9 151.94774303157166 0.2161700679082166
14 195.36138389773492 0.1789827154081216
16 195.36138389773492 0.0999679700428215

140.51883534082916
6 151.94774303157163 0.2032585974661472
7 151.94774303157163 0.20324068658831868
8 151.94774303157163 0.28090371461037983
15 195.36138389773492 0.27870050109838324

141.24493465542363
5 151.94774303157163 0.23041316492547098
6 151.94774303157163 0.2304154270294534
7 151.94774303157163 0.23041896584837004
12 195.36138389773492 0.27440068855670957

148.57097039070192
1 65.120461299245 0.016378168405024065
3 108.53410216540831 0.011159000183693946
5 151.94774303157163 0.07260026296839169
7 151.94774303157163 0.07270520656263244
8 151.94774303157163 0.031707113600979456
9 151.94774303157166 0.010543016479759365
10 151.94774303157166 0.46844989017818256
18 195.36138389773492 0.29916932385735456
35 238.77502476389833 0.014136053913103507

148.57098821876428
1 65.120461299245 0.01637831057350941
2 108.53410216540831 0.011159009082833229
5 151.94774303157163 0.07259786640228787
6 151.94774303157163 0.07270272296961977
8 151.94774303157163 0.03170957212487749
9 151.94774303157166 0.010543747516703244
10 151.94774303157166 0.4684525265773658
17 195.36138389773492 0.29916832375772606
35 238.77502476389833 0.01413630246316391

148.571159545984
1 65.120461299245 0.016377931070529657
4 108.53410216540833 0.011157934987300121
6 151.94774303157163 0.0726951581989727
7 151.94774303157163 0.07269323103638466
9 151.94774303157166 0.04217591250341424
10 151.94774303157166 0.46845295722250213
20 195.36138389773498 0.2991533665622224
35 238.77502476389833 0.01413668366645725

154.14323263251168
5 151.94774303157163 0.1810670908774748
6 151.94774303157163 0.1811048748328854
8 151.94774303157163 0.1441596528355089
9 151.94774303157166 0.4323017459581349
29 238.7750247638983 0.011530777235190637
30 238.7750247638983 0.011533548872091999
34 238.77502476389833 0.027729098564312823

154.1432401361572
5 151.94774303157163 0.18106206425917717
7 151.94774303157163 0.18110692976863368
8 151.94774303157163 0.14415729289977575
9 151.94774303157166 0.43230720547452317
29 238.7750247638983 0.011530541523928385
31 238.7750247638983 0.011533651793299996
34 238.77502476389833 0.02772931751066538

154.1434448963521
6 151.94774303157163 0.18110859742347693
7 151.94774303157163 0.18111446300170697
8 151.94774303157163 0.5764112379127799
30 238.7750247638983 0.01153367053047288
31 238.7750247638983 0.011533901227715745
32 238.7750247638983 0.036972886312689725

155.5054631850034
6 151.94774303157163 0.4777922916347112
7 151.94774303157163 0.45825695685197604
30 238.7750247638983 0.03252804067162935
31 238.7750247638983 0.031198203072143126

155.50558017414815
5 151.94774303157163 0.6239684348697394
6 151.94774303157163 0.14637654924290533
7 151.94774303157163 0.16590775816190895
29 238.7750247638983 0.04247988471953803
31 238.7750247638983 0.01129510168425373

157.2695983948931
2 108.53410216540831 0.011928129205297578
5 151.94774303157163 0.1970006933892064
6 151.94774303157163 0.19706604130630975
8 151.94774303157163 0.15472889879282092
9 151.94774303157166 0.051566189375027216
10 151.94774303157166 0.3028928973879539
17 195.36138389773492 0.015681391815577872
35 238.77502476389833 0.034965886966758085

157.2696082010766
3 108.53410216540831 0.011928139574367742
5 151.94774303157163 0.19700378315790196
7 151.94774303157163 0.19706023897025732
8 151.94774303157163 0.15473207745293932
9 151.94774303157166 0.0515637357765323
10 151.94774303157166 0.30289493503250187
18 195.36138389773492 0.015681420842950437
35 238.77502476389833 0.03496603063244794

157.26986479139234
4 108.53410216540833 0.011928140784841624
6 151.94774303157163 0.19706204245788284
7 151.94774303157163 0.19705789032500895
9 151.94774303157166 0.20624802773732331
10 151.94774303157166 0.30288551482199155
20 195.36138389773498 0.015683818447985987
35 238.77502476389833 0.03496573181037209

185.2960739650455
5 151.94774303157163 0.033571814107651005
6 151.94774303157163 0.028070889013359773
8 151.94774303157163 0.14334543427430477
9 151.94774303157166 0.04393213309376878
11 195.36138389773492 0.35441708198844646
13 195.36138389773492 0.19035930815595853
17 195.36138389773492 0.026173348688257502
21 238.7750247638983 0.023459019902154665
22 238.7750247638983 0.011410738904101974
24 238.7750247638983 0.011894986148587448
28 238.7750247638983 0.017834498685100186
32 238.7750247638983 0.055631712063344316
34 238.77502476389833 0.01719847801569983

185.2963892497724
5 151.94774303157163 0.033562387424064276
7 151.94774303157163 0.02807962927875278
8 151.94774303157163 0.14334264906806746
9 151.94774303157166 0.04394415039547015
14 195.36138389773492 0.19041104867342884
16 195.36138389773492 0.35429931414635396
18 195.36138389773492 0.026171096556496964
21 238.7750247638983 0.021066142112095617
25 238.7750247638983 0.01189832372802812
27 238.7750247638983 0.011409754706004563
28 238.7750247638983 0.02020810677264292
32 238.7750247638983 0.055631317223633334
34 238.77502476389833 0.01721062746576938

185.40444984792595
6 151.94774303157163 0.030563105559846423
7 151.94774303157163 0.03056441386223107
9 151.94774303157166 0.18763312768061385
19 195.36138389773498 0.5468112399828879
20 195.36138389773498 0.026842121652391856
24 238.7750247638983 0.023826901445305686
25 238.7750247638983 0.023827009885929538
33 238.77502476389833 0.031328500899642994
34 238.77502476389833 0.07350492927624211

188.65918168296886
5 151.94774303157163 0.07762229535529926
6 151.94774303157163 0.08239269578254747
8 151.94774303157163 0.016957474261727203
9 151.94774303157166 0.06286427382798514
11 195.36138389773492 0.2030298521367163
13 195.36138389773492 0.38065453928391635
21 238.7750247638983 0.012491680589777168
23 238.7750247638983 0.016761679541232703
24 238.7750247638983 0.0221174438900938
28 238.7750247638983 0.012466960272259778
29 238.7750247638983 0.027929590800926107
30 238.7750247638983 0.029024100929193337
34 238.77502476389833 0.023730934149799314

188.65948942361828
5 151.94774303157163 0.0776345596871363
7 151.94774303157163 0.0823857812545078
8 151.94774303157163 0.016970152730657478
9 151.94774303157166 0.06285278775863914
14 195.36138389773492 0.3806009976467907
16 195.36138389773492 0.20314910642656941
21 238.7750247638983 0.010536911989641847
23 238.7750247638983 0.016760431675705657
25 238.7750247638983 0.022114224415072346
28 238.7750247638983 0.014414739209279753
29 238.7750247638983 0.027932386774568385
31 238.7750247638983 0.029023344090666987
34 238.77502476389833 0.023734281868902148

188.73983759942686
6 151.94774303157163 0.08013303582474907
7 151.94774303157163 0.08013268333812999
8 151.94774303157163 0.0798221465351938
15 195.36138389773492 0.5859560465894574
22 238.7750247638983 0.024923170212305192
26 238.7750247638983 0.030721116382059155
27 238.7750247638983 0.02492316214868175
30 238.7750247638983 0.02864103780286195
31 238.7750247638983 0.028640989905691517
32 238.7750247638983 0.030039997236226607

190.5597864352286
5 151.94774303157163 0.07765025761994909
6 151.94774303157163 0.07765130444683745
7 151.94774303157163 0.07765172898271176
12 195.36138389773492 0.5897607594148137
22 238.7750247638983 0.025809420686456568
23 238.7750247638983 0.029496266165893573
27 238.7750247638983 0.02580938052987242
29 238.7750247638983 0.02959886065680518
30 238.7750247638983 0.029598866328687842
31 238.7750247638983 0.029599062975880996

197.57651809877
3 108.53410216540831 0.05978749152066607
5 151.94774303157163 0.039992514561899735
7 151.94774303157163 0.04121250524552673
10 151.94774303157166 0.09076841889079754
14 195.36138389773492 0.012534807907112581
16 195.36138389773492 0.01934512559098755
18 195.36138389773492 0.49082618767789943
29 238.7750247638983 0.0570887066793042
31 238.7750247638983 0.05817552980790236
32 238.7750247638983 0.02388856517464625
35 238.77502476389833 0.07758612373395991

197.5765352506478
2 108.53410216540831 0.059789938445236036
5 151.94774303157163 0.03999322002033415
6 151.94774303157163 0.041214657864186204
10 151.94774303157166 0.09077326956551902
11 195.36138389773492 0.01917579569544649
13 195.36138389773492 0.012523691181474044
17 195.36138389773492 0.4908503770415817
29 238.7750247638983 0.05709313522902326
30 238.7750247638983 0.05817876299432463
32 238.7750247638983 0.023886569458095887
35 238.77502476389833 0.07758115045842988

197.5947817208359
4 108.53410216540833 0.05979262229583278
6 151.94774303157163 0.04099318515131897
7 151.94774303157163 0.0409928212093864
10 151.94774303157166 0.09072705285836727
19 195.36138389773498 0.03269830796434628
20 195.36138389773498 0.4908002379461076
30 238.7750247638983 0.05801348818969711
31 238.7750247638983 0.05801295586611797
34 238.77502476389833 0.031100352735082465
35 238.77502476389833 0.0775959573462145

203.34075741265835
11 195.36138389773492 0.11067341057798158
13 195.36138389773492 0.08895058220592003
14 195.36138389773492 0.08875472206424227
16 195.36138389773492 0.11362085897782809
19 195.36138389773498 0.2583185069186977
28 238.7750247638983 0.10108976095505713
33 238.77502476389833 0.20073589787966717
35 238.77502476389833 0.014428819772683895

204.04000258738316
14 195.36138389773492 0.29813230771789223
15 195.36138389773492 0.09716151025363358
16 195.36138389773492 0.042581043123737984
19 195.36138389773498 0.2436513613217861
25 238.7750247638983 0.2698796782904552
27 238.7750247638983 0.040245866001687246

204.04008096473677
11 195.36138389773492 0.042573674272604695
13 195.36138389773492 0.29814296102673904
15 195.36138389773492 0.09715003975893156
19 195.36138389773498 0.24366009508983763
22 238.7750247638983 0.04023796804471152
24 238.7750247638983 0.2698879455291054

204.25049006609564
11 195.36138389773492 0.3424007902788398
16 195.36138389773492 0.3337616253520504
21 238.7750247638983 0.30428751792306047

204.38306245547744
11 195.36138389773492 0.05110927895489936
13 195.36138389773492 0.18656789893463005
14 195.36138389773492 0.18749931134974332
15 195.36138389773492 0.16857327307338243
16 195.36138389773492 0.049492959780111395
17 195.36138389773492 0.015458185731817044
18 195.36138389773492 0.015312575388881745
26 238.7750247638983 0.2759109568190819
32 238.7750247638983 0.046078919445177224

204.5055786221548
11 195.36138389773492 0.19763071510552768
13 195.36138389773492 0.010256026790397884
16 195.36138389773492 0.20405603688838364
19 195.36138389773498 0.22181211544802423
20 195.36138389773498 0.018882991416490174
28 238.7750247638983 0.18015498921831283
33 238.77502476389833 0.09193817680268458
34 238.77502476389833 0.04671622252104193

206.0942989143897
12 195.36138389773492 0.21847508381811415
14 195.36138389773492 0.04620496647399807
15 195.36138389773492 0.18371550959357874
16 195.36138389773492 0.1882049248820863
19 195.36138389773498 0.04717177956229387
25 238.7750247638983 0.03975576359860595
27 238.7750247638983 0.2655548299128665

206.09434375285636
11 195.36138389773492 0.18820952269460878
12 195.36138389773492 0.21847764076596818
13 195.36138389773492 0.04619454811743444
15 195.36138389773492 0.18372967967309492
19 195.36138389773498 0.04716330540007046
22 238.7750247638983 0.26556655872840484
24 238.7750247638983 0.03974719299039979

206.12671970044906
12 195.36138389773492 0.21907423200147147
13 195.36138389773492 0.22300509961785142
14 195.36138389773492 0.22298636860999932
23 238.7750247638983 0.3055431456160796

209.70753907724043
8 151.94774303157163 0.010948143919244896
11 195.36138389773492 0.08522562629584109
15 195.36138389773492 0.20997937885380483
16 195.36138389773492 0.08449099602654059
17 195.36138389773492 0.10736027917632247
18 195.36138389773492 0.10841404407998338
26 238.7750247638983 0.03700879301889936
32 238.7750247638983 0.3300360993944342

209.7407164485378
4 108.53410216540833 0.011759998322864375
9 151.94774303157166 0.010863012001625842
11 195.36138389773492 0.025045286164881317
13 195.36138389773492 0.14433524047334448
14 195.36138389773492 0.14473526197409517
16 195.36138389773492 0.026192113444166113
17 195.36138389773492 0.036266698884764435
18 195.36138389773492 0.035240043495834435
19 195.36138389773498 0.04809478078527648
20 195.36138389773498 0.14452719812203788
28 238.7750247638983 0.02212573221842522
33 238.77502476389833 0.01520732452605853
34 238.77502476389833 0.32964336017998624

213.324460861964
2 108.53410216540831 0.011990735938968303
3 108.53410216540831 0.011990275119714662
5 151.94774303157163 0.010053451911790882
11 195.36138389773492 0.0872369304189732
12 195.36138389773492 0.1176653073487261
16 195.36138389773492 0.0872635109175361
17 195.36138389773492 0.1471279347664859
18 195.36138389773492 0.1471207971027279
29 238.7750247638983 0.3697852908394366

213.34891415555913
3 108.53410216540831 0.012024064853159606
4 108.53410216540833 0.01202394225643711
12 195.36138389773492 0.11781996424930785
14 195.36138389773492 0.08882068755680417
15 195.36138389773492 0.05008118933067708
18 195.36138389773492 0.14796535404679095
19 195.36138389773498 0.039236849910726304
20 195.36138389773498 0.1479596114098862
31 238.7750247638983 0.3701823367738968

213.34892146781337
2 108.53410216540831 0.012024041275321749
4 108.53410216540833 0.012024005444315958
12 195.36138389773492 0.11781968698490852
13 195.36138389773492 0.08881857387652518
15 195.36138389773492 0.05008250280327264
17 195.36138389773492 0.14796564801370254
19 195.36138389773498 0.03923752474129461
20 195.36138389773498 0.14796031668405965
30 238.7750247638983 0.37018191845722576

216.1005351872483
2 108.53410216540831 0.013475240728689495
3 108.53410216540831 0.013474887615086386
4 108.53410216540833 0.013464889229717883
17 195.36138389773492 0.17870606586782703
18 195.36138389773492 0.17870077909411358
20 195.36138389773498 0.17859584631641245
35 238.77502476389833 0.3795264261241751

226.9817225226198
11 195.36138389773492 0.27681696779954945
12 195.36138389773492 0.17038617367196018
13 195.36138389773492 0.10177127635850212
14 195.36138389773492 0.1017703060149209
16 195.36138389773492 0.2768305128078163
17 195.36138389773492 0.03235759313509192
18 195.36138389773492 0.03235790317376114

227.05601863281382
12 195.36138389773492 0.1737041753052604
14 195.36138389773492 0.1774170655102963
16 195.36138389773492 0.21347916953039597
18 195.36138389773492 0.03170483931037305
19 195.36138389773498 0.35954533438414366
20 195.36138389773498 0.029654889396179183

227.05626086420614
11 195.36138389773492 0.2133759582468181
12 195.36138389773492 0.17370125909066014
13 195.36138389773492 0.17745981825231527
17 195.36138389773492 0.03170035871486065
19 195.36138389773498 0.3596364248027183
20 195.36138389773498 0.029662360214726805

228.64302322289768
14 195.36138389773492 0.061136410537927274
15 195.36138389773492 0.3407612762824343
16 195.36138389773492 0.41263302595706414
19 195.36138389773498 0.1582494453618464
20 195.36138389773498 0.013083892040827595

228.6435350509615
11 195.36138389773492 0.4127645591431824
13 195.36138389773492 0.06109424144717779
15 195.36138389773492 0.34078920513346933
19 195.36138389773498 0.15815669267699503
20 195.36138389773498 0.013074794670654314

228.721257558507
13 195.36138389773492 0.4832121690234582
14 195.36138389773492 0.4832124478352522
17 195.36138389773492 0.011656296729180404
18 195.36138389773492 0.011656995710483732

229.64341826772784
11 195.36138389773492 0.12635282853595436
13 195.36138389773492 0.2077325171717706
14 195.36138389773492 0.20773562696913964
15 195.36138389773492 0.3309632685646225
16 195.36138389773492 0.1263587466125462

236.26205794615854
11 195.36138389773492 0.05620311745898629
12 195.36138389773492 0.317210802956843
13 195.36138389773492 0.08260736750696566
14 195.36138389773492 0.08260731152983732
16 195.36138389773492 0.056207281595476305
17 195.36138389773492 0.19068435575699105
18 195.36138389773492 0.1906804594935646

236.278804992478
12 195.36138389773492 0.31409653414124
14 195.36138389773492 0.09274712819175389
15 195.36138389773492 0.1408226817981622
16 195.36138389773492 0.045170342322743744
18 195.36138389773492 0.19263844360832322
20 195.36138389773498 0.19073805750327796

236.27883742069443
11 195.36138389773492 0.045181896298490204
12 195.36138389773492 0.31410177079308726
13 195.36138389773492 0.09274940292212237
15 195.36138389773492 0.14081103699780448
17 195.36138389773492 0.19263008931381398
20 195.36138389773498 0.19074358404819

238.5005850883295
8 151.94774303157163 0.010148478178459886
11 195.36138389773492 0.16092400860422038
13 195.36138389773492 0.011402597011169996
14 195.36138389773492 0.011463631188155854
15 195.36138389773492 0.11292430638564954
16 195.36138389773492 0.16093706984410286
17 195.36138389773492 0.254333550900093
18 195.36138389773492 0.25455854829183094

238.5824574139805
4 108.53410216540833 0.012223687280609956
9 151.94774303157166 0.010126340768315718
13 195.36138389773492 0.13178770452902516
14 195.36138389773492 0.1317246249121017
17 195.36138389773492 0.08488687268190234
18 195.36138389773492 0.0846589751930003
19 195.36138389773498 0.1960917147109938
20 195.36138389773498 0.33907146214641226

242.46139919221199
3 108.53410216540831 0.019605957706194006
4 108.53410216540833 0.01963953252424278
16 195.36138389773492 0.014952205371567159
18 195.36138389773492 0.46391548982464664
19 195.36138389773498 0.012185333207920722
20 195.36138389773498 0.464745632192641

242.46151397883958
2 108.53410216540831 0.019606163168452637
4 108.53410216540833 0.01963938502267637
11 195.36138389773492 0.014956066073719637
17 195.36138389773492 0.4639197919298017
19 195.36138389773498 0.01218538765244822
20 195.36138389773498 0.4647397499821225

242.4652916025782
2 108.53410216540831 0.01961529198716225
3 108.53410216540831 0.01961554473938815
13 195.36138389773492 0.013235366727068567
14 195.36138389773492 0.013235513139139387
17 195.36138389773492 0.46412016793935623
18 195.36138389773492 0.4641251923481354

275.861691172431
11 195.36138389773492 0.07187179696259907
13 195.36138389773492 0.033971213615316395
14 195.36138389773492 0.034141046101600334
16 195.36138389773492 0.07215261775709528
19 195.36138389773498 0.08390801282451099
28 238.7750247638983 0.32496635087116826
33 238.77502476389833 0.32975639415305946
35 238.77502476389833 0.022663942534071443

281.27611384166556
11 195.36138389773492 0.14527735531060737
16 195.36138389773492 0.14303064663503468
21 238.7750247638983 0.6645611338393218
28 238.7750247638983 0.03551138291027933

282.2345853594044
11 195.36138389773492 0.0628890119159479
13 195.36138389773492 0.012851111364327553
14 195.36138389773492 0.010176749018572366
16 195.36138389773492 0.06629279364813022
19 195.36138389773498 0.13329224538925893
20 195.36138389773498 0.013168613834611115
21 238.7750247638983 0.013050892138240143
28 238.7750247638983 0.3041800307450591
33 238.77502476389833 0.30934187316898626
34 238.77502476389833 0.057986746969560195

282.64359707358796
14 195.36138389773492 0.14553273681842718
15 195.36138389773492 0.05712362009414796
16 195.36138389773492 0.010578465053879053
19 195.36138389773498 0.09950022514908986
25 238.7750247638983 0.5997661627115667
27 238.7750247638983 0.08673127413858253

282.6442401278196
11 195.36138389773492 0.010604759769006631
13 195.36138389773492 0.1455801256259705
15 195.36138389773492 0.0570876458378204
19 195.36138389773498 0.09953615827475447
22 238.7750247638983 0.08661555266499257
24 238.7750247638983 0.5999786973330222

282.85311034485005
11 195.36138389773492 0.02314600274568642
13 195.36138389773492 0.08464940571102475
14 195.36138389773492 0.08714135884821396
15 195.36138389773492 0.07861554910046667
16 195.36138389773492 0.019271983282805407
17 195.36138389773492 0.01017447077683582
26 238.7750247638983 0.6073057807823472
32 238.7750247638983 0.06515312194137128

289.50158384267564
12 195.36138389773492 0.11576734589564397
14 195.36138389773492 0.022997221366669148
15 195.36138389773492 0.0748755461377248
16 195.36138389773492 0.05849609607767229
19 195.36138389773498 0.012672650537341729
25 238.7750247638983 0.08343609858788177
27 238.7750247638983 0.5580253779537777
28 238.7750247638983 0.05414266870175017
33 238.77502476389833 0.012099400700176531

289.55527150941566
12 195.36138389773492 0.11866471664081923
13 195.36138389773492 0.084323784979916
14 195.36138389773492 0.08438505368136108
23 238.7750247638983 0.6652354828801147
28 238.7750247638983 0.01353491182554666

289.5765527271711
11 195.36138389773492 0.0660176933754189
12 195.36138389773492 0.12259976413458464
13 195.36138389773492 0.024070689148192107
15 195.36138389773492 0.07981679022010146
19 195.36138389773498 0.013080418598832598
21 238.7750247638983 0.010868650697644346
22 238.7750247638983 0.5942300900849182
24 238.7750247638983 0.08641561537920076

291.1245746870433
21 238.7750247638983 0.023618074435794355
26 238.7750247638983 0.04914504674617692
28 238.7750247638983 0.20389645068068443
32 238.7750247638983 0.010314360900955676
33 238.77502476389833 0.6340252540395811
35 238.77502476389833 0.039821137443456785

291.1738892319323
21 238.7750247638983 0.033497763731228015
23 238.7750247638983 0.02340910081326585
26 238.7750247638983 0.04528902708178732
28 238.7750247638983 0.18300653671354636
33 238.77502476389833 0.6291688410563692
35 238.77502476389833 0.038667167328143744

291.1899037896947
16 195.36138389773492 0.011525745259308186
24 238.7750247638983 0.023941354954584045
25 238.7750247638983 0.027828268506123563
27 238.7750247638983 0.040700821099058156
28 238.7750247638983 0.5423964600248952
33 238.77502476389833 0.28265209006433906
34 238.77502476389833 0.013413145913130175
35 238.77502476389833 0.03828193066261328

294.43766716526835
22 238.7750247638983 0.05684729268600426
24 238.7750247638983 0.1811811187484975
25 238.7750247638983 0.18126623627786229
27 238.7750247638983 0.05807188824730587
28 238.7750247638983 0.21212136359834252
33 238.77502476389833 0.24145254593561954
34 238.77502476389833 0.06283686686208051

294.45116439070404
21 238.7750247638983 0.19642260366409584
22 238.7750247638983 0.018448715743025774
24 238.7750247638983 0.250902894522684
26 238.7750247638983 0.3336929734197706
28 238.7750247638983 0.1049514113385315
32 238.7750247638983 0.04405570589552942
33 238.77502476389833 0.018898439906412427
34 238.77502476389833 0.016347903556440054

294.4544771547268
21 238.7750247638983 0.19862158277071407
25 238.7750247638983 0.2518232915378901
26 238.7750247638983 0.3400893667636859
27 238.7750247638983 0.017519646149525114
28 238.7750247638983 0.10153574648162896
32 238.7750247638983 0.04541923298155998
33 238.77502476389833 0.01691587689552085
34 238.77502476389833 0.015434770953400956

294.53573914635336
21 238.7750247638983 0.10427171846176364
22 238.7750247638983 0.040826985691340245
24 238.7750247638983 0.407004562217205
25 238.7750247638983 0.40680676370927377
27 238.7750247638983 0.0404454800732256

294.737804858408
22 238.7750247638983 0.10160979025601091
23 238.7750247638983 0.024670528865476982
24 238.7750247638983 0.38612836078489193
25 238.7750247638983 0.38593521948847864
27 238.7750247638983 0.10165380567445333

294.920253349414
21 238.7750247638983 0.855710826899555
24 238.7750247638983 0.0637174669057723
25 238.7750247638983 0.0638427677718425

295.40934764959337
22 238.7750247638983 0.052654853530658824
24 238.7750247638983 0.011694514903259349
25 238.7750247638983 0.011708995937807876
26 238.7750247638983 0.7120448832222315
27 238.7750247638983 0.05262325535237605
32 238.7750247638983 0.14668825332529437

295.6103108011771
21 238.7750247638983 0.021667400180744464
23 238.7750247638983 0.040480999524819525
25 238.7750247638983 0.026975994863592444
26 238.7750247638983 0.20069788121429266
27 238.7750247638983 0.0181255914193619
28 238.7750247638983 0.3291792325764345
32 238.7750247638983 0.03568483911479728
33 238.77502476389833 0.20631701449705156
34 238.77502476389833 0.10545769756395701

