#nmax= 3 NR= 11 Ntheta= 11 Nphi= 11
#jmax= 2 Nalpha= 11 Nphi= 11 Nchi= 11
#Ntrans= 20
#Nrot= 19

95.72161224628243 0.0 85.65337911120605
128.37843532674938 32.65682308046694 118.31020219167299
128.51112377225317 32.789511525970745 118.44289063717679
128.5139997837077 32.79238753742528 118.4457666486313
162.6285643750801 66.90695212879763 152.56033124000368
162.6298801471581 66.90826790087566 152.5616470120817
162.77515892322495 67.05354667694252 152.70692578814857
164.02160796286816 68.29999571658573 153.95337482779175
164.54434748852694 68.82273524224449 154.47611435345053
165.26149351501581 69.53988126873338 155.19326037993943
166.50373388814253 70.7821216418601 156.43550075306615
166.74735791408793 71.0257456678055 156.67912477901154
183.99267522624532 88.27106297996289 173.92444209116897
184.25317015848938 88.53155791220695 174.18493702341297
184.56471680124545 88.84310455496302 174.49648366616907
185.09345889034356 89.37184664406112 175.02522575526717
185.58359593270063 89.8619836864182 175.51536279762425
185.88226478149883 90.1606525352164 175.81403164642242
185.94911226262437 90.22750001634193 175.88087912754796
187.02970959038134 91.3080973440989 176.96147645530493
189.40319863262448 93.68158638634203 179.33496549754807
192.90912878850384 97.18751654222137 182.84089565342742
193.5909910781423 97.86937883185988 183.52275794306593
195.9494117120982 100.22779946581576 185.88117857702179
197.16958446718735 101.44797222090492 187.10135133211097
197.17329245967525 101.45168021339283 187.10505932459887
223.03850656888403 127.3168943226016 212.97027343380765
223.0502688649212 127.32865661863877 212.9820357298448
223.07508748990844 127.35347524362601 213.00685435483206
223.11754260585113 127.3959303595687 213.04930947077474
223.38279915726372 127.66118691098127 213.3145660221873
223.39446875540315 127.67285650912072 213.32623562032677
224.18208261696634 128.4604703706839 214.11384948188999
224.24389116260195 128.52227891631952 214.17565802752557
224.4461102663002 128.72449802001773 214.37787713122378
224.94645662641724 129.2248443801348 214.87822349134086
225.13419857717574 129.4125863308933 215.06596544209935
225.50454900993535 129.7829367636529 215.43631587485896
226.19318654166224 130.4715742953798 216.12495340658586
226.85124646090935 131.1296342146269 216.78301332583294
227.86428278519293 132.1426705389105 217.79604965011652
228.34234262544086 132.62073037915843 218.27410949036445
230.01879308507307 134.29718083879064 219.9505599499967
230.0351877684726 134.31357552219018 219.9669546333962
232.20100359949726 136.47939135321482 222.1327704644209
232.87444173149171 137.15282948520928 222.8062085964153
233.75830682408818 138.03669457780575 223.69007368901177
234.26623756956724 138.5446253232848 224.19800443449085
234.9459295226878 139.22431727640537 224.87769638761142
237.02362084563615 141.3020085993537 226.95538771055976
238.37128949905323 142.6496772527708 228.30305636397685
239.39984874750178 143.67823650121935 229.3316156124254
244.85870776094023 149.13709551465777 234.79047462586382
245.07486094133418 149.35324869505175 235.00662780625777
245.47160096012104 149.7499887138386 235.40336782504468
245.76995179569872 150.0483395494163 235.70171866062236
245.79502957956797 150.07341733328553 235.72679644449155
246.60825151964275 150.88663927336032 236.54001838456637
246.9443586017276 151.22274635544517 236.87612546665122
246.9473427698142 151.22573052353178 236.8791096347378
247.10792678918034 151.38631454289788 237.03969365410387
248.26814938543393 152.5465371391515 238.19991625035752
248.62408047303532 152.9024682267529 238.5558473379589
248.6305903165382 152.90897807025576 238.56235718146178
249.08303877791593 153.3614265316335 239.01480564283955
249.18670155596925 153.46508930968682 239.11846842089284
250.28543541131356 154.56382316503112 240.21720227623717
250.84763283564118 155.12602058935875 240.77939970056477
251.03591443090465 155.31430218462222 240.96768129582824
251.2377921104727 155.51617986419026 241.1695589753963
252.31068842205303 156.58907617577057 242.24245528697662
253.09162695997065 157.37001471368822 243.02339382489424
254.34786043045068 158.62624818416825 244.27962729537427
255.0267523259813 159.30514007969887 244.9585191909049
255.13950535718874 159.4178931109063 245.07127222211233
255.97514301683796 160.25353077055553 245.90690988176155
256.74806284448516 161.02645059820273 246.67982970940875
256.8877940193905 161.16618177310812 246.81956088431414
257.60272598124953 161.88111373496713 247.53449284617318
257.6376148898065 161.91600264352408 247.56938175473013
257.935955879928 162.21434363364554 247.86772274485156
257.95854699352054 162.2369347472381 247.89031385844416
258.56275542849454 162.8411431822121 248.49452229341816
259.03285421994093 163.31124197365847 248.96462108486452
259.483106088968 163.76149384268555 249.41487295389157
284.0156687800949 188.29405653381252 273.9474356450186
284.01586636297833 188.2942541166959 273.9476332279019
285.4688589677659 189.74724672148346 275.4006258326895
285.4718684932722 189.75025624698978 275.4036353581958
286.39759936182725 190.67598711554484 276.3293662267509
286.40055959906095 190.6789473527785 276.33232646398454
286.5234835689653 190.8018713226828 276.45525043388886
286.6670658808837 190.94545363460122 276.5988327458073
287.4279035940547 191.7062913477723 277.3596704589783
288.1824284175455 192.4608161712631 278.11419528246915
288.2240509971435 192.50243875086105 278.15581786206707
288.27906744575216 192.5574551994697 278.21083431067575
288.358661139893 192.63704889361054 278.2904280048166
288.4137089663319 192.69209672004945 278.3454758312555
288.4722123253246 192.7506000790422 278.40397919024826
