state: 1 E_state =21.789871889872902
n_rot n_trans E_rot      E_trans    |<state|n_rot n_trans>|^2
1     2       23.8       153.49     0.02      
2     4       23.8       153.49     0.01      
3     1       23.8       92.09      0.45      
4     1       42.4       92.09      0.45      
5     4       42.4       153.49     0.01      
6     2       42.4       153.49     0.02      

state: 2 E_state =23.515798230301
n_rot n_trans E_rot      E_trans    |<state|n_rot n_trans>|^2
1     1       23.8       92.09      0.46      
3     2       23.8       153.49     0.02      
4     2       42.4       153.49     0.02      
6     1       42.4       92.09      0.46      

state: 3 E_state =25.56091147220255
n_rot n_trans E_rot      E_trans    |<state|n_rot n_trans>|^2
2     1       23.8       92.09      0.48      
3     4       23.8       153.49     0.01      
4     4       42.4       153.49     0.01      
5     1       42.4       92.09      0.48      

state: 4 E_state =36.70624849622161
n_rot n_trans E_rot      E_trans    |<state|n_rot n_trans>|^2
1     2       23.8       153.49     0.06      
2     4       23.8       153.49     0.03      
3     1       23.8       92.09      0.4       
4     1       42.4       92.09      0.4       
5     4       42.4       153.49     0.03      
6     2       42.4       153.49     0.06      

state: 5 E_state =39.04731085160783
n_rot n_trans E_rot      E_trans    |<state|n_rot n_trans>|^2
1     1       23.8       92.09      0.4       
3     2       23.8       153.49     0.08      
4     2       42.4       153.49     0.08      
6     1       42.4       92.09      0.4       

state: 6 E_state =42.75983677162785
n_rot n_trans E_rot      E_trans    |<state|n_rot n_trans>|^2
2     1       23.8       92.09      0.44      
3     4       23.8       153.49     0.05      
4     4       42.4       153.49     0.05      
5     1       42.4       92.09      0.44      

state: 7 E_state =70.05434777165841
n_rot n_trans E_rot      E_trans    |<state|n_rot n_trans>|^2
1     4       23.8       153.49     0.09      
2     2       23.8       153.49     0.03      
2     3       23.8       153.49     0.02      
3     3       23.8       153.49     0.12      
4     3       42.4       153.49     0.12      
5     2       42.4       153.49     0.03      
5     3       42.4       153.49     0.02      
6     4       42.4       153.49     0.09      
7     1       79.51      92.09      0.11      
9     1       79.51      92.09      0.03      
11    1       79.51      92.09      0.08      
12    1       135.32     92.09      0.11      
15    1       135.32     92.09      0.08      
16    1       135.32     92.09      0.03      

state: 8 E_state =71.12826280897966
n_rot n_trans E_rot      E_trans    |<state|n_rot n_trans>|^2
1     2       23.8       153.49     0.1       
1     3       23.8       153.49     0.01      
2     4       23.8       153.49     0.12      
3     4       23.8       153.49     0.01      
4     4       42.4       153.49     0.01      
5     4       42.4       153.49     0.12      
6     2       42.4       153.49     0.1       
6     3       42.4       153.49     0.01      
8     1       79.51      92.09      0.19      
10    1       79.51      92.09      0.04      
13    1       135.32     92.09      0.04      
14    1       135.32     92.09      0.19      

state: 9 E_state =71.59068911858138
n_rot n_trans E_rot      E_trans    |<state|n_rot n_trans>|^2
1     4       23.8       153.49     0.06      
2     2       23.8       153.49     0.05      
2     3       23.8       153.49     0.09      
3     3       23.8       153.49     0.04      
4     3       42.4       153.49     0.04      
5     2       42.4       153.49     0.05      
5     3       42.4       153.49     0.09      
6     4       42.4       153.49     0.06      
7     1       79.51      92.09      0.08      
9     1       79.51      92.09      0.14      
11    1       79.51      92.09      0.01      
12    1       135.32     92.09      0.08      
15    1       135.32     92.09      0.01      
16    1       135.32     92.09      0.14      

state: 10 E_state =72.24154449133626
n_rot n_trans E_rot      E_trans    |<state|n_rot n_trans>|^2
1     3       23.8       153.49     0.13      
2     1       23.8       92.09      0.02      
3     4       23.8       153.49     0.08      
4     4       42.4       153.49     0.08      
5     1       42.4       92.09      0.02      
6     3       42.4       153.49     0.13      
8     1       79.51      92.09      0.04      
10    1       79.51      92.09      0.19      
13    1       135.32     92.09      0.19      
14    1       135.32     92.09      0.04      

state: 11 E_state =73.28500727494455
n_rot n_trans E_rot      E_trans    |<state|n_rot n_trans>|^2
1     1       23.8       92.09      0.04      
1     4       23.8       153.49     0.02      
2     2       23.8       153.49     0.07      
2     3       23.8       153.49     0.01      
3     2       23.8       153.49     0.09      
4     2       42.4       153.49     0.09      
5     2       42.4       153.49     0.07      
5     3       42.4       153.49     0.01      
6     1       42.4       92.09      0.04      
6     4       42.4       153.49     0.02      
7     1       79.51      92.09      0.04      
9     1       79.51      92.09      0.06      
11    1       79.51      92.09      0.15      
12    1       135.32     92.09      0.04      
15    1       135.32     92.09      0.15      
16    1       135.32     92.09      0.06      

state: 12 E_state =84.41948027617237
n_rot n_trans E_rot      E_trans    |<state|n_rot n_trans>|^2
1     2       23.8       153.49     0.02      
1     3       23.8       153.49     0.19      
2     1       23.8       92.09      0.02      
2     4       23.8       153.49     0.04      
3     4       23.8       153.49     0.18      
3     10      23.8       214.89     0.01      
4     4       42.4       153.49     0.18      
4     10      42.4       214.89     0.01      
5     1       42.4       92.09      0.02      
5     4       42.4       153.49     0.04      
6     2       42.4       153.49     0.02      
6     3       42.4       153.49     0.19      

state: 13 E_state =84.54319072284437
n_rot n_trans E_rot      E_trans    |<state|n_rot n_trans>|^2
1     4       23.8       153.49     0.06      
2     3       23.8       153.49     0.19      
3     3       23.8       153.49     0.19      
4     3       42.4       153.49     0.19      
5     3       42.4       153.49     0.19      
6     4       42.4       153.49     0.06      

state: 14 E_state =87.4670426267617
n_rot n_trans E_rot      E_trans    |<state|n_rot n_trans>|^2
1     1       23.8       92.09      0.03      
1     4       23.8       153.49     0.09      
1     5       23.8       214.89     0.02      
2     2       23.8       153.49     0.17      
3     2       23.8       153.49     0.17      
4     2       42.4       153.49     0.17      
5     2       42.4       153.49     0.17      
6     1       42.4       92.09      0.03      
6     4       42.4       153.49     0.09      
6     5       42.4       214.89     0.02      

state: 15 E_state =90.11549745640818
n_rot n_trans E_rot      E_trans    |<state|n_rot n_trans>|^2
1     2       23.8       153.49     0.14      
1     3       23.8       153.49     0.04      
2     4       23.8       153.49     0.13      
3     1       23.8       92.09      0.07      
3     4       23.8       153.49     0.04      
3     5       23.8       214.89     0.02      
4     1       42.4       92.09      0.07      
4     4       42.4       153.49     0.04      
4     5       42.4       214.89     0.02      
5     4       42.4       153.49     0.13      
6     2       42.4       153.49     0.14      
6     3       42.4       153.49     0.04      
10    1       79.51      92.09      0.02      
13    1       135.32     92.09      0.02      

state: 16 E_state =92.22197587285835
n_rot n_trans E_rot      E_trans    |<state|n_rot n_trans>|^2
1     2       23.8       153.49     0.17      
1     6       23.8       214.89     0.02      
2     4       23.8       153.49     0.04      
3     4       23.8       153.49     0.12      
3     5       23.8       214.89     0.06      
4     4       42.4       153.49     0.12      
4     5       42.4       214.89     0.06      
5     4       42.4       153.49     0.04      
6     2       42.4       153.49     0.17      
6     6       42.4       214.89     0.02      
10    1       79.51      92.09      0.03      
13    1       135.32     92.09      0.03      

state: 17 E_state =92.23146288460036
n_rot n_trans E_rot      E_trans    |<state|n_rot n_trans>|^2
1     1       23.8       92.09      0.01      
1     4       23.8       153.49     0.11      
1     5       23.8       214.89     0.03      
1     10      23.8       214.89     0.01      
2     2       23.8       153.49     0.02      
3     2       23.8       153.49     0.1       
3     3       23.8       153.49     0.1       
3     6       23.8       214.89     0.03      
4     2       42.4       153.49     0.1       
4     3       42.4       153.49     0.1       
4     6       42.4       214.89     0.03      
5     2       42.4       153.49     0.02      
6     1       42.4       92.09      0.01      
6     4       42.4       153.49     0.11      
6     5       42.4       214.89     0.03      
6     10      42.4       214.89     0.01      
7     1       79.51      92.09      0.02      
10    2       79.51      153.49     0.01      
12    1       135.32     92.09      0.02      
13    2       135.32     153.49     0.01      

state: 18 E_state =93.19601215947182
n_rot n_trans E_rot      E_trans    |<state|n_rot n_trans>|^2
1     1       23.8       92.09      0.01      
1     4       23.8       153.49     0.05      
1     5       23.8       214.89     0.05      
2     2       23.8       153.49     0.07      
2     6       23.8       214.89     0.01      
3     2       23.8       153.49     0.2       
3     3       23.8       153.49     0.03      
3     6       23.8       214.89     0.02      
4     2       42.4       153.49     0.2       
4     3       42.4       153.49     0.03      
4     6       42.4       214.89     0.02      
5     2       42.4       153.49     0.07      
5     6       42.4       214.89     0.01      
6     1       42.4       92.09      0.01      
6     4       42.4       153.49     0.05      
6     5       42.4       214.89     0.05      
11    1       79.51      92.09      0.02      
15    1       135.32     92.09      0.02      

state: 19 E_state =94.53220653688885
n_rot n_trans E_rot      E_trans    |<state|n_rot n_trans>|^2
1     2       23.8       153.49     0.07      
1     3       23.8       153.49     0.08      
1     6       23.8       214.89     0.02      
2     4       23.8       153.49     0.07      
2     9       23.8       214.89     0.01      
3     4       23.8       153.49     0.14      
3     5       23.8       214.89     0.02      
3     9       23.8       214.89     0.03      
4     4       42.4       153.49     0.14      
4     5       42.4       214.89     0.02      
4     9       42.4       214.89     0.03      
5     4       42.4       153.49     0.07      
5     9       42.4       214.89     0.01      
6     2       42.4       153.49     0.07      
6     3       42.4       153.49     0.08      
6     6       42.4       214.89     0.02      
8     1       79.51      92.09      0.02      
14    1       135.32     92.09      0.02      

state: 20 E_state =95.07262297667322
n_rot n_trans E_rot      E_trans    |<state|n_rot n_trans>|^2
1     4       23.8       153.49     0.08      
1     10      23.8       214.89     0.02      
2     2       23.8       153.49     0.04      
2     3       23.8       153.49     0.05      
2     7       23.8       214.89     0.01      
3     3       23.8       153.49     0.19      
3     6       23.8       214.89     0.03      
4     3       42.4       153.49     0.19      
4     6       42.4       214.89     0.03      
5     2       42.4       153.49     0.04      
5     3       42.4       153.49     0.05      
5     7       42.4       214.89     0.01      
6     4       42.4       153.49     0.08      
6     10      42.4       214.89     0.02      
9     1       79.51      92.09      0.02      
16    1       135.32     92.09      0.02      

state: 21 E_state =96.48975981480476
n_rot n_trans E_rot      E_trans    |<state|n_rot n_trans>|^2
1     4       23.8       153.49     0.08      
2     3       23.8       153.49     0.01      
3     2       23.8       153.49     0.01      
3     3       23.8       153.49     0.08      
4     2       42.4       153.49     0.01      
4     3       42.4       153.49     0.08      
5     3       42.4       153.49     0.01      
6     4       42.4       153.49     0.08      
7     1       79.51      92.09      0.16      
9     1       79.51      92.09      0.06      
11    1       79.51      92.09      0.05      
12    1       135.32     92.09      0.16      
15    1       135.32     92.09      0.05      
16    1       135.32     92.09      0.06      

state: 22 E_state =96.86075694020262
n_rot n_trans E_rot      E_trans    |<state|n_rot n_trans>|^2
1     2       23.8       153.49     0.11      
2     4       23.8       153.49     0.02      
3     4       23.8       153.49     0.06      
3     5       23.8       214.89     0.02      
4     4       42.4       153.49     0.06      
4     5       42.4       214.89     0.02      
5     4       42.4       153.49     0.02      
6     2       42.4       153.49     0.11      
8     1       79.51      92.09      0.08      
10    1       79.51      92.09      0.18      
13    1       135.32     92.09      0.18      
14    1       135.32     92.09      0.08      

state: 23 E_state =97.69294321584357
n_rot n_trans E_rot      E_trans    |<state|n_rot n_trans>|^2
2     2       23.8       153.49     0.15      
3     2       23.8       153.49     0.06      
4     2       42.4       153.49     0.06      
5     2       42.4       153.49     0.15      
7     1       79.51      92.09      0.01      
9     1       79.51      92.09      0.15      
11    1       79.51      92.09      0.09      
12    1       135.32     92.09      0.01      
15    1       135.32     92.09      0.09      
16    1       135.32     92.09      0.15      

state: 24 E_state =98.24973579765962
n_rot n_trans E_rot      E_trans    |<state|n_rot n_trans>|^2
1     3       23.8       153.49     0.09      
2     4       23.8       153.49     0.12      
3     4       23.8       153.49     0.02      
3     9       23.8       214.89     0.02      
4     4       42.4       153.49     0.02      
4     9       42.4       214.89     0.02      
5     4       42.4       153.49     0.12      
6     3       42.4       153.49     0.09      
8     1       79.51      92.09      0.18      
10    1       79.51      92.09      0.06      
13    1       135.32     92.09      0.06      
14    1       135.32     92.09      0.18      

state: 25 E_state =98.334561026384
n_rot n_trans E_rot      E_trans    |<state|n_rot n_trans>|^2
1     4       23.8       153.49     0.05      
2     3       23.8       153.49     0.14      
3     2       23.8       153.49     0.01      
3     3       23.8       153.49     0.02      
4     2       42.4       153.49     0.01      
4     3       42.4       153.49     0.02      
5     3       42.4       153.49     0.14      
6     4       42.4       153.49     0.05      
7     1       79.51      92.09      0.09      
9     1       79.51      92.09      0.04      
11    1       79.51      92.09      0.11      
12    1       135.32     92.09      0.09      
15    1       135.32     92.09      0.11      
16    1       135.32     92.09      0.04      

state: 26 E_state =98.57279055541973
n_rot n_trans E_rot      E_trans    |<state|n_rot n_trans>|^2
1     2       23.8       153.49     0.01      
1     3       23.8       153.49     0.28      
1     6       23.8       214.89     0.01      
3     4       23.8       153.49     0.09      
3     9       23.8       214.89     0.02      
3     10      23.8       214.89     0.04      
4     4       42.4       153.49     0.09      
4     9       42.4       214.89     0.02      
4     10      42.4       214.89     0.04      
6     2       42.4       153.49     0.01      
6     3       42.4       153.49     0.28      
6     6       42.4       214.89     0.01      

state: 27 E_state =101.77909889610875
n_rot n_trans E_rot      E_trans    |<state|n_rot n_trans>|^2
2     3       23.8       153.49     0.36      
3     3       23.8       153.49     0.06      
3     7       23.8       214.89     0.04      
4     3       42.4       153.49     0.06      
4     7       42.4       214.89     0.04      
5     3       42.4       153.49     0.36      

state: 28 E_state =101.89926702482487
n_rot n_trans E_rot      E_trans    |<state|n_rot n_trans>|^2
1     2       23.8       153.49     0.07      
1     3       23.8       153.49     0.02      
2     4       23.8       153.49     0.27      
3     1       23.8       92.09      0.03      
3     5       23.8       214.89     0.03      
3     9       23.8       214.89     0.03      
3     10      23.8       214.89     0.03      
4     1       42.4       92.09      0.03      
4     5       42.4       214.89     0.03      
4     9       42.4       214.89     0.03      
4     10      42.4       214.89     0.03      
5     4       42.4       153.49     0.27      
6     2       42.4       153.49     0.07      
6     3       42.4       153.49     0.02      

state: 29 E_state =105.71840541162685
n_rot n_trans E_rot      E_trans    |<state|n_rot n_trans>|^2
1     4       23.8       153.49     0.16      
2     2       23.8       153.49     0.3       
3     2       23.8       153.49     0.01      
4     2       42.4       153.49     0.01      
5     2       42.4       153.49     0.3       
6     4       42.4       153.49     0.16      

state: 30 E_state =126.09660484873466
n_rot n_trans E_rot      E_trans    |<state|n_rot n_trans>|^2
1     6       23.8       214.89     0.09      
1     7       23.8       214.89     0.03      
2     5       23.8       214.89     0.04      
2     9       23.8       214.89     0.08      
3     8       23.8       214.89     0.01      
4     8       42.4       214.89     0.01      
5     5       42.4       214.89     0.04      
5     9       42.4       214.89     0.08      
6     6       42.4       214.89     0.09      
6     7       42.4       214.89     0.03      
7     2       79.51      153.49     0.06      
7     3       79.51      153.49     0.02      
8     4       79.51      153.49     0.1       
9     2       79.51      153.49     0.02      
11    3       79.51      153.49     0.01      
12    2       135.32     153.49     0.06      
12    3       135.32     153.49     0.02      
14    4       135.32     153.49     0.1       
15    3       135.32     153.49     0.01      
16    2       135.32     153.49     0.02      

state: 31 E_state =126.10256878941645
n_rot n_trans E_rot      E_trans    |<state|n_rot n_trans>|^2
1     5       23.8       214.89     0.03      
1     9       23.8       214.89     0.09      
2     6       23.8       214.89     0.1       
2     7       23.8       214.89     0.01      
3     13      23.8       276.28     0.01      
4     13      42.4       276.28     0.01      
5     6       42.4       214.89     0.1       
5     7       42.4       214.89     0.01      
6     5       42.4       214.89     0.03      
6     9       42.4       214.89     0.09      
7     4       79.51      153.49     0.1       
8     2       79.51      153.49     0.08      
8     3       79.51      153.49     0.01      
9     4       79.51      153.49     0.02      
11    4       79.51      153.49     0.01      
12    4       135.32     153.49     0.1       
14    2       135.32     153.49     0.08      
14    3       135.32     153.49     0.01      
15    4       135.32     153.49     0.01      
16    4       135.32     153.49     0.02      

state: 32 E_state =127.08528457212523
n_rot n_trans E_rot      E_trans    |<state|n_rot n_trans>|^2
1     6       23.8       214.89     0.01      
1     7       23.8       214.89     0.01      
2     8       23.8       214.89     0.07      
3     8       23.8       214.89     0.15      
4     8       42.4       214.89     0.15      
5     8       42.4       214.89     0.07      
6     6       42.4       214.89     0.01      
6     7       42.4       214.89     0.01      
7     3       79.51      153.49     0.01      
9     3       79.51      153.49     0.09      
11    3       79.51      153.49     0.09      
12    3       135.32     153.49     0.01      
15    3       135.32     153.49     0.09      
16    3       135.32     153.49     0.09      

state: 33 E_state =128.06608081826639
n_rot n_trans E_rot      E_trans    |<state|n_rot n_trans>|^2
1     8       23.8       214.89     0.06      
1     10      23.8       214.89     0.02      
2     3       23.8       153.49     0.01      
2     7       23.8       214.89     0.09      
3     7       23.8       214.89     0.03      
4     7       42.4       214.89     0.03      
5     3       42.4       153.49     0.01      
5     7       42.4       214.89     0.09      
6     8       42.4       214.89     0.06      
6     10      42.4       214.89     0.02      
8     3       79.51      153.49     0.11      
9     4       79.51      153.49     0.01      
10    2       79.51      153.49     0.03      
10    3       79.51      153.49     0.02      
11    4       79.51      153.49     0.06      
13    2       135.32     153.49     0.03      
13    3       135.32     153.49     0.02      
14    3       135.32     153.49     0.11      
15    4       135.32     153.49     0.06      
16    4       135.32     153.49     0.01      

state: 34 E_state =128.1512411934552
n_rot n_trans E_rot      E_trans    |<state|n_rot n_trans>|^2
1     7       23.8       214.89     0.1       
2     4       23.8       153.49     0.01      
2     5       23.8       214.89     0.02      
2     8       23.8       214.89     0.04      
2     10      23.8       214.89     0.02      
3     9       23.8       214.89     0.02      
4     9       42.4       214.89     0.02      
5     4       42.4       153.49     0.01      
5     5       42.4       214.89     0.02      
5     8       42.4       214.89     0.04      
5     10      42.4       214.89     0.02      
6     7       42.4       214.89     0.1       
7     3       79.51      153.49     0.08      
9     3       79.51      153.49     0.02      
10    4       79.51      153.49     0.06      
11    2       79.51      153.49     0.04      
12    3       135.32     153.49     0.08      
13    4       135.32     153.49     0.06      
15    2       135.32     153.49     0.04      
16    3       135.32     153.49     0.02      

state: 35 E_state =129.78381543443322
n_rot n_trans E_rot      E_trans    |<state|n_rot n_trans>|^2
1     4       23.8       153.49     0.02      
1     5       23.8       214.89     0.02      
1     8       23.8       214.89     0.02      
1     9       23.8       214.89     0.05      
2     3       23.8       153.49     0.01      
2     6       23.8       214.89     0.03      
3     6       23.8       214.89     0.03      
3     7       23.8       214.89     0.05      
4     6       42.4       214.89     0.03      
4     7       42.4       214.89     0.05      
5     3       42.4       153.49     0.01      
5     6       42.4       214.89     0.03      
6     4       42.4       153.49     0.02      
6     5       42.4       214.89     0.02      
6     8       42.4       214.89     0.02      
6     9       42.4       214.89     0.05      
7     4       79.51      153.49     0.04      
8     2       79.51      153.49     0.01      
9     4       79.51      153.49     0.04      
10    2       79.51      153.49     0.06      
10    3       79.51      153.49     0.06      
12    4       135.32     153.49     0.04      
13    2       135.32     153.49     0.06      
13    3       135.32     153.49     0.06      
14    2       135.32     153.49     0.01      
16    4       135.32     153.49     0.04      

state: 36 E_state =131.37996490215596
n_rot n_trans E_rot      E_trans    |<state|n_rot n_trans>|^2
1     2       23.8       153.49     0.06      
1     6       23.8       214.89     0.01      
2     5       23.8       214.89     0.1       
3     5       23.8       214.89     0.03      
4     5       42.4       214.89     0.03      
5     5       42.4       214.89     0.1       
6     2       42.4       153.49     0.06      
6     6       42.4       214.89     0.01      
7     2       79.51      153.49     0.01      
9     2       79.51      153.49     0.13      
10    4       79.51      153.49     0.01      
11    2       79.51      153.49     0.07      
12    2       135.32     153.49     0.01      
13    4       135.32     153.49     0.01      
15    2       135.32     153.49     0.07      
16    2       135.32     153.49     0.13      

state: 37 E_state =132.17527495454124
n_rot n_trans E_rot      E_trans    |<state|n_rot n_trans>|^2
1     8       23.8       214.89     0.03      
1     9       23.8       214.89     0.01      
1     10      23.8       214.89     0.14      
2     7       23.8       214.89     0.02      
3     3       23.8       153.49     0.01      
3     7       23.8       214.89     0.01      
4     3       42.4       153.49     0.01      
4     7       42.4       214.89     0.01      
5     7       42.4       214.89     0.02      
6     8       42.4       214.89     0.03      
6     9       42.4       214.89     0.01      
6     10      42.4       214.89     0.14      
7     1       79.51      92.09      0.01      
7     4       79.51      153.49     0.07      
8     2       79.51      153.49     0.02      
9     4       79.51      153.49     0.02      
10    2       79.51      153.49     0.01      
10    3       79.51      153.49     0.1       
12    1       135.32     92.09      0.01      
12    4       135.32     153.49     0.07      
13    2       135.32     153.49     0.01      
13    3       135.32     153.49     0.1       
14    2       135.32     153.49     0.02      
16    4       135.32     153.49     0.02      

state: 38 E_state =132.90684263545344
n_rot n_trans E_rot      E_trans    |<state|n_rot n_trans>|^2
1     7       23.8       214.89     0.01      
2     9       23.8       214.89     0.02      
2     10      23.8       214.89     0.16      
3     9       23.8       214.89     0.02      
4     9       42.4       214.89     0.02      
5     9       42.4       214.89     0.02      
5     10      42.4       214.89     0.16      
6     7       42.4       214.89     0.01      
7     2       79.51      153.49     0.01      
8     1       79.51      92.09      0.01      
8     4       79.51      153.49     0.03      
9     2       79.51      153.49     0.03      
9     3       79.51      153.49     0.06      
11    2       79.51      153.49     0.03      
11    3       79.51      153.49     0.07      
12    2       135.32     153.49     0.01      
14    1       135.32     92.09      0.01      
14    4       135.32     153.49     0.03      
15    2       135.32     153.49     0.03      
15    3       135.32     153.49     0.07      
16    2       135.32     153.49     0.03      
16    3       135.32     153.49     0.06      

state: 39 E_state =133.71719187196305
n_rot n_trans E_rot      E_trans    |<state|n_rot n_trans>|^2
1     3       23.8       153.49     0.04      
2     4       23.8       153.49     0.02      
2     5       23.8       214.89     0.01      
3     10      23.8       214.89     0.08      
4     10      42.4       214.89     0.08      
5     4       42.4       153.49     0.02      
5     5       42.4       214.89     0.01      
6     3       42.4       153.49     0.04      
7     2       79.51      153.49     0.07      
8     4       79.51      153.49     0.01      
9     2       79.51      153.49     0.04      
10    1       79.51      92.09      0.06      
10    4       79.51      153.49     0.08      
11    2       79.51      153.49     0.04      
12    2       135.32     153.49     0.07      
13    1       135.32     92.09      0.06      
13    4       135.32     153.49     0.08      
14    4       135.32     153.49     0.01      
15    2       135.32     153.49     0.04      
16    2       135.32     153.49     0.04      

state: 40 E_state =134.15664544157917
n_rot n_trans E_rot      E_trans    |<state|n_rot n_trans>|^2
1     8       23.8       214.89     0.02      
3     2       23.8       153.49     0.01      
3     3       23.8       153.49     0.01      
4     2       42.4       153.49     0.01      
4     3       42.4       153.49     0.01      
6     8       42.4       214.89     0.02      
7     1       79.51      92.09      0.06      
9     1       79.51      92.09      0.11      
10    2       79.51      153.49     0.11      
10    3       79.51      153.49     0.03      
11    4       79.51      153.49     0.1       
12    1       135.32     92.09      0.06      
13    2       135.32     153.49     0.11      
13    3       135.32     153.49     0.03      
15    4       135.32     153.49     0.1       
16    1       135.32     92.09      0.11      

state: 41 E_state =135.95988411879196
n_rot n_trans E_rot      E_trans    |<state|n_rot n_trans>|^2
2     8       23.8       214.89     0.01      
3     4       23.8       153.49     0.02      
3     9       23.8       214.89     0.01      
3     10      23.8       214.89     0.07      
4     4       42.4       153.49     0.02      
4     9       42.4       214.89     0.01      
4     10      42.4       214.89     0.07      
5     8       42.4       214.89     0.01      
7     2       79.51      153.49     0.07      
7     3       79.51      153.49     0.02      
8     4       79.51      153.49     0.05      
9     3       79.51      153.49     0.02      
10    1       79.51      92.09      0.12      
10    4       79.51      153.49     0.01      
11    3       79.51      153.49     0.04      
12    2       135.32     153.49     0.07      
12    3       135.32     153.49     0.02      
13    1       135.32     92.09      0.12      
13    4       135.32     153.49     0.01      
14    4       135.32     153.49     0.05      
15    3       135.32     153.49     0.04      
16    3       135.32     153.49     0.02      

state: 42 E_state =136.07425115741205
n_rot n_trans E_rot      E_trans    |<state|n_rot n_trans>|^2
1     8       23.8       214.89     0.02      
1     10      23.8       214.89     0.02      
2     2       23.8       153.49     0.01      
3     2       23.8       153.49     0.01      
4     2       42.4       153.49     0.01      
5     2       42.4       153.49     0.01      
6     8       42.4       214.89     0.02      
6     10      42.4       214.89     0.02      
7     1       79.51      92.09      0.02      
8     2       79.51      153.49     0.07      
8     3       79.51      153.49     0.02      
9     4       79.51      153.49     0.15      
11    1       79.51      92.09      0.11      
12    1       135.32     92.09      0.02      
14    2       135.32     153.49     0.07      
14    3       135.32     153.49     0.02      
15    1       135.32     92.09      0.11      
16    4       135.32     153.49     0.15      

state: 43 E_state =137.88514977077605
n_rot n_trans E_rot      E_trans    |<state|n_rot n_trans>|^2
1     4       23.8       153.49     0.01      
1     8       23.8       214.89     0.07      
2     6       23.8       214.89     0.01      
3     6       23.8       214.89     0.02      
3     7       23.8       214.89     0.08      
4     6       42.4       214.89     0.02      
4     7       42.4       214.89     0.08      
5     6       42.4       214.89     0.01      
6     4       42.4       153.49     0.01      
6     8       42.4       214.89     0.07      
8     2       79.51      153.49     0.05      
8     3       79.51      153.49     0.09      
10    2       79.51      153.49     0.04      
11    1       79.51      92.09      0.02      
11    4       79.51      153.49     0.06      
13    2       135.32     153.49     0.04      
14    2       135.32     153.49     0.05      
14    3       135.32     153.49     0.09      
15    1       135.32     92.09      0.02      
15    4       135.32     153.49     0.06      

state: 44 E_state =138.17908651203692
n_rot n_trans E_rot      E_trans    |<state|n_rot n_trans>|^2
1     7       23.8       214.89     0.02      
2     4       23.8       153.49     0.02      
2     8       23.8       214.89     0.05      
2     9       23.8       214.89     0.02      
3     8       23.8       214.89     0.03      
3     9       23.8       214.89     0.07      
4     8       42.4       214.89     0.03      
4     9       42.4       214.89     0.07      
5     4       42.4       153.49     0.02      
5     8       42.4       214.89     0.05      
5     9       42.4       214.89     0.02      
6     7       42.4       214.89     0.02      
7     3       79.51      153.49     0.1       
9     2       79.51      153.49     0.03      
9     3       79.51      153.49     0.01      
10    4       79.51      153.49     0.05      
11    2       79.51      153.49     0.05      
12    3       135.32     153.49     0.1       
13    4       135.32     153.49     0.05      
15    2       135.32     153.49     0.05      
16    2       135.32     153.49     0.03      
16    3       135.32     153.49     0.01      

state: 45 E_state =141.43175010229925
n_rot n_trans E_rot      E_trans    |<state|n_rot n_trans>|^2
2     10      23.8       214.89     0.02      
3     5       23.8       214.89     0.07      
3     9       23.8       214.89     0.04      
4     5       42.4       214.89     0.07      
4     9       42.4       214.89     0.04      
5     10      42.4       214.89     0.02      
8     1       79.51      92.09      0.24      
10    1       79.51      92.09      0.07      
13    1       135.32     92.09      0.07      
14    1       135.32     92.09      0.24      

state: 46 E_state =141.43809666975702
n_rot n_trans E_rot      E_trans    |<state|n_rot n_trans>|^2
1     5       23.8       214.89     0.01      
1     10      23.8       214.89     0.01      
3     6       23.8       214.89     0.11      
4     6       42.4       214.89     0.11      
6     5       42.4       214.89     0.01      
6     10      42.4       214.89     0.01      
7     1       79.51      92.09      0.18      
9     1       79.51      92.09      0.07      
11    1       79.51      92.09      0.09      
12    1       135.32     92.09      0.18      
15    1       135.32     92.09      0.09      
16    1       135.32     92.09      0.07      

state: 47 E_state =144.29620193332113
n_rot n_trans E_rot      E_trans    |<state|n_rot n_trans>|^2
1     8       23.8       214.89     0.04      
2     3       23.8       153.49     0.01      
2     7       23.8       214.89     0.08      
3     7       23.8       214.89     0.01      
4     7       42.4       214.89     0.01      
5     3       42.4       153.49     0.01      
5     7       42.4       214.89     0.08      
6     8       42.4       214.89     0.04      
7     1       79.51      92.09      0.02      
8     2       79.51      153.49     0.01      
9     1       79.51      92.09      0.14      
10    2       79.51      153.49     0.02      
10    3       79.51      153.49     0.01      
11    1       79.51      92.09      0.1       
12    1       135.32     92.09      0.02      
13    2       135.32     153.49     0.02      
13    3       135.32     153.49     0.01      
14    2       135.32     153.49     0.01      
15    1       135.32     92.09      0.1       
16    1       135.32     92.09      0.14      

state: 48 E_state =144.5849913919035
n_rot n_trans E_rot      E_trans    |<state|n_rot n_trans>|^2
1     2       23.8       153.49     0.01      
1     6       23.8       214.89     0.02      
2     5       23.8       214.89     0.03      
2     9       23.8       214.89     0.06      
3     5       23.8       214.89     0.02      
4     5       42.4       214.89     0.02      
5     5       42.4       214.89     0.03      
5     9       42.4       214.89     0.06      
6     2       42.4       153.49     0.01      
6     6       42.4       214.89     0.02      
7     2       79.51      153.49     0.03      
8     1       79.51      92.09      0.12      
9     3       79.51      153.49     0.01      
10    1       79.51      92.09      0.09      
10    4       79.51      153.49     0.01      
11    3       79.51      153.49     0.02      
12    2       135.32     153.49     0.03      
13    1       135.32     92.09      0.09      
13    4       135.32     153.49     0.01      
14    1       135.32     92.09      0.12      
15    3       135.32     153.49     0.02      
16    3       135.32     153.49     0.01      

state: 49 E_state =146.51657312463436
n_rot n_trans E_rot      E_trans    |<state|n_rot n_trans>|^2
1     7       23.8       214.89     0.12      
2     8       23.8       214.89     0.13      
2     9       23.8       214.89     0.01      
3     8       23.8       214.89     0.13      
3     9       23.8       214.89     0.02      
3     10      23.8       214.89     0.01      
4     8       42.4       214.89     0.13      
4     9       42.4       214.89     0.02      
4     10      42.4       214.89     0.01      
5     8       42.4       214.89     0.13      
5     9       42.4       214.89     0.01      
6     7       42.4       214.89     0.12      

state: 50 E_state =146.61638789915096
n_rot n_trans E_rot      E_trans    |<state|n_rot n_trans>|^2
1     4       23.8       153.49     0.01      
1     5       23.8       214.89     0.11      
1     10      23.8       214.89     0.01      
2     6       23.8       214.89     0.02      
2     7       23.8       214.89     0.01      
3     2       23.8       153.49     0.04      
3     11      23.8       276.28     0.01      
4     2       42.4       153.49     0.04      
4     11      42.4       276.28     0.01      
5     6       42.4       214.89     0.02      
5     7       42.4       214.89     0.01      
6     4       42.4       153.49     0.01      
6     5       42.4       214.89     0.11      
6     10      42.4       214.89     0.01      
7     1       79.51      92.09      0.09      
9     1       79.51      92.09      0.04      
9     4       79.51      153.49     0.02      
10    2       79.51      153.49     0.02      
11    1       79.51      92.09      0.03      
11    4       79.51      153.49     0.05      
12    1       135.32     92.09      0.09      
13    2       135.32     153.49     0.02      
15    1       135.32     92.09      0.03      
15    4       135.32     153.49     0.05      
16    1       135.32     92.09      0.04      
16    4       135.32     153.49     0.02      

state: 51 E_state =149.62631693982036
n_rot n_trans E_rot      E_trans    |<state|n_rot n_trans>|^2
1     6       23.8       214.89     0.17      
2     5       23.8       214.89     0.06      
2     9       23.8       214.89     0.03      
2     10      23.8       214.89     0.02      
3     9       23.8       214.89     0.05      
3     12      23.8       276.28     0.06      
4     9       42.4       214.89     0.05      
4     12      42.4       276.28     0.06      
5     5       42.4       214.89     0.06      
5     9       42.4       214.89     0.03      
5     10      42.4       214.89     0.02      
6     6       42.4       214.89     0.17      
7     2       79.51      153.49     0.02      
8     4       79.51      153.49     0.01      
10    4       79.51      153.49     0.01      
12    2       135.32     153.49     0.02      
13    4       135.32     153.49     0.01      
14    4       135.32     153.49     0.01      

state: 52 E_state =149.75292568438053
n_rot n_trans E_rot      E_trans    |<state|n_rot n_trans>|^2
1     5       23.8       214.89     0.09      
1     9       23.8       214.89     0.06      
1     10      23.8       214.89     0.02      
2     6       23.8       214.89     0.13      
3     6       23.8       214.89     0.02      
3     7       23.8       214.89     0.02      
3     11      23.8       276.28     0.03      
3     13      23.8       276.28     0.03      
4     6       42.4       214.89     0.02      
4     7       42.4       214.89     0.02      
4     11      42.4       276.28     0.03      
4     13      42.4       276.28     0.03      
5     6       42.4       214.89     0.13      
6     5       42.4       214.89     0.09      
6     9       42.4       214.89     0.06      
6     10      42.4       214.89     0.02      
7     4       79.51      153.49     0.01      
8     2       79.51      153.49     0.02      
10    2       79.51      153.49     0.01      
12    4       135.32     153.49     0.01      
13    2       135.32     153.49     0.01      
14    2       135.32     153.49     0.02      

state: 53 E_state =151.08741915397124
n_rot n_trans E_rot      E_trans    |<state|n_rot n_trans>|^2
1     9       23.8       214.89     0.14      
1     10      23.8       214.89     0.01      
2     6       23.8       214.89     0.07      
2     7       23.8       214.89     0.04      
3     3       23.8       153.49     0.03      
3     6       23.8       214.89     0.04      
3     7       23.8       214.89     0.07      
4     3       42.4       153.49     0.03      
4     6       42.4       214.89     0.04      
4     7       42.4       214.89     0.07      
5     6       42.4       214.89     0.07      
5     7       42.4       214.89     0.04      
6     9       42.4       214.89     0.14      
6     10      42.4       214.89     0.01      
9     4       79.51      153.49     0.02      
16    4       135.32     153.49     0.02      

state: 54 E_state =151.53657248389524
n_rot n_trans E_rot      E_trans    |<state|n_rot n_trans>|^2
1     4       23.8       153.49     0.01      
1     5       23.8       214.89     0.01      
1     9       23.8       214.89     0.1       
1     12      23.8       276.28     0.03      
3     6       23.8       214.89     0.12      
3     7       23.8       214.89     0.07      
3     13      23.8       276.28     0.01      
4     6       42.4       214.89     0.12      
4     7       42.4       214.89     0.07      
4     13      42.4       276.28     0.01      
6     4       42.4       153.49     0.01      
6     5       42.4       214.89     0.01      
6     9       42.4       214.89     0.1       
6     12      42.4       276.28     0.03      
7     4       79.51      153.49     0.02      
10    2       79.51      153.49     0.02      
10    3       79.51      153.49     0.01      
12    4       135.32     153.49     0.02      
13    2       135.32     153.49     0.02      
13    3       135.32     153.49     0.01      

state: 55 E_state =151.59272133324936
n_rot n_trans E_rot      E_trans    |<state|n_rot n_trans>|^2
1     7       23.8       214.89     0.11      
1     18      23.8       276.28     0.01      
2     8       23.8       214.89     0.01      
2     9       23.8       214.89     0.04      
3     8       23.8       214.89     0.12      
3     9       23.8       214.89     0.03      
3     19      23.8       276.28     0.02      
4     8       42.4       214.89     0.12      
4     9       42.4       214.89     0.03      
4     19      42.4       276.28     0.02      
5     8       42.4       214.89     0.01      
5     9       42.4       214.89     0.04      
6     7       42.4       214.89     0.11      
6     18      42.4       276.28     0.01      
7     3       79.51      153.49     0.02      
12    3       135.32     153.49     0.02      

state: 56 E_state =152.77379892543317
n_rot n_trans E_rot      E_trans    |<state|n_rot n_trans>|^2
1     2       23.8       153.49     0.04      
1     11      23.8       276.28     0.06      
1     17      23.8       276.28     0.01      
2     5       23.8       214.89     0.03      
3     5       23.8       214.89     0.21      
3     10      23.8       214.89     0.06      
4     5       42.4       214.89     0.21      
4     10      42.4       214.89     0.06      
5     5       42.4       214.89     0.03      
6     2       42.4       153.49     0.04      
6     11      42.4       276.28     0.06      
6     17      42.4       276.28     0.01      
9     2       79.51      153.49     0.03      
16    2       135.32     153.49     0.03      

state: 57 E_state =153.05531843128477
n_rot n_trans E_rot      E_trans    |<state|n_rot n_trans>|^2
1     2       23.8       153.49     0.03      
1     6       23.8       214.89     0.1       
1     11      23.8       276.28     0.01      
2     5       23.8       214.89     0.12      
2     9       23.8       214.89     0.01      
3     4       23.8       153.49     0.03      
3     5       23.8       214.89     0.08      
3     9       23.8       214.89     0.02      
3     10      23.8       214.89     0.01      
4     4       42.4       153.49     0.03      
4     5       42.4       214.89     0.08      
4     9       42.4       214.89     0.02      
4     10      42.4       214.89     0.01      
5     5       42.4       214.89     0.12      
5     9       42.4       214.89     0.01      
6     2       42.4       153.49     0.03      
6     6       42.4       214.89     0.1       
6     11      42.4       276.28     0.01      
8     4       79.51      153.49     0.01      
14    4       135.32     153.49     0.01      

state: 58 E_state =153.17637122574527
n_rot n_trans E_rot      E_trans    |<state|n_rot n_trans>|^2
1     8       23.8       214.89     0.06      
1     9       23.8       214.89     0.03      
1     10      23.8       214.89     0.01      
2     6       23.8       214.89     0.01      
2     7       23.8       214.89     0.09      
2     14      23.8       276.28     0.01      
3     7       23.8       214.89     0.13      
3     14      23.8       276.28     0.02      
4     7       42.4       214.89     0.13      
4     14      42.4       276.28     0.02      
5     6       42.4       214.89     0.01      
5     7       42.4       214.89     0.09      
5     14      42.4       276.28     0.01      
6     8       42.4       214.89     0.06      
6     9       42.4       214.89     0.03      
6     10      42.4       214.89     0.01      
8     3       79.51      153.49     0.02      
9     4       79.51      153.49     0.01      
10    3       79.51      153.49     0.01      
11    4       79.51      153.49     0.01      
13    3       135.32     153.49     0.01      
14    3       135.32     153.49     0.02      
15    4       135.32     153.49     0.01      
16    4       135.32     153.49     0.01      

state: 59 E_state =153.45670729540691
n_rot n_trans E_rot      E_trans    |<state|n_rot n_trans>|^2
1     7       23.8       214.89     0.05      
1     18      23.8       276.28     0.01      
2     8       23.8       214.89     0.07      
2     9       23.8       214.89     0.03      
3     8       23.8       214.89     0.14      
3     9       23.8       214.89     0.05      
3     19      23.8       276.28     0.01      
4     8       42.4       214.89     0.14      
4     9       42.4       214.89     0.05      
4     19      42.4       276.28     0.01      
5     8       42.4       214.89     0.07      
5     9       42.4       214.89     0.03      
6     7       42.4       214.89     0.05      
6     18      42.4       276.28     0.01      
9     3       79.51      153.49     0.02      
11    3       79.51      153.49     0.02      
15    3       135.32     153.49     0.02      
16    3       135.32     153.49     0.02      

state: 60 E_state =154.76452000824446
n_rot n_trans E_rot      E_trans    |<state|n_rot n_trans>|^2
1     3       23.8       153.49     0.01      
1     11      23.8       276.28     0.01      
1     17      23.8       276.28     0.04      
2     20      23.8       276.28     0.02      
3     5       23.8       214.89     0.04      
3     10      23.8       214.89     0.26      
4     5       42.4       214.89     0.04      
4     10      42.4       214.89     0.26      
5     20      42.4       276.28     0.02      
6     3       42.4       153.49     0.01      
6     11      42.4       276.28     0.01      
6     17      42.4       276.28     0.04      
10    4       79.51      153.49     0.01      
11    2       79.51      153.49     0.02      
11    3       79.51      153.49     0.01      
13    4       135.32     153.49     0.01      
15    2       135.32     153.49     0.02      
15    3       135.32     153.49     0.01      

state: 61 E_state =155.44563795052125
n_rot n_trans E_rot      E_trans    |<state|n_rot n_trans>|^2
1     8       23.8       214.89     0.01      
1     10      23.8       214.89     0.23      
1     12      23.8       276.28     0.01      
2     7       23.8       214.89     0.03      
3     6       23.8       214.89     0.05      
3     7       23.8       214.89     0.02      
3     17      23.8       276.28     0.05      
4     6       42.4       214.89     0.05      
4     7       42.4       214.89     0.02      
4     17      42.4       276.28     0.05      
5     7       42.4       214.89     0.03      
6     8       42.4       214.89     0.01      
6     10      42.4       214.89     0.23      
6     12      42.4       276.28     0.01      
7     4       79.51      153.49     0.01      
10    3       79.51      153.49     0.02      
12    4       135.32     153.49     0.01      
13    3       135.32     153.49     0.02      

state: 62 E_state =156.6989235281121
n_rot n_trans E_rot      E_trans    |<state|n_rot n_trans>|^2
1     10      23.8       214.89     0.04      
2     6       23.8       214.89     0.04      
2     7       23.8       214.89     0.04      
3     6       23.8       214.89     0.02      
3     7       23.8       214.89     0.05      
4     6       42.4       214.89     0.02      
4     7       42.4       214.89     0.05      
5     6       42.4       214.89     0.04      
5     7       42.4       214.89     0.04      
6     10      42.4       214.89     0.04      
7     1       79.51      92.09      0.01      
7     4       79.51      153.49     0.02      
8     2       79.51      153.49     0.04      
8     3       79.51      153.49     0.08      
10    3       79.51      153.49     0.12      
12    1       135.32     92.09      0.01      
12    4       135.32     153.49     0.02      
13    3       135.32     153.49     0.12      
14    2       135.32     153.49     0.04      
14    3       135.32     153.49     0.08      

state: 63 E_state =156.83104445851015
n_rot n_trans E_rot      E_trans    |<state|n_rot n_trans>|^2
1     7       23.8       214.89     0.03      
2     5       23.8       214.89     0.03      
2     8       23.8       214.89     0.02      
2     10      23.8       214.89     0.01      
3     8       23.8       214.89     0.03      
3     9       23.8       214.89     0.05      
4     8       42.4       214.89     0.03      
4     9       42.4       214.89     0.05      
5     5       42.4       214.89     0.03      
5     8       42.4       214.89     0.02      
5     10      42.4       214.89     0.01      
6     7       42.4       214.89     0.03      
7     2       79.51      153.49     0.03      
7     3       79.51      153.49     0.11      
8     1       79.51      92.09      0.03      
8     4       79.51      153.49     0.02      
9     2       79.51      153.49     0.03      
11    3       79.51      153.49     0.03      
12    2       135.32     153.49     0.03      
12    3       135.32     153.49     0.11      
14    1       135.32     92.09      0.03      
14    4       135.32     153.49     0.02      
15    3       135.32     153.49     0.03      
16    2       135.32     153.49     0.03      

state: 64 E_state =157.16643844868227
n_rot n_trans E_rot      E_trans    |<state|n_rot n_trans>|^2
1     8       23.8       214.89     0.12      
1     10      23.8       214.89     0.01      
2     6       23.8       214.89     0.01      
3     7       23.8       214.89     0.02      
4     7       42.4       214.89     0.02      
5     6       42.4       214.89     0.01      
6     8       42.4       214.89     0.12      
6     10      42.4       214.89     0.01      
8     2       79.51      153.49     0.02      
8     3       79.51      153.49     0.04      
9     1       79.51      92.09      0.03      
9     4       79.51      153.49     0.05      
10    3       79.51      153.49     0.07      
11    1       79.51      92.09      0.01      
11    4       79.51      153.49     0.06      
13    3       135.32     153.49     0.07      
14    2       135.32     153.49     0.02      
14    3       135.32     153.49     0.04      
15    1       135.32     92.09      0.01      
15    4       135.32     153.49     0.06      
16    1       135.32     92.09      0.03      
16    4       135.32     153.49     0.05      

state: 65 E_state =157.3201600843347
n_rot n_trans E_rot      E_trans    |<state|n_rot n_trans>|^2
1     6       23.8       214.89     0.01      
1     7       23.8       214.89     0.05      
1     13      23.8       276.28     0.02      
2     4       23.8       153.49     0.01      
2     8       23.8       214.89     0.01      
2     10      23.8       214.89     0.11      
2     19      23.8       276.28     0.02      
3     9       23.8       214.89     0.17      
3     20      23.8       276.28     0.02      
4     9       42.4       214.89     0.17      
4     20      42.4       276.28     0.02      
5     4       42.4       153.49     0.01      
5     8       42.4       214.89     0.01      
5     10      42.4       214.89     0.11      
5     19      42.4       276.28     0.02      
6     6       42.4       214.89     0.01      
6     7       42.4       214.89     0.05      
6     13      42.4       276.28     0.02      
9     3       79.51      153.49     0.01      
16    3       135.32     153.49     0.01      

state: 66 E_state =158.25739381690803
n_rot n_trans E_rot      E_trans    |<state|n_rot n_trans>|^2
1     5       23.8       214.89     0.13      
1     8       23.8       214.89     0.03      
1     9       23.8       214.89     0.04      
1     10      23.8       214.89     0.01      
1     12      23.8       276.28     0.02      
3     2       23.8       153.49     0.02      
3     6       23.8       214.89     0.11      
3     7       23.8       214.89     0.01      
3     11      23.8       276.28     0.04      
4     2       42.4       153.49     0.02      
4     6       42.4       214.89     0.11      
4     7       42.4       214.89     0.01      
4     11      42.4       276.28     0.04      
6     5       42.4       214.89     0.13      
6     8       42.4       214.89     0.03      
6     9       42.4       214.89     0.04      
6     10      42.4       214.89     0.01      
6     12      42.4       276.28     0.02      

state: 67 E_state =158.8492802222788
n_rot n_trans E_rot      E_trans    |<state|n_rot n_trans>|^2
1     6       23.8       214.89     0.03      
1     7       23.8       214.89     0.03      
2     9       23.8       214.89     0.07      
2     10      23.8       214.89     0.02      
3     4       23.8       153.49     0.02      
3     8       23.8       214.89     0.01      
3     9       23.8       214.89     0.01      
3     10      23.8       214.89     0.05      
4     4       42.4       153.49     0.02      
4     8       42.4       214.89     0.01      
4     9       42.4       214.89     0.01      
4     10      42.4       214.89     0.05      
5     9       42.4       214.89     0.07      
5     10      42.4       214.89     0.02      
6     6       42.4       214.89     0.03      
6     7       42.4       214.89     0.03      
7     3       79.51      153.49     0.04      
9     3       79.51      153.49     0.11      
11    3       79.51      153.49     0.05      
12    3       135.32     153.49     0.04      
15    3       135.32     153.49     0.05      
16    3       135.32     153.49     0.11      

state: 68 E_state =159.2473832639291
n_rot n_trans E_rot      E_trans    |<state|n_rot n_trans>|^2
1     5       23.8       214.89     0.02      
1     8       23.8       214.89     0.27      
1     9       23.8       214.89     0.01      
3     7       23.8       214.89     0.06      
3     18      23.8       276.28     0.04      
4     7       42.4       214.89     0.06      
4     18      42.4       276.28     0.04      
6     5       42.4       214.89     0.02      
6     8       42.4       214.89     0.27      
6     9       42.4       214.89     0.01      

state: 69 E_state =160.30901262944025
n_rot n_trans E_rot      E_trans    |<state|n_rot n_trans>|^2
2     5       23.8       214.89     0.12      
2     9       23.8       214.89     0.08      
2     10      23.8       214.89     0.13      
3     4       23.8       153.49     0.02      
3     5       23.8       214.89     0.01      
3     9       23.8       214.89     0.02      
3     12      23.8       276.28     0.01      
3     19      23.8       276.28     0.01      
3     20      23.8       276.28     0.02      
4     4       42.4       153.49     0.02      
4     5       42.4       214.89     0.01      
4     9       42.4       214.89     0.02      
4     12      42.4       276.28     0.01      
4     19      42.4       276.28     0.01      
4     20      42.4       276.28     0.02      
5     5       42.4       214.89     0.12      
5     9       42.4       214.89     0.08      
5     10      42.4       214.89     0.13      
7     2       79.51      153.49     0.01      
8     4       79.51      153.49     0.02      
12    2       135.32     153.49     0.01      
14    4       135.32     153.49     0.02      

state: 70 E_state =161.44816232287243
n_rot n_trans E_rot      E_trans    |<state|n_rot n_trans>|^2
1     3       23.8       153.49     0.01      
1     7       23.8       214.89     0.02      
1     17      23.8       276.28     0.01      
2     10      23.8       214.89     0.07      
3     10      23.8       214.89     0.11      
4     10      42.4       214.89     0.11      
5     10      42.4       214.89     0.07      
6     3       42.4       153.49     0.01      
6     7       42.4       214.89     0.02      
6     17      42.4       276.28     0.01      
9     2       79.51      153.49     0.07      
10    1       79.51      92.09      0.02      
10    4       79.51      153.49     0.06      
11    2       79.51      153.49     0.08      
13    1       135.32     92.09      0.02      
13    4       135.32     153.49     0.06      
15    2       135.32     153.49     0.08      
16    2       135.32     153.49     0.07      

state: 71 E_state =162.45519709331145
n_rot n_trans E_rot      E_trans    |<state|n_rot n_trans>|^2
1     8       23.8       214.89     0.03      
1     9       23.8       214.89     0.03      
1     10      23.8       214.89     0.1       
3     7       23.8       214.89     0.03      
4     7       42.4       214.89     0.03      
6     8       42.4       214.89     0.03      
6     9       42.4       214.89     0.03      
6     10      42.4       214.89     0.1       
7     1       79.51      92.09      0.01      
7     4       79.51      153.49     0.15      
8     2       79.51      153.49     0.02      
8     3       79.51      153.49     0.04      
10    2       79.51      153.49     0.02      
10    3       79.51      153.49     0.02      
12    1       135.32     92.09      0.01      
12    4       135.32     153.49     0.15      
13    2       135.32     153.49     0.02      
13    3       135.32     153.49     0.02      
14    2       135.32     153.49     0.02      
14    3       135.32     153.49     0.04      

state: 72 E_state =162.57933973945993
n_rot n_trans E_rot      E_trans    |<state|n_rot n_trans>|^2
2     8       23.8       214.89     0.28      
2     9       23.8       214.89     0.03      
2     10      23.8       214.89     0.03      
3     8       23.8       214.89     0.09      
3     15      23.8       276.28     0.02      
4     8       42.4       214.89     0.09      
4     15      42.4       276.28     0.02      
5     8       42.4       214.89     0.28      
5     9       42.4       214.89     0.03      
5     10      42.4       214.89     0.03      
7     3       79.51      153.49     0.01      
12    3       135.32     153.49     0.01      

state: 73 E_state =162.61485706422476
n_rot n_trans E_rot      E_trans    |<state|n_rot n_trans>|^2
1     9       23.8       214.89     0.02      
1     10      23.8       214.89     0.06      
2     6       23.8       214.89     0.02      
2     7       23.8       214.89     0.22      
3     3       23.8       153.49     0.02      
3     7       23.8       214.89     0.04      
3     13      23.8       276.28     0.01      
3     14      23.8       276.28     0.02      
3     17      23.8       276.28     0.01      
4     3       42.4       153.49     0.02      
4     7       42.4       214.89     0.04      
4     13      42.4       276.28     0.01      
4     14      42.4       276.28     0.02      
4     17      42.4       276.28     0.01      
5     6       42.4       214.89     0.02      
5     7       42.4       214.89     0.22      
6     9       42.4       214.89     0.02      
6     10      42.4       214.89     0.06      

state: 74 E_state =162.70884766567917
n_rot n_trans E_rot      E_trans    |<state|n_rot n_trans>|^2
2     4       23.8       153.49     0.01      
2     5       23.8       214.89     0.02      
2     10      23.8       214.89     0.09      
3     9       23.8       214.89     0.04      
3     10      23.8       214.89     0.01      
4     9       42.4       214.89     0.04      
4     10      42.4       214.89     0.01      
5     4       42.4       153.49     0.01      
5     5       42.4       214.89     0.02      
5     10      42.4       214.89     0.09      
7     2       79.51      153.49     0.02      
7     3       79.51      153.49     0.03      
8     1       79.51      92.09      0.02      
8     4       79.51      153.49     0.05      
9     2       79.51      153.49     0.03      
10    1       79.51      92.09      0.01      
10    4       79.51      153.49     0.09      
11    3       79.51      153.49     0.02      
12    2       135.32     153.49     0.02      
12    3       135.32     153.49     0.03      
13    1       135.32     92.09      0.01      
13    4       135.32     153.49     0.09      
14    1       135.32     92.09      0.02      
14    4       135.32     153.49     0.05      
15    3       135.32     153.49     0.02      
16    2       135.32     153.49     0.03      

state: 75 E_state =163.62694275303457
n_rot n_trans E_rot      E_trans    |<state|n_rot n_trans>|^2
1     6       23.8       214.89     0.05      
1     7       23.8       214.89     0.03      
2     5       23.8       214.89     0.01      
2     9       23.8       214.89     0.08      
3     8       23.8       214.89     0.01      
4     8       42.4       214.89     0.01      
5     5       42.4       214.89     0.01      
5     9       42.4       214.89     0.08      
6     6       42.4       214.89     0.05      
6     7       42.4       214.89     0.03      
7     2       79.51      153.49     0.06      
7     3       79.51      153.49     0.03      
8     4       79.51      153.49     0.12      
9     2       79.51      153.49     0.01      
11    3       79.51      153.49     0.04      
12    2       135.32     153.49     0.06      
12    3       135.32     153.49     0.03      
14    4       135.32     153.49     0.12      
15    3       135.32     153.49     0.04      
16    2       135.32     153.49     0.01      

state: 76 E_state =163.64990729070087
n_rot n_trans E_rot      E_trans    |<state|n_rot n_trans>|^2
1     5       23.8       214.89     0.04      
1     8       23.8       214.89     0.01      
1     9       23.8       214.89     0.07      
2     6       23.8       214.89     0.01      
2     7       23.8       214.89     0.03      
5     6       42.4       214.89     0.01      
5     7       42.4       214.89     0.03      
6     5       42.4       214.89     0.04      
6     8       42.4       214.89     0.01      
6     9       42.4       214.89     0.07      
7     4       79.51      153.49     0.06      
8     2       79.51      153.49     0.11      
8     3       79.51      153.49     0.07      
11    1       79.51      92.09      0.02      
12    4       135.32     153.49     0.06      
14    2       135.32     153.49     0.11      
14    3       135.32     153.49     0.07      
15    1       135.32     92.09      0.02      

state: 77 E_state =164.1616824290554
n_rot n_trans E_rot      E_trans    |<state|n_rot n_trans>|^2
2     6       23.8       214.89     0.11      
3     2       23.8       153.49     0.03      
3     6       23.8       214.89     0.05      
4     2       42.4       153.49     0.03      
4     6       42.4       214.89     0.05      
5     6       42.4       214.89     0.11      
9     1       79.51      92.09      0.03      
9     4       79.51      153.49     0.1       
11    1       79.51      92.09      0.03      
11    4       79.51      153.49     0.07      
15    1       135.32     92.09      0.03      
15    4       135.32     153.49     0.07      
16    1       135.32     92.09      0.03      
16    4       135.32     153.49     0.1       

state: 78 E_state =164.29667550331084
n_rot n_trans E_rot      E_trans    |<state|n_rot n_trans>|^2
1     7       23.8       214.89     0.18      
2     8       23.8       214.89     0.03      
2     9       23.8       214.89     0.12      
2     10      23.8       214.89     0.08      
3     8       23.8       214.89     0.02      
4     8       42.4       214.89     0.02      
5     8       42.4       214.89     0.03      
5     9       42.4       214.89     0.12      
5     10      42.4       214.89     0.08      
6     7       42.4       214.89     0.18      

state: 79 E_state =164.96772633121225
n_rot n_trans E_rot      E_trans    |<state|n_rot n_trans>|^2
2     8       23.8       214.89     0.14      
3     8       23.8       214.89     0.06      
4     8       42.4       214.89     0.06      
5     8       42.4       214.89     0.14      
7     3       79.51      153.49     0.01      
9     3       79.51      153.49     0.13      
11    3       79.51      153.49     0.11      
12    3       135.32     153.49     0.01      
15    3       135.32     153.49     0.11      
16    3       135.32     153.49     0.13      

state: 80 E_state =166.3280607120298
n_rot n_trans E_rot      E_trans    |<state|n_rot n_trans>|^2
1     2       23.8       153.49     0.01      
1     7       23.8       214.89     0.03      
2     5       23.8       214.89     0.06      
2     9       23.8       214.89     0.02      
3     5       23.8       214.89     0.04      
3     9       23.8       214.89     0.02      
4     5       42.4       214.89     0.04      
4     9       42.4       214.89     0.02      
5     5       42.4       214.89     0.06      
5     9       42.4       214.89     0.02      
6     2       42.4       153.49     0.01      
6     7       42.4       214.89     0.03      
7     3       79.51      153.49     0.02      
8     1       79.51      92.09      0.03      
8     4       79.51      153.49     0.03      
9     2       79.51      153.49     0.04      
10    4       79.51      153.49     0.03      
11    2       79.51      153.49     0.11      
12    3       135.32     153.49     0.02      
13    4       135.32     153.49     0.03      
14    1       135.32     92.09      0.03      
14    4       135.32     153.49     0.03      
15    2       135.32     153.49     0.11      
16    2       135.32     153.49     0.04      

state: 81 E_state =166.38524241168778
n_rot n_trans E_rot      E_trans    |<state|n_rot n_trans>|^2
1     5       23.8       214.89     0.03      
1     8       23.8       214.89     0.02      
1     10      23.8       214.89     0.01      
2     7       23.8       214.89     0.07      
3     6       23.8       214.89     0.01      
3     7       23.8       214.89     0.02      
4     6       42.4       214.89     0.01      
4     7       42.4       214.89     0.02      
5     7       42.4       214.89     0.07      
6     5       42.4       214.89     0.03      
6     8       42.4       214.89     0.02      
6     10      42.4       214.89     0.01      
7     1       79.51      92.09      0.01      
7     4       79.51      153.49     0.02      
8     2       79.51      153.49     0.04      
8     3       79.51      153.49     0.03      
9     4       79.51      153.49     0.02      
10    2       79.51      153.49     0.03      
10    3       79.51      153.49     0.02      
11    1       79.51      92.09      0.03      
11    4       79.51      153.49     0.05      
12    1       135.32     92.09      0.01      
12    4       135.32     153.49     0.02      
13    2       135.32     153.49     0.03      
13    3       135.32     153.49     0.02      
14    2       135.32     153.49     0.04      
14    3       135.32     153.49     0.03      
15    1       135.32     92.09      0.03      
15    4       135.32     153.49     0.05      
16    4       135.32     153.49     0.02      

state: 82 E_state =166.83243380999903
n_rot n_trans E_rot      E_trans    |<state|n_rot n_trans>|^2
1     5       23.8       214.89     0.02      
1     9       23.8       214.89     0.13      
1     10      23.8       214.89     0.01      
2     6       23.8       214.89     0.23      
2     7       23.8       214.89     0.01      
3     2       23.8       153.49     0.02      
3     11      23.8       276.28     0.01      
4     2       42.4       153.49     0.02      
4     11      42.4       276.28     0.01      
5     6       42.4       214.89     0.23      
5     7       42.4       214.89     0.01      
6     5       42.4       214.89     0.02      
6     9       42.4       214.89     0.13      
6     10      42.4       214.89     0.01      

state: 83 E_state =167.67467964540722
n_rot n_trans E_rot      E_trans    |<state|n_rot n_trans>|^2
1     6       23.8       214.89     0.14      
1     11      23.8       276.28     0.01      
2     5       23.8       214.89     0.2       
2     9       23.8       214.89     0.03      
2     10      23.8       214.89     0.02      
3     4       23.8       153.49     0.02      
3     5       23.8       214.89     0.03      
4     4       42.4       153.49     0.02      
4     5       42.4       214.89     0.03      
5     5       42.4       214.89     0.2       
5     9       42.4       214.89     0.03      
5     10      42.4       214.89     0.02      
6     6       42.4       214.89     0.14      
6     11      42.4       276.28     0.01      

state: 84 E_state =168.2624560646328
n_rot n_trans E_rot      E_trans    |<state|n_rot n_trans>|^2
1     5       23.8       214.89     0.05      
1     9       23.8       214.89     0.02      
1     10      23.8       214.89     0.01      
2     7       23.8       214.89     0.01      
3     2       23.8       153.49     0.02      
3     3       23.8       153.49     0.01      
3     6       23.8       214.89     0.03      
3     7       23.8       214.89     0.02      
4     2       42.4       153.49     0.02      
4     3       42.4       153.49     0.01      
4     6       42.4       214.89     0.03      
4     7       42.4       214.89     0.02      
5     7       42.4       214.89     0.01      
6     5       42.4       214.89     0.05      
6     9       42.4       214.89     0.02      
6     10      42.4       214.89     0.01      
7     1       79.51      92.09      0.04      
9     1       79.51      92.09      0.03      
9     4       79.51      153.49     0.01      
10    2       79.51      153.49     0.13      
10    3       79.51      153.49     0.02      
11    4       79.51      153.49     0.01      
12    1       135.32     92.09      0.04      
13    2       135.32     153.49     0.13      
13    3       135.32     153.49     0.02      
15    4       135.32     153.49     0.01      
16    1       135.32     92.09      0.03      
16    4       135.32     153.49     0.01      

state: 85 E_state =168.76364048118148
n_rot n_trans E_rot      E_trans    |<state|n_rot n_trans>|^2
1     2       23.8       153.49     0.02      
1     6       23.8       214.89     0.04      
1     7       23.8       214.89     0.01      
2     10      23.8       214.89     0.02      
3     4       23.8       153.49     0.02      
3     5       23.8       214.89     0.05      
3     9       23.8       214.89     0.02      
4     4       42.4       153.49     0.02      
4     5       42.4       214.89     0.05      
4     9       42.4       214.89     0.02      
5     10      42.4       214.89     0.02      
6     2       42.4       153.49     0.02      
6     6       42.4       214.89     0.04      
6     7       42.4       214.89     0.01      
7     2       79.51      153.49     0.07      
8     4       79.51      153.49     0.01      
9     2       79.51      153.49     0.05      
10    1       79.51      92.09      0.07      
10    4       79.51      153.49     0.03      
11    2       79.51      153.49     0.02      
12    2       135.32     153.49     0.07      
13    1       135.32     92.09      0.07      
13    4       135.32     153.49     0.03      
14    4       135.32     153.49     0.01      
15    2       135.32     153.49     0.02      
16    2       135.32     153.49     0.05      

state: 86 E_state =187.3238097234736
n_rot n_trans E_rot      E_trans    |<state|n_rot n_trans>|^2
1     12      23.8       276.28     0.02      
1     15      23.8       276.28     0.01      
1     19      23.8       276.28     0.06      
2     13      23.8       276.28     0.06      
2     14      23.8       276.28     0.04      
5     13      42.4       276.28     0.06      
5     14      42.4       276.28     0.04      
6     12      42.4       276.28     0.02      
6     15      42.4       276.28     0.01      
6     19      42.4       276.28     0.06      
7     5       79.51      214.89     0.02      
7     9       79.51      214.89     0.08      
8     6       79.51      214.89     0.08      
8     7       79.51      214.89     0.06      
9     9       79.51      214.89     0.02      
12    5       135.32     214.89     0.02      
12    9       135.32     214.89     0.08      
14    6       135.32     214.89     0.08      
14    7       135.32     214.89     0.06      
16    9       135.32     214.89     0.02      

state: 87 E_state =187.32393868351693
n_rot n_trans E_rot      E_trans    |<state|n_rot n_trans>|^2
1     13      23.8       276.28     0.06      
1     14      23.8       276.28     0.04      
2     12      23.8       276.28     0.03      
2     15      23.8       276.28     0.01      
2     19      23.8       276.28     0.07      
5     12      42.4       276.28     0.03      
5     15      42.4       276.28     0.01      
5     19      42.4       276.28     0.07      
6     13      42.4       276.28     0.06      
6     14      42.4       276.28     0.04      
7     6       79.51      214.89     0.06      
7     7       79.51      214.89     0.04      
8     5       79.51      214.89     0.02      
8     8       79.51      214.89     0.01      
8     9       79.51      214.89     0.11      
9     6       79.51      214.89     0.02      
9     7       79.51      214.89     0.01      
12    6       135.32     214.89     0.06      
12    7       135.32     214.89     0.04      
14    5       135.32     214.89     0.02      
14    8       135.32     214.89     0.01      
14    9       135.32     214.89     0.11      
16    6       135.32     214.89     0.02      
16    7       135.32     214.89     0.01      

state: 88 E_state =188.66376379502734
n_rot n_trans E_rot      E_trans    |<state|n_rot n_trans>|^2
1     12      23.8       276.28     0.02      
1     15      23.8       276.28     0.04      
2     11      23.8       276.28     0.02      
2     13      23.8       276.28     0.03      
2     14      23.8       276.28     0.03      
2     16      23.8       276.28     0.03      
5     11      42.4       276.28     0.02      
5     13      42.4       276.28     0.03      
5     14      42.4       276.28     0.03      
5     16      42.4       276.28     0.03      
6     12      42.4       276.28     0.02      
6     15      42.4       276.28     0.04      
7     5       79.51      214.89     0.03      
7     8       79.51      214.89     0.03      
8     6       79.51      214.89     0.03      
8     7       79.51      214.89     0.05      
9     8       79.51      214.89     0.03      
10    6       79.51      214.89     0.03      
10    7       79.51      214.89     0.01      
11    5       79.51      214.89     0.02      
11    8       79.51      214.89     0.01      
11    9       79.51      214.89     0.03      
12    5       135.32     214.89     0.03      
12    8       135.32     214.89     0.03      
13    6       135.32     214.89     0.03      
13    7       135.32     214.89     0.01      
14    6       135.32     214.89     0.03      
14    7       135.32     214.89     0.05      
15    5       135.32     214.89     0.02      
15    8       135.32     214.89     0.01      
15    9       135.32     214.89     0.03      
16    8       135.32     214.89     0.03      

state: 89 E_state =188.6822255051896
n_rot n_trans E_rot      E_trans    |<state|n_rot n_trans>|^2
1     14      23.8       276.28     0.03      
1     16      23.8       276.28     0.02      
2     12      23.8       276.28     0.05      
2     15      23.8       276.28     0.04      
5     12      42.4       276.28     0.05      
5     15      42.4       276.28     0.04      
6     14      42.4       276.28     0.03      
6     16      42.4       276.28     0.02      
7     6       79.51      214.89     0.02      
7     7       79.51      214.89     0.03      
8     5       79.51      214.89     0.03      
8     8       79.51      214.89     0.05      
9     7       79.51      214.89     0.02      
10    5       79.51      214.89     0.02      
10    9       79.51      214.89     0.03      
11    6       79.51      214.89     0.04      
11    7       79.51      214.89     0.02      
12    6       135.32     214.89     0.02      
12    7       135.32     214.89     0.03      
13    5       135.32     214.89     0.02      
13    9       135.32     214.89     0.03      
14    5       135.32     214.89     0.03      
14    8       135.32     214.89     0.05      
15    6       135.32     214.89     0.04      
15    7       135.32     214.89     0.02      
16    7       135.32     214.89     0.02      

state: 90 E_state =189.40762966180498
n_rot n_trans E_rot      E_trans    |<state|n_rot n_trans>|^2
2     16      23.8       276.28     0.08      
3     16      23.8       276.28     0.1       
4     16      42.4       276.28     0.1       
5     16      42.4       276.28     0.08      
7     10      79.51      214.89     0.01      
9     8       79.51      214.89     0.08      
11    8       79.51      214.89     0.11      
12    10      135.32     214.89     0.01      
15    8       135.32     214.89     0.11      
16    8       135.32     214.89     0.08      

state: 91 E_state =190.12049451545624
n_rot n_trans E_rot      E_trans    |<state|n_rot n_trans>|^2
1     16      23.8       276.28     0.04      
1     17      23.8       276.28     0.01      
2     8       23.8       214.89     0.01      
2     12      23.8       276.28     0.01      
2     15      23.8       276.28     0.03      
2     19      23.8       276.28     0.02      
2     20      23.8       276.28     0.02      
3     15      23.8       276.28     0.03      
4     15      42.4       276.28     0.03      
5     8       42.4       214.89     0.01      
5     12      42.4       276.28     0.01      
5     15      42.4       276.28     0.03      
5     19      42.4       276.28     0.02      
5     20      42.4       276.28     0.02      
6     16      42.4       276.28     0.04      
6     17      42.4       276.28     0.01      
8     8       79.51      214.89     0.04      
8     10      79.51      214.89     0.02      
10    8       79.51      214.89     0.04      
10    10      79.51      214.89     0.03      
11    6       79.51      214.89     0.04      
11    7       79.51      214.89     0.06      
13    8       135.32     214.89     0.04      
13    10      135.32     214.89     0.03      
14    8       135.32     214.89     0.04      
14    10      135.32     214.89     0.02      
15    6       135.32     214.89     0.04      
15    7       135.32     214.89     0.06      

state: 92 E_state =190.74604420455452
n_rot n_trans E_rot      E_trans    |<state|n_rot n_trans>|^2
1     15      23.8       276.28     0.04      
1     19      23.8       276.28     0.01      
2     17      23.8       276.28     0.04      
3     14      23.8       276.28     0.01      
3     16      23.8       276.28     0.02      
4     14      42.4       276.28     0.01      
4     16      42.4       276.28     0.02      
5     17      42.4       276.28     0.04      
6     15      42.4       276.28     0.04      
6     19      42.4       276.28     0.01      
7     5       79.51      214.89     0.02      
7     8       79.51      214.89     0.05      
8     2       79.51      153.49     0.01      
10    2       79.51      153.49     0.02      
10    7       79.51      214.89     0.06      
11    5       79.51      214.89     0.05      
11    9       79.51      214.89     0.01      
11    10      79.51      214.89     0.04      
12    5       135.32     214.89     0.02      
12    8       135.32     214.89     0.05      
13    2       135.32     153.49     0.02      
13    7       135.32     214.89     0.06      
14    2       135.32     153.49     0.01      
15    5       135.32     214.89     0.05      
15    9       135.32     214.89     0.01      
15    10      135.32     214.89     0.04      

state: 93 E_state =191.5931923630524
n_rot n_trans E_rot      E_trans    |<state|n_rot n_trans>|^2
1     6       23.8       214.89     0.01      
1     14      23.8       276.28     0.02      
3     5       23.8       214.89     0.02      
4     5       42.4       214.89     0.02      
6     6       42.4       214.89     0.01      
6     14      42.4       276.28     0.02      
7     2       79.51      153.49     0.08      
7     7       79.51      214.89     0.03      
9     2       79.51      153.49     0.02      
9     7       79.51      214.89     0.02      
10    5       79.51      214.89     0.17      
10    9       79.51      214.89     0.02      
12    2       135.32     153.49     0.08      
12    7       135.32     214.89     0.03      
13    5       135.32     214.89     0.17      
13    9       135.32     214.89     0.02      
16    2       135.32     153.49     0.02      
16    7       135.32     214.89     0.02      

state: 94 E_state =191.6559615538846
n_rot n_trans E_rot      E_trans    |<state|n_rot n_trans>|^2
1     5       23.8       214.89     0.04      
2     11      23.8       276.28     0.01      
5     11      42.4       276.28     0.01      
6     5       42.4       214.89     0.04      
7     5       79.51      214.89     0.09      
7     10      79.51      214.89     0.01      
9     4       79.51      153.49     0.03      
9     5       79.51      214.89     0.05      
9     9       79.51      214.89     0.02      
10    2       79.51      153.49     0.07      
10    6       79.51      214.89     0.01      
11    4       79.51      153.49     0.01      
11    5       79.51      214.89     0.03      
11    9       79.51      214.89     0.03      
12    5       135.32     214.89     0.09      
12    10      135.32     214.89     0.01      
13    2       135.32     153.49     0.07      
13    6       135.32     214.89     0.01      
15    4       135.32     153.49     0.01      
15    5       135.32     214.89     0.03      
15    9       135.32     214.89     0.03      
16    4       135.32     153.49     0.03      
16    5       135.32     214.89     0.05      
16    9       135.32     214.89     0.02      

state: 95 E_state =192.02901513604783
n_rot n_trans E_rot      E_trans    |<state|n_rot n_trans>|^2
1     19      23.8       276.28     0.02      
1     20      23.8       276.28     0.05      
2     11      23.8       276.28     0.04      
2     17      23.8       276.28     0.04      
5     11      42.4       276.28     0.04      
5     17      42.4       276.28     0.04      
6     19      42.4       276.28     0.02      
6     20      42.4       276.28     0.05      
7     5       79.51      214.89     0.01      
7     9       79.51      214.89     0.05      
7     10      79.51      214.89     0.06      
9     5       79.51      214.89     0.06      
9     9       79.51      214.89     0.02      
11    10      79.51      214.89     0.04      
12    5       135.32     214.89     0.01      
12    9       135.32     214.89     0.05      
12    10      135.32     214.89     0.06      
15    10      135.32     214.89     0.04      
16    5       135.32     214.89     0.06      
16    9       135.32     214.89     0.02      

state: 96 E_state =192.0792736716025
n_rot n_trans E_rot      E_trans    |<state|n_rot n_trans>|^2
1     17      23.8       276.28     0.04      
2     12      23.8       276.28     0.03      
2     20      23.8       276.28     0.06      
5     12      42.4       276.28     0.03      
5     20      42.4       276.28     0.06      
6     17      42.4       276.28     0.04      
7     3       79.51      153.49     0.01      
7     6       79.51      214.89     0.01      
8     5       79.51      214.89     0.03      
8     9       79.51      214.89     0.01      
8     10      79.51      214.89     0.08      
9     6       79.51      214.89     0.05      
9     7       79.51      214.89     0.02      
10    5       79.51      214.89     0.02      
10    10      79.51      214.89     0.03      
12    3       135.32     153.49     0.01      
12    6       135.32     214.89     0.01      
13    5       135.32     214.89     0.02      
13    10      135.32     214.89     0.03      
14    5       135.32     214.89     0.03      
14    9       135.32     214.89     0.01      
14    10      135.32     214.89     0.08      
16    6       135.32     214.89     0.05      
16    7       135.32     214.89     0.02      

state: 97 E_state =192.57149254384203
n_rot n_trans E_rot      E_trans    |<state|n_rot n_trans>|^2
1     8       23.8       214.89     0.02      
1     19      23.8       276.28     0.01      
2     18      23.8       276.28     0.07      
5     18      42.4       276.28     0.07      
6     8       42.4       214.89     0.02      
6     19      42.4       276.28     0.01      
7     5       79.51      214.89     0.01      
7     8       79.51      214.89     0.01      
7     9       79.51      214.89     0.02      
8     6       79.51      214.89     0.02      
9     4       79.51      153.49     0.01      
9     5       79.51      214.89     0.01      
9     10      79.51      214.89     0.1       
10    2       79.51      153.49     0.03      
10    3       79.51      153.49     0.02      
11    4       79.51      153.49     0.02      
11    10      79.51      214.89     0.05      
12    5       135.32     214.89     0.01      
12    8       135.32     214.89     0.01      
12    9       135.32     214.89     0.02      
13    2       135.32     153.49     0.03      
13    3       135.32     153.49     0.02      
14    6       135.32     214.89     0.02      
15    4       135.32     153.49     0.02      
15    10      135.32     214.89     0.05      
16    4       135.32     153.49     0.01      
16    5       135.32     214.89     0.01      
16    10      135.32     214.89     0.1       

state: 98 E_state =193.01769166087004
n_rot n_trans E_rot      E_trans    |<state|n_rot n_trans>|^2
1     13      23.8       276.28     0.02      
1     14      23.8       276.28     0.02      
2     12      23.8       276.28     0.02      
3     15      23.8       276.28     0.03      
3     19      23.8       276.28     0.01      
4     15      42.4       276.28     0.03      
4     19      42.4       276.28     0.01      
5     12      42.4       276.28     0.02      
6     13      42.4       276.28     0.02      
6     14      42.4       276.28     0.02      
7     3       79.51      153.49     0.02      
7     6       79.51      214.89     0.01      
7     7       79.51      214.89     0.02      
8     5       79.51      214.89     0.03      
9     2       79.51      153.49     0.02      
10    8       79.51      214.89     0.04      
10    9       79.51      214.89     0.07      
10    10      79.51      214.89     0.01      
11    2       79.51      153.49     0.01      
11    6       79.51      214.89     0.03      
12    3       135.32     153.49     0.02      
12    6       135.32     214.89     0.01      
12    7       135.32     214.89     0.02      
13    8       135.32     214.89     0.04      
13    9       135.32     214.89     0.07      
13    10      135.32     214.89     0.01      
14    5       135.32     214.89     0.03      
15    2       135.32     153.49     0.01      
15    6       135.32     214.89     0.03      
16    2       135.32     153.49     0.02      

state: 99 E_state =193.54667260219392
n_rot n_trans E_rot      E_trans    |<state|n_rot n_trans>|^2
1     10      23.8       214.89     0.01      
1     15      23.8       276.28     0.02      
1     20      23.8       276.28     0.02      
2     14      23.8       276.28     0.01      
2     18      23.8       276.28     0.06      
5     14      42.4       276.28     0.01      
5     18      42.4       276.28     0.06      
6     10      42.4       214.89     0.01      
6     15      42.4       276.28     0.02      
6     20      42.4       276.28     0.02      
7     10      79.51      214.89     0.09      
8     7       79.51      214.89     0.01      
9     4       79.51      153.49     0.03      
9     8       79.51      214.89     0.03      
10    3       79.51      153.49     0.03      
10    6       79.51      214.89     0.02      
10    7       79.51      214.89     0.02      
11    9       79.51      214.89     0.05      
11    10      79.51      214.89     0.02      
12    10      135.32     214.89     0.09      
13    3       135.32     153.49     0.03      
13    6       135.32     214.89     0.02      
13    7       135.32     214.89     0.02      
14    7       135.32     214.89     0.01      
15    9       135.32     214.89     0.05      
15    10      135.32     214.89     0.02      
16    4       135.32     153.49     0.03      
16    8       135.32     214.89     0.03      

state: 100 E_state =193.70995718791204
n_rot n_trans E_rot      E_trans    |<state|n_rot n_trans>|^2
1     18      23.8       276.28     0.05      
3     8       23.8       214.89     0.01      
3     10      23.8       214.89     0.02      
4     8       42.4       214.89     0.01      
4     10      42.4       214.89     0.02      
6     18      42.4       276.28     0.05      
7     2       79.51      153.49     0.02      
7     3       79.51      153.49     0.02      
7     6       79.51      214.89     0.05      
7     7       79.51      214.89     0.01      
8     10      79.51      214.89     0.07      
9     6       79.51      214.89     0.04      
10    4       79.51      153.49     0.05      
10    8       79.51      214.89     0.02      
10    10      79.51      214.89     0.04      
11    6       79.51      214.89     0.02      
12    2       135.32     153.49     0.02      
12    3       135.32     153.49     0.02      
12    6       135.32     214.89     0.05      
12    7       135.32     214.89     0.01      
13    4       135.32     153.49     0.05      
13    8       135.32     214.89     0.02      
13    10      135.32     214.89     0.04      
14    10      135.32     214.89     0.07      
15    6       135.32     214.89     0.02      
16    6       135.32     214.89     0.04      

