rotational analysis para
#nmax= 3 NR= 11 Ntheta= 11 Nphi= 11
#jmax= 2 Nalpha= 11 Nphi= 11 Nchi= 11
0.0
1 0.0 1.0410493779310623
2 37.15857925999999 0.022158796173979003
3 37.15857925999999 0.02375518512763297
4 37.158579259999996 0.02375648727019629

32.65682308046694
1 0.0 0.47031694511919825
3 37.15857925999999 0.538513389662509
4 37.158579259999996 0.5517346552086574
5 70.1327540850525 0.012860546737172457

32.789511525970745
1 0.0 0.22192788761927063
2 37.15857925999999 0.8302869084294444

32.79238753742528
3 37.15857925999999 0.40614334138846797
4 37.158579259999996 0.3929339799412024

66.90695212879763
1 0.0 0.7680114736467201
2 37.15857925999999 0.1828983884236347
3 37.15857925999999 0.016585775951225734
4 37.158579259999996 0.016586843771391323

66.90826790087566
3 37.15857925999999 0.11007572101320509
4 37.158579259999996 0.11057763805320317

67.05354667694252
1 0.0 1.6729254085111234
2 37.15857925999999 0.03195806788080958

68.29999571658573
1 0.0 0.03893891953210403
2 37.15857925999999 0.14921584131498838
3 37.15857925999999 0.045206946051256996
4 37.158579259999996 0.045609618369835334
5 70.1327540850525 0.053892589034142416
6 70.13275408505251 0.05481039538274142
8 70.13275408505251 0.13308511716532728
9 70.13275408505255 0.0657260187805594
10 95.24446445999993 0.06334375754886044
13 95.24446446000005 0.29037616194718074
16 136.58744815494748 0.023197724596849857
17 136.58744815494748 0.07964150872992322
18 136.5874481549475 0.05045203649233405
19 136.5874481549475 0.1937151558593287

68.82273524224449
1 0.0 0.010493677270739936
2 37.15857925999999 0.041021682269634235
3 37.15857925999999 0.07383065455076328
4 37.158579259999996 0.07107940625375891
5 70.1327540850525 0.2494304135548866
6 70.13275408505251 0.09357183461118919
10 95.24446445999993 0.036382844215418146
11 95.24446446 0.19769090787500315
12 95.24446446000002 0.08540321962517947
13 95.24446446000005 0.04350535944767254
15 136.58744815494748 0.14728996595836227
17 136.58744815494748 0.013437065364260271
18 136.5874481549475 0.16095086972367187
19 136.5874481549475 0.02249240552676271

69.53988126873338
3 37.15857925999999 0.08127407973836798
4 37.158579259999996 0.08508387353772007
5 70.1327540850525 0.06763965947276593
6 70.13275408505251 0.06898441136666425
7 70.13275408505251 0.09268795737120748
8 70.13275408505251 0.021444650527659655
9 70.13275408505255 0.18447477676229962
10 95.24446445999993 0.02593791648823703
11 95.24446446 0.04058286482425887
12 95.24446446000002 0.011174548652037469
13 95.24446446000005 0.035797802687825744
14 95.2444644600001 0.0941247451387267
16 136.58744815494748 0.13872134140152254
17 136.58744815494748 0.020429821047852084
18 136.5874481549475 0.0900313550322014
19 136.5874481549475 0.03693959349373911

70.7821216418601
3 37.15857925999999 0.041083024090343465
4 37.158579259999996 0.042626506119334696
5 70.1327540850525 0.02422077936395252
6 70.13275408505251 0.033107865120526256
8 70.13275408505251 0.05509038370873831
9 70.13275408505255 0.04135042391128893
10 95.24446445999993 0.05768615618669752
12 95.24446446000002 0.11422601656611193
13 95.24446446000005 0.028013821198906982
14 95.2444644600001 0.09174846034130063
15 136.58744815494748 0.043614241497787684
16 136.58744815494748 0.022761833001668196
17 136.58744815494748 0.12710507354466477
18 136.5874481549475 0.027259276044010187
19 136.5874481549475 0.16986022936696396

71.0257456678055
2 37.15857925999999 0.050413026378719944
3 37.15857925999999 0.011421651350962578
4 37.158579259999996 0.012075021313507055
7 70.13275408505251 0.04136419868570255
8 70.13275408505251 0.07790984796430106
9 70.13275408505255 0.04738101864004609
12 95.24446446000002 0.09126615488366259
13 95.24446446000005 0.018598774120393444
14 95.2444644600001 0.19013499029548145
16 136.58744815494748 0.19182698146616012
17 136.58744815494748 0.05248062681539857
18 136.5874481549475 0.0837194747122904
19 136.5874481549475 0.01919529868779049

88.27106297996289
1 0.0 0.43992422314391544
2 37.15857925999999 0.6474751955491003
3 37.15857925999999 0.244573108799641
4 37.158579259999996 0.2376436410936293
6 70.13275408505251 0.023467838910277348
9 70.13275408505255 0.02086580196064869
10 95.24446445999993 0.042511514623719535
14 95.2444644600001 0.022272854953319286
18 136.5874481549475 0.012171976217673918
19 136.5874481549475 0.07357396779963632

88.53155791220695
1 0.0 0.5991156816362188
2 37.15857925999999 0.04878226476165983
3 37.15857925999999 0.6003081328141648
4 37.158579259999996 0.6099198964045086
5 70.1327540850525 0.01077396616335422

88.84310455496302
3 37.15857925999999 0.29602900613430727
4 37.158579259999996 0.2884452629271908
6 70.13275408505251 0.034199299440093985
8 70.13275408505251 0.0117791396338821
9 70.13275408505255 0.06289177700492884
11 95.24446446 0.013177250779153549
12 95.24446446000002 0.01952301985042389
18 136.5874481549475 0.0325557284091363

89.37184664406112
5 70.1327540850525 0.018624235100674857
6 70.13275408505251 0.14821718631470335
8 70.13275408505251 0.23403770238456872
10 95.24446445999993 0.2280646017458494
11 95.24446446 0.036649276447870596
12 95.24446446000002 0.1830497166756397
13 95.24446446000005 0.02716369782869844
14 95.2444644600001 0.045635424883379974
15 136.58744815494748 0.11404663129788675
17 136.58744815494748 0.05822700410117546
18 136.5874481549475 0.03393085797743188
19 136.5874481549475 0.06905631010522757

89.8619836864182
5 70.1327540850525 0.12075202744935179
6 70.13275408505251 0.19504988831163533
7 70.13275408505251 0.29443689861379563
9 70.13275408505255 0.07569691334200729
10 95.24446445999993 0.03495622986068534
11 95.24446446 0.06145264680577004
12 95.24446446000002 0.03404330907670182
13 95.24446446000005 0.0670719713206713
14 95.2444644600001 0.11340991021331283
15 136.58744815494748 0.1460733580167106
16 136.58744815494748 0.04113319757922786
19 136.5874481549475 0.014387206342348278

90.1606525352164
1 0.0 0.02126220768706068
2 37.15857925999999 0.39672541995060995
3 37.15857925999999 0.014473360355339474
4 37.158579259999996 0.012668026933168115
6 70.13275408505251 0.01867610136975991
8 70.13275408505251 0.05714650071453939
9 70.13275408505255 0.010569365101931284
10 95.24446445999993 0.021312943026358167
11 95.24446446 0.02880594323089118
12 95.24446446000002 0.04307566840314409
14 95.2444644600001 0.010438284988770802
17 136.58744815494748 0.011807096499338057

90.22750001634193
3 37.15857925999999 0.13317143377229265
4 37.158579259999996 0.13210801076943376
5 70.1327540850525 0.018114098632484348
6 70.13275408505251 0.01773391875901329
9 70.13275408505255 0.015508752521235004
10 95.24446445999993 0.023716447229733546
12 95.24446446000002 0.02505996179060753
14 95.2444644600001 0.017347688013956343
15 136.58744815494748 0.026065070165775826
18 136.5874481549475 0.013819700250403168
19 136.5874481549475 0.06148131536392586

91.3080973440989
1 0.0 0.17522128266817275
2 37.15857925999999 0.11975806051594222
3 37.15857925999999 0.2840290036795435
4 37.158579259999996 0.27264763425340166
11 95.24446446 0.013706831569671651
12 95.24446446000002 0.01177690060370967
14 95.2444644600001 0.013105715447199394
15 136.58744815494748 0.033350043371216956
18 136.5874481549475 0.04572558478856626

93.68158638634203
8 70.13275408505251 0.02448618873967115
10 95.24446445999993 0.10043866448235586
11 95.24446446 0.04713787156758656
12 95.24446446000002 0.03751827280701282
14 95.2444644600001 0.08130973185781232
15 136.58744815494748 0.6784532592819272
17 136.58744815494748 0.040913134681107965
18 136.5874481549475 0.03775506882987546

97.18751654222137
5 70.1327540850525 0.029786935533073634
6 70.13275408505251 0.150606855936081
7 70.13275408505251 0.3743898018467382
9 70.13275408505255 0.03507845540948264
10 95.24446445999993 0.03502301346386049
12 95.24446446000002 0.11849701830318178
13 95.24446446000005 0.07404162285602416
15 136.58744815494748 0.043758941747267216
16 136.58744815494748 0.05002477054741441
18 136.5874481549475 0.14878993225064135

97.86937883185988
6 70.13275408505251 0.433443712834163
8 70.13275408505251 0.028772920412853186
9 70.13275408505255 0.2373412316850101
11 95.24446446 0.24803420204894533
18 136.5874481549475 0.038537775606806685

100.22779946581576
3 37.15857925999999 0.2484528249645337
4 37.158579259999996 0.2503720127748719

101.44797222090492
2 37.15857925999999 1.049864355459805
3 37.15857925999999 0.23019044083537477
4 37.158579259999996 0.2357521514148158

101.45168021339283
3 37.15857925999999 0.5205035202496783
4 37.158579259999996 0.5325076703468287

127.31689432260161
2 37.15857925999999 0.033358483558918586
3 37.15857925999999 0.010677614955567785
4 37.158579259999996 0.07570054187430918
5 70.1327540850525 0.05207724783800751
6 70.13275408505251 0.012539952487578188
7 70.13275408505251 0.03274614209925238
8 70.13275408505251 0.010369918505106789
12 95.24446446000002 0.15052723361262757
14 95.2444644600001 0.020220531500221243
17 136.58744815494748 0.17861805585560303
19 136.5874481549475 0.1776218107652178

127.32865661863877
1 0.0 0.9256345437006446
2 37.15857925999999 0.038390510510330364
6 70.13275408505251 0.03141980086804324
9 70.13275408505255 0.023131723185155273
10 95.24446445999993 0.033482680230777
12 95.24446446000002 0.09170433299021293
13 95.24446446000005 0.017923732530922727
14 95.2444644600001 0.04983384653416394
17 136.58744815494748 0.14292746297684106
18 136.5874481549475 0.02373194795454756
19 136.5874481549475 0.05122153811057272

127.35347524362602
2 37.15857925999999 0.08169698589272631
4 37.158579259999996 0.010621147656031513
5 70.1327540850525 0.035853542868897116
9 70.13275408505255 0.13239687191362226
10 95.24446445999993 0.04057450012915065
11 95.24446446 0.011121590684030373
13 95.24446446000005 0.07551324165082456
14 95.2444644600001 0.1076054590180284
15 136.58744815494748 0.011956511399783399
16 136.58744815494748 0.21555006602810575

127.3959303595687
1 0.0 1.2599489791491099
5 70.1327540850525 0.051060950196222754
6 70.13275408505251 0.055716669429981304
7 70.13275408505251 0.10698910190117816
8 70.13275408505251 0.011068015211095381
10 95.24446445999993 0.08140570778873782
11 95.24446446 0.044337688212289464
12 95.24446446000002 0.018641207127398748
14 95.2444644600001 0.017778199302532764
15 136.58744815494748 0.1022537351637024
18 136.5874481549475 0.016857125655266467

127.66118691098129
3 37.15857925999999 0.015183131513483019
4 37.158579259999996 0.03924733302211019
8 70.13275408505251 0.10037901264962294
9 70.13275408505255 0.025489431478963834
11 95.24446446 0.06838454994730822
14 95.2444644600001 0.037034018092698795
16 136.58744815494748 0.1130009155450977
17 136.58744815494748 0.012257400055868069
18 136.5874481549475 0.021112763646943013
19 136.5874481549475 0.06878020300986172

127.67285650912072
2 37.15857925999999 0.10333988972648502
5 70.1327540850525 0.02701876890623414
6 70.13275408505251 0.012944600473740351
8 70.13275408505251 0.039005943045631916
9 70.13275408505255 0.013787582514761152
11 95.24446446 0.010312235513998968
12 95.24446446000002 0.0478220791546831
13 95.24446446000005 0.02102163930545511
15 136.58744815494748 0.015271669840470818
16 136.58744815494748 0.07036211742731584
17 136.58744815494748 0.15487177713046413
19 136.5874481549475 0.15799286547550195

128.4604703706839
3 37.15857925999999 0.04622354794149931
4 37.158579259999996 0.046416426943145815
5 70.1327540850525 0.04606895032674557
6 70.13275408505251 0.051341353162395964
9 70.13275408505255 0.029045208532966528
12 95.24446446000002 0.06440735148642523
13 95.24446446000005 0.0346822604953648
16 136.58744815494748 0.05152461878705902
18 136.5874481549475 0.023604802516021497
19 136.5874481549475 0.013994227979909124

128.52227891631952
2 37.15857925999999 0.019619436581883358
3 37.15857925999999 0.01954574496263447
4 37.158579259999996 0.2204555235603838
5 70.1327540850525 0.4208830425028681
7 70.13275408505251 0.04910491051843286
8 70.13275408505251 0.022268707032713487
9 70.13275408505255 0.12454078509955412
10 95.24446445999993 0.015526936378122552
12 95.24446446000002 0.022923227449368935
14 95.2444644600001 0.0768412917903071
15 136.58744815494748 0.03576483226162509
16 136.58744815494748 0.09255120761143901
17 136.58744815494748 0.030785142679284276
18 136.5874481549475 0.26169191943359393

128.72449802001773
1 0.0 0.060880990530698134
2 37.15857925999999 0.24342985593044197
3 37.15857925999999 0.20272339857049892
4 37.158579259999996 0.034690280559093775
5 70.1327540850525 0.18475328431469482
6 70.13275408505251 0.02118455532918736
7 70.13275408505251 0.024908766297078774
8 70.13275408505251 0.1062165565776945
9 70.13275408505255 0.10053070739195981
10 95.24446445999993 0.029794652609984
11 95.24446446 0.10015618247734337
12 95.24446446000002 0.011865285557640931
13 95.24446446000005 0.6099783387866821
16 136.58744815494748 0.0534709456696157
17 136.58744815494748 0.029973390140583075
18 136.5874481549475 0.11361775992732723
19 136.5874481549475 0.012794385900693064

129.2248443801348
3 37.15857925999999 0.03616734937841212
4 37.158579259999996 0.036873636123102974
6 70.13275408505251 0.012976103266032938
8 70.13275408505251 0.032360894294681586
13 95.24446446000005 0.0893517589769869
15 136.58744815494748 0.04418775156041303
17 136.58744815494748 0.022678189537729054
19 136.5874481549475 0.027618775687449984

129.4125863308933
1 0.0 0.12083807242820785
2 37.15857925999999 0.08052415599579785
8 70.13275408505251 0.013265162534554755
10 95.24446445999993 0.06639154251348554
12 95.24446446000002 0.029405189136829223
15 136.58744815494748 0.011240752515089039
16 136.58744815494748 0.04645764959302564
18 136.5874481549475 0.018364188617261506
19 136.5874481549475 0.01173551458805659

129.7829367636529
2 37.15857925999999 0.02960735551368926
3 37.15857925999999 0.016399285401807337
4 37.158579259999996 0.01364091456692552
7 70.13275408505251 0.03893163870192874
8 70.13275408505251 0.09788203551265075
9 70.13275408505255 0.049767076978654
13 95.24446446000005 0.18095863919290345
14 95.2444644600001 0.04583361605820366
18 136.5874481549475 0.03044227138290595
19 136.5874481549475 0.011347990340779553

130.4715742953798
1 0.0 0.01935233791911104
3 37.15857925999999 0.3842752625640445
4 37.158579259999996 0.023831211487710863
5 70.1327540850525 0.06798545424859975
6 70.13275408505251 0.1925229969573767
7 70.13275408505251 0.1342877515348458
9 70.13275408505255 0.0409944734432863
10 95.24446445999993 0.17701226847069626
11 95.24446446 0.3075985519614857
12 95.24446446000002 0.017111289497427067
13 95.24446446000005 0.09502907340605384
14 95.2444644600001 0.1381674905543469
15 136.58744815494748 0.15349298018215454
17 136.58744815494748 0.025506564372619157
18 136.5874481549475 0.09777536358628688
19 136.5874481549475 0.23739009624176127

131.1296342146269
1 0.0 0.02194977606057734
2 37.15857925999999 0.049204789478357526
5 70.1327540850525 0.06106290283633044
6 70.13275408505251 0.16365978845747092
8 70.13275408505251 0.06948202976396634
9 70.13275408505255 0.046769341362655883
10 95.24446445999993 0.05880999267443504
11 95.24446446 0.10306649443461709
12 95.24446446000002 0.12476472240376928
13 95.24446446000005 0.05208883693151246
15 136.58744815494748 0.052237691201427364
16 136.58744815494748 0.011734684960327793
18 136.5874481549475 0.029695140928049386
19 136.5874481549475 0.06555107738587859

132.1426705389105
4 37.158579259999996 0.08104327375432513
5 70.1327540850525 0.11599472254412797
8 70.13275408505251 0.04909542809229467
9 70.13275408505255 0.015611225748253387
14 95.2444644600001 0.09027174959113143
16 136.58744815494748 0.016757999686110227
18 136.5874481549475 0.10692725024885671
19 136.5874481549475 0.01934566643684095

132.62073037915843
1 0.0 0.6630271006755275
2 37.15857925999999 0.204690101741723
3 37.15857925999999 0.02941649942699231
4 37.158579259999996 0.02923008795614528

134.29718083879064
2 37.15857925999999 0.022275145703102895
4 37.158579259999996 0.052168462115003755
6 70.13275408505251 0.045796603738857966
7 70.13275408505251 0.07480352052202863
8 70.13275408505251 0.20023660768776527
9 70.13275408505255 0.12494973563203914
11 95.24446446 0.05768777692667101
12 95.24446446000002 0.13436735688853937
13 95.24446446000005 0.018933492510167065
14 95.2444644600001 0.16673374474759334
16 136.58744815494748 0.30203091482352573
17 136.58744815494748 0.015492703034644326
18 136.5874481549475 0.1267497120214029
19 136.5874481549475 0.03590633867377033

134.31357552219018
2 37.15857925999999 0.013006390813741314
5 70.1327540850525 0.07820517904330107
6 70.13275408505251 0.014184858558242431
8 70.13275408505251 0.09527196289040045
10 95.24446445999993 0.07410185865801455
12 95.24446446000002 0.11018896061614536
14 95.2444644600001 0.13937789298718023
15 136.58744815494748 0.04856372047892311
17 136.58744815494748 0.2503590706700021
18 136.5874481549475 0.18735490162009538
19 136.5874481549475 0.35626628653325987

136.47939135321482
1 0.0 0.031028081753580263
2 37.15857925999999 0.03845638337945544
4 37.158579259999996 0.1331664763485827
5 70.1327540850525 0.031288819389985706
9 70.13275408505255 0.12733923727248195
15 136.58744815494748 0.03958872384376563
16 136.58744815494748 0.15186543307187578
17 136.58744815494748 0.062489957775540235
18 136.5874481549475 0.07183333774806439
19 136.5874481549475 0.015254503043756478

137.15282948520928
2 37.15857925999999 0.024026249277324066
4 37.158579259999996 0.048855616366672086
5 70.1327540850525 0.012690203173629282
8 70.13275408505251 0.015671918923132917
10 95.24446445999993 0.0807394764916831
11 95.24446446 0.01216175135668587
12 95.24446446000002 0.22675767094608007
13 95.24446446000005 0.05247574100259978
14 95.2444644600001 0.060489275805782824
15 136.58744815494748 0.016329911691914445
17 136.58744815494748 0.11765773283823247
18 136.5874481549475 0.011510832979775216
19 136.5874481549475 0.04362086852529169

138.03669457780575
2 37.15857925999999 0.03519349474277993
5 70.1327540850525 0.01922192625263689
6 70.13275408505251 0.08753425087570695
7 70.13275408505251 0.05553741126530955
8 70.13275408505251 0.10224466479038542
9 70.13275408505255 0.039023803000306286
10 95.24446445999993 0.04035573706295518
11 95.24446446 0.10763928595451726
12 95.24446446000002 0.033692416620844504
14 95.2444644600001 0.1741338735525862
15 136.58744815494748 0.02329757493465697
16 136.58744815494748 0.04261390373375338
17 136.58744815494748 0.060572147064077576
19 136.5874481549475 0.04023662138516763

138.5446253232848
1 0.0 0.4066513866953158
2 37.15857925999999 0.16089307301125513
3 37.15857925999999 0.01023347329659414
4 37.158579259999996 0.01035168326214113
5 70.1327540850525 0.02173513312180339
6 70.13275408505251 0.051631382214849614
8 70.13275408505251 0.014451108483782255
9 70.13275408505255 0.028208718929082686
10 95.24446445999993 0.06750667225163638
11 95.24446446 0.017235610463852972
12 95.24446446000002 0.17591720722748608
15 136.58744815494748 0.023981588150392096
17 136.58744815494748 0.13466710403126023
18 136.5874481549475 0.03730152844707178
19 136.5874481549475 0.0505038165387129

139.22431727640537
1 0.0 0.6765300607120752
2 37.15857925999999 0.06449476910642435
3 37.15857925999999 0.027583575508304314
4 37.158579259999996 0.03254670315562641
6 70.13275408505251 0.0608200669247959
7 70.13275408505251 0.15472324514204683
9 70.13275408505255 0.011797801445790452
10 95.24446445999993 0.12076731567402951
11 95.24446446 0.03486450330924126
13 95.24446446000005 0.025370878265772695
14 95.2444644600001 0.040062276659462465
15 136.58744815494748 0.11735266106702791
17 136.58744815494748 0.01699529412020003

141.3020085993537
3 37.15857925999999 0.08712998667512704
4 37.158579259999996 0.07481628640708014
5 70.1327540850525 0.05623882191899332
6 70.13275408505251 0.1872584634733756
8 70.13275408505251 0.014728140527044895
9 70.13275408505255 0.017043398488622997
10 95.24446445999993 0.0165050376008724
12 95.24446446000002 0.19946386707790817
13 95.24446446000005 0.05838864229774198
16 136.58744815494748 0.04917140601901801
18 136.5874481549475 0.03526237194453484

142.6496772527708
3 37.15857925999999 0.03303053231902838
4 37.158579259999996 0.03642576270407538
6 70.13275408505251 0.030549923553382676
7 70.13275408505251 0.059579469025157504
8 70.13275408505251 0.12323046285988272
9 70.13275408505255 0.03033973288547873
13 95.24446446000005 0.22766941911303554
15 136.58744815494748 0.26696012974368694
17 136.58744815494748 0.03958613739760886
19 136.5874481549475 0.02478496577026912

143.67823650121935
1 0.0 0.061346139589653736
2 37.15857925999999 0.03616717060794271
6 70.13275408505251 0.020688552022817747
10 95.24446445999993 0.19494003379476893
11 95.24446446 0.033718257215108585
12 95.24446446000002 0.06533670555675834
13 95.24446446000005 0.033421515506946047
14 95.2444644600001 0.012401679102810835
15 136.58744815494748 0.11438696667883058
16 136.58744815494748 0.13108300847615262
18 136.5874481549475 0.032159192546719784
19 136.5874481549475 0.044702315016092536

149.13709551465777
1 0.0 0.11666194533637955
2 37.15857925999999 0.37132750513428003
3 37.15857925999999 0.4256874400294051
4 37.158579259999996 0.1201204983054112
5 70.1327540850525 0.03017488927928806
6 70.13275408505251 0.04580679392476705
10 95.24446445999993 0.07058926346335256
11 95.24446446 0.013005822948376884
12 95.24446446000002 0.03893712137317676
13 95.24446446000005 0.01585407863025501
15 136.58744815494748 0.015570417584158208
16 136.58744815494748 0.012046983868168291
19 136.5874481549475 0.03761126033230354

149.35324869505175
1 0.0 0.5257861963722962
2 37.15857925999999 0.39777874638537364
3 37.15857925999999 0.4004361723505633
4 37.158579259999996 0.10876970596645716
5 70.1327540850525 0.012758348890842392
6 70.13275408505251 0.04274932869254967
8 70.13275408505251 0.02116558211030709
9 70.13275408505255 0.053163960505526686
10 95.24446445999993 0.08162685115579525
14 95.2444644600001 0.04795278264813933
15 136.58744815494748 0.017111220354764964
16 136.58744815494748 0.010394824273850222
17 136.58744815494748 0.021709881712751528
18 136.5874481549475 0.06322741473359879
19 136.5874481549475 0.08833947558052663

149.7499887138386
1 0.0 0.12405357174361091
4 37.158579259999996 0.5996861063336489
6 70.13275408505251 0.013079542310879001
7 70.13275408505251 0.015375653019220184
8 70.13275408505251 0.057148466308546975
9 70.13275408505255 0.0652463915996985
10 95.24446445999993 0.08161033479576227
12 95.24446446000002 0.029476384436098478
14 95.2444644600001 0.020450576024987274
18 136.5874481549475 0.07825703127636756

150.0483395494163
1 0.0 0.07039919123990013
2 37.15857925999999 0.09275890591758577
4 37.158579259999996 0.22013487162019355
9 70.13275408505255 0.030632294549257137
11 95.24446446 0.011373113218195424
12 95.24446446000002 0.09654446867531297
13 95.24446446000005 0.013934587221064504
14 95.2444644600001 0.013528849626072396
17 136.58744815494748 0.012571604880814146
18 136.5874481549475 0.020416978888167688
19 136.5874481549475 0.1586945819459747

150.07341733328553
1 0.0 0.034812839071594735
2 37.15857925999999 0.11537242838826241
3 37.15857925999999 0.234234292111479
4 37.158579259999996 0.016752686482447272
6 70.13275408505251 0.036470790227324294
9 70.13275408505255 0.16368775289180812
10 95.24446445999993 0.021462084824830873
11 95.24446446 0.056291317806683415
16 136.58744815494748 0.026550418287927376
18 136.5874481549475 0.014241942282558552
19 136.5874481549475 0.01800463012470242

150.88663927336032
5 70.1327540850525 0.019436871620605336
6 70.13275408505251 0.1870704303378551
8 70.13275408505251 0.24535606908283325
9 70.13275408505255 0.019044919838569548
10 95.24446445999993 0.23770666814540142
11 95.24446446 0.03692058249285416
12 95.24446446000002 0.1705730592283878
13 95.24446446000005 0.04128712943560727
14 95.2444644600001 0.03338706269883766
15 136.58744815494748 0.0872429859373798
17 136.58744815494748 0.050740343477121884
18 136.5874481549475 0.0441862918020995
19 136.5874481549475 0.11602982966027303

151.22274635544517
2 37.15857925999999 0.011802768462611395
6 70.13275408505251 0.022506153173373962
12 95.24446446000002 0.04298624308088314
15 136.58744815494748 0.025909283252401646
17 136.58744815494748 0.01044221258998813
18 136.5874481549475 0.012296106607433785
19 136.5874481549475 0.10414460753175664

151.22573052353178
1 0.0 0.013160099964447732
4 37.158579259999996 0.011759715392169528
8 70.13275408505251 0.050803047338701356
9 70.13275408505255 0.040558930917648825
10 95.24446445999993 0.018226026243826708
11 95.24446446 0.02826899685210137
14 95.2444644600001 0.03278042502110018
16 136.58744815494748 0.013803611772528248
18 136.5874481549475 0.012352619970552313
19 136.5874481549475 0.012478957046331996

151.38631454289788
5 70.1327540850525 0.14096349606672798
6 70.13275408505251 0.23817883921942962
7 70.13275408505251 0.2867743630728655
8 70.13275408505251 0.01399255219623238
9 70.13275408505255 0.07338942480412768
10 95.24446445999993 0.03380263077120036
11 95.24446446 0.10933289617827514
12 95.24446446000002 0.046489246027949196
13 95.24446446000005 0.06635482132259105
14 95.2444644600001 0.10772197353502158
15 136.58744815494748 0.16244755145907652
16 136.58744815494748 0.039306759277320955
17 136.58744815494748 0.015632987464098386
19 136.5874481549475 0.02195831290868613

152.5465371391515
1 0.0 0.4442345926142825
2 37.15857925999999 0.03280660312735275
3 37.15857925999999 0.6275402042517295
4 37.158579259999996 0.5643683421911111
6 70.13275408505251 0.019192203970708713
7 70.13275408505251 0.014880192611263273
11 95.24446446 0.06073469412769908
14 95.2444644600001 0.031425449508303935
15 136.58744815494748 0.09410151680194989
18 136.5874481549475 0.15250273815308676
19 136.5874481549475 0.017194541507126498

152.9024682267529
2 37.15857925999999 0.3103622979608303
3 37.15857925999999 0.014317945615881626
7 70.13275408505251 0.010254246482380235
8 70.13275408505251 0.014720958837797716
9 70.13275408505255 0.013238630433947619
10 95.24446445999993 0.027225777322092515
11 95.24446446 0.03372809168635622
12 95.24446446000002 0.011623386771810082
15 136.58744815494748 0.014984056043046
16 136.58744815494748 0.010085498341626833
18 136.5874481549475 0.031172708541709136
19 136.5874481549475 0.012706416731791478

152.90897807025576
5 70.1327540850525 0.04127066922768001
8 70.13275408505251 0.2725745530537909
9 70.13275408505255 0.19988028612909248
10 95.24446445999993 0.13451309539545045
11 95.24446446 0.04333117216937819
12 95.24446446000002 0.041087440144071376
14 95.2444644600001 0.0440863665681131
15 136.58744815494748 0.07836123828946596
17 136.58744815494748 0.08875465106766244
19 136.5874481549475 0.09621821025574365

153.3614265316335
5 70.1327540850525 0.16297251408258193
6 70.13275408505251 0.11049418401434255
7 70.13275408505251 0.20800059157283948
8 70.13275408505251 0.010344962084039493
9 70.13275408505255 0.013581586492023793
10 95.24446445999993 0.10276944655536518
11 95.24446446 0.05585516955419721
12 95.24446446000002 0.021934480860055762
14 95.2444644600001 0.11719503963459828
15 136.58744815494748 0.01452077334652711
16 136.58744815494748 0.08490132249808047
17 136.58744815494748 0.03949678191730052
19 136.5874481549475 0.11376930752999612

153.46508930968682
3 37.15857925999999 0.16598786158189033
4 37.158579259999996 0.13348846424470687
9 70.13275408505255 0.04016729031822464
12 95.24446446000002 0.03579222193234842
19 136.5874481549475 0.012865068877118274

154.56382316503112
5 70.1327540850525 0.024718993815533927
6 70.13275408505251 0.11839914879837263
7 70.13275408505251 0.17479142947818652
8 70.13275408505251 0.1827599444907693
10 95.24446445999993 0.16091544734095697
11 95.24446446 0.05257909190209203
12 95.24446446000002 0.011729437412335963
14 95.2444644600001 0.06303343149402378
15 136.58744815494748 0.05644259082118833
16 136.58744815494748 0.03419956417170262
18 136.5874481549475 0.014191075025207146
19 136.5874481549475 0.01403106996881115

155.12602058935875
8 70.13275408505251 0.015222992344911892
10 95.24446445999993 0.0949797243314886
11 95.24446446 0.06704994703370581
12 95.24446446000002 0.0383752422597628
14 95.2444644600001 0.09827367479111715
15 136.58744815494748 0.7667786181523162
17 136.58744815494748 0.0463909326172586
18 136.5874481549475 0.024649609670384966
19 136.5874481549475 0.019242619029020972

155.31430218462222
2 37.15857925999999 0.011375797347359287
5 70.1327540850525 0.19673527196321458
6 70.13275408505251 0.02467843306132628
7 70.13275408505251 0.01209958256718239
8 70.13275408505251 0.06988338872291423
9 70.13275408505255 0.15449682203302842
11 95.24446446 0.09983008422603068
16 136.58744815494748 0.1729039745371225
17 136.58744815494748 0.06611351994751308
18 136.5874481549475 0.04630549898550593

155.51617986419026
6 70.13275408505251 0.05533214821438752
7 70.13275408505251 0.2631301555850099
10 95.24446445999993 0.04992748006736472
11 95.24446446 0.08402374571397392
12 95.24446446000002 0.06679087666648553
13 95.24446446000005 0.04195706299758666
15 136.58744815494748 0.11024748931943144
18 136.5874481549475 0.15065003901315033

156.58907617577057
6 70.13275408505251 0.3759982266433637
7 70.13275408505251 0.04444561375910125
8 70.13275408505251 0.10065436174173124
9 70.13275408505255 0.07408281487249191
10 95.24446445999993 0.01655347282193594
11 95.24446446 0.021357291895029617
12 95.24446446000002 0.03519032980134529
13 95.24446446000005 0.03715986444762046
14 95.2444644600001 0.09327998125049197
15 136.58744815494748 0.11689111178973721
16 136.58744815494748 0.019455507801477562
17 136.58744815494748 0.027108987313187845

157.37001471368822
6 70.13275408505251 0.02191998465715383
7 70.13275408505251 0.01098522206637356
9 70.13275408505255 0.041645480936551245
10 95.24446445999993 0.08075742246965202
11 95.24446446 0.06295836131105864
12 95.24446446000002 0.036155852746114915
13 95.24446446000005 0.05428631909508265
14 95.2444644600001 0.11578017970796296
15 136.58744815494748 0.32869169517308594
17 136.58744815494748 0.11113962040742201
18 136.5874481549475 0.061362396074980834

158.62624818416825
5 70.1327540850525 0.03914214287594332
6 70.13275408505251 0.15899705679682738
7 70.13275408505251 0.3959238891650766
9 70.13275408505255 0.016401603868410258
10 95.24446445999993 0.022743708022425112
12 95.24446446000002 0.12300857736045537
13 95.24446446000005 0.054254741050603794
15 136.58744815494748 0.07530362482566083
16 136.58744815494748 0.05125602113049281
18 136.5874481549475 0.20458897895395686

159.30514007969887
6 70.13275408505251 0.44295393312304127
8 70.13275408505251 0.030877926151425344
9 70.13275408505255 0.2510804738274893
11 95.24446446 0.25576134900990444
13 95.24446446000005 0.013584340315208198
15 136.58744815494748 0.013051864660240298
17 136.58744815494748 0.010082397028331776
18 136.5874481549475 0.04067353788321887

159.4178931109063
1 0.0 0.015253253483086548
5 70.1327540850525 0.13541100393336195
7 70.13275408505251 0.02859475241406449
8 70.13275408505251 0.03532665212746432
10 95.24446445999993 0.04011602623445609
11 95.24446446 0.06845257625580371
12 95.24446446000002 0.053988267934015614
13 95.24446446000005 0.060434456673083004
14 95.2444644600001 0.09289321019139193
15 136.58744815494748 0.19370506367364781
17 136.58744815494748 0.04035250240617955
18 136.5874481549475 0.05296317584412627

160.25353077055553
3 37.15857925999999 0.46122758776767914
4 37.158579259999996 0.45966578952391535
18 136.5874481549475 0.010052734480963693

161.02645059820273
19 136.5874481549475 0.016960850017172742

161.16618177310812
2 37.15857925999999 0.1426340355313961
4 37.158579259999996 0.04239590319976488
17 136.58744815494748 0.011313126819239946

161.88111373496713
2 37.15857925999999 0.459389330781515
4 37.158579259999996 0.05909671996816748
6 70.13275408505251 0.0284647838068672
8 70.13275408505251 0.0470670281289859
10 95.24446445999993 0.014587568375408562
11 95.24446446 0.023687194654250406
12 95.24446446000002 0.02453071237253975
17 136.58744815494748 0.015695266949352346
18 136.5874481549475 0.012343468196418596

161.91600264352408
2 37.15857925999999 0.17646709296873353
3 37.15857925999999 0.27697049871483137
4 37.158579259999996 0.027984841636874522
10 95.24446445999993 0.020029168087811765
13 95.24446446000005 0.01465730606322782
14 95.2444644600001 0.020460289872403847
15 136.58744815494748 0.016618381021582553
17 136.58744815494748 0.011749209379099408
18 136.5874481549475 0.025895255455522133
19 136.5874481549475 0.04402102069003967

162.21434363364554
2 37.15857925999999 1.7625223026118875
3 37.15857925999999 0.17966329479330623
4 37.158579259999996 0.41444056428147874
5 70.1327540850525 0.015095069794220905
6 70.13275408505251 0.03567034879831519
8 70.13275408505251 0.010082473363617426
9 70.13275408505255 0.013644473569088319
11 95.24446446 0.02401928727680766
12 95.24446446000002 0.012594732332113837
14 95.2444644600001 0.01814563718971475
15 136.58744815494748 0.0111525782098407
17 136.58744815494748 0.014169492161718788

162.2369347472381
2 37.15857925999999 0.01396291840939378
3 37.15857925999999 1.0671008434304294
4 37.158579259999996 1.0032940380902864
5 70.1327540850525 0.01823687039408555
7 70.13275408505251 0.012001172177790762
8 70.13275408505251 0.013093729442897654
13 95.24446446000005 0.016728194816105074
16 136.58744815494748 0.016921451439617707
19 136.5874481549475 0.012262077373160157

162.8411431822121
1 0.0 0.011080364752899577
2 37.15857925999999 0.22174453269769456
15 136.58744815494748 0.023512732298057802
18 136.5874481549475 0.019044900490360797

163.31124197365847
5 70.1327540850525 0.037738545031234624
6 70.13275408505251 0.06563981375169708
7 70.13275408505251 0.13816736700504179
8 70.13275408505251 0.050815450075920345
9 70.13275408505255 0.13695350565872078
10 95.24446445999993 0.011718140430158371
11 95.24446446 0.17656530559478065
12 95.24446446000002 0.03780674375248658
13 95.24446446000005 0.08570020609870187
14 95.2444644600001 0.017281048108308095
15 136.58744815494748 0.014108123723361655
16 136.58744815494748 0.020932410760766743
18 136.5874481549475 0.10477975619065957
19 136.5874481549475 0.017983807631441598

163.76149384268555
6 70.13275408505251 0.2901219471976074
7 70.13275408505251 0.24739610502045534
10 95.24446445999993 0.05729477149509138
11 95.24446446 0.1653182857074322
16 136.58744815494748 0.10626908232437726

188.29405653381252
8 70.13275408505251 0.010465964992413729
14 95.2444644600001 0.01647937401663853
16 136.58744815494748 0.01477345146256806

188.2942541166959
12 95.24446446000002 0.012928619773879971
19 136.5874481549475 0.01422135850171749

189.74724672148346
5 70.1327540850525 0.015721827650218484
6 70.13275408505251 0.024610660711290665
8 70.13275408505251 0.04399855355021657
9 70.13275408505255 0.010186215049176304
11 95.24446446 0.02946718728347872
12 95.24446446000002 0.0555965615037554
14 95.2444644600001 0.06591517039091843
16 136.58744815494748 0.12482476691285085
17 136.58744815494748 0.02691170975240685
18 136.5874481549475 0.04351702758720289

189.75025624698978
6 70.13275408505251 0.03182757718999926
8 70.13275408505251 0.0888106509149759
10 95.24446445999993 0.015744172675500837
11 95.24446446 0.01491116080621257
12 95.24446446000002 0.043837804075336814
14 95.2444644600001 0.06311003627211478
15 136.58744815494748 0.015462186665222984
17 136.58744815494748 0.059319463099701514
19 136.5874481549475 0.11596816239724607

190.67598711554484
2 37.15857925999999 0.03120720296072126
3 37.15857925999999 0.02956640101979518
4 37.158579259999996 0.08741142187731461
5 70.1327540850525 0.05661653122087654
6 70.13275408505251 0.01632563729437639
7 70.13275408505251 0.041549959751391884
8 70.13275408505251 0.05519875323341381
9 70.13275408505255 0.010931244008809585
11 95.24446446 0.014685466130728719
12 95.24446446000002 0.18643561601172942
17 136.58744815494748 0.2956245101060778
18 136.5874481549475 0.011503977623954139
19 136.5874481549475 0.36774761302579595

190.6789473527785
2 37.15857925999999 0.11370952010067645
3 37.15857925999999 0.010891704235789688
4 37.158579259999996 0.03446510133594817
7 70.13275408505251 0.022315740567010134
9 70.13275408505255 0.3486302206611457
10 95.24446445999993 0.031044108745428137
11 95.24446446 0.018339801114465332
13 95.24446446000005 0.07631574368028173
14 95.2444644600001 0.08211336066211203
15 136.58744815494748 0.04557369780893593
16 136.58744815494748 0.5720487903526417
17 136.58744815494748 0.03251291049178283
18 136.5874481549475 0.11529443673922085
19 136.5874481549475 0.03560406579842518

190.8018713226828
1 0.0 0.5501706551525893
2 37.15857925999999 0.02316020682116539
3 37.15857925999999 0.018351051892003947
5 70.1327540850525 0.010817224766675154
6 70.13275408505251 0.046641401734822494
9 70.13275408505255 0.03107109818527127
10 95.24446445999993 0.07828327505334945
11 95.24446446 0.011229693893938644
12 95.24446446000002 0.1475454417996088
13 95.24446446000005 0.0730938543848685
14 95.2444644600001 0.05515472796248985
16 136.58744815494748 0.011049219953305864
17 136.58744815494748 0.22299597632606177
18 136.5874481549475 0.04191307849219504
19 136.5874481549475 0.07662771329216142

190.94545363460122
1 0.0 0.6997336377597966
4 37.158579259999996 0.013294801632195303
5 70.1327540850525 0.07769624728755783
6 70.13275408505251 0.07087380719069758
7 70.13275408505251 0.179505045287017
10 95.24446445999993 0.21071103404276095
11 95.24446446 0.052547298650237655
12 95.24446446000002 0.02103548199073431
14 95.2444644600001 0.03235366124463749
15 136.58744815494748 0.1100664716342475
18 136.5874481549475 0.013204071092309885
19 136.5874481549475 0.01266646689687329

191.7062913477723
2 37.15857925999999 0.09158201910785672
4 37.158579259999996 0.08799542791997884
5 70.1327540850525 0.6751840851739216
7 70.13275408505251 0.021885715937290943
8 70.13275408505251 0.04255450946746635
9 70.13275408505255 0.018901152108342083
10 95.24446445999993 0.038086695550226854
11 95.24446446 0.09213997287014124
12 95.24446446000002 0.04741194396565302
13 95.24446446000005 0.03862473741617777
14 95.2444644600001 0.2110724776395118
15 136.58744815494748 0.03604820649357089
17 136.58744815494748 0.06846591107021845
18 136.5874481549475 0.22821163032973146
19 136.5874481549475 0.01322970525887743

192.4608161712631
1 0.0 0.022610294144601063
2 37.15857925999999 0.012503102538867614
6 70.13275408505251 0.05640192428382306
8 70.13275408505251 0.010618954733666293
10 95.24446445999993 0.09554205492699487
12 95.24446446000002 0.24920870978790924
14 95.2444644600001 0.09507332036095717
16 136.58744815494748 0.025802423431159884
17 136.58744815494748 0.092659295721557
18 136.5874481549475 0.025085306451324153

192.50243875086105
8 70.13275408505251 0.04773418575163049
9 70.13275408505255 0.025592687182952593
13 95.24446446000005 0.04315353011472031
15 136.58744815494748 0.01137146668467627
16 136.58744815494748 0.02663925389080255
17 136.58744815494748 0.022331125325721422
19 136.5874481549475 0.06010819401239333

192.5574551994697
2 37.15857925999999 0.07623242303851456
3 37.15857925999999 0.19863868414308816
4 37.158579259999996 0.012377699738098293
5 70.1327540850525 0.07881337685107437
6 70.13275408505251 0.03497988718725824
7 70.13275408505251 0.011822621988789833
8 70.13275408505251 0.08671399037591843
9 70.13275408505255 0.09721173567345812
10 95.24446445999993 0.025996237363422423
11 95.24446446 0.07651594559442064
12 95.24446446000002 0.05490128907267218
13 95.24446446000005 0.44056473103255933
15 136.58744815494748 0.0242775483301307
16 136.58744815494748 0.019545095514204875
18 136.5874481549475 0.10852265739033404

192.63704889361054
2 37.15857925999999 0.03976877982521417
3 37.15857925999999 0.03479219773823823
4 37.158579259999996 0.01871817718709787
5 70.1327540850525 0.08979501997864722
7 70.13275408505251 0.06620854225906159
8 70.13275408505251 0.02157716111352204
9 70.13275408505255 0.07152709588294348
10 95.24446445999993 0.017124919161011283
11 95.24446446 0.09154133042508493
12 95.24446446000002 0.0288805170260663
13 95.24446446000005 0.1983213618107922
16 136.58744815494748 0.07430634664911785
18 136.5874481549475 0.0339036592797905

192.69209672004945
1 0.0 0.2478954451136926
2 37.15857925999999 0.025539243427064484
5 70.1327540850525 0.10406707062741326
6 70.13275408505251 0.024660171073043254
7 70.13275408505251 0.0951328844888784
8 70.13275408505251 0.05557412644521388
10 95.24446445999993 0.11235985779058856
11 95.24446446 0.012413486018224219
13 95.24446446000005 0.03146985604074415
14 95.2444644600001 0.02306922383064553
15 136.58744815494748 0.12297994601109043
16 136.58744815494748 0.017063942733578356
17 136.58744815494748 0.03176735789965701
18 136.5874481549475 0.020706014519728772
19 136.5874481549475 0.026561777934256476

192.7506000790422
2 37.15857925999999 0.028103376696505106
6 70.13275408505251 0.013278861422912678
8 70.13275408505251 0.02626001643478626
10 95.24446445999993 0.015215996836287798
11 95.24446446 0.027386391992721703
12 95.24446446000002 0.010423390864078525
13 95.24446446000005 0.01379965553141756
19 136.5874481549475 0.020572073762130483

