rotational analysis ortho
#nmax= 3 NR= 11 Ntheta= 11 Nphi= 11
#jmax= 2 Nalpha= 11 Nphi= 11 Nchi= 11
21.789871889872902
1 23.79935855999999 0.02233179479877415
3 23.799358559999998 0.5372770055957378
4 42.402163299999984 0.5174393257613291
5 42.402163299999984 0.012032407996899008
6 42.40216329999999 0.029431615563450635

23.515798230301
1 23.79935855999999 0.5199218571207311
3 23.799358559999998 0.032288640683544076
4 42.402163299999984 0.02475052322286935
6 42.40216329999999 0.5376246935854032

25.56091147220255
2 23.799358559999998 0.5007297595830651
3 23.799358559999998 0.012480571452848498
4 42.402163299999984 0.014892285060601449
5 42.402163299999984 0.5003418269109576

36.70624849622161
1 23.79935855999999 0.06700576611693321
2 23.799358559999998 0.020870633233211276
3 23.799358559999998 0.5245287997242751
4 42.402163299999984 0.45887570616025275
5 42.402163299999984 0.03502890540466631
6 42.40216329999999 0.07841985550758736
10 79.51371234 0.016407916680881634

39.04731085160783
1 23.79935855999999 0.47281980618330427
3 23.799358559999998 0.09692713064902045
4 42.402163299999984 0.08648668732398887
6 42.40216329999999 0.5207114288741965
12 135.32212655999996 0.011826250546295153

42.75983677162785
2 23.799358559999998 0.47366047455928084
3 23.799358559999998 0.03841972458619231
4 42.402163299999984 0.06284717119851742
5 42.402163299999984 0.4561398951419785

70.05434777165841
1 23.79935855999999 0.059460394883329874
2 23.799358559999998 0.06195683308480795
3 23.799358559999998 0.26871241483467306
4 42.402163299999984 0.09438722993457732
5 42.402163299999984 0.125957297587905
6 42.40216329999999 0.1611333941630514
7 79.51371233999998 0.13607929716540568
9 79.51371234 0.035756776170332696
10 79.51371234 0.015920659453903176
11 79.51371234 0.11771475831623882
12 135.32212655999996 0.1570880687772437
15 135.32212655999996 0.096040801596457
16 135.32212655999996 0.07005716322023184

71.12826280897966
1 23.79935855999999 0.041959191646166724
2 23.799358559999998 0.08307449802185866
3 23.799358559999998 0.012508420057370592
4 42.402163299999984 0.018661500680110504
5 42.402163299999984 0.15598023864885083
6 42.40216329999999 0.06235789215764747
8 79.51371234 0.20266322685363153
10 79.51371234 0.04517308482002246
13 135.32212655999996 0.060690611252932715
14 135.32212655999996 0.1997493707110963

71.59068911858138
1 23.79935855999999 0.08801231967427128
3 23.799358559999998 0.047998594520643416
4 42.402163299999984 0.0896897194848315
5 42.402163299999984 0.010619237369026818
6 42.40216329999999 0.04790118531636519
7 79.51371233999998 0.06958364332263099
9 79.51371234 0.17047112864911573
11 79.51371234 0.025795224693090354
12 135.32212655999996 0.07421394313416464
16 135.32212655999996 0.17511823021143008

72.24154449133626
1 23.79935855999999 0.1445486377657454
2 23.799358559999998 0.04393553827716907
3 23.799358559999998 0.12071534304534642
4 42.402163299999984 0.06894802489464467
6 42.40216329999999 0.2547633749587308
8 79.51371234 0.03919493868977495
10 79.51371234 0.29019821265965884
12 135.32212655999996 0.011566095184235549
13 135.32212655999996 0.24765872099239067
14 135.32212655999996 0.04560879310300555

73.28500727494455
1 23.79935855999999 0.07445609958885556
2 23.799358559999998 0.18059341405651416
3 23.799358559999998 0.08728357357458402
4 42.402163299999984 0.11945614881512205
5 42.402163299999984 0.11985605123732687
7 79.51371233999998 0.05733969028117478
9 79.51371234 0.10785035314843007
11 79.51371234 0.17843901075024404
12 135.32212655999996 0.04765854304993071
15 135.32212655999996 0.21430639843489122
16 135.32212655999996 0.07228785200038436

84.41948027617237
1 23.79935855999999 0.5349762810535396
2 23.799358559999998 0.09026901252750416
3 23.799358559999998 0.06754154822654103
4 42.402163299999984 0.37533640428842135
6 42.40216329999999 0.29470625451995236

84.54319072284437
1 23.79935855999999 0.17307957778937386
2 23.799358559999998 0.35555795547937624
3 23.799358559999998 0.055106160632231345
4 42.402163299999984 0.26257445692689757
5 42.402163299999984 0.2446088643087512
6 42.40216329999999 0.012616196457096416
11 79.51371234 0.013597333453347493
15 135.32212655999996 0.015006956173311938

87.4670426267617
1 23.79935855999999 0.06860755989908168
2 23.799358559999998 0.10965718248699695
3 23.799358559999998 0.2160853185390594
4 42.402163299999984 0.22810002756497244
5 42.402163299999984 0.21517041348274632
6 42.40216329999999 0.11328369045978476
11 79.51371234 0.014489052419936624

90.11549745640818
1 23.79935855999999 0.06921707281543302
2 23.799358559999998 0.11023493104461658
3 23.799358559999998 0.1492756400971779
5 42.402163299999984 0.179148160375275
6 42.40216329999999 0.027116999055250487
10 79.51371234 0.022161324108249107
13 135.32212655999996 0.028900320826511536

92.22197587285835
1 23.79935855999999 0.19451905117892768
2 23.799358559999998 0.013800108136503236
3 23.799358559999998 0.3242405959555301
4 42.402163299999984 0.03292438714399144
5 42.402163299999984 0.04751656179145721
6 42.40216329999999 0.5046334048395898
8 79.51371234 0.012394119984162759
10 79.51371234 0.0719310449228064
12 135.32212655999996 0.02949719389992237
13 135.32212655999996 0.050805951601715506
16 135.32212655999996 0.01373933076316389

92.23146288460036
1 23.79935855999999 0.014441654405814883
3 23.799358559999998 0.8850041750967349
4 42.402163299999984 0.29027040795965375
5 42.402163299999984 0.12621292866984893
6 42.40216329999999 0.40660280376321445
7 79.51371233999998 0.03299358284682011
9 79.51371234 0.014435097944337909
10 79.51371234 0.06754460056523688
12 135.32212655999996 0.07183657151135628
13 135.32212655999996 0.01341593588369057
16 135.32212655999996 0.058703473548218185

93.19601215947182
1 23.79935855999999 0.07009245629868846
2 23.799358559999998 0.15367295862983504
3 23.799358559999998 0.021408694465198563
4 42.402163299999984 0.25448098677899705
5 42.402163299999984 0.06815517044329363
6 42.40216329999999 0.05235377230154458
9 79.51371234 0.03874328500246999
11 79.51371234 0.020443734697699837
15 135.32212655999996 0.053977819376273974

94.53220653688885
1 23.79935855999999 0.017931233699116263
2 23.799358559999998 0.08252411519382602
3 23.799358559999998 0.22311719139597525
4 42.402163299999984 0.11593536552394247
5 42.402163299999984 0.05636635813688012
6 42.40216329999999 0.036375917251221086
8 79.51371234 0.02021087295812992
10 79.51371234 0.03867952707181744
14 135.32212655999996 0.028601275169398407

95.07262297667322
1 23.79935855999999 0.2602982655338582
2 23.799358559999998 0.01089842672180238
3 23.799358559999998 0.10236948033811752
4 42.402163299999984 0.2628505538468548
5 42.402163299999984 0.01471530288957341
9 79.51371234 0.029649496034248827
11 79.51371234 0.028769639017612796
16 135.32212655999996 0.032828142334695845

96.48975981480476
1 23.79935855999999 0.048657549923898716
2 23.799358559999998 0.015513027481878713
3 23.799358559999998 0.3251057552392371
4 42.402163299999984 0.11989932765109149
5 42.402163299999984 0.06965039714054742
6 42.40216329999999 0.18810980751709622
7 79.51371233999998 0.13543269821554582
9 79.51371234 0.03171934232790474
11 79.51371234 0.04041430715631203
12 135.32212655999996 0.10801872806659321
15 135.32212655999996 0.032170512393094736
16 135.32212655999996 0.02685902686793623

96.86075694020262
1 23.79935855999999 0.1326827817404124
3 23.799358559999998 0.11695002652858309
4 42.402163299999984 0.0492394428149443
5 42.402163299999984 0.0281104603408505
6 42.40216329999999 0.2539697697634603
8 79.51371234 0.08743645115847043
10 79.51371234 0.09997427777637069
13 135.32212655999996 0.13565328437122853
14 135.32212655999996 0.06750250531511069

97.69294321584357
2 23.799358559999998 0.1336813480251108
3 23.799358559999998 0.051820466145613274
4 42.402163299999984 0.12612234728188082
5 42.402163299999984 0.07837029052337235
7 79.51371233999998 0.016665719146001054
9 79.51371234 0.12441494429546365
11 79.51371234 0.046631450038131204
12 135.32212655999996 0.014530990215897047
15 135.32212655999996 0.06518331062768196
16 135.32212655999996 0.10972172406699067

98.24973579765962
1 23.79935855999999 0.10094735842398714
2 23.799358559999998 0.14414485321757162
3 23.799358559999998 0.041191632669379454
5 42.402163299999984 0.11128648043933115
6 42.40216329999999 0.14714842245229343
8 79.51371234 0.16463543822870386
10 79.51371234 0.03243730083888652
13 135.32212655999996 0.03510865050223698
14 135.32212655999996 0.1746377155744483

98.334561026384
1 23.79935855999999 0.07622393573826583
2 23.799358559999998 0.18387524726952423
5 42.402163299999984 0.1815899078594047
6 42.40216329999999 0.03612095568095562
7 79.51371233999998 0.08984999906192254
9 79.51371234 0.02964922999691108
11 79.51371234 0.07217502228700277
12 135.32212655999996 0.08794996879488653
15 135.32212655999996 0.06709124374173153
16 135.32212655999996 0.04699972509163706

98.57279055541973
1 23.79935855999999 0.7130426058572594
4 42.402163299999984 0.4716672386519175
6 42.40216329999999 0.3960490767814562
9 79.51371234 0.026479050912690094
10 79.51371234 0.015071670481669562
13 135.32212655999996 0.01905421679936668
16 135.32212655999996 0.011526022664104282

101.77909889610875
1 23.79935855999999 0.04670864542347111
2 23.799358559999998 0.5282799181594028
4 42.402163299999984 0.21352298906496114
5 42.402163299999984 0.41011159321531565
7 79.51371233999998 0.011389864359261842
11 79.51371234 0.03152371660707899
15 135.32212655999996 0.01690906051446467
16 135.32212655999996 0.012065576087557338

101.89926702482487
1 23.79935855999999 0.033409437262282835
2 23.799358559999998 0.2830720306562034
5 42.402163299999984 0.27343956549500786
6 42.40216329999999 0.025512566752727492

105.71840541162685
1 23.79935855999999 0.22062709676305292
2 23.799358559999998 0.24264562734064582
3 23.799358559999998 0.0281045211752676
4 42.402163299999984 0.03355857645702859
5 42.402163299999984 0.3390998577445301
6 42.40216329999999 0.10654771548115097
11 79.51371234 0.024522889566306827
15 135.32212655999996 0.020717457691583892

126.09660484873466
1 23.79935855999999 0.026693259949104525
5 42.402163299999984 0.01174569797384938
6 42.40216329999999 0.011483033576950604
7 79.51371233999998 0.012341697357252863
8 79.51371234 0.11181822433864119
9 79.51371234 0.02443685965524687
12 135.32212655999996 0.015910215643366043
14 135.32212655999996 0.09585214291241177
16 135.32212655999996 0.025462179507009262

126.10256878941645
2 23.799358559999998 0.05294780705487995
5 42.402163299999984 0.029943787939614296
7 79.51371233999998 0.10357528158295512
8 79.51371234 0.033979707293381636
9 79.51371234 0.01682129071774862
11 79.51371234 0.018954468493439586
12 135.32212655999996 0.08519343734568552
14 135.32212655999996 0.0382008975259226
15 135.32212655999996 0.017152013225773435
16 135.32212655999996 0.013197192881482704

127.08528457212523
1 23.79935855999999 0.015289171014507042
2 23.799358559999998 0.09066129392094319
3 23.799358559999998 0.24891075704464516
4 42.402163299999984 0.1080147558232457
5 42.402163299999984 0.12513723397517681
6 42.40216329999999 0.08197734383322594
7 79.51371233999998 0.04918712208728268
9 79.51371234 0.1158534028207057
10 79.51371234 0.038470382965548014
11 79.51371234 0.1899527066561076
12 135.32212655999996 0.05631602638644007
13 135.32212655999996 0.010209927861645565
15 135.32212655999996 0.1619403384123808
16 135.32212655999996 0.16784946004960313

128.06608081826639
1 23.79935855999999 0.028444109671775825
2 23.799358559999998 0.1999338793241598
3 23.799358559999998 0.01541860578029735
5 42.402163299999984 0.09484370738224443
8 79.51371234 0.14012134343446167
9 79.51371234 0.015972050891271707
11 79.51371234 0.09867651326433594
14 135.32212655999996 0.15366769204934308
15 135.32212655999996 0.06911088603286379
16 135.32212655999996 0.021519892117588976

128.1512411934552
1 23.79935855999999 0.17600794766468728
2 23.799358559999998 0.09233863011261761
3 23.799358559999998 0.010776032656025817
6 42.40216329999999 0.13937092972314358
7 79.51371233999998 0.13073764276563124
9 79.51371234 0.02708706931209711
10 79.51371234 0.12081254678581482
11 79.51371234 0.01594586245533986
12 135.32212655999996 0.16392117650816618
13 135.32212655999996 0.07464594462421392
14 135.32212655999996 0.017690549799085797
15 135.32212655999996 0.027500925829306102
16 135.32212655999996 0.014955201316851482

129.78381543443322
1 23.79935855999999 0.248853625085736
3 23.799358559999998 0.1302012652135026
4 42.402163299999984 0.17532118965174462
5 42.402163299999984 0.14636095116917006
6 42.40216329999999 0.17353229643469065
7 79.51371233999998 0.0376702189653356
8 79.51371234 0.02028886578349059
9 79.51371234 0.0658388758102686
10 79.51371234 0.3490001691357263
11 79.51371234 0.02062553665177503
12 135.32212655999996 0.12678895134289925
13 135.32212655999996 0.3332044926777362
14 135.32212655999996 0.01904898869902143
16 135.32212655999996 0.06770755477114769

131.37996490215596
1 23.79935855999999 0.15314663887798818
2 23.799358559999998 0.09040262904965074
3 23.799358559999998 0.05950867090925237
4 42.402163299999984 0.09304116833596542
5 42.402163299999984 0.10726538056552656
7 79.51371233999998 0.044429991529387744
9 79.51371234 0.18723547796212298
10 79.51371234 0.04554976030041832
11 79.51371234 0.12289515938201595
12 135.32212655999996 0.03347224829841654
14 135.32212655999996 0.025127647437806044
15 135.32212655999996 0.14697659084450798
16 135.32212655999996 0.15562967500811445

132.17527495454124
1 23.79935855999999 0.1258909381111275
2 23.799358559999998 0.013643046326903639
6 42.40216329999999 0.16285258561969523
7 79.51371233999998 0.14723092278564198
9 79.51371234 0.024722787021029695
10 79.51371234 0.19209894937024127
13 135.32212655999996 0.2644708735404658
15 135.32212655999996 0.012474848940145528
16 135.32212655999996 0.014398124052148112

132.90684263545344
1 23.79935855999999 0.01034500036373234
2 23.799358559999998 0.25934325841374056
4 42.402163299999984 0.0893085031188763
5 42.402163299999984 0.2815547660957701
7 79.51371233999998 0.025451643933290385
8 79.51371234 0.08625630134812091
9 79.51371234 0.020452656026380044
10 79.51371234 0.011759981416204072
11 79.51371234 0.24243087219266496
12 135.32212655999996 0.02466188524449292
13 135.32212655999996 0.015216888580826619
15 135.32212655999996 0.26683894961327603

133.71719187196305
3 23.799358559999998 0.02778107025195969
4 42.402163299999984 0.10674938580971012
5 42.402163299999984 0.0940988048668056
6 42.40216329999999 0.10344789749285116
7 79.51371233999998 0.141008210532961
9 79.51371234 0.10347381333668397
11 79.51371234 0.03160918358977653
12 135.32212655999996 0.07204507185076171
13 135.32212655999996 0.29083012946905545
14 135.32212655999996 0.028051603282222892
15 135.32212655999996 0.010156749190000513
16 135.32212655999996 0.08801281580671148

134.15664544157917
1 23.79935855999999 0.027396205051676968
2 23.799358559999998 0.03146952247985035
3 23.799358559999998 0.09170760040997372
4 42.402163299999984 0.09232818874742034
5 42.402163299999984 0.010271811618867803
6 42.40216329999999 0.11689649159657202
7 79.51371233999998 0.08009355374372128
9 79.51371234 0.061403696168555
10 79.51371234 0.011116322979260719
11 79.51371234 0.15776628230439937
12 135.32212655999996 0.03098309250443096
13 135.32212655999996 0.023372418430274655
15 135.32212655999996 0.078429963771382
16 135.32212655999996 0.1215784994608165

135.95988411879196
1 23.79935855999999 0.013861939560452619
2 23.799358559999998 0.07703246539809988
3 23.799358559999998 0.2873731264732123
4 42.402163299999984 0.09336413270010473
8 79.51371234 0.025930209558869717
9 79.51371234 0.06225744689182584
10 79.51371234 0.17350287515371254
11 79.51371234 0.011141300779589568
13 135.32212655999996 0.056628310341529056
14 135.32212655999996 0.08475792969864969
15 135.32212655999996 0.017357854394712217
16 135.32212655999996 0.06476158796034188

136.07425115741205
1 23.79935855999999 0.018416714060771656
2 23.799358559999998 0.07921936354657082
3 23.799358559999998 0.019385268687270325
4 42.402163299999984 0.02310952663774428
5 42.402163299999984 0.01765659148326227
8 79.51371234 0.02783260796254156
9 79.51371234 0.243278579228864
11 79.51371234 0.07775384023203158
12 135.32212655999996 0.05221327248130938
13 135.32212655999996 0.016965138327022004
14 135.32212655999996 0.016006831436545594
15 135.32212655999996 0.12143040112846308
16 135.32212655999996 0.10366811717446785

137.88514977077605
1 23.79935855999999 0.12311271179921066
2 23.799358559999998 0.015024423181469607
3 23.799358559999998 0.012901707049166294
4 42.402163299999984 0.029618108710589914
8 79.51371234 0.291944091502677
9 79.51371234 0.015555072358194214
10 79.51371234 0.03573743301311494
13 135.32212655999996 0.0351557147803863
14 135.32212655999996 0.26436148212518196
15 135.32212655999996 0.15902065969952658

138.17908651203692
1 23.79935855999999 0.0240383447876815
2 23.799358559999998 0.19840577112697688
4 42.402163299999984 0.01997014642820171
5 42.402163299999984 0.033059566417100825
6 42.40216329999999 0.049276711879710416
7 79.51371233999998 0.18182986283672364
9 79.51371234 0.08277860877416912
10 79.51371234 0.016164447718105348
11 79.51371234 0.06382144429686322
12 135.32212655999996 0.15373166663056181
13 135.32212655999996 0.0733263208020876
14 135.32212655999996 0.017443186731376428
15 135.32212655999996 0.04973353112480702
16 135.32212655999996 0.1058954530846004

141.43175010229925
1 23.79935855999999 0.027284057010214028
3 23.799358559999998 0.01764172071961305
4 42.402163299999984 0.018983268523823444
6 42.40216329999999 0.013139343263897069
8 79.51371234 0.1657639650726648
10 79.51371234 0.03078887182661997
13 135.32212655999996 0.12610514762914643
14 135.32212655999996 0.30188051193820575

141.43809666975702
3 23.799358559999998 0.07693890035655819
4 42.402163299999984 0.09178640678430551
5 42.402163299999984 0.015228693588532762
7 79.51371233999998 0.1619718391901786
9 79.51371234 0.05048306345643955
11 79.51371234 0.045930247232423504
12 135.32212655999996 0.18480475849458866
15 135.32212655999996 0.1336013530155004
16 135.32212655999996 0.08779204377513065

144.29620193332113
2 23.799358559999998 0.09627974115806373
3 23.799358559999998 0.020557821362978963
4 42.402163299999984 0.048760969741232424
5 42.402163299999984 0.20381733744367583
6 42.40216329999999 0.023455893210713386
7 79.51371233999998 0.029239761967285696
8 79.51371234 0.044886840549523806
9 79.51371234 0.16568108139523516
11 79.51371234 0.09390486928516849
12 135.32212655999996 0.011438479622772857
14 135.32212655999996 0.04948066571286718
15 135.32212655999996 0.07145700631285942
16 135.32212655999996 0.11394753315197145

144.5849913919035
2 23.799358559999998 0.1341223317377118
3 23.799358559999998 0.05391542827308412
4 42.402163299999984 0.05583589555511405
5 42.402163299999984 0.3291099801880453
6 42.40216329999999 0.024392760614407424
7 79.51371233999998 0.03401406528028702
8 79.51371234 0.22497479540749832
10 79.51371234 0.12560969315837522
11 79.51371234 0.01553452722703881
12 135.32212655999996 0.027950149638081685
13 135.32212655999996 0.040682447893597436
14 135.32212655999996 0.0490613404840596
15 135.32212655999996 0.013797617977674925
16 135.32212655999996 0.01011292135174875

146.51657312463436
1 23.79935855999999 0.24336507602895094
2 23.799358559999998 0.05961375950689585
3 23.799358559999998 0.05151860134752756
4 42.402163299999984 0.438825216253544
5 42.402163299999984 0.1188659256712237
6 42.40216329999999 0.08741814624729546

146.61638789915096
1 23.79935855999999 0.21752176258199127
2 23.799358559999998 0.08384165682585897
3 23.799358559999998 0.03654284573398697
5 42.402163299999984 0.051365938124191816
6 42.40216329999999 0.361497221677335
7 79.51371233999998 0.07973542762997934
10 79.51371234 0.04081607288764084
11 79.51371234 0.15636869226199257
12 135.32212655999996 0.07900413550658948
13 135.32212655999996 0.05079896323807502
15 135.32212655999996 0.012096620219233634
16 135.32212655999996 0.14132788712048336

149.62631693982036
1 23.79935855999999 0.15529623657282315
2 23.799358559999998 0.04689488545768725
3 23.799358559999998 0.18248142058895833
5 42.402163299999984 0.026116139106627006
6 42.40216329999999 0.27729381920270857
7 79.51371233999998 0.024712901856536736
8 79.51371234 0.012132930574427811
10 79.51371234 0.07569773574543227
12 135.32212655999996 0.06679160754925029
15 135.32212655999996 0.021098609008703806

149.75292568438053
1 23.79935855999999 0.047624425540546654
2 23.799358559999998 0.1254994545760443
5 42.402163299999984 0.13360744127870414
6 42.40216329999999 0.018334645687616544
7 79.51371233999998 0.0149476776545608
8 79.51371234 0.021600692613805497
11 79.51371234 0.03402652765234391
13 135.32212655999996 0.03047199331910815
14 135.32212655999996 0.0333701799214938

151.08741915397124
1 23.79935855999999 0.27894875789141516
2 23.799358559999998 0.033945488415238104
3 23.799358559999998 0.1896769789543197
4 42.402163299999984 0.237097048707481
6 42.40216329999999 0.15789465097328897
16 135.32212655999996 0.017313556330554796

151.53657248389524
1 23.79935855999999 0.14151068999490757
3 23.799358559999998 0.5589351522273329
4 42.402163299999984 0.20983551479691132
5 42.402163299999984 0.01551268606883708
6 42.40216329999999 0.5424523830596698
10 79.51371234 0.1687883898356879
12 135.32212655999996 0.11848410917876159
13 135.32212655999996 0.08676243665521534
16 135.32212655999996 0.04450536181986381

151.59272133324936
2 23.799358559999998 0.07453857709898862
3 23.799358559999998 0.549812662156216
4 42.402163299999984 0.11929308297655494
5 42.402163299999984 0.20535639030909397
6 42.40216329999999 0.20474809865006427
7 79.51371233999998 0.01924048212836115
9 79.51371234 0.01930765561373813
10 79.51371234 0.07913776988980187
11 79.51371234 0.07290120930497648
12 135.32212655999996 0.03843576141693357
14 135.32212655999996 0.032733886721855066
15 135.32212655999996 0.022465394364093665
16 135.32212655999996 0.09023538382162008

152.77379892543317
2 23.799358559999998 0.1481307985400631
3 23.799358559999998 0.5730272918998341
4 42.402163299999984 0.6754507374902167
6 42.40216329999999 0.022039630136298626
7 79.51371233999998 0.04784868348355181
9 79.51371234 0.12512589321054862
12 135.32212655999996 0.01270523933893078
15 135.32212655999996 0.05220250767621872
16 135.32212655999996 0.07470210692230553

153.05531843128477
1 23.79935855999999 0.04786611895664221
2 23.799358559999998 0.18135148061718787
3 23.799358559999998 0.15691551101897516
4 42.402163299999984 0.013481981652037235
5 42.402163299999984 0.09838589225453132
6 42.40216329999999 0.16255977831962937
13 135.32212655999996 0.02172575989923635
16 135.32212655999996 0.011030106387046747

153.17637122574527
1 23.79935855999999 0.025068935803344246
2 23.799358559999998 0.04903376221467794
3 23.799358559999998 0.10607702685204512
4 42.402163299999984 0.06461346613160614
5 42.402163299999984 0.03506464840282502
6 42.40216329999999 0.025268915662959097
9 79.51371234 0.014308646749095523
10 79.51371234 0.018385328246272144
11 79.51371234 0.022228737463263776
14 135.32212655999996 0.01824621203714167
15 135.32212655999996 0.010649427750596333
16 135.32212655999996 0.02754445830976888

153.45670729540691
1 23.79935855999999 0.06617101735610716
3 23.799358559999998 0.023457536944147157
4 42.402163299999984 0.030271880071011822
5 42.402163299999984 0.050207869099668144
8 79.51371234 0.012885088181732148
11 79.51371234 0.026719570193060243
13 135.32212655999996 0.017766661496730247
16 135.32212655999996 0.018044049641410632

154.76452000824446
1 23.79935855999999 0.02881105323364348
2 23.799358559999998 0.035801430828235566
3 23.799358559999998 0.02721148875880575
4 42.402163299999984 0.08120347802978059
5 42.402163299999984 0.028191863541778727
7 79.51371233999998 0.01236276065422503
13 135.32212655999996 0.021270659890019094

155.44563795052125
1 23.79935855999999 0.2136444253375596
2 23.799358559999998 0.061127594774789476
4 42.402163299999984 0.0491387125675484
5 42.402163299999984 0.05743371177503297
6 42.40216329999999 0.27805614611204266
7 79.51371233999998 0.01797042662770436
9 79.51371234 0.01819872716860971
10 79.51371234 0.012898637440612747
13 135.32212655999996 0.06163410677363153

156.6989235281121
1 23.79935855999999 0.0453144517400661
2 23.799358559999998 0.17217570535063292
3 23.799358559999998 0.028215017994611038
5 42.402163299999984 0.15733424746887445
6 42.40216329999999 0.1782835105698393
7 79.51371233999998 0.09653234199587538
8 79.51371234 0.20377674029856369
10 79.51371234 0.05815798036936613
13 135.32212655999996 0.08953836366345574
14 135.32212655999996 0.18830788952753744

156.83104445851015
1 23.79935855999999 0.06363780671255298
3 23.799358559999998 0.02210896334405563
5 42.402163299999984 0.028453645289733556
6 42.40216329999999 0.08006427256453288
7 79.51371233999998 0.25416641518727784
8 79.51371234 0.08729597879014905
9 79.51371234 0.05922345499872813
10 79.51371234 0.014974102425494934
12 135.32212655999996 0.22825785717455185
13 135.32212655999996 0.033200613050130716
15 135.32212655999996 0.01690184486381838
16 135.32212655999996 0.06831140795278803

157.16643844868227
1 23.79935855999999 0.20335765847107576
4 42.402163299999984 0.04001801368258581
6 42.40216329999999 0.10820819892582231
8 79.51371234 0.11091687934112526
9 79.51371234 0.1548845589504066
10 79.51371234 0.053058573386782326
11 79.51371234 0.017139464142945714
12 135.32212655999996 0.02004293428875857
13 135.32212655999996 0.05326209685463968
14 135.32212655999996 0.10723022793001223
15 135.32212655999996 0.12638004671040648

157.3201600843347
1 23.79935855999999 0.20662430655674846
2 23.799358559999998 0.08225704274622835
4 42.402163299999984 0.3811736242119875
5 42.402163299999984 0.17334867714682733
6 42.40216329999999 0.04689650707236521
9 79.51371234 0.03434624162869037
15 135.32212655999996 0.016377720204521076

158.25739381690803
1 23.79935855999999 0.09846997048217587
3 23.799358559999998 0.033700078607239066
4 42.402163299999984 0.05530177857028178
6 42.40216329999999 0.07761312077194323
8 79.51371234 0.03753138276504686
14 135.32212655999996 0.017121988276120773
15 135.32212655999996 0.02397258059967247

158.8492802222788
2 23.799358559999998 0.3893481128006472
3 23.799358559999998 0.2525220766912051
4 42.402163299999984 0.16143123127300876
5 42.402163299999984 0.1975521676445639
9 79.51371234 0.08451190927377321
11 79.51371234 0.04336158695735901
13 135.32212655999996 0.043401380355383073
15 135.32212655999996 0.05644428758001059
16 135.32212655999996 0.04815671259712438

159.2473832639291
1 23.79935855999999 0.6775056204272273
4 42.402163299999984 0.36871533663610223
6 42.40216329999999 0.3300964355731778
9 79.51371234 0.04996805716527122
10 79.51371234 0.02302065912940151
12 135.32212655999996 0.011351427014337515
13 135.32212655999996 0.044435816762643354

160.30901262944025
1 23.79935855999999 0.02389072291843865
2 23.799358559999998 0.06372261415769559
5 42.402163299999984 0.08814572657589993
6 42.40216329999999 0.021036119057698907
7 79.51371233999998 0.01622434984574736
8 79.51371234 0.02708326428836988
14 135.32212655999996 0.017665824537823217

161.44816232287243
1 23.79935855999999 0.027052473583387963
2 23.799358559999998 0.0704971744209923
3 23.799358559999998 0.16817461327917013
4 42.402163299999984 0.1270252573589915
5 42.402163299999984 0.28020011566560504
6 42.40216329999999 0.0373528791974688
7 79.51371233999998 0.01166609097537038
9 79.51371234 0.04486267299764221
10 79.51371234 0.1265386309838229
11 79.51371234 0.051117851445936655
13 135.32212655999996 0.023854325202488064
14 135.32212655999996 0.020769724115902572
15 135.32212655999996 0.047567155713929124
16 135.32212655999996 0.0508057188870524

162.45519709331145
3 23.799358559999998 0.04335730298069963
6 42.40216329999999 0.02756041756822949
7 79.51371233999998 0.0833663047265587
11 79.51371234 0.014600076156062033
12 135.32212655999996 0.24678307219571885

162.57933973945993
2 23.799358559999998 0.8674382695808547
4 42.402163299999984 0.17686167133545586
5 42.402163299999984 0.7102135197628987
6 42.40216329999999 0.0257601021508322
7 79.51371233999998 0.02911679598479396
11 79.51371234 0.08497282364040015
12 135.32212655999996 0.010763433393876707
15 135.32212655999996 0.050400056457622966
16 135.32212655999996 0.0105395444659536

162.61485706422476
1 23.79935855999999 0.2645995307591609
2 23.799358559999998 0.37148598915186554
3 23.799358559999998 0.015327724355922374
4 42.402163299999984 0.10178865800898204
5 42.402163299999984 0.39246163748167484
6 42.40216329999999 0.09478266439816015
8 79.51371234 0.017135601078444345
10 79.51371234 0.014818689006474246
11 79.51371234 0.023922647433393077
13 135.32212655999996 0.010676664509064293
14 135.32212655999996 0.0243366376937674
15 135.32212655999996 0.02950029910138739

162.70884766567917
2 23.799358559999998 0.023610197740092712
3 23.799358559999998 0.1339059635187034
6 42.40216329999999 0.03922754067843218
8 79.51371234 0.01882348125793365
10 79.51371234 0.14505865753171943
11 79.51371234 0.024286818767644547
13 135.32212655999996 0.03070346493260426
14 135.32212655999996 0.13098273545430525
15 135.32212655999996 0.020597025271560192
16 135.32212655999996 0.012368456381505405

163.62694275303457
2 23.799358559999998 0.04175798123721064
5 42.402163299999984 0.06697473159780487
8 79.51371234 0.07683197301385065
11 79.51371234 0.014452013249733855
14 135.32212655999996 0.15258593142021745

163.64990729070087
3 23.799358559999998 0.03328263328957804
5 42.402163299999984 0.012147245717197736
7 79.51371233999998 0.05305914791894886
11 79.51371234 0.026366216137570547
12 135.32212655999996 0.055641751005092006
15 135.32212655999996 0.013193023849136405

164.1616824290554
1 23.79935855999999 0.014138297689649923
2 23.799358559999998 0.03989506059604261
3 23.799358559999998 0.1114689655518608
4 42.402163299999984 0.026332914936671826
5 42.402163299999984 0.12510907724698125
6 42.40216329999999 0.010486272055816044
9 79.51371234 0.019031970559798238
11 79.51371234 0.14245306185897025
16 135.32212655999996 0.17634473551966262

164.29667550331084
1 23.79935855999999 0.26966381497500846
2 23.799358559999998 0.2526938109538918
3 23.799358559999998 0.012478433716890794
4 42.402163299999984 0.13233441528764497
5 42.402163299999984 0.31459777032507646
6 42.40216329999999 0.10061398998676803
11 79.51371234 0.0487629257640952
15 135.32212655999996 0.05412399158511302

164.96772633121225
1 23.79935855999999 0.017520927381076176
2 23.799358559999998 0.16502268980985843
3 23.799358559999998 0.06274506131098104
4 42.402163299999984 0.035199689191587266
5 42.402163299999984 0.20299026110862953
9 79.51371234 0.04592542852914089
11 79.51371234 0.09581466322803256
15 135.32212655999996 0.07751638458950359
16 135.32212655999996 0.07021904593259029

166.3280607120298
1 23.79935855999999 0.030455335978449377
2 23.799358559999998 0.14456077265456158
5 42.402163299999984 0.052441117142020384
6 42.40216329999999 0.057705923156351674
7 79.51371233999998 0.03454587175304247
8 79.51371234 0.10282057067051767
9 79.51371234 0.035407948720044505
10 79.51371234 0.012360580399281527
11 79.51371234 0.06187016540569272
12 135.32212655999996 0.0414559596126126
13 135.32212655999996 0.02828895604824286
15 135.32212655999996 0.052765306122993794
16 135.32212655999996 0.017393252066795758

166.38524241168778
2 23.799358559999998 0.13522464961839364
5 42.402163299999984 0.07721227293995775
7 79.51371233999998 0.07191821575159765
8 79.51371234 0.11448205044379006
9 79.51371234 0.04541035493574879
14 135.32212655999996 0.13063783764100284
15 135.32212655999996 0.084785976022693

166.83243380999903
1 23.79935855999999 0.0200707627144637
2 23.799358559999998 0.1405486392050904
3 23.799358559999998 0.010987034871660917
4 42.402163299999984 0.05666936928722063
5 42.402163299999984 0.12977087350062483
15 135.32212655999996 0.022905181841264725

167.67467964540722
1 23.79935855999999 0.16200139450970721
2 23.799358559999998 0.10653347366989296
3 23.799358559999998 0.09038262875470489
4 42.402163299999984 0.015278314042717974
5 42.402163299999984 0.14983798085654151
6 42.40216329999999 0.0835982226584576
11 79.51371234 0.01808338342601814

168.2624560646328
1 23.79935855999999 0.356028130531018
2 23.799358559999998 0.05993559326732577
3 23.799358559999998 0.06624780619470488
4 42.402163299999984 0.11107006315984455
5 42.402163299999984 0.02822798461670791
6 42.40216329999999 0.37416681137645647
7 79.51371233999998 0.02211994773873338
9 79.51371234 0.03278459772391233
10 79.51371234 0.19013331935884387
12 135.32212655999996 0.0174072925880117
13 135.32212655999996 0.1457296864343906

168.76364048118148
1 23.79935855999999 0.11865716578008587
2 23.799358559999998 0.025160730738643125
3 23.799358559999998 0.16409697476779983
4 42.402163299999984 0.3264715134706424
6 42.40216329999999 0.08177513251471094
7 79.51371233999998 0.06722251500889297
8 79.51371234 0.018114239445183717
9 79.51371234 0.04669959231624728
10 79.51371234 0.012387012188877864
12 135.32212655999996 0.10675568013797038
13 135.32212655999996 0.06567926300244391
14 135.32212655999996 0.023109937157813898
15 135.32212655999996 0.02604775749687636
16 135.32212655999996 0.052905410606733386

187.3238097234736

187.32393868351693

188.66376379502734
1 23.79935855999999 0.010419695741946653
8 79.51371234 0.2172334918404522
12 135.32212655999996 0.010863372699917554
14 135.32212655999996 0.10274144674652731
15 135.32212655999996 0.017331543697168057

188.6822255051896
2 23.799358559999998 0.017530669205761313
5 42.402163299999984 0.013402873989404781
7 79.51371233999998 0.17003685574002994
9 79.51371234 0.05629205651721452
12 135.32212655999996 0.07534201648219456
14 135.32212655999996 0.012037214173063375
16 135.32212655999996 0.03649356610285042

189.40762966180498
1 23.79935855999999 0.032897386345768685
2 23.799358559999998 0.04291565475472734
3 23.799358559999998 0.08407180077588192
4 42.402163299999984 0.06209891479415955
5 42.402163299999984 0.05378224491508679
6 42.40216329999999 0.017174523494617722
7 79.51371233999998 0.014999323240124087
8 79.51371234 0.03547330413712169
9 79.51371234 0.15300093475481247
10 79.51371234 0.01448157349090079
11 79.51371234 0.12794160256892517
12 135.32212655999996 0.032284100741975894
13 135.32212655999996 0.027239196352578744
14 135.32212655999996 0.010721233963961267
15 135.32212655999996 0.025315936474145866
16 135.32212655999996 0.2405568284110933

190.12049451545624
1 23.79935855999999 0.01166466491550229
2 23.799358559999998 0.486636411682303
4 42.402163299999984 0.010328969517306368
5 42.402163299999984 0.15089401114767476
7 79.51371233999998 0.06161450878393753
8 79.51371234 0.20345357397562716
11 79.51371234 0.2771264654718306
13 135.32212655999996 0.040238534762336936
14 135.32212655999996 0.3665035642081499
15 135.32212655999996 0.14732797062719277
16 135.32212655999996 0.03942539028942038

190.74604420455452
1 23.79935855999999 0.2483228086953151
2 23.799358559999998 0.31806243868658735
3 23.799358559999998 0.010491833606090706
4 42.402163299999984 0.09071968757005877
5 42.402163299999984 0.08096668973541098
6 42.40216329999999 0.072034570104717
7 79.51371233999998 0.2078897431058632
8 79.51371234 0.03439465942850004
10 79.51371234 0.23508878702600378
11 79.51371234 0.3138776989315785
12 135.32212655999996 0.2808186155359381
13 135.32212655999996 0.03453238701590622
14 135.32212655999996 0.07952868652683327
15 135.32212655999996 0.41027641205325144

191.5931923630524
1 23.79935855999999 0.14077797723462454
4 42.402163299999984 0.17504472921825098
5 42.402163299999984 0.12281867730177286
8 79.51371234 0.016686974989798382
10 79.51371234 0.1655615065914206
12 135.32212655999996 0.22389783176653627
13 135.32212655999996 0.3099738722957019
16 135.32212655999996 0.04001127731808195

191.6559615538846
1 23.79935855999999 0.10590917125231444
2 23.799358559999998 0.023544575454472343
5 42.402163299999984 0.08232042857888187
6 42.40216329999999 0.09075755662475421
7 79.51371233999998 0.10341245360989572
9 79.51371234 0.23288172241354288
10 79.51371234 0.015114565758474462
11 79.51371234 0.01410200354557892
13 135.32212655999996 0.1529346045330964
15 135.32212655999996 0.13955558042405394

192.02901513604783
4 42.402163299999984 0.013627800481562966
5 42.402163299999984 0.03259327031785173
7 79.51371233999998 0.02104498067188982
8 79.51371234 0.031520672694260544
9 79.51371234 0.029475814526280834
10 79.51371234 0.014735066278190413
11 79.51371234 0.012162570553878326
12 135.32212655999996 0.03299636614514702
13 135.32212655999996 0.020356244097914145
15 135.32212655999996 0.029833289258073322

192.0792736716025
2 23.799358559999998 0.01927860998768973
6 42.40216329999999 0.021763303711983473
7 79.51371233999998 0.016716007832777536
8 79.51371234 0.019814294138460354
10 79.51371234 0.01652227662586802
13 135.32212655999996 0.053755748339634674
16 135.32212655999996 0.02575363887696329

192.57149254384203
1 23.79935855999999 0.04544681071582656
3 23.799358559999998 0.07163155210609776
5 42.402163299999984 0.03233213121622689
7 79.51371233999998 0.03247891045454643
8 79.51371234 0.028916913336890726
9 79.51371234 0.11692471395290725
12 135.32212655999996 0.02249292585865891
14 135.32212655999996 0.06252855130564967
15 135.32212655999996 0.07168156312331386
16 135.32212655999996 0.026396420614306464

193.01769166087004
1 23.79935855999999 0.24453831656143463
2 23.799358559999998 0.0169811786867112
3 23.799358559999998 0.04249219264373598
4 42.402163299999984 0.08867224644966722
5 42.402163299999984 0.03592996922010988
6 42.40216329999999 0.08736808246482557
7 79.51371233999998 0.02429749339156416
8 79.51371234 0.02050122061452408
9 79.51371234 0.03939744494750391
10 79.51371234 0.2512757990011312
11 79.51371234 0.07449188604659214
12 135.32212655999996 0.11121110939097298
13 135.32212655999996 0.2744169329203443
14 135.32212655999996 0.07040873241167657

193.54667260219392
1 23.79935855999999 0.206857210853472
2 23.799358559999998 0.16240437187381054
3 23.799358559999998 0.013546281565608127
4 42.402163299999984 0.023508123797839616
5 42.402163299999984 0.10661235213185484
7 79.51371233999998 0.26579930373424576
8 79.51371234 0.12341555041503992
9 79.51371234 0.113213055681991
10 79.51371234 0.040418069976556524
11 79.51371234 0.19863355850094302
12 135.32212655999996 0.11975274878563784
13 135.32212655999996 0.02501913243894896
15 135.32212655999996 0.2175612217863636

193.70995718791204
3 23.799358559999998 0.05017670513573203
4 42.402163299999984 0.0452309428146356
5 42.402163299999984 0.0277250257385523
6 42.40216329999999 0.020857555309735428
7 79.51371233999998 0.4005139676771373
9 79.51371234 0.09059099169771367
10 79.51371234 0.027070997516189223
11 79.51371234 0.01867434474351136
13 135.32212655999996 0.48367557910822273
14 135.32212655999996 0.0367513907155784
15 135.32212655999996 0.06831145476083307
16 135.32212655999996 0.03108771041046239

