translational analysis ortho
#nmax= 3 NR= 11 Ntheta= 11 Nphi= 11
#jmax= 2 Nalpha= 11 Nphi= 11 Nchi= 11
21.789871889872902
2 153.4903992623075 0.08972953255434768

23.515798230301
2 153.4903992623075 0.1985863414702651

25.56091147220255
4 153.49039926230753 0.10289088081108218

36.70624849622161
1 92.09423955738453 3.1898348526934615
2 153.4903992623075 0.017688639713475014
3 153.4903992623075 0.012233411788158009
4 153.49039926230753 0.01333798198325796
5 214.8865589672305 0.023980420328388794

39.04731085160783
1 92.09423955738453 1.617466104372555
2 153.4903992623075 0.010487429546896536
5 214.8865589672305 0.01506550344493058

42.75983677162785

70.05434777165841
2 153.4903992623075 0.014627445068290069
6 214.8865589672305 0.05684508713993895
10 214.88655896723057 0.013079957204908423

71.12826280897966
1 92.09423955738453 0.028882775718338596
5 214.8865589672305 0.0705885921974858
9 214.88655896723057 0.03699735660987951

71.59068911858138
6 214.8865589672305 0.0559353457852832
7 214.8865589672305 0.015081946660022215

72.24154449133626
1 92.09423955738453 0.05578692107261269
2 153.4903992623075 0.023725505473976345
6 214.8865589672305 0.014255486500349858
9 214.88655896723057 0.02452949023433573
10 214.88655896723057 0.021955378876478422

73.28500727494455
1 92.09423955738453 0.1725164835029604
4 153.49039926230753 0.011478041955398742
5 214.8865589672305 0.03127559810539613

84.41948027617237
5 214.8865589672305 0.01942821497905438
6 214.8865589672305 0.03618525325838486
10 214.88655896723057 0.0973460075851644

84.54319072284437
6 214.8865589672305 0.039269760893809826
7 214.8865589672305 0.037839269885913046
9 214.88655896723057 0.011869783749136182
10 214.88655896723057 0.026516714158845538

87.4670426267617
1 92.09423955738453 0.12978749348560814
5 214.8865589672305 0.07764507758863631

90.11549745640818
1 92.09423955738453 0.5582222408343733
5 214.8865589672305 0.14973844424380095
9 214.88655896723057 0.016637177590887602
10 214.88655896723057 0.06497422560762345

92.22197587285835
1 92.09423955738453 0.20980665075222343
2 153.4903992623075 0.6644044165172446
3 153.4903992623075 0.03578952777968521
4 153.49039926230753 0.9431375709475202
5 214.8865589672305 0.0135042897660816
6 214.8865589672305 0.0153168047047677
9 214.88655896723057 0.011516678131497636
11 276.2827186721535 0.013227629705679898

92.23146288460036
1 92.09423955738453 0.3270419457761187
2 153.4903992623075 0.8298325774558089
3 153.4903992623075 0.8046659026414243
4 153.49039926230753 0.433680557269685
5 214.8865589672305 0.014362712013991656
6 214.8865589672305 0.011882971168576987
9 214.88655896723057 0.01667651416099902
11 276.2827186721535 0.015041415607749867

93.19601215947182
1 92.09423955738453 0.015882788486448713
2 153.4903992623075 1.5697150851989812
3 153.4903992623075 0.20951160244245556
4 153.49039926230753 0.18608246256536567
5 214.8865589672305 0.020930350267320638
11 276.2827186721535 0.027653658812414987

94.53220653688885
1 92.09423955738453 0.06157757067659925
2 153.4903992623075 0.27851220488555567
3 153.4903992623075 0.32322650887680815
4 153.49039926230753 1.0992558652799076
7 214.8865589672305 0.014069024848017227

95.07262297667322
1 92.09423955738453 0.040836724520936694
2 153.4903992623075 0.03860083925645347
3 153.4903992623075 1.5459488324622865
4 153.49039926230753 0.32934441010500687
8 214.8865589672305 0.016347739265565618

96.48975981480476
2 153.4903992623075 0.010928342206151654
6 214.8865589672305 0.06584157578672739
10 214.88655896723057 0.01346306258045344

96.86075694020262
1 92.09423955738453 0.048422315013717215
5 214.8865589672305 0.12823197584260004
6 214.8865589672305 0.019322116432694027

97.69294321584357
1 92.09423955738453 0.025911296227140328
5 214.8865589672305 0.03736369637223545
6 214.8865589672305 0.04853889121946751

98.24973579765962
1 92.09423955738453 0.055985583897950976
9 214.88655896723057 0.12449156988281038

98.334561026384
6 214.8865589672305 0.02908033105975657
7 214.8865589672305 0.04110582399503579

98.57279055541973
1 92.09423955738453 0.015386896496946223
2 153.4903992623075 0.05914769436598119
3 153.4903992623075 1.1042900772170863
4 153.49039926230753 0.7454993717151567
10 214.88655896723057 0.01573330577864541

101.77909889610875
2 153.4903992623075 0.011119000504086667
3 153.4903992623075 0.45715738502634573
4 153.49039926230753 0.012012112586289606

101.89926702482487
2 153.4903992623075 0.2640827849553097
3 153.4903992623075 0.06486629538605895
4 153.49039926230753 0.0404813532964867

105.71840541162685
1 92.09423955738453 0.094205352736863
2 153.4903992623075 0.11753544025856996
4 153.49039926230753 0.6236281350678757
10 214.88655896723057 0.010702989527206

126.09660484873466
4 153.49039926230753 0.013998357760650334
12 276.2827186721535 0.07656149540638608
19 276.2827186721536 0.038894105622915655

126.10256878941645
6 214.8865589672305 0.012548397901162252
11 276.2827186721535 0.0233965335303399
13 276.2827186721535 0.0930820379652855

127.08528457212523
15 276.2827186721535 0.01055860010555279
18 276.2827186721535 0.01520380517321382

128.06608081826639
2 153.4903992623075 0.016629566908405977
4 153.49039926230753 0.01738290552913749
9 214.88655896723057 0.011582680986548034
14 276.2827186721535 0.03863741490344203
17 276.2827186721535 0.017049731157304623

128.1512411934552
3 153.4903992623075 0.02978988592039767
4 153.49039926230753 0.04213234351371034
6 214.8865589672305 0.020115246472184746
12 276.2827186721535 0.011658126636042229
19 276.2827186721536 0.029363315610628708
20 276.2827186721536 0.022721078740342147

129.78381543443322
2 153.4903992623075 0.054570763577278913
3 153.4903992623075 0.04139068336877673
4 153.49039926230753 0.08174528443409733
5 214.8865589672305 0.013620120876530906
11 276.2827186721535 0.01953346084327653

131.37996490215596
1 92.09423955738453 0.03078871906504941
2 153.4903992623075 0.22696472810698995
3 153.4903992623075 0.016531866413961867
11 276.2827186721535 0.01343894319670023

132.17527495454124
1 92.09423955738453 0.043752470264350786
3 153.4903992623075 0.09029240402118548
17 276.2827186721535 0.04868930168590917
18 276.2827186721535 0.013403355669085954

132.90684263545344
4 153.49039926230753 0.023161126048448485
20 276.2827186721536 0.01412434038676637

133.71719187196305
1 92.09423955738453 0.4720419488183365
2 153.4903992623075 0.012237578351462929
3 153.4903992623075 0.1677659268943533
4 153.49039926230753 0.029771074115573323
5 214.8865589672305 0.013805815925883381
17 276.2827186721535 0.017607012038697925

134.15664544157917
1 92.09423955738453 1.9504351856196607
2 153.4903992623075 0.11290733254212995
3 153.4903992623075 0.11711773258209121
4 153.49039926230753 0.027548678228175465
10 214.88655896723057 0.015695992231107944

135.95988411879196
1 92.09423955738453 0.9445330073246331
2 153.4903992623075 0.02229219221360408
3 153.4903992623075 0.02897491922696072
4 153.49039926230753 0.15061937251249571
17 276.2827186721535 0.02021715068467725

136.07425115741205
1 92.09423955738453 0.2406293863010142
2 153.4903992623075 0.11458939982519861
3 153.4903992623075 0.07183455154115571

137.88514977077605
1 92.09423955738453 0.029777885594106858
4 153.49039926230753 0.04105037862000166
5 214.8865589672305 0.010103144836834124
18 276.2827186721535 0.017892639781750683

138.17908651203692
1 92.09423955738453 0.013940759043210633
3 153.4903992623075 0.03471434220260977
6 214.8865589672305 0.01567363438398196
13 276.2827186721535 0.013383329267851407

141.43175010229925
1 92.09423955738453 0.5917870862575528
2 153.4903992623075 0.012743360699254885
4 153.49039926230753 0.011194719436387272
11 276.2827186721535 0.033555797647597266

141.43809666975702
1 92.09423955738453 0.011992719838118828
11 276.2827186721535 0.011022674607045438
12 276.2827186721535 0.03177185062538178

144.29620193332113
1 92.09423955738453 0.580213496901179
4 153.49039926230753 0.02659053214571139
18 276.2827186721535 0.03140969895797505

144.5849913919035
1 92.09423955738453 0.7400602701785579
2 153.4903992623075 0.04907255803637399
3 153.4903992623075 0.0206696550814755
4 153.49039926230753 0.06327937397081657
12 276.2827186721535 0.03316477030606803
19 276.2827186721536 0.014072376976968264

146.51657312463436
4 153.49039926230753 0.018776259009772964
15 276.2827186721535 0.023507503793647775
18 276.2827186721535 0.017053186388283046
20 276.2827186721536 0.04677227845219297

146.61638789915096
1 92.09423955738453 1.3282012386698807
2 153.4903992623075 0.2816806161001566
3 153.4903992623075 0.03254278886004436
4 153.49039926230753 0.04626014238541089
11 276.2827186721535 0.11777307621084245
13 276.2827186721535 0.020488404779565827

149.62631693982036
2 153.4903992623075 0.039174975060635345
3 153.4903992623075 0.012086660680398837
4 153.49039926230753 0.1142814620814333
6 214.8865589672305 0.6871873690296151
9 214.88655896723057 0.3872950272475526
13 276.2827186721535 0.011660339429908052

149.75292568438053
2 153.4903992623075 0.08172854379667199
3 153.4903992623075 0.01146509572719548
4 153.49039926230753 0.01076006905954801
5 214.8865589672305 0.3712237865955407
6 214.8865589672305 0.19171303125374023
7 214.8865589672305 0.132617840964569
9 214.88655896723057 0.22602082182532365
10 214.88655896723057 0.0781737612039747

151.08741915397124
1 92.09423955738453 0.0666429243538684
2 153.4903992623075 0.055765486914281404
3 153.4903992623075 0.27845350494125026
4 153.49039926230753 0.024184026222071626
12 276.2827186721535 0.0148473045572797
13 276.2827186721535 0.011460412532404578
14 276.2827186721535 0.013400308579393078
17 276.2827186721535 0.05787890789017389

151.53657248389524
2 153.4903992623075 0.17874213042391263
3 153.4903992623075 0.08124590001714167
4 153.49039926230753 0.23521311981355084
5 214.8865589672305 0.05250786009449817
6 214.8865589672305 0.9662914643376007
7 214.8865589672305 0.5214469241497168
8 214.8865589672305 0.013109928538892587
9 214.88655896723057 0.390723868372584
10 214.88655896723057 0.029239128667815577
12 276.2827186721535 0.012601880032910885
13 276.2827186721535 0.01374123326241041
19 276.2827186721536 0.016474773013304234

151.59272133324936
3 153.4903992623075 0.2955369318607395
4 153.49039926230753 0.035556351647956924
5 214.8865589672305 0.012685615254494935
6 214.8865589672305 0.03535844500814502
7 214.8865589672305 0.4551253180615203
8 214.8865589672305 0.9830083699125731
9 214.88655896723057 0.26492113053589933
10 214.88655896723057 0.03910049582506771
14 276.2827186721535 0.015505109707719716
15 276.2827186721535 0.011445330053058261
16 276.2827186721535 0.0115231426913978

152.77379892543317
2 153.4903992623075 0.43658695123164004
3 153.4903992623075 0.025108355102702207
5 214.8865589672305 1.6492475576345726
6 214.8865589672305 0.015566863616126128
9 214.88655896723057 0.03489986685844439
10 214.88655896723057 0.44609041472245525
11 276.2827186721535 0.03096375961506845

153.05531843128477
1 92.09423955738453 0.021413633283607306
2 153.4903992623075 0.1341096876731975
4 153.49039926230753 0.23295391099320778
11 276.2827186721535 0.047450338878494806
12 276.2827186721535 0.018576271410369254

153.17637122574527
2 153.4903992623075 0.011897863783080295
3 153.4903992623075 0.08027801150821176
4 153.49039926230753 0.05506094938790836
5 214.8865589672305 0.011312667805048277
6 214.8865589672305 0.044428655346536325
7 214.8865589672305 1.0626813611650805
8 214.8865589672305 0.25199997629111315
9 214.88655896723057 0.11752101042642553
10 214.88655896723057 0.05751181933765068
15 276.2827186721535 0.019204252992971835

153.45670729540691
2 153.4903992623075 0.01335027643730102
3 153.4903992623075 0.08583752196391632
4 153.49039926230753 0.0759726344239463
6 214.8865589672305 0.014371463461947486
7 214.8865589672305 0.18570896143713508
8 214.8865589672305 1.1419123877354798
9 214.88655896723057 0.4254987425691739
10 214.88655896723057 0.029357286642175684
16 276.2827186721535 0.017827084991283722

154.76452000824446
3 153.4903992623075 0.02437072039863661
4 153.49039926230753 0.09501709095739454
5 214.8865589672305 0.3255833728107845
6 214.8865589672305 0.018549001481139055
7 214.8865589672305 0.01463661406458262
8 214.8865589672305 0.054272333262265215
10 214.88655896723057 2.068583041143867
17 276.2827186721535 0.01011945276452981

155.44563795052125
3 153.4903992623075 0.1339947077434107
4 153.49039926230753 0.08550824457963968
5 214.8865589672305 0.027516432539644146
6 214.8865589672305 0.37285972839411996
7 214.8865589672305 0.17057989693245212
8 214.8865589672305 0.055629140417722295
10 214.88655896723057 0.9070469088531977
17 276.2827186721535 0.010596322162732385

156.6989235281121
1 92.09423955738453 0.027714483463433498
4 153.49039926230753 0.021001664055657968
13 276.2827186721535 0.012495719370672887
14 276.2827186721535 0.010547480399843958
17 276.2827186721535 0.046830113529942485

156.83104445851015
2 153.4903992623075 0.013423138347898269
3 153.4903992623075 0.021632325492374135
12 276.2827186721535 0.028132297060915974
13 276.2827186721535 0.012384693902525761
20 276.2827186721536 0.02654125229732074

157.16643844868227
1 92.09423955738453 0.13199594640772874
18 276.2827186721535 0.05054648245896817

157.3201600843347
3 153.4903992623075 0.02672358599390997
4 153.49039926230753 0.0365168682258035
5 214.8865589672305 0.022473901025957466
6 214.8865589672305 0.052900192096585766
7 214.8865589672305 0.19458249648931675
8 214.8865589672305 0.014420372679700354
9 214.88655896723057 1.3588400221913828
10 214.88655896723057 0.02682577842618367

158.25739381690803
5 214.8865589672305 0.5314739746262975
6 214.8865589672305 0.8496087636976082
7 214.8865589672305 0.10860696611587524
8 214.8865589672305 0.1229991839035145
9 214.88655896723057 0.14973490801281814
10 214.88655896723057 0.040394558505293644

158.8492802222788
1 92.09423955738453 0.07441597051635966
3 153.4903992623075 0.016672385507866268
4 153.49039926230753 0.1244807994000837
12 276.2827186721535 0.03023886866949828
17 276.2827186721535 0.021065551126896984

159.2473832639291
3 153.4903992623075 0.038781514755660496
4 153.49039926230753 0.031688807779260114
5 214.8865589672305 0.07221964115855375
6 214.8865589672305 0.021563804288990417
7 214.8865589672305 0.5071489493416756
8 214.8865589672305 1.0918133032505055
9 214.88655896723057 0.057170752214544845
10 214.88655896723057 0.02089992076792483
16 276.2827186721535 0.010928558787490121

160.30901262944025
5 214.8865589672305 0.10574716636047889
6 214.8865589672305 0.024351576385185154
7 214.8865589672305 0.020607940805030544
9 214.88655896723057 0.12427232520907208

161.44816232287243
1 92.09423955738453 0.1468294870579161
3 153.4903992623075 0.05038835042872527
17 276.2827186721535 0.040301857349487887

162.45519709331145
1 92.09423955738453 0.08488124040587267
3 153.4903992623075 0.04617288130021731
13 276.2827186721535 0.010722654368987106
17 276.2827186721535 0.049748302796735096
18 276.2827186721535 0.012718142113535048

162.57933973945993
2 153.4903992623075 0.014602022183948377
3 153.4903992623075 0.023560239363059357
8 214.8865589672305 0.6934110878250686

162.61485706422476
2 153.4903992623075 0.05811727772915552
5 214.8865589672305 0.02234847280829231
7 214.8865589672305 0.3114736623585872
9 214.88655896723057 0.06785524528821713
10 214.88655896723057 0.2369020601204651

162.70884766567917
1 92.09423955738453 0.09032190711056112
4 153.49039926230753 0.06142089223763264
13 276.2827186721535 0.012441349549619578
20 276.2827186721536 0.05775311308838147

163.62694275303457
12 276.2827186721535 0.07625023947698469
19 276.2827186721536 0.07858976978949937

163.64990729070087
1 92.09423955738453 0.011598755411199868
2 153.4903992623075 0.07576386044815162
3 153.4903992623075 0.015361176346956853
11 276.2827186721535 0.06108257040807032
13 276.2827186721535 0.07567117944082984
14 276.2827186721535 0.020031049169646382
17 276.2827186721535 0.010835329970296202

164.1616824290554
1 92.09423955738453 0.12674624341135962
2 153.4903992623075 0.2114426102126164
4 153.49039926230753 0.02603798485434853
11 276.2827186721535 0.013033785248563495
12 276.2827186721535 0.02759387415769391
13 276.2827186721535 0.04048238083128082

164.29667550331084
2 153.4903992623075 0.032571300530578814
3 153.4903992623075 0.08480594260935898
4 153.49039926230753 0.011098255180809079
7 214.8865589672305 0.7014318920167231
8 214.8865589672305 0.16621601792444277
9 214.88655896723057 0.062317524110472686
10 214.88655896723057 0.013088945597363474
18 276.2827186721535 0.010038614394699705

164.96772633121225
15 276.2827186721535 0.032422271950301555
18 276.2827186721535 0.01146575398883741

166.3280607120298
2 153.4903992623075 0.04774667835156274
3 153.4903992623075 0.011682393056839675
4 153.49039926230753 0.03785006446393632
11 276.2827186721535 0.03148973389408428
12 276.2827186721535 0.028324173458140423
19 276.2827186721536 0.03237554647513397

166.38524241168778
2 153.4903992623075 0.06743345199621961
3 153.4903992623075 0.07013361305721016
4 153.49039926230753 0.012273616810438181
11 276.2827186721535 0.048469124646391325
14 276.2827186721535 0.05022223509083889

166.83243380999903
2 153.4903992623075 0.03144162564831524
4 153.49039926230753 0.14599494374586583
5 214.8865589672305 0.08867554419367063
6 214.8865589672305 0.0714324294044859
7 214.8865589672305 0.04736119172320387
9 214.88655896723057 0.5222939903221924
10 214.88655896723057 0.04031553534099758
20 276.2827186721536 0.010485382587060282

167.67467964540722
2 153.4903992623075 0.06161711658020762
4 153.49039926230753 0.011435779734421395
5 214.8865589672305 0.21985465095384454
6 214.8865589672305 0.5483665136033529
9 214.88655896723057 0.0337706244449643

168.2624560646328
1 92.09423955738453 0.8756121065776122
2 153.4903992623075 0.16102491477998404
3 153.4903992623075 0.09911058339886099
4 153.49039926230753 0.02971258490717018
5 214.8865589672305 0.027268942179599513
11 276.2827186721535 0.06713608251519228
12 276.2827186721535 0.012763942270162879
13 276.2827186721535 0.021664210612374467
17 276.2827186721535 0.013235121120085784

168.76364048118148
1 92.09423955738453 0.5634218375442619
2 153.4903992623075 0.06346401543067959
3 153.4903992623075 0.012981549805220118
4 153.49039926230753 0.1695625188991836
5 214.8865589672305 0.02098313535178519
11 276.2827186721535 0.03404626281588117
12 276.2827186721535 0.02105940013473545
19 276.2827186721536 0.014197948426410154

187.3238097234736

187.32393868351693

188.66376379502734
6 214.8865589672305 0.030156210123132056
7 214.8865589672305 0.015861119203805358
9 214.88655896723057 0.020144839964351118

188.6822255051896
5 214.8865589672305 0.013117707863357883
6 214.8865589672305 0.01725893395237072
7 214.8865589672305 0.013176844568623412
9 214.88655896723057 0.029102038842843417
13 276.2827186721535 0.010821145862110026

189.40762966180498

190.12049451545624
2 153.4903992623075 0.02872217655855315
3 153.4903992623075 0.03485880424726148
4 153.49039926230753 0.028658011511994718
6 214.8865589672305 0.012022763400593032
8 214.8865589672305 0.013460149725454652

190.74604420455452
2 153.4903992623075 0.19679405424413882
3 153.4903992623075 0.018338092654581837
6 214.8865589672305 0.02933735981616082
7 214.8865589672305 0.012060011961768898
8 214.8865589672305 0.021790692332382844

191.5931923630524
2 153.4903992623075 0.9657800724344971
3 153.4903992623075 0.08747774516338146
4 153.49039926230753 0.03226190719212581
5 214.8865589672305 0.16706990423358775
6 214.8865589672305 0.04763268492802106
9 214.88655896723057 0.02699041022048556
10 214.88655896723057 0.02996183018165276
11 276.2827186721535 0.02257855733438427

191.6559615538846
2 153.4903992623075 0.5567468465731551
4 153.49039926230753 0.47882413801956286
5 214.8865589672305 0.16174214341955986
7 214.8865589672305 0.02564724345616829
10 214.88655896723057 0.026444234982174818
11 276.2827186721535 0.010801936144616938
12 276.2827186721535 0.010781773728406207

192.02901513604783
4 153.49039926230753 0.060586718546538264
5 214.8865589672305 0.01645203036082038
6 214.8865589672305 0.01325936763518554
9 214.88655896723057 0.012633565300972843

192.0792736716025
2 153.4903992623075 0.10965975341298467
3 153.4903992623075 0.07264264064326625
4 153.49039926230753 0.01795622226056488
5 214.8865589672305 0.01910610768711696
6 214.8865589672305 0.030475567776512048
8 214.8865589672305 0.010148527346435425

192.57149254384203
2 153.4903992623075 0.20141775605319517
3 153.4903992623075 0.19894639614392434
4 153.49039926230753 0.1434105586227335
6 214.8865589672305 0.025130078695495807
7 214.8865589672305 0.021013856441284822
8 214.8865589672305 0.07180024943796842

193.01769166087004
2 153.4903992623075 0.33001702270823186
3 153.4903992623075 0.2138044390923349
7 214.8865589672305 0.02476254567579797
8 214.8865589672305 0.0772078701404559

193.54667260219392
3 153.4903992623075 0.2273665217076724
4 153.49039926230753 0.3828039410133676
6 214.8865589672305 0.02070307467696215
7 214.8865589672305 0.038462954996990234
8 214.8865589672305 0.011329705508186546
10 214.88655896723057 0.04631763287126026

193.70995718791204
2 153.4903992623075 0.19522047218401595
3 153.4903992623075 0.07676120547472529
4 153.49039926230753 0.3605914086955807
5 214.8865589672305 0.037593056711783465
6 214.8865589672305 0.014694607523652661
8 214.8865589672305 0.0925201041294672
9 214.88655896723057 0.05651359755447499
10 214.88655896723057 0.12686589350519878
12 276.2827186721535 0.010545382721426008

