translational analysis para
#nmax= 3 NR= 11 Ntheta= 11 Nphi= 11
#jmax= 2 Nalpha= 11 Nphi= 11 Nchi= 11
0.0
1 92.09423955738453 0.9958587906432366
2 153.4903992623075 0.021320382908597186
3 153.4903992623075 0.021318754105421486
4 153.49039926230753 0.020657597894782206

32.65682308046694
1 92.09423955738453 1.5055385023271255
2 153.4903992623075 0.15493616668817345
3 153.4903992623075 0.16124080154472875

32.789511525970745
1 92.09423955738453 0.7564249439005661
4 153.49039926230753 0.2736238941909439

32.79238753742528
2 153.4903992623075 0.1314131136697665
3 153.4903992623075 0.12676379105664126

66.90695212879763
1 92.09423955738453 0.2178102068406634
4 153.49039926230753 0.7117998165640069
6 214.8865589672305 0.01657556393146782
7 214.8865589672305 0.016597059264794985
9 214.88655896723057 0.022652599364429878
10 214.88655896723057 0.011109151335985237

66.90826790087566
2 153.4903992623075 0.3517145290902205
3 153.4903992623075 0.36800855864741977
5 214.8865589672305 0.016432747744350718
8 214.8865589672305 0.01678629054516966

67.05354667694252
1 92.09423955738453 0.44451036711577707
2 153.4903992623075 0.349882880374704
3 153.4903992623075 0.3402247038267525
5 214.8865589672305 0.017192535672995002
8 214.8865589672305 0.016817631166557594
9 214.88655896723057 0.011334156966100501
10 214.88655896723057 0.024583961187492537

68.29999571658573
1 92.09423955738453 0.347543220559261
2 153.4903992623075 0.03345429576129015
3 153.4903992623075 0.032158730041750475
4 153.49039926230753 0.1294145044848893
6 214.8865589672305 0.016710555483242063
7 214.8865589672305 0.016531508876763377

68.82273524224449
1 92.09423955738453 0.7387471925948911
2 153.4903992623075 0.0566154003652486
3 153.4903992623075 0.05163521545722721
4 153.49039926230753 0.032094258819666405

69.53988126873338
2 153.4903992623075 0.07469082474356656
3 153.4903992623075 0.07774805159121126
5 214.8865589672305 0.019474529089112
8 214.8865589672305 0.019628320617124065

70.7821216418601
2 153.4903992623075 0.040476137519033846
3 153.4903992623075 0.04092576891644852
6 214.8865589672305 0.030755308269420564
7 214.8865589672305 0.01909525021407803

71.0257456678055
1 92.09423955738453 0.05081776034668834
4 153.49039926230753 0.05446680588100032
5 214.8865589672305 0.012669305858225828
8 214.8865589672305 0.01035380209570029
9 214.88655896723057 0.024027316795474766

88.27106297996289
1 92.09423955738453 0.5518969731044263
2 153.4903992623075 0.13227738334081662
3 153.4903992623075 0.134734668164966
4 153.49039926230753 0.5555604875115712
6 214.8865589672305 0.16257051459366603
7 214.8865589672305 0.16341178796948733

88.53155791220695
1 92.09423955738453 0.09397809923732298
2 153.4903992623075 0.40887880101722807
3 153.4903992623075 0.4210184766816458
4 153.49039926230753 0.10674987916605158
5 214.8865589672305 0.01990838107394753
8 214.8865589672305 0.01639542757853359
9 214.88655896723057 0.017728369656246117
10 214.88655896723057 0.3515324892335513

88.84310455496302
2 153.4903992623075 0.26831375602916174
3 153.4903992623075 0.2622689195577367
5 214.8865589672305 0.1559794439307478
8 214.8865589672305 0.15827585820975523

89.37184664406112
2 153.4903992623075 0.3224674149706819

89.8619836864182
2 153.4903992623075 0.4732314378679346

90.1606525352164
1 92.09423955738453 0.045848887895474914
4 153.49039926230753 0.38004611888695417
8 214.8865589672305 0.010312240989313876
9 214.88655896723057 0.27034417047860115

90.22750001634193
2 153.4903992623075 0.1268097032724221
3 153.4903992623075 0.12926061427171504
6 214.8865589672305 0.1204118179103799
7 214.8865589672305 0.15032386678990983

91.3080973440989
1 92.09423955738453 0.30984877430824215
2 153.4903992623075 0.15968769457287899
3 153.4903992623075 0.16078881820895896
4 153.49039926230753 0.07402355295270266
5 214.8865589672305 0.18700143494410618
8 214.8865589672305 0.14876519707640795
9 214.88655896723057 0.03423478491496611
10 214.88655896723057 0.033033342126090236

93.68158638634203
4 153.49039926230753 0.21998213663397026

97.18751654222137
4 153.49039926230753 0.0611246504193762

97.86937883185988
2 153.4903992623075 0.02934153318266974

100.22779946581576
2 153.4903992623075 0.24380706210707664
3 153.4903992623075 0.23649580754309427

101.44797222090492
2 153.4903992623075 0.24484761965880428
3 153.4903992623075 0.2476815846099178
4 153.49039926230753 0.9551710806244849

101.45168021339283
2 153.4903992623075 0.48284930702992956
3 153.4903992623075 0.4756360689562568

127.31689432260161
3 153.4903992623075 0.06019818703158909
5 214.8865589672305 0.03304891468190768
6 214.8865589672305 0.016355218702175142
7 214.8865589672305 0.08981547032555735
8 214.8865589672305 0.015106159566841632
9 214.88655896723057 0.05576230534716752
12 276.2827186721535 0.04031472596817973
19 276.2827186721536 0.025758228645847783

127.32865661863877
1 92.09423955738453 1.424943502284347
2 153.4903992623075 0.02050832636364394
3 153.4903992623075 0.01948645151709353
4 153.49039926230753 0.07407886276633364
5 214.8865589672305 0.04798076778171325
6 214.8865589672305 0.2181623905236613
7 214.8865589672305 0.24783670613839484
19 276.2827186721536 0.011329988655843256

127.35347524362602
4 153.49039926230753 0.029603955194050423
6 214.8865589672305 0.10265049194450569
8 214.8865589672305 0.02707174175131771
9 214.88655896723057 0.059681985142203825
11 276.2827186721535 0.010440319899495228
13 276.2827186721535 0.06254539374584583

127.3959303595687
1 92.09423955738453 2.0364160194587226
2 153.4903992623075 0.05112187672163205
3 153.4903992623075 0.03411441749572314
4 153.49039926230753 0.028615819655219706
8 214.8865589672305 0.07046229215172409
9 214.88655896723057 0.2105087599157982

127.66118691098129
3 153.4903992623075 0.04464319403059149
4 153.49039926230753 0.010360699598647535
6 214.8865589672305 0.02481145631368436
7 214.8865589672305 0.05401258294763946
8 214.8865589672305 0.06332347523923405
9 214.88655896723057 0.047753843772533514
15 276.2827186721535 0.04159625121075201
19 276.2827186721536 0.021536661013453813

127.67285650912072
3 153.4903992623075 0.021497219437682385
4 153.49039926230753 0.040777316174573905
7 214.8865589672305 0.1141298285750875
9 214.88655896723057 0.08759336938790876
14 276.2827186721535 0.05250833838124877

128.4604703706839
2 153.4903992623075 0.050448924070797846
3 153.4903992623075 0.0637682106955895
5 214.8865589672305 0.25383729156415863
8 214.8865589672305 0.2924183984908844
11 276.2827186721535 0.01452475158663147
16 276.2827186721535 0.01708981712918289

128.52227891631952
3 153.4903992623075 0.29340449531785784
5 214.8865589672305 0.028498185342806022
8 214.8865589672305 0.19218962936923123
9 214.88655896723057 0.012873977885686783
16 276.2827186721535 0.036462248238217684

128.72449802001773
2 153.4903992623075 0.010895375368007245
3 153.4903992623075 0.0841483350793562
4 153.49039926230753 0.11365445330371207
5 214.8865589672305 0.04419424925108208
6 214.8865589672305 0.16098820144631226
7 214.8865589672305 0.05535106559635034
8 214.8865589672305 0.010447481006734712
9 214.88655896723057 0.017415165824709262
10 214.88655896723057 0.013281516253172502
12 276.2827186721535 0.029231866500099048
19 276.2827186721536 0.011460998503052235

129.2248443801348
2 153.4903992623075 0.037411480110871566
3 153.4903992623075 0.03330740464082829
6 214.8865589672305 0.4285459501116936
7 214.8865589672305 0.267321595027831
12 276.2827186721535 0.011229674813707685
15 276.2827186721535 0.010552340312917975

129.4125863308933
1 92.09423955738453 0.12094099049551005
2 153.4903992623075 0.012055175476202922
4 153.49039926230753 0.04312797192197573
5 214.8865589672305 0.2066133349914328
8 214.8865589672305 0.15328430896225567
9 214.88655896723057 0.30359031233599143
11 276.2827186721535 0.010030127621671128

129.7829367636529
1 92.09423955738453 0.017630214102332134
2 153.4903992623075 0.028096804823634754
4 153.49039926230753 0.10075657973292595
5 214.8865589672305 0.10606190703601623
10 214.88655896723057 0.12668176011222276
11 276.2827186721535 0.025766785734672646
18 276.2827186721535 0.01114057004605563

130.4715742953798
2 153.4903992623075 0.058785179756247606
3 153.4903992623075 0.3308395689771019
4 153.49039926230753 0.013553432114498854
5 214.8865589672305 0.08802770890725883
9 214.88655896723057 0.01293596155575398
10 214.88655896723057 0.11705437521444852
17 276.2827186721535 0.010916053283738753

131.1296342146269
3 153.4903992623075 0.05616723813152285
4 153.49039926230753 0.3822627703656222
10 214.88655896723057 0.09358779386507973
20 276.2827186721536 0.018440128313986257

132.1426705389105
2 153.4903992623075 0.2129945846963892
3 153.4903992623075 0.06292213298853687
10 214.88655896723057 0.011718991882577683
18 276.2827186721535 0.018210608226427207

132.62073037915843
2 153.4903992623075 0.106620195991018
3 153.4903992623075 0.10762695241768969
4 153.49039926230753 0.08814618995649486
10 214.88655896723057 0.6024667408863972
17 276.2827186721535 0.02356931064583043
18 276.2827186721535 0.023675699422046833
20 276.2827186721536 0.02076184726437736

134.29718083879064
2 153.4903992623075 0.03196109907550409
3 153.4903992623075 0.015758303486081218
4 153.49039926230753 0.04572328018736796
7 214.8865589672305 0.011091995084921473
9 214.88655896723057 0.04650741027881558
10 214.88655896723057 0.014618453105998363

134.31357552219018
2 153.4903992623075 0.05274148214792355
4 153.49039926230753 0.036286070050538535
6 214.8865589672305 0.023543019505669914
7 214.8865589672305 0.02135352883607336
8 214.8865589672305 0.02318035801807535

136.47939135321482
2 153.4903992623075 0.029003751112165202
3 153.4903992623075 0.12157978861222735
6 214.8865589672305 0.019292122959056184
7 214.8865589672305 0.0316865245959329
10 214.88655896723057 0.03932486508845532
20 276.2827186721536 0.018636548460094493

137.15282948520928
2 153.4903992623075 0.08068704840785433
3 153.4903992623075 0.03678367757765935
4 153.49039926230753 0.01873211765625236
5 214.8865589672305 0.03331007852970191
11 276.2827186721535 0.010741301844421144
17 276.2827186721535 0.018246996207413907

138.03669457780575
2 153.4903992623075 0.02006636654737863
4 153.49039926230753 0.09607586279407221
5 214.8865589672305 0.06053706752883712
10 214.88655896723057 0.014530779315039877
20 276.2827186721536 0.01134516320931346

138.5446253232848
1 92.09423955738453 0.8350686359878144
2 153.4903992623075 0.037484646956138915
3 153.4903992623075 0.046809221633594814
4 153.49039926230753 0.1968341112167918
5 214.8865589672305 0.13862230086304636
6 214.8865589672305 0.09257018922530637
7 214.8865589672305 0.09159060122241773

139.22431727640537
1 92.09423955738453 1.0928904708005485
2 153.4903992623075 0.08296926173162894
3 153.4903992623075 0.11746079534412958
4 153.49039926230753 0.0968731338386393
5 214.8865589672305 0.3717611801221801
8 214.8865589672305 0.039105319754141374
9 214.88655896723057 0.15369878594084552

141.3020085993537
2 153.4903992623075 0.09240032198711337
3 153.4903992623075 0.06931632481629604
5 214.8865589672305 0.07539384103130918
6 214.8865589672305 0.06151672891691598
8 214.8865589672305 0.0526391442362755

142.6496772527708
2 153.4903992623075 0.03259165856106298
3 153.4903992623075 0.03272562990325538
6 214.8865589672305 0.046169079254405915
7 214.8865589672305 0.04055785325111313

143.67823650121935
1 92.09423955738453 0.45903688253637476
2 153.4903992623075 0.022705685077569364
3 153.4903992623075 0.02010301667813259
4 153.49039926230753 0.02104477499066458
8 214.8865589672305 0.029357830586772583
10 214.88655896723057 0.025139142776137317

149.13709551465777
2 153.4903992623075 0.05598001329090094
3 153.4903992623075 0.013109355028315799
4 153.49039926230753 0.4124023397421077
5 214.8865589672305 0.1442632862380126
6 214.8865589672305 0.12099714528180543
7 214.8865589672305 0.06839273094861881
10 214.88655896723057 0.4320288259600792
11 276.2827186721535 0.012861753641532154
13 276.2827186721535 0.014168825668686717
14 276.2827186721535 0.018860274774427026
17 276.2827186721535 0.17166967301870284
18 276.2827186721535 0.061919273983055204

149.35324869505175
2 153.4903992623075 0.4025598872129288
3 153.4903992623075 0.12571669124534254
4 153.49039926230753 0.060468715667846715
5 214.8865589672305 0.05637346652879585
6 214.8865589672305 0.40897042878559864
7 214.8865589672305 0.10439026915392637
10 214.88655896723057 0.1196051411873749
11 276.2827186721535 0.01533227809209953
12 276.2827186721535 0.09736352784787022
19 276.2827186721536 0.0375971539033577
20 276.2827186721536 0.11239556536125597

149.7499887138386
3 153.4903992623075 0.11889095785711667
5 214.8865589672305 0.10452316470772088
6 214.8865589672305 0.015481438020225058
8 214.8865589672305 0.2362883016313349
9 214.88655896723057 0.1281028425354914
10 214.88655896723057 0.11021889021802364
11 276.2827186721535 0.04882025150572345
13 276.2827186721535 0.012458515385175516
14 276.2827186721535 0.025734926392860957
16 276.2827186721535 0.011496545911189844
18 276.2827186721535 0.168270023378723

150.0483395494163
2 153.4903992623075 0.024439668825659802
3 153.4903992623075 0.31387723447040355
4 153.49039926230753 0.023522344563088996
5 214.8865589672305 0.042099422652463594
6 214.8865589672305 0.03834410111398586
7 214.8865589672305 0.33219925665468236
8 214.8865589672305 0.07433543291470233
9 214.88655896723057 0.022793058107141027
12 276.2827186721535 0.04914478666058522
15 276.2827186721535 0.1051636914015416
19 276.2827186721536 0.04610003353239873
20 276.2827186721536 0.010923167524007613

150.07341733328553
2 153.4903992623075 0.0581005759953124
4 153.49039926230753 0.159366262612301
5 214.8865589672305 0.037875269805087465
6 214.8865589672305 0.04640472813502097
7 214.8865589672305 0.015437467119588886
8 214.8865589672305 0.1599720822388073
9 214.88655896723057 0.21502237173656075
13 276.2827186721535 0.11539235726357545
16 276.2827186721535 0.06851018672457793
17 276.2827186721535 0.039690877589866586

150.88663927336032
9 214.88655896723057 0.10779375472389344
10 214.88655896723057 0.2093808927712314

151.22274635544517
4 153.49039926230753 0.02375307806042023
6 214.8865589672305 0.08734409537039506
7 214.8865589672305 0.1633621932838123
9 214.88655896723057 0.037194886772814156
13 276.2827186721535 0.02737454733432462
14 276.2827186721535 0.14751825920432143
16 276.2827186721535 0.016667293091457924

151.22573052353178
3 153.4903992623075 0.023537766078146304
5 214.8865589672305 0.011655311480960665
6 214.8865589672305 0.012640800273152623
7 214.8865589672305 0.03114096796463832
8 214.8865589672305 0.05660440353032942
9 214.88655896723057 0.1861741024011413
15 276.2827186721535 0.08753599761778177
19 276.2827186721536 0.10300756224892108

151.38631454289788
9 214.88655896723057 0.14366616932111542
10 214.88655896723057 0.3174892971140705

152.5465371391515
2 153.4903992623075 0.2496625092735463
3 153.4903992623075 0.257961929506232
4 153.49039926230753 0.09071259429084637
5 214.8865589672305 0.3484213495696013
7 214.8865589672305 0.010515739630257391
8 214.8865589672305 0.2957050037986369
9 214.88655896723057 0.11695890660738945
11 276.2827186721535 0.15228544147742995
13 276.2827186721535 0.049639172712987595
14 276.2827186721535 0.03661605392753957
16 276.2827186721535 0.10030972920378849
17 276.2827186721535 0.0214540884943786

152.9024682267529
2 153.4903992623075 0.046171724782362596
3 153.4903992623075 0.035510673056498056
4 153.49039926230753 0.21303014244889845
5 214.8865589672305 0.04239072367748734
6 214.8865589672305 0.017462762131257983
8 214.8865589672305 0.04802719770807296
9 214.88655896723057 0.1754014720829017
10 214.88655896723057 0.1068819422440116
12 276.2827186721535 0.0716907848867818
15 276.2827186721535 0.04116413016452777
19 276.2827186721536 0.04177966820572503
20 276.2827186721536 0.14234951554556666

152.90897807025576
6 214.8865589672305 0.28695499574348016

153.3614265316335
6 214.8865589672305 0.3651098212053399

153.46508930968682
2 153.4903992623075 0.08486844775920231
3 153.4903992623075 0.06274450831471341
5 214.8865589672305 0.02249172433796731
6 214.8865589672305 0.026165161243913458
7 214.8865589672305 0.02098185824986851
11 276.2827186721535 0.09353918395018576
16 276.2827186721535 0.0549786137158109
17 276.2827186721535 0.06504805992538902
18 276.2827186721535 0.06106095546329622

154.56382316503112
1 92.09423955738453 0.6029080881715979
5 214.8865589672305 0.20070685992449283
9 214.88655896723057 0.02804630881768223
10 214.88655896723057 0.022000980977927145

155.12602058935875
7 214.8865589672305 0.21028787005098562

155.31430218462222
1 92.09423955738453 0.3070546216531957
4 153.49039926230753 0.012489407653439854
5 214.8865589672305 0.24122537244537945
9 214.88655896723057 0.09902335467951424
10 214.88655896723057 0.03573122348220421

155.51617986419026
1 92.09423955738453 0.07803502313409712
5 214.8865589672305 0.059174866691013656
6 214.8865589672305 0.018742750935924098
9 214.88655896723057 0.022444146418631503

156.58907617577057
1 92.09423955738453 1.366667734161007
5 214.8865589672305 0.11412788454285988

157.37001471368822
1 92.09423955738453 0.01767491367480555
6 214.8865589672305 0.11637433987557654

158.62624818416825
1 92.09423955738453 0.03795335276970233
7 214.8865589672305 0.059176878706505134

159.30514007969887
10 214.88655896723057 0.01994115272516282

159.4178931109063
1 92.09423955738453 3.399485385784719
2 153.4903992623075 0.01760195182366894
3 153.4903992623075 0.012194193934819032
5 214.8865589672305 0.16809090240669827
9 214.88655896723057 0.10807522242495857
10 214.88655896723057 0.051816622544903164

160.25353077055553
2 153.4903992623075 0.11351182178365848
3 153.4903992623075 0.09700092756154144
5 214.8865589672305 0.18446329331625444
8 214.8865589672305 0.19283496060249466

161.02645059820273
2 153.4903992623075 0.02484833846342193
3 153.4903992623075 0.020512851371394566
5 214.8865589672305 0.010152489094664569
6 214.8865589672305 0.1465132983523401
7 214.8865589672305 0.14852136950202321

161.16618177310812
3 153.4903992623075 0.010657222897661727
5 214.8865589672305 0.0677625654843016
6 214.8865589672305 0.04933355845925097
8 214.8865589672305 0.07562288352038708
9 214.88655896723057 0.15702236414663867
10 214.88655896723057 0.2617532874232226

161.88111373496713
3 153.4903992623075 0.018328903760252223
4 153.49039926230753 0.07073873172671419
5 214.8865589672305 0.0342661227735986
6 214.8865589672305 0.12066287041531787
7 214.8865589672305 0.109175422031316
8 214.8865589672305 0.130163026636522
9 214.88655896723057 0.8571640021204012
10 214.88655896723057 0.02351536703780348

161.91600264352408
2 153.4903992623075 0.04005090797180625
4 153.49039926230753 0.027012249153703836
5 214.8865589672305 0.04277458526960648
6 214.8865589672305 0.26173797420500927
7 214.8865589672305 0.7579382643538952
8 214.8865589672305 0.1611185302460469
10 214.88655896723057 0.022021583735482065

162.21434363364554
2 153.4903992623075 0.02668974041663285
3 153.4903992623075 0.06369434935798562
4 153.49039926230753 0.26759741200684994
5 214.8865589672305 0.251065097808228
6 214.8865589672305 0.5485121088384866
7 214.8865589672305 0.10694314146424365
8 214.8865589672305 0.10937720489132338
9 214.88655896723057 0.040343219082679786
10 214.88655896723057 0.09328093297463634

162.2369347472381
2 153.4903992623075 0.15436640172859376
3 153.4903992623075 0.11784235332718335
5 214.8865589672305 0.3373711986786603
8 214.8865589672305 0.296845686334857
9 214.88655896723057 0.018706095641883483
11 276.2827186721535 0.014848845886111123

162.8411431822121
2 153.4903992623075 0.040215655422660146
3 153.4903992623075 0.06987593667954513
4 153.49039926230753 0.023576255142787626
5 214.8865589672305 0.19806488678649964
6 214.8865589672305 0.042729442288450985
7 214.8865589672305 0.06979454399565858
8 214.8865589672305 0.1425146872773331
10 214.88655896723057 0.6884358931906751

163.31124197365847
1 92.09423955738453 0.7104771391672813
5 214.8865589672305 0.0689488009990824
9 214.88655896723057 0.04136449044455166
10 214.88655896723057 0.017894785719979756

163.76149384268555

188.29405653381252
13 276.2827186721535 0.057034743217424536
14 276.2827186721535 0.02472719103070141

188.2942541166959
12 276.2827186721535 0.03035647071005378
19 276.2827186721536 0.05313792966756831

189.74724672148346
7 214.8865589672305 0.012219966782816935
8 214.8865589672305 0.020334622349426477
9 214.88655896723057 0.01463775877913293
12 276.2827186721535 0.011842868442874814
14 276.2827186721535 0.04328040323255735
15 276.2827186721535 0.01720990958145259
16 276.2827186721535 0.024126362989207038
19 276.2827186721536 0.0415444475505734

189.75025624698978
7 214.8865589672305 0.027144688687652185
9 214.88655896723057 0.012051463735632649
12 276.2827186721535 0.017419069798125644
13 276.2827186721535 0.029258993276197055
14 276.2827186721535 0.036121689327749285
15 276.2827186721535 0.059921583075486146

190.67598711554484
8 214.8865589672305 0.1648577930621251
12 276.2827186721535 0.015324413002358848
14 276.2827186721535 0.011998694269114261
15 276.2827186721535 0.08363883788897944
16 276.2827186721535 0.033972367566891794

190.6789473527785
7 214.8865589672305 0.05508211595843941
8 214.8865589672305 0.08020239568372478
13 276.2827186721535 0.01274663293341333
14 276.2827186721535 0.024328609257884
16 276.2827186721535 0.07783592205217926
19 276.2827186721536 0.01069815770997977
20 276.2827186721536 0.0141107622582293

190.8018713226828
2 153.4903992623075 1.7063652692807296
4 153.49039926230753 0.028177196209584122
11 276.2827186721535 0.13137417819687175
12 276.2827186721535 0.11354884112851824
19 276.2827186721536 0.04342069289498181
20 276.2827186721536 0.029905354561058133

190.94545363460122
2 153.4903992623075 2.311351010513779
4 153.49039926230753 0.01994043337338263
11 276.2827186721535 0.03439523280406812
13 276.2827186721535 0.08021901288994905
14 276.2827186721535 0.012841214890085616
17 276.2827186721535 0.010470573460126515
18 276.2827186721535 0.013640681879739809

191.7062913477723
7 214.8865589672305 0.0178128469656574
8 214.8865589672305 0.40960528641884353
14 276.2827186721535 0.03334534978202018
15 276.2827186721535 0.011229031964014652
16 276.2827186721535 0.05813445013757691
17 276.2827186721535 0.0124103300206744
18 276.2827186721535 0.015601654656485766

192.4608161712631
2 153.4903992623075 0.0756927314952938
3 153.4903992623075 0.07952122706269807
4 153.49039926230753 1.1021782468978587
11 276.2827186721535 0.07689409581974527
12 276.2827186721535 0.06929606525535963
13 276.2827186721535 0.05231200940284768
14 276.2827186721535 0.11776068174797555
17 276.2827186721535 0.0338736572075694

192.50243875086105
3 153.4903992623075 0.012199722521832518
5 214.8865589672305 0.012832557302207698
7 214.8865589672305 0.0712012722713306
9 214.88655896723057 0.06083649534917199
10 214.88655896723057 0.03298581962428644
14 276.2827186721535 0.010139683368823128
16 276.2827186721535 0.010858789639311514
18 276.2827186721535 0.09693895372320685
20 276.2827186721536 0.012455837647159575

192.5574551994697
6 214.8865589672305 0.010522174233478336
7 214.8865589672305 0.11368060161002622
8 214.8865589672305 0.04714174225606927
10 214.88655896723057 0.04667595353833655
15 276.2827186721535 0.012129729371593283
17 276.2827186721535 0.04155468366180401
20 276.2827186721536 0.08250264173913624

192.63704889361054
4 153.49039926230753 0.023341706549509112
7 214.8865589672305 0.0772403569991519
8 214.8865589672305 0.015082924497312262
9 214.88655896723057 0.1013310760637094
10 214.88655896723057 0.04801075077608067
12 276.2827186721535 0.02744459065452407
13 276.2827186721535 0.010951872020502488
18 276.2827186721535 0.011675537636359751
19 276.2827186721536 0.042557086444068505
20 276.2827186721536 0.06676161928635026

192.69209672004945
2 153.4903992623075 0.01763194866597674
3 153.4903992623075 0.21173539651982407
4 153.49039926230753 1.736613185734364
12 276.2827186721535 0.17747948465742752
15 276.2827186721535 0.09558360546170461
19 276.2827186721536 0.11749907792173306

192.7506000790422
7 214.8865589672305 0.048152410655907446
9 214.88655896723057 0.13462553920029013
10 214.88655896723057 0.013331959915089422
16 276.2827186721535 0.014554626159749638
18 276.2827186721535 0.043724168227167425
20 276.2827186721536 0.048106329570503675

