#nmax= 2 NR= 11 Ntheta= 11 Nphi= 11
#jmax= 2 Nalpha= 11 Nphi= 11 Nchi= 11
#Ntrans= 10
#Nrot= 16

117.55027 21.81064 107.48204
119.27281 23.53318 109.20457
121.29601 25.55638 111.22777
132.52115 36.78152 122.45291
134.87535 39.13572 124.80712
138.52601 42.78638 128.45778
166.13686 70.39723 156.06863
167.19471 71.45508 157.12648
167.55374 71.81411 157.48551
168.26868 72.52905 158.20045
169.29223 73.5526 159.224
180.77517 85.03554 170.70693
180.82829 85.08866 170.76006
183.71242 87.97279 173.64419
186.69986 90.96023 176.63163
189.79929 94.05966 179.73106
189.96476 94.22513 179.89652
190.93612 95.19649 180.86789
191.87499 96.13536 181.80676
192.18219 96.44256 182.11396
192.74676 97.00713 182.67853
193.32841 97.58878 183.26017
193.97088 98.23125 183.90265
194.4227 98.68307 184.35447
194.45102 98.71139 184.38279
195.86322 100.12359 185.79498
198.36851 102.62888 188.30028
199.592 103.85237 189.52376
201.59842 105.85879 191.53018
226.06072 130.32109 215.99249
226.06315 130.32352 215.99492
226.86168 131.12205 216.79345
227.16163 131.422 217.09339
227.65189 131.91226 217.58366
228.83722 133.09759 218.76899
229.32715 133.58752 219.25892
230.2184 134.47877 220.15017
230.86019 135.12056 220.79196
231.36406 135.62443 221.29583
231.68428 135.94465 221.61604
232.55214 136.81251 222.48391
234.45568 138.71605 224.38745
236.15334 140.41371 226.0851
236.28684 140.54721 226.21861
240.42743 144.6878 230.35919
240.43669 144.69706 230.36846
243.37838 147.63875 233.31015
244.31873 148.5791 234.2505
246.59264 150.85301 236.52441
249.4158 153.67617 239.34757
253.99969 158.26006 243.93146
254.99176 159.25213 244.92353
257.04441 161.30478 246.97618
257.63005 161.89042 247.56182
257.85731 162.11768 247.78907
257.87015 162.13052 247.80192
258.10017 162.36054 248.03194
258.15323 162.4136 248.085
258.62681 162.88718 248.55858
258.95782 163.21819 248.88959
259.51974 163.78011 249.45151
259.80416 164.06453 249.73593
260.5634 164.82377 250.49517
261.73096 165.99133 251.66272
262.20851 166.46888 252.14027
263.17683 167.4372 253.10859
263.55905 167.81942 253.49082
264.04695 168.30732 253.97871
264.20801 168.46838 254.13978
264.99735 169.25772 254.92912
264.99912 169.25949 254.93089
265.00377 169.26414 254.93553
265.50531 169.76568 255.43707
265.69222 169.95259 255.62399
266.46558 170.72595 256.39735
267.17424 171.43461 257.10601
267.68998 171.95035 257.62175
267.912 172.17237 257.84376
268.724 172.98437 258.65576
268.88086 173.14123 258.81262
270.3437 174.60407 260.27547
270.66482 174.92519 260.59659
270.96357 175.22394 260.89534
271.75905 176.01942 261.69082
272.45079 176.71116 262.38256
289.12249 193.38286 279.05425
289.52591 193.78628 279.45767
290.62599 194.88636 280.55775
291.63645 195.89682 281.56822
292.59078 196.85115 282.52255
293.9968 198.25717 283.92856
294.46087 198.72124 284.39263
296.12994 200.39031 286.06171
297.07652 201.33689 287.00829
297.20711 201.46748 287.13888
297.7723 202.03267 287.70407
299.07654 203.33691 289.00831
299.64892 203.90929 289.58069
299.76758 204.02795 289.69934
302.11813 206.3785 292.0499
