#nmax= 2 NR= 11 Ntheta= 11 Nphi= 11
#jmax= 2 Nalpha= 11 Nphi= 11 Nchi= 11
#Ntrans= 10
#Nrot= 19

95.73962999200903 0.0 85.67139685693262
128.48989811561142 32.75026812360239 118.42166498053501
128.61365546210877 32.874025470099745 118.54542232703237
128.61640381178628 32.87677381977726 118.54817067670989
163.16822920956102 67.42859921755199 153.0999960744846
163.16984808467777 67.43021809266871 153.10161494960136
163.3078388159716 67.56820882396259 153.2396056808952
164.22475048209014 68.4851204900811 154.15651734701373
164.69882765206333 68.95919766005429 154.63059451698692
165.4887809806331 69.7491509886241 155.4205478455567
166.7220900473378 70.98246005532877 156.6538569122614
166.96781114559408 71.22818115358507 156.8995780105177
185.2054614820973 89.46583149008823 175.13722834702082
185.69979484020539 89.96016484819637 175.63156170512903
186.20575218959638 90.46612219758732 176.1375190545199
186.77439381736556 91.03476382535653 176.70616068228912
186.78856480760513 91.04893481559611 176.72033167252874
188.01335315144416 92.27372315943514 177.94512001636778
188.05226086148284 92.31263086947382 177.98402772640645
189.44537892169458 93.70574892968557 179.37714578661823
189.7200519903876 93.98042199837856 179.6518188553112
192.9549797753564 97.21534978334738 182.88674664028
193.6245359902048 97.88490599819579 183.55630285512842
196.02294211269748 100.28331212068845 185.95470897762107
197.24147820885005 101.50184821684103 187.17324507377367
197.24409250976325 101.50446251775423 187.17585937468687
225.67628472177222 129.93665472976323 215.60805158669584
225.69818975120876 129.95855975919977 215.6299566161324
226.0069343758004 130.26730438379138 215.93870124072404
226.15616644407424 130.41653645206523 216.08793330899783
226.5597400886003 130.82011009659126 216.4915069535239
227.10840598424775 131.3687759922387 217.04017284917134
227.3925932305108 131.6529632385018 217.32436009543443
227.54888103343592 131.8092510414269 217.4806478983595
227.64982217860353 131.9101921865945 217.58158904352712
228.2877444004886 132.5481144084796 218.21951126541222
228.35454658098396 132.61491658897495 218.2863134459076
229.37067898292335 133.63104899091434 219.30244584784697
229.5229510678364 133.78332107582742 219.45471793276005
230.50987271635987 134.77024272435085 220.44163958128348
230.57230786887916 134.83267787687015 220.50407473380278
230.58674945084405 134.84711945883504 220.51851631576764
230.85723827471213 135.11760828270312 220.78900513963572
233.58519767745162 137.8455676854426 223.51696454237523
234.28678764024284 138.5471576482338 224.21855450516642
234.72002042441483 138.9803904324058 224.65178728933844
235.32648698534476 139.58685699333572 225.25825385026835
237.81863715399334 142.07900716198432 227.75040401891695
238.24922023065167 142.50959023864266 228.18098709557526
239.38646215919763 143.64683216718862 229.31822902412125
240.59149326711818 144.85186327510914 230.5232601320418
241.22789540292803 145.48826541091898 231.15966226785162
248.09861056082178 152.35898056881274 238.03037742574537
248.5540065861027 152.8143765940937 238.48577345102635
250.11712668086975 154.37749668886067 240.04889354579328
250.2329945375301 154.49336454552108 240.16476140245368
251.53776819379902 155.79813820178998 241.4695350587226
251.7341027164315 155.99447272442248 241.6658695813551
252.1297935524624 156.39016356045337 242.061560417386
252.71764990420766 156.97801991219865 242.64941676913125
253.7814733258772 158.04184333386817 243.7132401908008
253.85982694771752 158.1201969557085 243.79159381264114
254.9114505395219 159.17182054751288 244.8432174044455
255.47252197488044 159.73289198287142 245.40428883980405
257.1067768705768 161.36714687856778 247.0385437355004
258.65317130821114 162.91354131620213 248.58493817313473
258.6954625873707 162.95583259536167 248.6272294522943
258.99239278337933 163.2527627913703 248.92415964830292
259.3346642550438 163.59503426303473 249.26643111996736
259.47880924943246 163.73917925742344 249.41057611435605
259.6991705644252 163.95954057241613 249.6309374293488
259.85150793673995 164.11187794473094 249.78327480166354
259.9123369582483 164.17270696623933 249.84410382317193
260.2450674096012 164.50543741759216 250.1768342745248
261.056313590724 165.31668359871497 250.9880804556476
261.1809058417572 165.44127584974817 251.11267270668077
261.24373798393 165.50410799192096 251.17550484885356
261.38085352454743 165.64122353253842 251.31262038947105
261.58935130985384 165.84972131784485 251.52111817477746
261.63724706979343 165.89761707778445 251.56901393471705
261.78657431884744 166.04694432683843 251.71834118377106
261.85963211281967 166.12000212081063 251.79139897774326
264.99929635015576 169.25966635814675 254.9310632150794
265.8943304357359 170.15470044372688 255.8260973006595
266.23871673265626 170.49908674064721 256.17048359757985
294.39225995094546 198.65262995893644 284.32402681586905
295.08754618735975 199.34791619535073 285.01931305228334
295.0875461873598 199.3479161953508 285.0193130522834
295.08754618735986 199.34791619535082 285.01931305228345
295.08754618735986 199.34791619535082 285.01931305228345
295.08754618735986 199.34791619535082 285.01931305228345
295.08754618736 199.34791619535096 285.0193130522836
295.08754618736 199.34791619535096 285.0193130522836
295.1820974366737 199.4424674446647 285.11386430159735
295.19818898357664 199.45855899156766 285.1299558485003
295.29748648766866 199.55785649565965 285.22925335259225
295.64997069940455 199.91034070739562 285.58173756432825
296.05065215893995 200.31102216693097 285.9824190238636
296.0522082865808 200.3125782945718 285.9839751515044
296.56942775013346 200.82979775812444 286.50119461505705
