#nmax= 2 NR= 11 Ntheta= 11 Nphi= 11
#jmax= 2 Nalpha= 11 Nphi= 11 Nchi= 11
#Ntrans= 10
#Nrot= 35
#Npara= 19
#Nportho= 16

0.1  0.0  8.071701778685372e-9  0.0
0.2  0.0  0.0004432124667495376  2.5502006298323197e-296
0.3  0.0  0.012252312361438507  5.750350258605995e-197
0.4  0.0  0.054328816060789514  2.3039235266585936e-147
0.5  0.0  0.12013583252887934  1.2029256183916352e-117
0.6  0.0  0.19143398152200733  7.293513238441367e-98
0.7  0.0  0.25616999264719914  9.389832271479957e-84
0.8  0.0  0.30968128526985245  3.462461231628333e-73
0.9  0.0  0.35130287260614484  5.569998525314056e-65
1.0  0.0  0.3819553515454237  2.001521518585533e-58
1.1  0.0  0.4030466112207871  4.539896343613306e-53
1.2  0.0  0.41605887079170195  1.2987573499462674e-48
1.3  -1.0854897496887264e-12  0.4224036813154273  7.565247339994927e-45
1.4  7.487663987648767e-12  0.4233686592582402  1.2631117007986632e-41
1.5  4.321214083538633e-11  0.42009679448927134  7.766730561365707e-39
1.6  2.7517165154609223e-10  0.4135809202083095  2.122332153154215e-36
1.7  1.3780799434984225e-9  0.40466757833313  2.9753437502846106e-34
1.8  5.750861038587774e-9  0.3940670337708649  2.3927422134022514e-32
1.9  2.0539035664247377e-8  0.3823668085107112  1.2054509753804916e-30
2.0  6.425487373310875e-8  0.37004663254603837  4.0821693056450697e-29
2.1  1.7946516241863095e-7  0.3574933248670378  9.837253857765503e-28
2.2  4.5458849567021883e-7  0.3450146975278593  1.7674256985680208e-26
2.3  1.0578943800249676e-6  0.332852028955465  2.4604082272377994e-25
2.4  2.2862512459281026e-6  0.32119096021485316  2.7402718585255506e-24
2.5  4.630035567266691e-6  0.3101708522450191  2.508355857792201e-23
2.6  8.853904606821318e-6  0.2998927369193116  1.9305414231569688e-22
2.7  1.6091363527456356e-5  0.29042603239984566  1.2737388450263425e-21
2.8  2.7949207812497045e-5  0.28181419768431554  7.32493600907797e-21
2.9  4.6616575148236636e-5  0.2740794886120512  3.7244545374960494e-20
3.0  7.497244694574154e-5  0.26722695802506136  1.6952708022559464e-19
3.1  0.00011668514264980307  0.26124782160274873  6.982620601559466e-19
3.2  0.00017629778274586965  0.2561222911960705  2.6272323723779234e-18
3.3  0.00025929443019428463  0.25182196015493447  9.104969144537322e-18
3.4  0.0003721429086672924  0.24831181056205034  2.927741347973041e-17
3.5  0.0005223116689311674  0.2455519003983368  8.791668841974207e-17
3.6  0.0007182595520240426  0.243498778797899  2.479653697586725e-16
3.7  0.000969398676009663  0.2421066697337458  6.602639277587784e-16
3.8  0.001286031979568986  0.24132845798527644  1.6674062859812435e-15
3.9  0.0016792678730339174  0.24111650604525037  4.010034659692357e-15
4.0  0.002160915268708512  0.2414233262518136  9.218151723972643e-15
4.1  0.0027433627601748446  0.242202128993245  2.0322514705064917e-14
4.2  0.0034394459448957556  0.24340726468590249  4.3098203256742187e-14
4.3  0.0042623069581152065  0.24499457489259774  8.816106880317895e-14
4.4  0.0052252501296571625  0.24692166578875901  1.7438529849923958e-13
4.5  0.006341597432062949  0.24914811528237338  3.3430374321914476e-13
4.6  0.007624546973199295  0.2516356237873111  6.223978793323153e-13
4.7  0.009087037388359451  0.25434811706979543  1.1274853685525791e-12
4.8  0.010741620501798197  0.25725180868126296  1.9907716336590673e-12
4.9  0.012600344139418357  0.2603152283717297  3.431545954597678e-12
5.0  0.014674646529112871  0.2635092220614751  5.782966939520446e-12
5.1  0.01697526327416547  0.2668069282628306  9.54088764003994e-12
5.2  0.019512147494033658  0.2701837351488527  1.542920412790003e-11
5.3  0.022294403355991886  0.27361722189356763  2.4485756747848383e-11
5.4  0.025330232949758693  0.2770870874990769  3.8173351515006253e-11
5.5  0.028626896155032933  0.28057506981454344  5.852097938644451e-11
5.6  0.03219068298037555  0.28406485712366136  8.830077170903866e-11
5.7  0.0360268976672352  0.28754199431407995  1.312466195631286e-10
5.8  0.04013985372594113  0.29099378540453563  1.9232068282736195e-10
5.9  0.04453287899874229  0.2944091938938637  2.780342037403762e-10
6.0  0.04920832977923344  0.29777874220036377  3.968291048661867e-10
6.1  0.05416761298703997  0.3010944112453084  5.595267818835679e-10
6.2  0.05941121539689099  0.3043495411210616  7.798502910512444e-10
6.3  0.06493873895245046  0.30753873349961564  1.0750257776638453e-9
6.4  0.07074894118334939  0.3106577564562002  1.4664684980151461e-9
6.5  0.0768397798361025  0.31370345215716533  1.980558160432025e-9
6.6  0.08320846084625441  0.3166736478044987  2.6495075619667234e-9
6.7  0.0898514888603046  0.31956707011540936  3.5123276409654296e-9
6.8  0.09676471954986109  0.32238326357552255  4.615891119461408e-9
6.9  0.10394341305616787  0.3251225125786822  6.016095892823537e-9
7.0  0.11138228795323957  0.3277857675691725  7.779128258398274e-9
7.1  0.11907557517255285  0.33037457520833075  9.982824981781497e-9
7.2  0.12701707142055635  0.3328910125775878  1.2718132100599316e-8
7.3  0.13520019165253944  0.33533762535297845  1.6090657282382737e-8
7.4  0.14361802024407994  0.3377173699196713  2.0222311505196616e-8
7.5  0.1522633605564183  0.3400335593007519  2.525303483536828e-8
7.6  0.1611287826189145  0.34228981282033827  3.1342600152165905e-8
7.7  0.17020666873495788  0.3444900093583839  3.86724878284822e-8
7.8  0.17948925682757721  0.3466382440553185  4.7447823630913274e-8
7.9  0.1889686814029917  0.3487387883510925  5.789937146091545e-8
8.0  0.19863701203155956  0.3507960531691641  7.028557202729165e-8
8.1  0.20848628930139354  0.35281455513308824  8.489461812286431e-8
8.2  0.21850855817846268  0.35479888562022716  1.0204655687631033e-7
8.3  0.22869589880434826  0.3567536825337091  1.2209540916299702e-7
8.4  0.2390404547153402  0.3586836046160328  1.4543129628356137e-7
8.5  0.24953445853586192  0.3605933081656459  1.7248256405151747e-7
8.6  0.26017025518760545  0.3624874260031457  2.0371789456539612e-7
8.7  0.27094032268103146  0.36437054855307915  2.3964839616975177e-7
8.8  0.2818372905692185  0.3662472068932459  2.808296624247116e-7
8.9  0.29285395614809173  0.36812185764989147  3.2786379129679273e-7
9.0  0.3039832984996183  0.36999886959784717  3.814013562452364e-7
9.1  0.3152184904716092  0.3718825118683435  4.4214332139852894e-7
9.2  0.32655290871502723  0.37377694361771024  5.108428935855509e-7
9.3  0.33798014187307795  0.3756862050786792  5.883073045953419e-7
9.4  0.34949399703787076  0.37761420986431676  6.753995176795714e-7
9.5  0.36108850459130537  0.3795647384484614  7.730398529736501e-7
9.6  0.37275792153564236  0.3815414327137356  8.822075271873123e-7
9.7  0.38449673342672797  0.383547791492543  1.0039421035960674e-6
9.8  0.3962996550234298  0.3855871670061891  1.139344849043233e-6
9.9  0.4081616297548364  0.38766276214753587  1.2895799953326073e-6
10.0  0.4200778281137807  0.3897776285041669  1.4558759030470993e-6
10.1  0.4320436450758943  0.39193466508736446  1.6395261264650042e-6
10.2  0.44405469664687064  0.3941366176832034  1.841890378857129e-6
10.3  0.45610681562315647  0.3963860787727908  2.06439539803182e-6
10.4  0.4681960466677752  0.39868548797102155  2.3085357125473217e-6
10.5  0.4803186407750677  0.40103713293172427  2.575874309529244e-6
10.6  0.4924710492157867  0.40344315066764147  2.8680432055135377e-6
10.7  0.5046499170344864  0.4059055292491822  3.1867439221802357e-6
10.8  0.5168520761724842  0.40842610983731464  3.533747869249882e-6
10.9  0.5290745382834553  0.4110065890076487  3.910896637182321e-6
11.0  0.5413144873097488  0.4136485213448365  4.320102202645779e-6
11.1  0.5535692718705781  0.416353322264801  4.763347050014263e-6
11.2  0.565836397525753  0.4191222710329907  5.242684212402838e-6
11.3  0.57811351895797  0.42195651396287037  5.760237235964642e-6
11.4  0.5903984321249386  0.42485706775684084  6.318200071351723e-6
11.5  0.6026890664228658  0.4278248229757911  6.918836896385217e-6
11.6  0.6149834768937412  0.4308605476111756  7.56448187409061e-6
11.7  0.6272798365245166  0.4339648907383404  8.257538850332207e-6
11.8  0.6395764286537257  0.4371383862408937  9.000480995329922e-6
11.9  0.6518716395246981  0.44038145657963  9.795850393362372e-6
12.0  0.6641639510064117  0.4436944165987606  1.0646257584954723e-5
12.1  0.6764519335015549  0.4470774773539132  1.1554381065820795e-5
12.2  0.6887342390628453  0.4505307499421393  1.2522966746777357e-5
12.3  0.7010095947342192  0.4540542493360269  1.3554827378777323e-5
12.4  0.7132767961263652  0.45764789819906093  1.4652841947118223e-5
12.5  0.725534701243712  0.46131153068261516  1.5819955038777136e-5
12.6  0.7377822245650945  0.4650448961846564  1.7059176186701937e-5
12.7  0.7500183313900864  0.46884766307603537  1.837357919475596e-5
12.8  0.762242032454691  0.47271942237760056  1.9766301446869067e-5
12.9  0.7744523788143646  0.4766596913849046  2.1240543203795377e-5
13.0  0.7866484570069457  0.4806679172363821  2.2799566890714692e-5
13.1  0.7988293844831073  0.4847434804205627  2.4446696378750447e-5
13.2  0.8109943053112328  0.4888856982138407  2.6185316263302992e-5
13.3  0.8231423861536349  0.4930938280504773  2.8018871141921344e-5
13.4  0.8352728125045653  0.4973670708174083  2.995086489426001e-5
13.5  0.8473847851953478  0.5017045740755922  3.1984859966488e-5
13.6  0.8594775171518821  0.5061054352007925  3.412447666233733e-5
13.7  0.8715502304030971  0.5105687044439834  3.637339244280267e-5
13.8  0.8836021533353882  0.5150933879128116  3.873534123632373e-5
13.9  0.8956325181806117  0.5196784504661889  4.121411276111382e-5
14.0  0.9076405587351783  0.5243228185281632  4.3813551861121554e-5
14.1  0.9196255082979435  0.5290253828161985  4.65375578569503e-5
14.2  0.9315865978218858  0.5337850009847934  4.9390083912897416e-5
14.3  0.9435230542672557  0.5386005001836884  5.237513642111742e-5
14.4  0.9554340991527845  0.5434706795322141  5.549677440376274e-5
14.5  0.9673189472877745  0.5483943125090628  5.875910893380708e-5
14.6  0.9791768056875095  0.5533701492569679  6.216630257512387e-5
14.7  0.9910068726492178  0.5583969188064399  6.572256884224652e-5
14.8  1.0028083369929248  0.5634733312144304  6.94321716801255e-5
14.9  1.014580377446843  0.5685980796234049  7.329942496406199e-5
15.0  1.0263221621777532  0.5737698422395225  7.732869201989643e-5
15.1  1.0380328484513928  0.5789872842299852  8.152438516441363e-5
15.2  1.049711582415659  0.5842490595453494  8.589096526583126e-5
15.3  1.0613574990010108  0.5895538126632014  9.043294132414728e-5
15.4  1.0729697219251908  0.5949001802568644  9.515487007102448e-5
15.5  1.08454736380082  0.6002867927908678  0.00010006135558882248
15.6  1.0960895263288084  0.6057122760446344  0.00010515704894830615
15.7  1.107595300579914  0.61117525256422  0.0001104466478644929
15.8  1.1190637673497772  0.6166743430479448  0.00011593489637003965
15.9  1.1304939975866433  0.6222081676622182  0.000121626584505519
16.0  1.141885052877293  0.6277753472927123  0.00012752654802587667
16.1  1.1532359859945627  0.6333745047336292  0.0001336396681223231
16.2  1.164545841490236  0.6390042658125813  0.00013997087115887508
16.3  1.1758136563352808  0.6446632604574227  0.00014652512842272325
16.4  1.1870384605990227  0.6503501237027431  0.00015330745588757884
16.5  1.1982192781597063  0.6560634966422922  0.00016032291398912252
16.6  1.209355127445836  0.6618020273239738  0.00016757660741166503
16.7  1.2204450222003125  0.6675643715945707  0.00017507368488511494
16.8  1.231487972263436  0.673349193891168  0.0001828193389913183
16.9  1.242482984373288  0.6791551679827401  0.00019081880597886382
17.0  1.2534290629742848  0.6849809776675149  0.00019907736558540055
17.1  1.2643252110364822  0.6908253174197084  0.00020760034086655095
17.2  1.2751704308773373  0.6966868929954239  0.00021639309803047848
17.3  1.285963724984603  0.7025644219931412  0.0002254610462771855
17.4  1.296704096838226  0.7084566343762602  0.00023480963764162783
17.5  1.307390551727377  0.7143622729530598  0.00024444436683973043
17.6  1.3180220975596793  0.7202800938216687  0.0002543707711164121
17.7  1.3285977456623506  0.726208866776141  0.0002645944300947365
17.8  1.3391165115714443  0.7321473756801224  0.0002751209656253236
17.9  1.3495774158070764  0.7380944188053759  0.00028595604163517217
18.0  1.359979484634323  0.7440488091404751  0.000297105363975063
18.1  1.370321750808464  0.7500093746670227  0.00030857468026474237
18.2  1.3806032543003985  0.7559749586090171  0.0003203697797350902
18.3  1.3908230430047157  0.7619444196521041  0.00033249649306650586
18.4  1.40098017342601  0.7679166321393988  0.0003449606922227972
18.5  1.4110737113452838  0.7738904862392939  0.000357768290279812
18.6  1.4211027324650267  0.7798648880933741  0.00037092524124817517
18.7  1.4310663230292344  0.7858387599373756  0.00038443753988941855
18.8  1.4409635804231606  0.791811040203557  0.00039831122152489764
18.9  1.4507936137480166  0.7977806836024193  0.0004125523618368731
19.0  1.4605555443714913  0.8037466611845342  0.0004271670766611558
19.1  1.4702485064561754  0.8097079603851159  0.0004421615217707889
19.2  1.4798716474610685  0.8156635850509276  0.0004575418926502087
19.3  1.4894241286203607  0.8216125554513175  0.00047331442425939017
19.4  1.4989051253984453  0.8275539082748701  0.0004894853907874889
19.5  1.5083138279185104  0.8334866966098577  0.0005060611053955504
19.6  1.5176494413696828  0.839409989914186  0.0005230479199478401
19.7  1.526911186388226  0.8453228739704474  0.0005404522247313959
19.8  1.536098299415794  0.8512244508306813  0.0005582804481634568
19.9  1.5452100330348895  0.8571138387502643  0.0005765390564863727
20.0  1.5542456562800722  0.8629901721108091  0.000595234553449732
20.1  1.5632044549283541  0.8688526013347585  0.0006143734799793583
20.2  1.572085731765181  0.8747002927915399  0.0006339624138329334
20.3  1.5808888068307232  0.8805324286928979  0.0006540079692419904
20.4  1.5896130176434549  0.8863482069855168  0.0006745167965400386
20.5  1.5982577194034924  0.8921468412332573  0.0006954955817766634
20.6  1.6068222851759968  0.897927560494031  0.0007169510463173418
20.7  1.615306106053898  0.9036896091920136  0.0007388899464289033
20.8  1.6237085913027887  0.9094322469837199  0.0007613190728504366
20.9  1.6320291684854453  0.915154748620075  0.0007842452503495623
21.0  1.640267283570262  0.9208564038040722  0.0008076753372639558
21.1  1.6484224010203674  0.9265365170441568  0.0008316162250280658
21.2  1.656494003867102  0.9321944075057723  0.0008560748376849534
21.3  1.66448159376646  0.9378294088590634  0.0008810581313832205
21.4  1.6723846910404279  0.9434408691236523  0.0009065730938590204
21.5  1.680202834702122  0.9490281505121609  0.0009326267439031494
21.6  1.687935582467526  0.9545906292718291  0.000959226130813195
21.7  1.695582510752083  0.9601276955242356  0.0009863783338308562
21.8  1.7031432146548877  0.9656387531041941  0.0010140904615643835
21.9  1.710617307928898  0.9711232193969701  0.001042369651396296
22.0  1.718004422939295  0.9765805251764553  0.0010712230688764031
22.1  1.7253042106108736  0.98201011444107  0.001100657907100206
22.2  1.7325163403617039  0.9874114442505018  0.0011306813860728904
22.3  1.7396405000291129  0.9927839845627209  0.0011613007520588695
22.4  1.7466763957829212  0.9981272180706737  0.0011925232769171787
22.5  1.7536237520300573  1.0034406400394362  0.0012243562574227465
22.6  1.7604823113095764  1.0087237581437842  0.001256807014573773
22.7  1.7672518341794212  1.0139760923076004  0.001289882892885347
22.8  1.773932099093432  1.019197174542086  0.001323591259669515
22.9  1.7805229022721814  1.0243865487877168  0.0013579395043019677
23.0  1.7870240575648724  1.0295437707546187  0.0013929350374755434
23.1  1.7934353963050065  1.0346684077658306  0.001428585290440838
23.2  1.7997567671593835  1.039760038601266  0.0014648977142340098
23.3  1.8059880359702485  1.0448182533437622  0.0015018797788921203
23.4  1.8121290855918908  1.0498426532255047  0.0015395389726562342
23.5  1.8181798157222036  1.0548328504772  0.0015778828011624663
23.6  1.8241401427279789  1.0597884681773984  0.001616918786621319
23.7  1.8300099994665626  1.0647091401058921  0.0016566544669854941
23.8  1.8357893351022967  1.0695945105956233  0.0016970973951065146
23.9  1.8414781149187123  1.0744442343896226  0.0017382551378803722
24.0  1.8470763201273548  1.079257976496995  0.001780135275382573
24.1  1.8525839476728123  1.084035412052866  0.0018227453999927578
24.2  1.8580010100339166  1.08877622617802  0.0018660931155092867
24.3  1.8633275350229084  1.0934801138430172  0.0019101860362540515
24.4  1.8685635655807402  1.0981467797313667  0.0019550317861678278
24.5  1.8737091595710318  1.1027759381070743  0.002000637997896472
24.6  1.8787643895701591  1.10736731268213  0.002047012311868266
24.7  1.8837293426568438  1.1119206364865408  0.0020941623753627943
24.8  1.8886041201990114  1.1164356517409453  0.0021420958415715825
24.9  1.8933888376391386  1.1209121097301633  0.002190820368650884
25.0  1.8980836242777013  1.125349770678371  0.002240343618766969
25.1  1.9026886230568014  1.1297484036266907  0.0022906732571341326
25.2  1.9072039903406601  1.134107786313131  0.002341816951045945
25.3  1.9116298956966284  1.1384277050524085  0.0023937823688998613
25.4  1.9159665216751094  1.1427079546195704  0.0024465771792157383
25.5  1.9202140635885083  1.1469483381337033  0.0025002090496484687
25.6  1.9243727292899921  1.151148666944811  0.002554685645995084
25.7  1.9284427389516552  1.1553087605208503  0.002610014631196781
25.8  1.9324243248431598  1.159428446337326  0.0026662036643360456
25.9  1.9363177311093462  1.1635075597684805  0.00272326039962939
26.0  1.9401232135484696  1.1675459439795686  0.002781192485415965
26.1  1.9438410393906107  1.1715434498210253  0.0028400075631423325
26.2  1.94747148707566  1.1754999357237625  0.0028997132663439425
26.3  1.9510148460329804  1.179415267596438  0.002960317219623439
26.4  1.9544714164598938  1.1832893187235562  0.003021827037626286
26.5  1.9578415091023398  1.1871219696657542  0.0030842503240140324
26.6  1.961125445034515  1.1909131081600133  0.003147594670435521
26.7  1.964323555440761  1.1946626290230815  0.003211867655496432
26.8  1.9674361813970822  1.198370434054368  0.0032770768437274805
26.9  1.9704636736542276  1.2020364319415124  0.003343229784551667
27.0  1.9734063924214602  1.2056605381654366  0.0034103340112507656
27.1  1.9762647071512105  1.2092426749093224  0.003478397039931666
27.2  1.979038996324878  1.2127827709653327  0.0035474263684925813
27.3  1.9817296472400157  1.2162807616451605  0.003617429475589748
27.4  1.9843370557983568  1.2197365886901022  0.0036884138196047107
27.5  1.9868616262947845  1.2231502001827268  0.0037603868376127575
27.6  1.989303771208809  1.2265215504598739  0.0038333559443526157
27.7  1.9916639109952843  1.2298506000252227  0.003907328531197907
27.8  1.993942473879074  1.2331373154648455  0.00398231196513056
27.9  1.9961398956489957  1.236381669361947  0.004058313587716564
28.0  1.9982566194541829  1.2395836402130218  0.004135340714084405
28.1  2.000293095601718  1.2427432123453364  0.004213400631906465
28.2  2.0022497813561273  1.245860375834504  0.004292500600383634
28.3  2.0041271407397683  1.2489351264232098  0.0043726478492335736
28.4  2.00592564433543  1.2519674654406958  0.0044538495776828314
28.5  2.0076457690907126  1.2549573997227026  0.0045361129534631445
28.6  2.009287998122894  1.257904941532749  0.004619445111812265
28.7  2.010852820527071  1.2608101084831933  0.0047038531544794865
28.8  2.0123407311844326  1.263672923457438  0.0047893441487363
28.9  2.013752230574285  1.266493414533636  0.00487592512639234
29.0  2.015087824585256  1.269271614906583  0.004963603082817041
29.1  2.016348024330576  1.2720075628133445  0.005052384975967093
29.2  2.017533345963895  1.2747013014569701  0.005142277725420118
29.3  2.0186443104973884  1.2773528789317508  0.005233288211414809
29.4  2.0196814436215975  1.2799623481493339  0.005325423273897719
29.5  2.0206452755270106  1.282529766764671  0.005418689711577028
29.6  2.021536340727765  1.285055197102775  0.005513094280983494
29.7  2.0223551778873032  1.2875387060865104  0.005608643695538924
29.8  2.023102329645244  1.2899803651635064  0.00570534462463226
29.9  2.0237783424474736  1.2923802502350397  0.005803203692703588
30.0  2.0243837663767876  1.2947384415844279  0.005902227478336461
