1.0 0.0038101560931958173
1.134 0.004393090551882472
1.268 0.004996406186732804
1.4020000000000001 0.005621064258112213
1.536 0.006268028871703146
1.67 0.006938479415431229
1.804 0.007634026933821464
1.9380000000000002 0.00835672447213025
2.072 0.009108736142990778
2.206 0.00989171995672116
2.34 0.010706130454462047
2.474 0.011550723657870545
2.608 0.01242255139889078
2.742 0.013317547338894418
2.8760000000000003 0.014231448219385559
3.0100000000000002 0.015160698393778173
3.144 0.016103372498801664
3.278 0.017060252728286963
3.412 0.01803548807822669
3.5460000000000003 0.019035880796478784
3.68 0.02006879957355879
3.814 0.021139960343321534
3.9480000000000004 0.02225246269211567
4.082000000000001 0.023407599151358125
4.216 0.02460674894656475
4.35 0.025852772005723956
4.484 0.02714956600206072
4.618 0.02849994501456053
4.752000000000001 0.029903458322226992
4.886 0.03135598770575319
5.0200000000000005 0.032851851216631284
5.154 0.034387199307583834
5.288 0.0359620558174556
5.422000000000001 0.03757935447116815
5.556 0.03924238459733987
5.69 0.04095378958164967
5.824 0.04271750474260796
5.958 0.04454176592953305
6.0920000000000005 0.04644028389369606
6.226 0.04843083241508571
6.36 0.050532874941856064
6.494000000000001 0.052765852953802456
6.628 0.05514836706883734
6.7620000000000005 0.05769769426185535
6.896000000000001 0.06042913672324539
7.03 0.06335492778599953
7.164000000000001 0.06648263015697572
7.298 0.06981322689895096
7.432 0.07333925160005324
7.566000000000001 0.07704320988218828
7.7 0.08089700109467603
7.8340000000000005 0.08486500108470924
7.968 0.0889145817954274
8.102 0.09303289911234355
8.236 0.09723921620080522
8.370000000000001 0.10157997248535233
8.504000000000001 0.10610552611524368
8.638000000000002 0.11084106679046019
8.772 0.11576725136816068
8.906 0.12082158767587363
9.040000000000001 0.12592476051648036
9.174000000000001 0.13102386484953307
9.308 0.136129199820232
9.442 0.1413205689162993
9.576 0.1467215036677571
9.71 0.15246300713462785
9.844000000000001 0.15865860132395476
9.978 0.16539682292021368
10.112 0.1727454764814706
10.246 0.18076006066273792
10.38 0.18949180916739222
10.514000000000001 0.1989938201576235
10.648 0.20932532885022354
10.782 0.2205546552361954
10.916 0.23276131902938715
11.05 0.2460376002184119
11.184000000000001 0.2604895582538371
11.318000000000001 0.276237216447338
11.452 0.29341325679814
11.586 0.31215920789405366
11.72 0.3326180213954312
11.854000000000001 0.3549228520281114
11.988000000000001 0.3791850169818662
12.122 0.40549020412170517
12.256 0.43391790462664465
12.39 0.4645948717359375
12.524000000000001 0.49777037416494624
12.658000000000001 0.5338731555839392
12.792000000000002 0.5735133873285041
12.926 0.6174344760936724
13.06 0.6664538681121724
13.194 0.7214253437779997
13.328000000000001 0.7832293189398275
13.462000000000002 0.8527865775337844
13.596 0.931101036372295
13.73 1.0193515215108582
13.864 1.1190456650185965
13.998000000000001 1.2322088658058477
14.132000000000001 1.3615413268376058
14.266 1.510495854404113
14.4 1.6833020298751797
14.534 1.8850049288143529
14.668000000000001 2.1215562772528305
14.802000000000001 2.3999342348188843
14.936 2.7282162401102488
15.07 3.1154802457125603
15.204 3.571333247667818
15.338000000000001 4.104741448970968
15.472000000000001 4.721674442561108
15.606000000000002 5.420966223827176
15.74 6.188004769158819
15.874 6.986920050102695
16.008000000000003 7.754412494864839
16.142000000000003 8.401686525252591
16.276000000000003 8.831529850192233
16.41 8.969848886989283
16.544 8.796342087209814
16.678 8.352945369199059
16.812 7.723779353104849
16.946 7.002248222912271
17.080000000000002 6.26564647241123
17.214000000000002 5.565368010656354
17.348000000000003 4.928868652914071
17.482 4.366369494487012
17.616 3.877600669051897
17.75 3.456805238281142
17.884 3.095908929109395
18.018 2.7863515487055404
18.152 2.520100631349787
18.286 2.2901818294989105
18.42 2.0908681408537597
18.554000000000002 1.9175986860892722
18.688000000000002 1.7667397079597806
18.822000000000003 1.6353284555172358
18.956 1.520887110939274
19.09 1.4213159513846423
19.224 1.3348357169000102
19.358 1.259948968722692
19.492 1.1954024515529134
19.626 1.1401410681773343
19.76 1.0932467614287136
19.894000000000002 1.0538561548915264
20.028000000000002 1.0210554853927718
20.162000000000003 0.9937684349933062
20.296 0.970687203341276
20.43 0.9503339179987995
20.564 0.9313221957214244
20.698 0.9127592159466511
20.832 0.89455472162704
20.966 0.8774003291121513
21.1 0.8624235037204485
21.234 0.850747597539842
21.368000000000002 0.8431687476636148
21.502000000000002 0.8399944521667572
21.636000000000003 0.8409881109089624
21.77 0.8453795048009272
21.904 0.8519532274932439
22.038 0.8592289633031087
22.172 0.8656952352762953
22.306 0.8700496559822092
22.44 0.871469742278865
22.574 0.8699191187211903
22.708000000000002 0.8663085402472009
22.842000000000002 0.8622764053396696
22.976000000000003 0.8596215660069499
23.110000000000003 0.8596942511980156
23.244 0.8630240918726955
23.378 0.8692733579653139
23.512 0.8774690385606242
23.646 0.8863893906952222
23.78 0.8949160166316933
23.914 0.9021941413450422
24.048000000000002 0.9076094718606749
24.182000000000002 0.9107435722907959
24.316000000000003 0.9114692565401196
24.450000000000003 0.9101800786049681
24.584000000000003 0.9079267805679094
24.718 0.906216390797015
24.852 0.9065031909976765
24.986 0.9096521723163407
25.12 0.9156351468266223
25.254 0.923559175416272
25.388 0.9320017070887872
25.522000000000002 0.9395199403049411
25.656000000000002 0.9450960836328439
25.790000000000003 0.9482994130944584
25.924000000000003 0.9491646829230311
26.058 0.9480195820948242
26.192 0.9454636984892583
26.326 0.942435148476286
26.46 0.9401567968860992
26.594 0.9399097323881808
26.728 0.9427831078442869
26.862000000000002 0.9495467297541142
26.996000000000002 0.9606632713426576
27.130000000000003 0.9763736539224438
27.264000000000003 0.9967887283352376
27.398000000000003 1.021951902861394
27.532 1.051862181343215
27.666 1.086459027010241
27.8 1.1255785219265138
27.934 1.1689050301762458
28.068 1.2159666736772456
28.202 1.2662371600412308
28.336000000000002 1.3193668636851341
28.470000000000002 1.37545633112091
28.604000000000003 1.435198549219544
28.738000000000003 1.4997871945479446
28.872 1.5706725285256087
29.006 1.6493388712000105
29.14 1.7372064235112443
29.274 1.8356489833213703
29.408 1.946071887387243
29.542 2.0700052626237837
29.676000000000002 2.2091931048751525
29.810000000000002 2.3656760259292917
29.944000000000003 2.5418727477456393
30.078000000000003 2.7406670416953065
30.212000000000003 2.965506565798168
30.346 3.22052003253358
30.48 3.5106605773103445
30.614 3.8418867855375494
30.748 4.221397395786676
30.882 4.657935537415789
31.016000000000002 5.162164462607681
31.150000000000002 5.747088494972072
31.284000000000002 6.428467265350496
31.418000000000003 7.225158002546091
31.552000000000003 8.159286359415274
31.686000000000003 9.25603447860507
31.82 10.542611129187668
31.954 12.045617589160678
32.088 13.78555540018045
32.222 15.766793753672033
32.356 17.961477685263567
32.49 20.287858015739662
32.624 22.589126362186683
32.758 24.628198554597045
32.892 26.120323533329817
33.026 26.813163798806478
33.160000000000004 26.58544307885955
33.294000000000004 25.501314506275957
33.428000000000004 23.778948191950942
33.562000000000005 21.698596330632668
33.696000000000005 19.513354021476015
33.830000000000005 17.402977783675865
33.964 15.469784554032346
34.098 13.756447107095434
34.232 12.268316235630063
34.366 10.991766999226343
34.5 9.90623897309747
34.634 8.99058054539276
34.768 8.225531372144788
34.902 7.594295607687497
35.036 7.082481886188304
35.17 6.677861687712214
35.304 6.369894438777137
35.438 6.148792774944766
35.572 6.003923289550818
35.706 5.921546365568081
35.84 5.882377652815654
35.974000000000004 5.860200906061103
36.108000000000004 5.823359432843617
36.242000000000004 5.740384492393566
36.376000000000005 5.588564858062744
36.510000000000005 5.361264925645727
36.644000000000005 5.069387719183234
36.778 4.735914303922459
36.912 4.387060072700972
37.046 4.044981027835605
37.18 3.724516909347268
37.314 3.4333772540629566
37.448 3.1739601866510974
37.582 2.9453941306098588
37.716 2.7451658064989966
37.85 2.5701943936111564
37.984 2.4174173729738566
38.118 2.2840249443036793
38.252 2.1674983789919025
38.386 2.0655847914232
38.52 1.9762888981236275
38.654 1.897903004793488
38.788000000000004 1.8290444415063454
38.922000000000004 1.7686481134959378
39.056000000000004 1.71589396880426
39.190000000000005 1.6701084516374907
39.324000000000005 1.6307025838286875
39.458000000000006 1.5971748761158975
39.592 1.56914876858014
39.726 1.5463816530842331
39.86 1.5287060719468408
39.994 1.5159217682553825
40.128 1.5076948685029155
40.262 1.5035168132974834
40.396 1.5027486265462613
40.53 1.504739023199726
40.664 1.5089731436802292
40.798 1.5152069005244155
40.932 1.5235562604580979
41.066 1.534510690003446
41.2 1.5488534155124019
41.334 1.5675175859146624
41.468 1.591435266178094
41.602000000000004 1.6214205306782854
41.736000000000004 1.6581007460090038
41.870000000000005 1.7018957081714163
42.004000000000005 1.753049100797021
42.138000000000005 1.8117325561664064
42.272000000000006 1.8782356134702227
42.406000000000006 1.9531995161810172
42.54 2.0377954183851408
42.674 2.1337750430508304
42.808 2.243420420885027
42.942 2.3694748171540168
43.076 2.5151140523218025
43.21 2.6839811162786926
43.344 2.88028899316972
43.478 3.1089823880920258
43.612 3.375937054351509
43.746 3.688172790170787
43.88 4.054055189267061
44.014 4.483444299341531
44.148 4.987699329817224
44.282000000000004 5.579354707663178
44.416000000000004 6.27113706957655
44.550000000000004 7.073800865688622
44.684000000000005 7.992063763021165
44.818000000000005 9.01789179096731
44.952000000000005 10.120989183479612
45.086000000000006 11.238408068915646
45.220000000000006 12.269195212324437
45.354 13.083966145421105
45.488 13.556768499781292
45.622 13.611456368160912
45.756 13.255769736514802
45.89 12.577814304806195
46.024 11.707985292263
46.158 10.774136082018602
46.292 9.873914036355764
46.426 9.068468914424843
46.56 8.389076373145686
46.694 7.847457285116193
46.828 7.444756419752992
46.962 7.177725808097854
47.096000000000004 7.04234364367793
47.230000000000004 7.03549209925577
47.364000000000004 7.155140690215347
47.498000000000005 7.399133841913949
47.632000000000005 7.762348412599579
47.766000000000005 8.231849703207251
47.900000000000006 8.780075125242519
48.034000000000006 9.357547257880306
48.168000000000006 9.889412873209533
48.302 10.282701711565219
48.436 10.449001336069369
48.57 10.336348884039726
48.704 9.951391491791044
48.838 9.355146384163682
48.972 8.635805835674942
49.106 7.878140270369492
49.24 7.145266911854134
49.374 6.474908795442847
49.508 5.88409246637429
49.642 5.376104915103559
49.776 4.946527506854433
49.910000000000004 4.587589977101097
50.044000000000004 4.291077724383937
50.178000000000004 4.050061471162822
50.312000000000005 3.859558288177327
50.446000000000005 3.7163266341441887
50.580000000000005 3.61819353768096
50.714000000000006 3.5632647200861522
50.848000000000006 3.5491109691320144
50.982000000000006 3.571846679286238
51.116 3.625090075988089
51.25 3.6991269705398873
51.384 3.781068349560775
51.518 3.8569583771050127
51.652 3.915905341200234
51.786 3.9543115920242284
51.92 3.9770096129024677
52.054 3.993739731543953
52.188 4.012797177592059
52.322 4.035365479052668
52.456 4.053211312968892
52.59 4.0509245647674685
52.724000000000004 4.0123409097672615
52.858000000000004 3.9283950009193545
52.992000000000004 3.8017710531304276
53.126000000000005 3.6454677210404394
53.260000000000005 3.4770296538014778
53.394000000000005 3.3126636024909986
53.528000000000006 3.1638097391864863
53.662000000000006 3.036135890272738
53.79600000000001 2.929948069074451
53.93 2.8412796487545044
54.064 2.7633875790792093
54.198 2.6887019578050304
54.332 2.6112243789572482
54.466 2.5287204059582598
54.6 2.443471822016308
54.734 2.3610058462340566
54.868 2.2876832937114515
55.002 2.2285884131928597
55.136 2.1864286035521667
55.27 2.1612742142132184
55.404 2.1507333448867167
55.538000000000004 2.150377322821835
55.672000000000004 2.1544313766864405
55.806000000000004 2.1567097952809107
55.940000000000005 2.1516804581065214
56.074000000000005 2.1355783972475857
56.208000000000006 2.1073933435204224
56.342000000000006 2.069193310471284
56.476000000000006 2.0252901991429253
56.61000000000001 1.9805537716455086
56.744 1.9388236109869803
56.878 1.9021312029628494
57.012 1.870821276123447
57.146 1.8442963456081025
57.28 1.821986060903552
57.414 1.8040959497417082
57.548 1.7918282156431675
57.682 1.7871056756348602
57.816 1.7920728836222437
57.95 1.8086314205528897
58.084 1.8381345710236296
58.218 1.881275917770147
58.352000000000004 1.9381917965714912
58.486000000000004 2.008816078568673
58.620000000000005 2.093466129395495
58.754000000000005 2.1934308236550923
58.888000000000005 2.3111416969331047
59.022000000000006 2.4496216402832425
59.156000000000006 2.6112589183623904
59.290000000000006 2.796154847067279
59.42400000000001 3.000262096970216
59.55800000000001 3.213658743356433
59.692 3.419882388949845
59.826 3.5978957341360296
59.96 3.7277559879117543
60.094 3.7984358849027995
60.228 3.813180003585225
60.362 3.7883716246136068
60.496 3.7467875462558027
60.63 3.7100571488839393
60.764 3.694282437519779
60.898 3.7094633160750585
61.032000000000004 3.761206751324078
61.166000000000004 3.85288593674734
61.300000000000004 3.987110719619607
61.434000000000005 4.166364350406528
61.568000000000005 4.393346619100769
61.702000000000005 4.671531779630037
61.836000000000006 5.005840662161486
61.970000000000006 5.402588623704679
62.104000000000006 5.867556053718789
62.23800000000001 6.401536104772793
62.37200000000001 6.993738271200106
62.506 7.614524028932369
62.64 8.21054579862529
62.774 8.707526439551675
62.908 9.02590110129175
63.042 9.107789201920104
63.176 8.941817685185985
63.31 8.568252807484281
63.444 8.060338601478946
63.578 7.495762838576396
63.712 6.9352081414773075
63.846000000000004 6.414395719464326
63.980000000000004 5.946510982111458
64.114 5.529677474519403
64.248 5.155610468768113
64.382 4.816722751169413
64.516 4.509690018424786
64.65 4.2352222966110995
64.784 3.995803772241154
64.918 3.7935287106920708
65.052 3.6289788325840426
65.186 3.500981732950542
65.32000000000001 3.406796650503305
65.45400000000001 3.3424588650806495
65.58800000000001 3.303257914246346
65.72200000000001 3.284437138043187
65.85600000000001 3.2821177261786247
65.99000000000001 3.2942205385907672
66.12400000000001 3.320985559577103
66.25800000000001 3.364814590373629
66.39200000000001 3.4295687137472655
66.52600000000001 3.5197597687439313
66.66000000000001 3.6400193920496347
66.794 3.7949827792299566
66.928 3.9895360712375583
67.062 4.229276481428297
67.196 4.520978988841522
67.33 4.8728756493519025
67.464 5.29464093600477
67.598 5.7970311026776145
67.732 6.391031854018362
67.866 7.086150287892493
68.0 7.887270902738543
68.134 8.789468384515056
68.268 9.770695915962657
68.402 10.783952930630939
68.536 11.753691525162104
68.67 12.58417409602444
68.804 13.185108827381454
68.938 13.507727411557628
69.072 13.570071823552126
69.206 13.452596399866774
69.34 13.267700876818182
69.474 13.125001836851848
69.608 13.109793133751479
69.742 13.27636975568295
69.876 13.648304916811995
70.01 14.217773292455542
70.144 14.940498091495787
70.278 15.728431428624187
70.412 16.448290636793104
70.546 16.93820453287271
70.68 17.049474840154364
70.81400000000001 16.70065369774905
70.94800000000001 15.910997032516029
71.08200000000001 14.78806451410291
71.21600000000001 13.479500629005226
71.35000000000001 12.122911271023632
71.48400000000001 10.818070454183951
71.61800000000001 9.622770122888529
71.75200000000001 8.561555722967272
71.88600000000001 7.6373609407208285
72.02000000000001 6.841090107628812
72.15400000000001 6.158028504851042
72.28800000000001 5.571700238305467
72.42200000000001 5.066174351506152
72.556 4.627519004181886
72.69 4.244590625368425
72.824 3.909080309366178
72.958 3.614927855444672
73.092 3.357512826632449
73.226 3.1330203388198625
73.36 2.938110140983503
73.494 2.7697842745697554
73.628 2.6252822210440394
73.762 2.5018951898759147
73.896 2.3966993861013712
74.03 2.306299137280377
74.164 2.2267328896468754
74.298 2.1537195573550982
74.432 2.083328902247719
74.566 2.0128725724244427
74.7 1.9414899992388093
74.834 1.8699411013726723
74.968 1.7996567639372845
75.102 1.7316551377371416
75.236 1.665964309937563
75.37 1.60178158613388
75.504 1.5381425505534063
75.638 1.4745972636841604
75.772 1.4114452559945458
75.906 1.349476671253389
76.04 1.289545998921281
76.174 1.2323121947372875
76.308 1.1782180277291232
76.44200000000001 1.1275782531745777
76.57600000000001 1.0806400824062357
76.71000000000001 1.0375796082489321
76.84400000000001 0.9984716562191271
76.97800000000001 0.9632763056181789
77.11200000000001 0.9318555987466041
77.24600000000001 0.9040097995170944
77.38000000000001 0.8795187050752076
77.51400000000001 0.8581806517724331
77.64800000000001 0.8398461964225352
77.78200000000001 0.8244409497788335
77.91600000000001 0.8119698009790927
78.05000000000001 0.8024995580424343
78.184 0.7961233717436048
78.318 0.7929084761669504
78.452 0.7928204597738797
78.586 0.7956137281649347
78.72 0.8006901333155918
78.854 0.8069638697341344
78.988 0.8128271804762489
79.122 0.8163484139273398
79.256 0.8157656756640393
79.39 0.810120120464312
79.524 0.7996600704162397
79.658 0.7857299841065459
79.792 0.7702329437559513
79.926 0.7550261042504043
80.06 0.7415356475504238
80.194 0.7306443496875755
80.328 0.7227490123324738
80.462 0.7178505314568885
80.596 0.7155827805123585
80.73 0.7151741682038205
80.864 0.715427346370514
80.998 0.714845644527968
81.132 0.7119856171680353
81.266 0.7059561910423482
81.4 0.696798216935171
81.534 0.6854774340261752
81.668 0.673492455218127
81.802 0.6623637557216919
81.936 0.6532568557520948
82.07000000000001 0.6468019844366975
82.20400000000001 0.6430387176450867
82.33800000000001 0.641409569032728
82.47200000000001 0.6407990778506933
82.60600000000001 0.6396948690500399
82.74000000000001 0.6365545352192021
82.87400000000001 0.6303257841552228
83.00800000000001 0.6208569017957776
83.14200000000001 0.6089093553499098
83.27600000000001 0.595765906445099
83.41000000000001 0.5827247794115896
83.54400000000001 0.5707692491870413
83.67800000000001 0.5604918677950228
83.81200000000001 0.5521885999575394
83.946 0.5460018725563924
84.08 0.5420282250939332
84.214 0.5403616597633117
84.348 0.5410859211177538
84.482 0.5442397482928725
84.616 0.549766734309331
84.75 0.5574506895554883
84.884 0.5668453306908485
85.018 0.5772334298394867
85.152 0.5876739626127538
85.286 0.5971717074144103
85.42 0.6049069640198059
85.554 0.6103751734671342
85.688 0.6133551967548323
85.822 0.6138177304087993
85.956 0.6119413604887047
86.09 0.608220786914605
86.224 0.6034846619548759
86.358 0.5987207475158806
86.492 0.5948009963947521
86.626 0.592260796244746
86.76 0.5912083802898629
86.894 0.5913625525857126
87.028 0.5921921013712876
87.162 0.5931183827960881
87.296 0.5937178960837549
87.43 0.5938493834132841
87.56400000000001 0.593659258408086
87.69800000000001 0.5934832322507124
87.83200000000001 0.5937181634949517
87.96600000000001 0.5947368212529667
88.10000000000001 0.5968620748256922
88.23400000000001 0.6003679810794027
88.36800000000001 0.6054762755974576
88.50200000000001 0.6123448922702274
88.63600000000001 0.6210590600671319
88.77000000000001 0.6316302512884773
88.90400000000001 0.6440028972944319
89.03800000000001 0.658071916662043
89.17200000000001 0.6737176756912411
89.30600000000001 0.6908574807808916
89.44000000000001 0.7094934673681862
89.57400000000001 0.7297236625698946
89.708 0.7516990858739099
89.842 0.7755514359577923
89.976 0.801346672882836
90.11 0.829109160592357
90.244 0.8589117511854949
90.378 0.8909710242456227
90.512 0.9256766714838276
90.646 0.963543989901047
90.78 1.0051478039092099
90.914 1.0510967285669435
91.048 1.1020496845617627
91.182 1.1587323568479435
91.316 1.2219161725139294
91.45 1.2923558614008408
91.584 1.3707109473209675
91.718 1.4574986385835402
91.852 1.5531487242442072
91.986 1.6582267554237677
92.12 1.7738051315361854
92.254 1.901812324015246
92.388 2.0451398698819365
92.522 2.207456454918431
92.656 2.3929139229429146
92.79 2.6059890870046445
92.924 2.8515894407998834
93.058 3.1354090871962774
93.19200000000001 3.4644088029673226
93.32600000000001 3.8472022036916838
93.46000000000001 4.2940938111624565
93.59400000000001 4.8165600409149
93.72800000000001 5.426000174599244
93.86200000000001 6.131480381824243
93.99600000000001 6.936000320553666
94.13000000000001 7.83083970042134
94.26400000000001 8.78826718956647
94.39800000000001 9.754758916213946
94.53200000000001 10.649566371743573
94.66600000000001 11.374566114320517
94.80000000000001 11.836755245046586
94.93400000000001 11.97486623479582
95.06800000000001 11.776221991103284
95.20200000000001 11.277021861650582
95.33600000000001 10.549795423897635
95.47 9.684468558373485
95.604 8.768463681295279
95.738 7.871626741551039
95.872 7.039898624531125
96.006 6.296957690905423
96.14 5.650014638166216
96.274 5.096200875639354
96.408 4.627693863327906
96.542 4.235102914040098
96.676 3.909323761378859
96.81 3.642328419470172
96.944 3.4273803940475007
97.078 3.259029841128771
97.212 3.133061715420089
97.346 3.0464449625758054
97.48 2.997279857461763
97.614 2.984733100649366
97.748 3.008958404203348
97.882 3.0710085725246814
98.016 3.172746872927304
98.15 3.3167518531700204
98.284 3.506150815312299
98.418 3.744180294612675
98.552 4.033102824529628
98.686 4.3720683003137415
98.82000000000001 4.75375469078793
98.95400000000001 5.160246578699813
99.08800000000001 5.559707679024784
99.22200000000001 5.906759167060617
99.35600000000001 6.149761801553094
99.49000000000001 6.2453084733575315
99.62400000000001 6.174280796251659
99.75800000000001 5.94984886639411
99.89200000000001 5.611695419864514
100.02600000000001 5.2104803930942625
100.16000000000001 4.7924284987895645
100.29400000000001 4.390916585775594
100.42800000000001 4.025356570857183
100.56200000000001 3.704128092980148
100.69600000000001 3.4285418770301246
100.83000000000001 3.1962684741394103
100.96400000000001 3.0037230566973983
101.098 2.8474105783008175
101.232 2.7244578965637123
101.366 2.6326335035303425
101.5 2.5701573106676965
101.634 2.535561418161164
101.768 2.527770391558069
101.902 2.546420712498913
102.036 2.5922599155323387
102.17 2.667368449967725
102.304 2.7750538545364107
102.438 2.9194819836990566
102.572 3.10517798957275
102.706 3.336384427827019
102.84 3.6160742742339402
102.974 3.944347309649724
103.108 4.316093893038341
103.242 4.718339408839682
103.376 5.1286836692781925
103.51 5.517242223415732
103.644 5.853870196169549
103.778 6.118619566948045
103.912 6.308469387018863
104.046 6.4337222361387765
104.18 6.505273341991576
104.31400000000001 6.521812667310722
104.44800000000001 6.466421114399351
104.58200000000001 6.31567375210978
104.71600000000001 6.055723544601458
104.85000000000001 5.694162376764864
104.98400000000001 5.259475732057063
105.11800000000001 4.790082100196325
105.25200000000001 4.321805260376245
105.38600000000001 3.880511122722914
105.52000000000001 3.480768667242623
105.65400000000001 3.128029399657273
105.78800000000001 2.821756488762428
105.92200000000001 2.558145867115618
106.05600000000001 2.332076452417945
106.19000000000001 2.138344327810676
106.32400000000001 1.9722913380947364
106.45800000000001 1.8299438785013147
106.59200000000001 1.7078548835428506
106.72600000000001 1.6028936297714473
106.86 1.5121641623641902
106.994 1.433100953876803
107.128 1.3636751812787054
107.262 1.3025839162210675
107.396 1.2492923826974662
107.53 1.2038705170253925
107.664 1.166693492670387
107.798 1.138156392135039
107.932 1.118511245668416
108.066 1.107834436253315
108.2 1.1060575300075395
108.334 1.11295000487044
108.468 1.1279269073304168
108.602 1.1496135208088392
108.736 1.175255148789668
108.87 1.2002685100087849
109.004 1.2184095837721398
109.138 1.2229961412704378
109.272 1.2090786819126482
109.406 1.1755002430526946
109.54 1.1254075368654461
109.674 1.0648063810683495
109.808 1.0002546747701773
109.94200000000001 0.9371095337539799
110.07600000000001 0.8788799415601667
110.21000000000001 0.8273862005982779
110.34400000000001 0.7832072822604507
110.47800000000001 0.7460795731428421
110.61200000000001 0.7151391134728472
110.74600000000001 0.6890408933634921
110.88000000000001 0.6660618980792076
111.01400000000001 0.6443183254239315
111.14800000000001 0.6221587910408981
111.28200000000001 0.598611937671427
111.41600000000001 0.5736141623971358
111.55000000000001 0.5478452873507896
111.68400000000001 0.5222996779813848
111.81800000000001 0.4978807304736997
111.95200000000001 0.47519479690042576
112.08600000000001 0.45453361723762287
112.22000000000001 0.4359512053505106
112.35400000000001 0.4193570408700861
112.488 0.4045897983512103
112.622 0.39146494455215086
112.756 0.3798014178366747
112.89 0.3694346583712474
113.024 0.3602215376412305
113.158 0.35204025499532415
113.292 0.34478647453828926
113.426 0.3383665099675451
113.56 0.3326890390966928
113.694 0.3276581962896905
113.828 0.3231725690478079
113.962 0.3191348374688249
114.096 0.3154719907466834
114.23 0.3121563406743353
114.364 0.3092125529360546
114.498 0.3067051519149318
114.632 0.3047163782934461
114.766 0.30332883751925144
114.9 0.30261940886878175
115.034 0.3026621536436201
115.168 0.30353526511778633
115.302 0.3053285366709408
115.436 0.3081498035527232
115.57000000000001 0.3121298057116858
115.70400000000001 0.31742487213220466
115.83800000000001 0.3242159782658438
115.97200000000001 0.33270113191537054
116.10600000000001 0.3430756311389622
116.24000000000001 0.355491711656258
116.37400000000001 0.3699867450631148
116.50800000000001 0.3863711895915199
116.64200000000001 0.40408126820435497
116.77600000000001 0.4220353650523149
116.91000000000001 0.4385852131348311
117.04400000000001 0.45168979168740875
117.17800000000001 0.4593913519698987
117.31200000000001 0.46048575215514653
117.44600000000001 0.4550414208621323
117.58000000000001 0.44440209472756087
117.71400000000001 0.43065174672185713
117.84800000000001 0.4159088458681933
117.98200000000001 0.40184104950505517
118.11600000000001 0.3895187772585028
118.25 0.3794995553001864
118.384 0.3719924266007893
118.518 0.3670098892695296
118.652 0.364476331422393
118.786 0.3642947397866075
118.92 0.36638380811761706
119.054 0.3706977560232315
119.188 0.3772384520151197
119.322 0.38606602427230907
119.456 0.3973100609504495
119.59 0.41117985964353665
119.724 0.42797177533486247
119.858 0.4480748983143047
119.992 0.4719789557859046
120.126 0.5002873130793948
120.26 0.5337347754300186
120.394 0.5732070267037789
120.528 0.6197559223746105
120.662 0.6746006584483677
120.796 0.7390970315591849
120.93 0.8146438801345162
121.06400000000001 0.90247694466117
121.19800000000001 1.0032804581985852
121.33200000000001 1.116544580819576
121.46600000000001 1.2396593313184836
121.60000000000001 1.366940130591589
121.73400000000001 1.4891661021291163
121.86800000000001 1.594575224224266
122.00200000000001 1.671966359817005
122.13600000000001 1.7150500276148866
122.27000000000001 1.7253838970414312
122.40400000000001 1.7114843125761712
122.53800000000001 1.6845089372305815
122.67200000000001 1.6532902296498424
122.80600000000001 1.621225683175343
122.94000000000001 1.585905729950711
123.07400000000001 1.5412533675004145
123.20800000000001 1.4812680985711038
123.34200000000001 1.4036006076437642
123.47600000000001 1.3109358814381082
123.61000000000001 1.2096013878285945
123.74400000000001 1.1068348053966426
123.87800000000001 1.0086121640057797
124.012 0.9188121177963242
124.146 0.839379616841004
124.28 0.7708765588585159
124.414 0.7130348825531437
124.548 0.6651780104295897
124.682 0.6265004977138972
124.816 0.5962340649702069
124.95 0.5737324053563123
125.084 0.5584998258768095
125.218 0.5501776530812778
125.352 0.5484906356213084
125.486 0.5531454021459979
125.62 0.5636675400879685
125.754 0.5791695094192114
125.888 0.5980692992371509
126.022 0.6178426879459153
126.156 0.6349914043870877
126.29 0.6454847454890106
126.424 0.6458046338418704
126.558 0.6342542674124466
126.69200000000001 0.6117125261108337
126.82600000000001 0.5812315755515082
126.96000000000001 0.5467655076964659
127.09400000000001 0.5118948473600455
127.22800000000001 0.4791416118521401
127.36200000000001 0.44988852931438966
127.49600000000001 0.4246228466769642
127.63000000000001 0.4032533387572259
127.76400000000001 0.38538045313846864
127.89800000000001 0.37049962073612547
128.032 0.358156419278269
128.166 0.3480602369838609
128.3 0.34013516456794285
128.43400000000003 0.33448513488191756
128.568 0.3312838058382106
128.702 0.3306297398156533
128.836 0.3323997011489213
128.97000000000003 0.3361087442840071
129.104 0.34079226389225153
129.238 0.3449769372570671
129.372 0.3468603510540832
129.506 0.3447725915576265
129.64000000000001 0.3377808241826251
129.774 0.32607205875656203
129.90800000000002 0.3108263477751093
130.042 0.29368308920385794
130.17600000000002 0.2761778255950423
130.31 0.2594263797392568
130.44400000000002 0.24407605208954525
130.578 0.2304041443046675
130.71200000000002 0.21845046445216867
130.846 0.2081269612414395
130.98000000000002 0.19929082664422673
131.114 0.19178640443198533
131.24800000000002 0.18546526833310026
131.382 0.18019197848426366
131.51600000000002 0.1758400565047793
131.65 0.17228063090893608
131.78400000000002 0.16936611691524453
131.918 0.16691423758469714
132.05200000000002 0.16470343900331194
132.186 0.1624943903768275
132.32000000000002 0.16008308693347487
132.454 0.15736471443798664
132.588 0.15436575570519157
132.722 0.15121805062143837
132.856 0.1480934991783505
132.99 0.14514171472090429
133.124 0.14245624440392401
133.258 0.1400679016014147
133.392 0.13795302477539895
133.526 0.13604890117233986
133.66 0.13427529621607837
133.794 0.1325608376070391
133.928 0.1308662016800085
134.062 0.12919266883201383
134.196 0.12757254444186475
134.33 0.12604993030266157
134.464 0.1246639240942696
134.598 0.12344077919106147
134.732 0.1223944092064468
134.866 0.1215309809585035
