1     1       0          92.09      0.93      
2     4       37.16      153.49     0.02      
3     2       37.16      153.49     0.02      
4     3       37.16      153.49     0.02      

1     2       0          153.49     0.1       
1     3       0          153.49     0.1       
3     1       37.16      92.09      0.37      
4     1       37.16      92.09      0.39      

1     4       0          153.49     0.2       
2     1       37.16      92.09      0.76      

1     2       0          153.49     0.1       
1     3       0          153.49     0.1       
3     1       37.16      92.09      0.39      
4     1       37.16      92.09      0.37      

1     4       0          153.49     0.72      
2     1       37.16      92.09      0.21      
2     9       37.16      214.89     0.02      
3     6       37.16      214.89     0.01      
4     7       37.16      214.89     0.01      

1     2       0          153.49     0.36      
1     3       0          153.49     0.37      
3     1       37.16      92.09      0.1       
3     5       37.16      214.89     0.01      
4     1       37.16      92.09      0.11      
4     8       37.16      214.89     0.01      

1     2       0          153.49     0.37      
1     3       0          153.49     0.36      
3     1       37.16      92.09      0.11      
3     5       37.16      214.89     0.01      
4     1       37.16      92.09      0.11      
4     8       37.16      214.89     0.01      

2     2       37.16      153.49     0.03      
2     3       37.16      153.49     0.03      
3     4       37.16      153.49     0.03      
4     4       37.16      153.49     0.03      
5     1       70.13      92.09      0.04      
6     1       70.13      92.09      0.04      
8     1       70.13      92.09      0.06      
9     1       70.13      92.09      0.04      
10    1       95.24      92.09      0.04      
12    1       95.24      92.09      0.02      
13    1       95.24      92.09      0.22      
15    1       136.59     92.09      0.02      
16    1       136.59     92.09      0.02      
17    1       136.59     92.09      0.1       
18    1       136.59     92.09      0.03      
19    1       136.59     92.09      0.19      

2     4       37.16      153.49     0.03      
3     2       37.16      153.49     0.01      
3     3       37.16      153.49     0.01      
4     2       37.16      153.49     0.01      
4     3       37.16      153.49     0.01      
5     1       70.13      92.09      0.16      
6     1       70.13      92.09      0.06      
7     1       70.13      92.09      0.02      
7     2       70.13      153.49     0.01      
10    1       95.24      92.09      0.04      
11    1       95.24      92.09      0.2       
12    1       95.24      92.09      0.08      
13    1       95.24      92.09      0.01      
15    1       136.59     92.09      0.07      
18    1       136.59     92.09      0.18      
19    1       136.59     92.09      0.01      

3     2       37.16      153.49     0.07      
4     3       37.16      153.49     0.07      
5     1       70.13      92.09      0.07      
6     1       70.13      92.09      0.02      
7     1       70.13      92.09      0.05      
8     1       70.13      92.09      0.04      
9     1       70.13      92.09      0.18      
10    1       95.24      92.09      0.02      
11    1       95.24      92.09      0.06      
13    1       95.24      92.09      0.03      
14    1       95.24      92.09      0.08      
16    1       136.59     92.09      0.11      
17    1       136.59     92.09      0.02      
18    1       136.59     92.09      0.09      
19    1       136.59     92.09      0.03      

2     2       37.16      153.49     0.04      
2     3       37.16      153.49     0.04      
3     4       37.16      153.49     0.04      
4     4       37.16      153.49     0.04      
5     1       70.13      92.09      0.04      
6     1       70.13      92.09      0.03      
8     1       70.13      92.09      0.07      
9     1       70.13      92.09      0.04      
10    1       95.24      92.09      0.06      
12    1       95.24      92.09      0.13      
13    1       95.24      92.09      0.03      
14    1       95.24      92.09      0.07      
15    1       136.59     92.09      0.02      
16    1       136.59     92.09      0.02      
17    1       136.59     92.09      0.11      
18    1       136.59     92.09      0.03      
19    1       136.59     92.09      0.17      

2     4       37.16      153.49     0.05      
3     2       37.16      153.49     0.04      
3     3       37.16      153.49     0.01      
4     2       37.16      153.49     0.01      
4     3       37.16      153.49     0.04      
7     1       70.13      92.09      0.03      
8     1       70.13      92.09      0.1       
9     1       70.13      92.09      0.06      
12    1       95.24      92.09      0.09      
13    1       95.24      92.09      0.02      
14    1       95.24      92.09      0.18      
16    1       136.59     92.09      0.18      
17    1       136.59     92.09      0.06      
18    1       136.59     92.09      0.08      
19    1       136.59     92.09      0.02      

5     2       70.13      153.49     0.01      
6     1       70.13      92.09      0.04      
6     2       70.13      153.49     0.01      
8     1       70.13      92.09      0.18      
9     2       70.13      153.49     0.01      
9     4       70.13      153.49     0.01      
10    1       95.24      92.09      0.09      
10    2       95.24      153.49     0.01      
11    1       95.24      92.09      0.01      
12    1       95.24      92.09      0.14      
13    2       95.24      153.49     0.03      
14    1       95.24      92.09      0.05      
15    1       136.59     92.09      0.15      
17    1       136.59     92.09      0.11      
19    2       136.59     153.49     0.05      

5     1       70.13      92.09      0.06      
5     2       70.13      153.49     0.01      
6     1       70.13      92.09      0.06      
6     2       70.13      153.49     0.02      
7     1       70.13      92.09      0.27      
9     1       70.13      92.09      0.07      
10    1       95.24      92.09      0.06      
11    2       95.24      153.49     0.06      
12    2       95.24      153.49     0.01      
13    1       95.24      92.09      0.04      
14    1       95.24      92.09      0.1       
15    1       136.59     92.09      0.03      
15    2       136.59     153.49     0.02      
16    1       136.59     92.09      0.04      
18    1       136.59     92.09      0.05      
18    2       136.59     153.49     0.04      
19    1       136.59     92.09      0.02      

1     6       0          214.89     0.09      
1     7       0          214.89     0.09      
2     2       37.16      153.49     0.15      
2     3       37.16      153.49     0.16      
3     4       37.16      153.49     0.16      
4     4       37.16      153.49     0.16      
5     1       70.13      92.09      0.01      
6     1       70.13      92.09      0.01      
9     1       70.13      92.09      0.01      
10    1       95.24      92.09      0.01      
13    1       95.24      92.09      0.01      
14    1       95.24      92.09      0.02      
19    1       136.59     92.09      0.06      

1     5       0          214.89     0.08      
1     8       0          214.89     0.09      
3     2       37.16      153.49     0.29      
4     3       37.16      153.49     0.31      
8     1       70.13      92.09      0.01      
9     1       70.13      92.09      0.07      
11    1       95.24      92.09      0.02      
18    1       136.59     92.09      0.03      

1     10      0          214.89     0.19      
2     4       37.16      153.49     0.1       
3     2       37.16      153.49     0.03      
3     3       37.16      153.49     0.3       
4     2       37.16      153.49     0.3       
4     3       37.16      153.49     0.01      

1     5       0          214.89     0.01      
1     8       0          214.89     0.01      
1     9       0          214.89     0.15      
2     4       37.16      153.49     0.41      
3     2       37.16      153.49     0.04      
3     3       37.16      153.49     0.05      
4     2       37.16      153.49     0.05      
4     3       37.16      153.49     0.04      
8     1       70.13      92.09      0.04      
9     1       70.13      92.09      0.02      
10    1       95.24      92.09      0.01      
11    1       95.24      92.09      0.02      
12    1       95.24      92.09      0.03      
14    1       95.24      92.09      0.02      
17    1       136.59     92.09      0.03      

1     6       0          214.89     0.09      
1     7       0          214.89     0.09      
2     2       37.16      153.49     0.15      
2     3       37.16      153.49     0.15      
3     4       37.16      153.49     0.15      
4     4       37.16      153.49     0.15      
5     1       70.13      92.09      0.02      
6     1       70.13      92.09      0.01      
9     1       70.13      92.09      0.02      
10    1       95.24      92.09      0.02      
12    1       95.24      92.09      0.02      
18    1       136.59     92.09      0.01      
19    1       136.59     92.09      0.07      

6     1       70.13      92.09      0.04      
8     1       70.13      92.09      0.07      
9     1       70.13      92.09      0.04      
10    1       95.24      92.09      0.03      
11    1       95.24      92.09      0.1       
11    4       95.24      153.49     0.01      
12    1       95.24      92.09      0.05      
14    1       95.24      92.09      0.02      
15    1       136.59     92.09      0.44      
17    1       136.59     92.09      0.04      
18    4       136.59     153.49     0.04      
19    2       136.59     153.49     0.02      

1     1       0          92.09      0.05      
1     5       0          214.89     0.08      
1     8       0          214.89     0.08      
1     9       0          214.89     0.02      
1     10      0          214.89     0.02      
2     4       37.16      153.49     0.12      
3     2       37.16      153.49     0.23      
4     3       37.16      153.49     0.23      
11    1       95.24      92.09      0.03      
15    1       136.59     92.09      0.01      
18    1       136.59     92.09      0.06      

5     1       70.13      92.09      0.07      
6     1       70.13      92.09      0.06      
7     1       70.13      92.09      0.31      
9     1       70.13      92.09      0.07      
9     2       70.13      153.49     0.02      
10    1       95.24      92.09      0.09      
12    1       95.24      92.09      0.08      
13    1       95.24      92.09      0.05      
15    1       136.59     92.09      0.03      
16    1       136.59     92.09      0.04      
18    1       136.59     92.09      0.05      
19    1       136.59     92.09      0.03      
19    4       136.59     153.49     0.01      

6     1       70.13      92.09      0.4       
9     1       70.13      92.09      0.09      
9     4       70.13      153.49     0.02      
11    1       95.24      92.09      0.33      
18    1       136.59     92.09      0.07      
18    4       136.59     153.49     0.01      

2     2       37.16      153.49     0.24      
2     3       37.16      153.49     0.24      
3     4       37.16      153.49     0.24      
4     4       37.16      153.49     0.24      

2     2       37.16      153.49     0.24      
2     3       37.16      153.49     0.25      
3     4       37.16      153.49     0.24      
4     4       37.16      153.49     0.24      

3     3       37.16      153.49     0.48      
4     2       37.16      153.49     0.49      

2     5       37.16      214.89     0.01      
2     9       37.16      214.89     0.05      
3     6       37.16      214.89     0.03      
3     7       37.16      214.89     0.02      
4     6       37.16      214.89     0.01      
5     2       70.13      153.49     0.01      
5     3       70.13      153.49     0.02      
5     4       70.13      153.49     0.04      
6     2       70.13      153.49     0.01      
6     3       70.13      153.49     0.01      
7     4       70.13      153.49     0.01      
8     2       70.13      153.49     0.01      
8     4       70.13      153.49     0.06      
9     2       70.13      153.49     0.02      
9     3       70.13      153.49     0.02      
10    2       95.24      153.49     0.02      
10    3       95.24      153.49     0.02      
11    4       95.24      153.49     0.01      
12    2       95.24      153.49     0.05      
12    3       95.24      153.49     0.02      
12    4       95.24      153.49     0.07      
13    2       95.24      153.49     0.02      
13    3       95.24      153.49     0.07      
14    2       95.24      153.49     0.02      
14    4       95.24      153.49     0.09      
16    4       136.59     153.49     0.02      
17    2       136.59     153.49     0.02      
17    3       136.59     153.49     0.01      
17    4       136.59     153.49     0.03      
18    2       136.59     153.49     0.01      
18    3       136.59     153.49     0.01      
19    2       136.59     153.49     0.03      
19    3       136.59     153.49     0.02      

2     6       37.16      214.89     0.05      
2     7       37.16      214.89     0.01      
3     9       37.16      214.89     0.04      
4     9       37.16      214.89     0.01      
5     2       70.13      153.49     0.01      
5     3       70.13      153.49     0.04      
5     4       70.13      153.49     0.03      
6     4       70.13      153.49     0.03      
8     2       70.13      153.49     0.04      
8     3       70.13      153.49     0.02      
8     4       70.13      153.49     0.01      
9     2       70.13      153.49     0.02      
9     4       70.13      153.49     0.03      
10    4       95.24      153.49     0.04      
11    2       95.24      153.49     0.01      
12    2       95.24      153.49     0.05      
12    3       95.24      153.49     0.02      
12    4       95.24      153.49     0.08      
13    4       95.24      153.49     0.06      
14    2       95.24      153.49     0.06      
14    3       95.24      153.49     0.03      
14    4       95.24      153.49     0.03      
15    4       136.59     153.49     0.01      
16    2       136.59     153.49     0.05      
16    4       136.59     153.49     0.02      
17    2       136.59     153.49     0.02      
17    4       136.59     153.49     0.02      
18    3       136.59     153.49     0.02      
18    4       136.59     153.49     0.02      
19    4       136.59     153.49     0.03      

2     8       37.16      214.89     0.04      
2     9       37.16      214.89     0.01      
4     7       37.16      214.89     0.06      
8     3       70.13      153.49     0.09      
9     4       70.13      153.49     0.04      
11    4       95.24      153.49     0.03      
12    4       95.24      153.49     0.03      
13    3       95.24      153.49     0.06      
14    3       95.24      153.49     0.02      
14    4       95.24      153.49     0.01      
16    4       136.59     153.49     0.07      
17    3       136.59     153.49     0.15      
19    2       136.59     153.49     0.01      
19    3       136.59     153.49     0.24      

2     7       37.16      214.89     0.05      
4     8       37.16      214.89     0.02      
4     9       37.16      214.89     0.03      
6     3       70.13      153.49     0.02      
7     1       70.13      92.09      0.01      
8     4       70.13      153.49     0.06      
9     3       70.13      153.49     0.08      
10    3       95.24      153.49     0.02      
11    3       95.24      153.49     0.06      
12    3       95.24      153.49     0.04      
13    4       95.24      153.49     0.08      
16    3       136.59     153.49     0.1       
17    4       136.59     153.49     0.1       
19    4       136.59     153.49     0.15      

3     5       37.16      214.89     0.01      
4     8       37.16      214.89     0.05      
5     2       70.13      153.49     0.01      
5     3       70.13      153.49     0.18      
6     3       70.13      153.49     0.02      
8     2       70.13      153.49     0.01      
9     3       70.13      153.49     0.04      
10    3       95.24      153.49     0.01      
11    3       95.24      153.49     0.06      
12    3       95.24      153.49     0.03      
14    2       95.24      153.49     0.03      
15    3       136.59     153.49     0.04      
16    3       136.59     153.49     0.06      
18    3       136.59     153.49     0.26      
19    4       136.59     153.49     0.01      

2     5       37.16      214.89     0.02      
2     9       37.16      214.89     0.01      
3     6       37.16      214.89     0.06      
3     7       37.16      214.89     0.01      
5     2       70.13      153.49     0.02      
5     3       70.13      153.49     0.02      
6     2       70.13      153.49     0.02      
6     3       70.13      153.49     0.02      
6     4       70.13      153.49     0.03      
7     4       70.13      153.49     0.04      
9     2       70.13      153.49     0.02      
9     3       70.13      153.49     0.02      
9     4       70.13      153.49     0.02      
10    2       95.24      153.49     0.03      
10    3       95.24      153.49     0.02      
10    4       95.24      153.49     0.03      
11    1       95.24      92.09      0.02      
11    4       95.24      153.49     0.09      
12    2       95.24      153.49     0.04      
12    3       95.24      153.49     0.02      
13    2       95.24      153.49     0.07      
13    3       95.24      153.49     0.06      
13    4       95.24      153.49     0.03      
14    4       95.24      153.49     0.02      
15    4       136.59     153.49     0.02      
16    2       136.59     153.49     0.01      
16    3       136.59     153.49     0.01      
18    2       136.59     153.49     0.02      
18    3       136.59     153.49     0.01      
18    4       136.59     153.49     0.02      
19    4       136.59     153.49     0.02      

1     5       0          214.89     0.07      
1     8       0          214.89     0.07      
1     9       0          214.89     0.18      
5     1       70.13      92.09      0.18      
5     2       70.13      153.49     0.01      
6     2       70.13      153.49     0.01      
7     1       70.13      92.09      0.03      
7     2       70.13      153.49     0.05      
9     2       70.13      153.49     0.01      
10    1       95.24      92.09      0.09      
10    2       95.24      153.49     0.01      
11    1       95.24      92.09      0.03      
12    1       95.24      92.09      0.04      
13    1       95.24      92.09      0.02      
14    2       95.24      153.49     0.02      
15    1       136.59     92.09      0.01      
15    4       136.59     153.49     0.01      
18    1       136.59     92.09      0.03      
19    1       136.59     92.09      0.02      

1     6       0          214.89     0.16      
1     7       0          214.89     0.17      
8     1       70.13      92.09      0.07      
8     2       70.13      153.49     0.04      
10    2       95.24      153.49     0.02      
12    1       95.24      92.09      0.03      
12    2       95.24      153.49     0.03      
13    1       95.24      92.09      0.07      
14    1       95.24      92.09      0.11      
14    2       95.24      153.49     0.01      
15    2       136.59     153.49     0.03      
17    1       136.59     92.09      0.11      
17    2       136.59     153.49     0.02      
19    1       136.59     92.09      0.03      

3     10      37.16      214.89     0.04      
4     8       37.16      214.89     0.02      
4     10      37.16      214.89     0.01      
5     2       70.13      153.49     0.01      
5     4       70.13      153.49     0.01      
6     3       70.13      153.49     0.03      
6     4       70.13      153.49     0.01      
7     3       70.13      153.49     0.04      
8     3       70.13      153.49     0.02      
8     4       70.13      153.49     0.02      
9     3       70.13      153.49     0.11      
9     4       70.13      153.49     0.01      
10    3       95.24      153.49     0.03      
10    4       95.24      153.49     0.01      
11    3       95.24      153.49     0.09      
13    3       95.24      153.49     0.03      
13    4       95.24      153.49     0.08      
14    3       95.24      153.49     0.04      
15    3       136.59     153.49     0.01      
16    3       136.59     153.49     0.05      
17    4       136.59     153.49     0.04      
18    3       136.59     153.49     0.01      
19    3       136.59     153.49     0.03      
19    4       136.59     153.49     0.07      

2     10      37.16      214.89     0.05      
4     7       37.16      214.89     0.02      
5     3       70.13      153.49     0.02      
5     4       70.13      153.49     0.13      
6     3       70.13      153.49     0.02      
6     4       70.13      153.49     0.02      
8     2       70.13      153.49     0.02      
8     4       70.13      153.49     0.02      
9     3       70.13      153.49     0.02      
10    3       95.24      153.49     0.03      
10    4       95.24      153.49     0.01      
11    4       95.24      153.49     0.07      
12    3       95.24      153.49     0.04      
12    4       95.24      153.49     0.06      
13    3       95.24      153.49     0.04      
14    3       95.24      153.49     0.01      
14    4       95.24      153.49     0.02      
15    4       136.59     153.49     0.03      
16    3       136.59     153.49     0.01      
17    2       136.59     153.49     0.03      
17    4       136.59     153.49     0.01      
18    3       136.59     153.49     0.02      
18    4       136.59     153.49     0.15      
19    2       136.59     153.49     0.04      

3     5       37.16      214.89     0.08      
6     2       70.13      153.49     0.02      
6     3       70.13      153.49     0.01      
7     2       70.13      153.49     0.07      
7     3       70.13      153.49     0.03      
8     2       70.13      153.49     0.04      
8     3       70.13      153.49     0.02      
9     2       70.13      153.49     0.06      
10    2       95.24      153.49     0.03      
10    3       95.24      153.49     0.01      
11    2       95.24      153.49     0.07      
11    3       95.24      153.49     0.03      
13    2       95.24      153.49     0.04      
13    3       95.24      153.49     0.02      
14    2       95.24      153.49     0.1       
14    3       95.24      153.49     0.05      
15    2       136.59     153.49     0.01      
15    3       136.59     153.49     0.01      
16    2       136.59     153.49     0.02      
17    2       136.59     153.49     0.02      
17    3       136.59     153.49     0.01      
18    3       136.59     153.49     0.03      
19    2       136.59     153.49     0.04      
19    3       136.59     153.49     0.02      

1     5       0          214.89     0.22      
1     8       0          214.89     0.22      
3     2       37.16      153.49     0.01      
4     3       37.16      153.49     0.01      
5     1       70.13      92.09      0.05      
6     4       70.13      153.49     0.03      
7     1       70.13      92.09      0.05      
7     2       70.13      153.49     0.01      
9     1       70.13      92.09      0.04      
11    1       95.24      92.09      0.01      
12    1       95.24      92.09      0.04      
13    1       95.24      92.09      0.03      
14    1       95.24      92.09      0.01      
15    4       136.59     153.49     0.01      
16    1       136.59     92.09      0.09      
18    1       136.59     92.09      0.02      
19    1       136.59     92.09      0.03      

3     5       37.16      214.89     0.02      
4     10      37.16      214.89     0.04      
5     2       70.13      153.49     0.07      
7     1       70.13      92.09      0.01      
7     2       70.13      153.49     0.02      
7     3       70.13      153.49     0.01      
8     2       70.13      153.49     0.01      
8     3       70.13      153.49     0.02      
8     4       70.13      153.49     0.01      
9     2       70.13      153.49     0.04      
10    2       95.24      153.49     0.01      
11    2       95.24      153.49     0.03      
12    3       95.24      153.49     0.02      
12    4       95.24      153.49     0.02      
13    2       95.24      153.49     0.01      
14    2       95.24      153.49     0.03      
14    3       95.24      153.49     0.04      
14    4       95.24      153.49     0.01      
15    2       136.59     153.49     0.02      
16    2       136.59     153.49     0.09      
16    3       136.59     153.49     0.02      
17    3       136.59     153.49     0.01      
17    4       136.59     153.49     0.02      
18    2       136.59     153.49     0.19      
18    3       136.59     153.49     0.01      
19    2       136.59     153.49     0.01      
19    4       136.59     153.49     0.03      

2     8       37.16      214.89     0.02      
3     7       37.16      214.89     0.01      
4     6       37.16      214.89     0.01      
5     3       70.13      153.49     0.03      
5     4       70.13      153.49     0.02      
6     3       70.13      153.49     0.02      
8     2       70.13      153.49     0.03      
8     3       70.13      153.49     0.03      
9     3       70.13      153.49     0.03      
9     4       70.13      153.49     0.07      
10    3       95.24      153.49     0.04      
11    1       95.24      92.09      0.01      
12    3       95.24      153.49     0.08      
13    2       95.24      153.49     0.01      
13    3       95.24      153.49     0.02      
14    2       95.24      153.49     0.01      
14    3       95.24      153.49     0.04      
15    3       136.59     153.49     0.01      
16    3       136.59     153.49     0.02      
16    4       136.59     153.49     0.05      
17    2       136.59     153.49     0.05      
17    3       136.59     153.49     0.05      
18    3       136.59     153.49     0.02      
18    4       136.59     153.49     0.05      
19    2       136.59     153.49     0.1       
19    3       136.59     153.49     0.09      

4     9       37.16      214.89     0.02      
5     2       70.13      153.49     0.02      
5     3       70.13      153.49     0.01      
7     1       70.13      92.09      0.01      
7     3       70.13      153.49     0.02      
8     3       70.13      153.49     0.07      
9     2       70.13      153.49     0.11      
9     3       70.13      153.49     0.01      
11    2       95.24      153.49     0.01      
12    3       95.24      153.49     0.07      
13    4       95.24      153.49     0.01      
14    3       95.24      153.49     0.12      
16    2       136.59     153.49     0.11      
16    3       136.59     153.49     0.05      
17    3       136.59     153.49     0.05      
17    4       136.59     153.49     0.01      
18    2       136.59     153.49     0.09      
19    4       136.59     153.49     0.03      

1     6       0          214.89     0.27      
1     7       0          214.89     0.24      
2     2       37.16      153.49     0.01      
7     4       70.13      153.49     0.01      
8     1       70.13      92.09      0.04      
9     1       70.13      92.09      0.01      
13    1       95.24      92.09      0.12      
14    1       95.24      92.09      0.02      
15    2       136.59     153.49     0.02      
17    1       136.59     92.09      0.07      
19    1       136.59     92.09      0.05      

1     5       0          214.89     0.16      
1     8       0          214.89     0.15      
1     9       0          214.89     0.23      
2     4       37.16      153.49     0.01      
3     2       37.16      153.49     0.01      
4     3       37.16      153.49     0.01      
7     1       70.13      92.09      0.02      
8     1       70.13      92.09      0.03      
9     1       70.13      92.09      0.02      
10    1       95.24      92.09      0.08      
12    1       95.24      92.09      0.02      
13    1       95.24      92.09      0.01      
14    1       95.24      92.09      0.01      
15    4       136.59     153.49     0.03      
16    1       136.59     92.09      0.11      
17    1       136.59     92.09      0.02      
18    1       136.59     92.09      0.02      
19    1       136.59     92.09      0.01      

2     10      37.16      214.89     0.03      
4     6       37.16      214.89     0.02      
4     7       37.16      214.89     0.03      
5     4       70.13      153.49     0.03      
6     1       70.13      92.09      0.02      
8     1       70.13      92.09      0.01      
8     2       70.13      153.49     0.06      
9     4       70.13      153.49     0.09      
11    4       95.24      153.49     0.01      
13    2       95.24      153.49     0.04      
14    2       95.24      153.49     0.01      
15    1       136.59     92.09      0.08      
16    4       136.59     153.49     0.12      
17    2       136.59     153.49     0.1       
18    4       136.59     153.49     0.07      
19    2       136.59     153.49     0.14      
19    3       136.59     153.49     0.02      

3     10      37.16      214.89     0.02      
4     5       37.16      214.89     0.02      
4     9       37.16      214.89     0.01      
5     1       70.13      92.09      0.01      
5     2       70.13      153.49     0.09      
5     4       70.13      153.49     0.01      
6     2       70.13      153.49     0.02      
6     4       70.13      153.49     0.01      
7     1       70.13      92.09      0.05      
7     5       70.13      214.89     0.01      
8     2       70.13      153.49     0.04      
8     4       70.13      153.49     0.02      
9     1       70.13      92.09      0.01      
9     4       70.13      153.49     0.02      
10    2       95.24      153.49     0.02      
10    4       95.24      153.49     0.02      
11    2       95.24      153.49     0.06      
12    2       95.24      153.49     0.1       
12    4       95.24      153.49     0.04      
13    4       95.24      153.49     0.02      
14    1       95.24      92.09      0.02      
14    2       95.24      153.49     0.05      
14    4       95.24      153.49     0.02      
15    2       136.59     153.49     0.02      
16    2       136.59     153.49     0.02      
17    2       136.59     153.49     0.02      
17    4       136.59     153.49     0.03      
18    2       136.59     153.49     0.02      
18    4       136.59     153.49     0.01      
19    4       136.59     153.49     0.03      

2     5       37.16      214.89     0.05      
5     2       70.13      153.49     0.03      
6     2       70.13      153.49     0.02      
7     4       70.13      153.49     0.05      
8     1       70.13      92.09      0.03      
8     4       70.13      153.49     0.06      
9     2       70.13      153.49     0.03      
10    1       95.24      92.09      0.02      
10    2       95.24      153.49     0.04      
10    4       95.24      153.49     0.01      
11    1       95.24      92.09      0.01      
11    4       95.24      153.49     0.03      
12    1       95.24      92.09      0.03      
12    2       95.24      153.49     0.06      
12    4       95.24      153.49     0.02      
13    2       95.24      153.49     0.07      
13    4       95.24      153.49     0.03      
14    1       95.24      92.09      0.01      
14    2       95.24      153.49     0.02      
14    4       95.24      153.49     0.12      
15    2       136.59     153.49     0.01      
16    2       136.59     153.49     0.02      
16    4       136.59     153.49     0.02      
17    1       136.59     92.09      0.02      
17    4       136.59     153.49     0.03      
18    2       136.59     153.49     0.02      
18    4       136.59     153.49     0.02      
19    4       136.59     153.49     0.03      

1     10      0          214.89     0.78      
2     4       37.16      153.49     0.06      
3     3       37.16      153.49     0.07      
4     2       37.16      153.49     0.07      

1     6       0          214.89     0.22      
1     7       0          214.89     0.25      
2     2       37.16      153.49     0.04      
2     3       37.16      153.49     0.05      
3     4       37.16      153.49     0.05      
4     4       37.16      153.49     0.05      
8     1       70.13      92.09      0.02      
8     2       70.13      153.49     0.03      
10    2       95.24      153.49     0.02      
12    2       95.24      153.49     0.03      
13    1       95.24      92.09      0.03      
14    1       95.24      92.09      0.02      
15    2       136.59     153.49     0.02      
17    1       136.59     92.09      0.04      
17    2       136.59     153.49     0.02      
19    5       136.59     214.89     0.01      

1     5       0          214.89     0.07      
1     8       0          214.89     0.1       
1     9       0          214.89     0.29      
2     4       37.16      153.49     0.1       
3     2       37.16      153.49     0.03      
3     3       37.16      153.49     0.02      
4     2       37.16      153.49     0.01      
4     3       37.16      153.49     0.04      
5     1       70.13      92.09      0.06      
5     2       70.13      153.49     0.01      
7     2       70.13      153.49     0.04      
9     2       70.13      153.49     0.01      
10    1       95.24      92.09      0.03      
11    5       95.24      214.89     0.01      
12    1       95.24      92.09      0.02      
14    2       95.24      153.49     0.02      

1     5       0          214.89     0.18      
1     8       0          214.89     0.17      
3     2       37.16      153.49     0.09      
4     3       37.16      153.49     0.09      
5     1       70.13      92.09      0.04      
6     4       70.13      153.49     0.04      
7     1       70.13      92.09      0.03      
7     2       70.13      153.49     0.01      
8     4       70.13      153.49     0.02      
9     1       70.13      92.09      0.01      
12    1       95.24      92.09      0.02      
12    4       95.24      153.49     0.01      
13    1       95.24      92.09      0.02      
14    1       95.24      92.09      0.01      
15    4       136.59     153.49     0.03      
16    1       136.59     92.09      0.07      
17    4       136.59     153.49     0.01      
19    1       136.59     92.09      0.02      

1     6       0          214.89     0.15      
1     7       0          214.89     0.12      
2     2       37.16      153.49     0.04      
2     3       37.16      153.49     0.04      
3     4       37.16      153.49     0.05      
4     4       37.16      153.49     0.04      
7     4       70.13      153.49     0.04      
8     1       70.13      92.09      0.05      
8     2       70.13      153.49     0.01      
11    2       95.24      153.49     0.01      
13    1       95.24      92.09      0.1       
14    1       95.24      92.09      0.03      
14    4       95.24      153.49     0.01      
15    2       136.59     153.49     0.06      
17    1       136.59     92.09      0.07      
18    6       136.59     214.89     0.01      
19    1       136.59     92.09      0.02      

1     5       0          214.89     0.09      
1     8       0          214.89     0.08      
1     9       0          214.89     0.08      
2     4       37.16      153.49     0.04      
3     2       37.16      153.49     0.06      
4     3       37.16      153.49     0.05      
7     1       70.13      92.09      0.03      
7     2       70.13      153.49     0.01      
8     1       70.13      92.09      0.01      
8     4       70.13      153.49     0.01      
10    1       95.24      92.09      0.06      
11    4       95.24      153.49     0.02      
12    1       95.24      92.09      0.01      
12    4       95.24      153.49     0.01      
13    1       95.24      92.09      0.02      
14    1       95.24      92.09      0.02      
15    4       136.59     153.49     0.09      
16    1       136.59     92.09      0.14      
18    1       136.59     92.09      0.01      
19    1       136.59     92.09      0.02      

6     3       70.13      153.49     0.05      
8     3       70.13      153.49     0.19      
9     7       70.13      214.89     0.01      
10    3       95.24      153.49     0.1       
12    3       95.24      153.49     0.15      
13    10      95.24      214.89     0.01      
14    3       95.24      153.49     0.06      
15    3       136.59     153.49     0.16      
17    3       136.59     153.49     0.11      
19    9       136.59     214.89     0.01      
19    10      136.59     214.89     0.03      

5     3       70.13      153.49     0.07      
6     3       70.13      153.49     0.06      
7     3       70.13      153.49     0.28      
9     3       70.13      153.49     0.07      
10    3       95.24      153.49     0.06      
11    9       95.24      214.89     0.02      
11    10      95.24      214.89     0.03      
13    3       95.24      153.49     0.04      
14    3       95.24      153.49     0.11      
15    3       136.59     153.49     0.03      
15    10      136.59     214.89     0.01      
16    3       136.59     153.49     0.04      
18    3       136.59     153.49     0.05      
18    10      136.59     214.89     0.02      
19    3       136.59     153.49     0.03      

5     1       70.13      92.09      0.01      
8     4       70.13      153.49     0.16      
9     1       70.13      92.09      0.03      
9     4       70.13      153.49     0.02      
10    4       95.24      153.49     0.08      
11    4       95.24      153.49     0.07      
12    1       95.24      92.09      0.01      
12    4       95.24      153.49     0.12      
13    6       95.24      214.89     0.02      
14    4       95.24      153.49     0.05      
15    4       136.59     153.49     0.1       
16    1       136.59     92.09      0.02      
17    4       136.59     153.49     0.1       
19    6       136.59     214.89     0.04      

5     4       70.13      153.49     0.05      
6     4       70.13      153.49     0.05      
6     6       70.13      214.89     0.01      
7     4       70.13      153.49     0.23      
9     4       70.13      153.49     0.06      
10    4       95.24      153.49     0.05      
11    6       95.24      214.89     0.03      
12    6       95.24      214.89     0.01      
13    1       95.24      92.09      0.03      
13    4       95.24      153.49     0.03      
14    4       95.24      153.49     0.09      
15    2       136.59     153.49     0.04      
15    4       136.59     153.49     0.02      
16    4       136.59     153.49     0.03      
17    1       136.59     92.09      0.02      
18    4       136.59     153.49     0.04      
18    6       136.59     214.89     0.01      
19    1       136.59     92.09      0.01      
19    4       136.59     153.49     0.02      

6     3       70.13      153.49     0.04      
8     3       70.13      153.49     0.07      
9     3       70.13      153.49     0.04      
10    3       95.24      153.49     0.03      
11    3       95.24      153.49     0.11      
12    3       95.24      153.49     0.05      
14    3       95.24      153.49     0.02      
15    3       136.59     153.49     0.45      
17    3       136.59     153.49     0.04      
18    7       136.59     214.89     0.03      

5     4       70.13      153.49     0.04      
6     2       70.13      153.49     0.06      
6     4       70.13      153.49     0.04      
7     4       70.13      153.49     0.18      
8     2       70.13      153.49     0.02      
9     2       70.13      153.49     0.03      
9     4       70.13      153.49     0.05      
9     6       70.13      214.89     0.01      
10    2       95.24      153.49     0.01      
10    4       95.24      153.49     0.05      
11    2       95.24      153.49     0.11      
12    2       95.24      153.49     0.02      
12    4       95.24      153.49     0.05      
13    4       95.24      153.49     0.03      
15    2       136.59     153.49     0.01      
15    4       136.59     153.49     0.02      
16    4       136.59     153.49     0.03      
17    2       136.59     153.49     0.01      
18    2       136.59     153.49     0.02      
18    4       136.59     153.49     0.03      
19    4       136.59     153.49     0.02      
19    5       136.59     214.89     0.02      

5     2       70.13      153.49     0.04      
6     2       70.13      153.49     0.04      
6     4       70.13      153.49     0.17      
7     2       70.13      153.49     0.14      
9     2       70.13      153.49     0.05      
9     4       70.13      153.49     0.04      
9     5       70.13      214.89     0.02      
9     9       70.13      214.89     0.01      
10    2       95.24      153.49     0.05      
11    4       95.24      153.49     0.14      
12    2       95.24      153.49     0.04      
13    2       95.24      153.49     0.02      
15    2       136.59     153.49     0.02      
16    2       136.59     153.49     0.03      
18    2       136.59     153.49     0.03      
18    4       136.59     153.49     0.03      
19    2       136.59     153.49     0.01      

1     9       0          214.89     0.01      
2     4       37.16      153.49     0.01      
5     1       70.13      92.09      0.02      
6     4       70.13      153.49     0.03      
7     2       70.13      153.49     0.09      
8     1       70.13      92.09      0.04      
8     4       70.13      153.49     0.03      
9     1       70.13      92.09      0.02      
10    1       95.24      92.09      0.11      
10    4       95.24      153.49     0.01      
11    1       95.24      92.09      0.01      
11    4       95.24      153.49     0.02      
11    5       95.24      214.89     0.02      
12    4       95.24      153.49     0.02      
13    2       95.24      153.49     0.01      
14    2       95.24      153.49     0.03      
15    4       136.59     153.49     0.17      
16    1       136.59     92.09      0.06      
17    1       136.59     92.09      0.02      
17    4       136.59     153.49     0.02      
18    5       136.59     214.89     0.02      
18    9       136.59     214.89     0.02      

6     2       70.13      153.49     0.26      
8     1       70.13      92.09      0.04      
9     6       70.13      214.89     0.02      
14    1       95.24      92.09      0.02      
15    2       136.59     153.49     0.34      
17    1       136.59     92.09      0.06      
18    2       136.59     153.49     0.01      
18    6       136.59     214.89     0.04      
19    1       136.59     92.09      0.09      
19    5       136.59     214.89     0.04      

2     2       37.16      153.49     0.01      
5     1       70.13      92.09      0.02      
6     1       70.13      92.09      0.02      
6     2       70.13      153.49     0.03      
8     2       70.13      153.49     0.1       
9     1       70.13      92.09      0.02      
9     2       70.13      153.49     0.04      
10    1       95.24      92.09      0.01      
10    2       95.24      153.49     0.05      
10    5       95.24      214.89     0.01      
11    2       95.24      153.49     0.15      
11    6       95.24      214.89     0.01      
12    2       95.24      153.49     0.08      
13    1       95.24      92.09      0.06      
14    1       95.24      92.09      0.05      
14    2       95.24      153.49     0.03      
15    2       136.59     153.49     0.06      
16    1       136.59     92.09      0.01      
17    2       136.59     153.49     0.06      
18    1       136.59     92.09      0.01      
18    2       136.59     153.49     0.02      

5     3       70.13      153.49     0.07      
6     3       70.13      153.49     0.07      
7     3       70.13      153.49     0.32      
9     3       70.13      153.49     0.08      
9     10      70.13      214.89     0.01      
10    3       95.24      153.49     0.09      
12    3       95.24      153.49     0.09      
13    3       95.24      153.49     0.05      
15    3       136.59     153.49     0.03      
16    3       136.59     153.49     0.04      
18    3       136.59     153.49     0.06      
19    3       136.59     153.49     0.03      

6     3       70.13      153.49     0.4       
9     3       70.13      153.49     0.09      
9     7       70.13      214.89     0.02      
11    3       95.24      153.49     0.34      
18    3       136.59     153.49     0.07      

5     1       70.13      92.09      0.07      
5     2       70.13      153.49     0.01      
6     1       70.13      92.09      0.02      
6     2       70.13      153.49     0.01      
6     4       70.13      153.49     0.02      
7     1       70.13      92.09      0.02      
7     2       70.13      153.49     0.07      
8     4       70.13      153.49     0.01      
9     2       70.13      153.49     0.02      
10    1       95.24      92.09      0.02      
10    2       95.24      153.49     0.01      
11    1       95.24      92.09      0.07      
11    4       95.24      153.49     0.02      
11    5       95.24      214.89     0.03      
12    1       95.24      92.09      0.02      
12    4       95.24      153.49     0.01      
14    2       95.24      153.49     0.02      
15    1       136.59     92.09      0.03      
15    4       136.59     153.49     0.12      
18    1       136.59     92.09      0.1       
18    2       136.59     153.49     0.01      
18    5       136.59     214.89     0.02      
18    9       136.59     214.89     0.02      
19    6       136.59     214.89     0.01      

2     6       37.16      214.89     0.17      
2     7       37.16      214.89     0.04      
3     5       37.16      214.89     0.12      
3     9       37.16      214.89     0.19      
3     10      37.16      214.89     0.04      
4     8       37.16      214.89     0.02      
4     9       37.16      214.89     0.09      
5     4       70.13      153.49     0.02      
6     4       70.13      153.49     0.01      
8     2       70.13      153.49     0.03      
9     4       70.13      153.49     0.02      
10    2       95.24      153.49     0.02      
10    4       95.24      153.49     0.01      
12    2       95.24      153.49     0.02      
14    4       95.24      153.49     0.03      
17    2       136.59     153.49     0.02      
18    4       136.59     153.49     0.01      
19    4       136.59     153.49     0.02      

2     5       37.16      214.89     0.21      
2     8       37.16      214.89     0.01      
2     10      37.16      214.89     0.05      
3     6       37.16      214.89     0.32      
4     6       37.16      214.89     0.02      
4     7       37.16      214.89     0.07      
5     2       70.13      153.49     0.02      
6     2       70.13      153.49     0.02      
8     4       70.13      153.49     0.02      
9     2       70.13      153.49     0.02      
9     4       70.13      153.49     0.01      
10    2       95.24      153.49     0.02      
12    4       95.24      153.49     0.02      
14    2       95.24      153.49     0.02      
16    2       136.59     153.49     0.01      
18    2       136.59     153.49     0.02      
19    3       136.59     153.49     0.01      

2     8       37.16      214.89     0.13      
2     9       37.16      214.89     0.13      
2     10      37.16      214.89     0.13      
3     7       37.16      214.89     0.16      
4     6       37.16      214.89     0.11      
4     7       37.16      214.89     0.04      
5     3       70.13      153.49     0.01      
6     3       70.13      153.49     0.01      
9     3       70.13      153.49     0.01      
14    3       95.24      153.49     0.02      
19    2       136.59     153.49     0.05      
19    3       136.59     153.49     0.03      

2     6       37.16      214.89     0.1       
2     7       37.16      214.89     0.12      
3     8       37.16      214.89     0.02      
3     9       37.16      214.89     0.09      
3     10      37.16      214.89     0.07      
4     5       37.16      214.89     0.05      
4     8       37.16      214.89     0.01      
4     9       37.16      214.89     0.24      
8     3       70.13      153.49     0.02      
9     2       70.13      153.49     0.02      
10    3       95.24      153.49     0.02      
11    2       95.24      153.49     0.02      
12    3       95.24      153.49     0.02      
17    3       136.59     153.49     0.01      
19    4       136.59     153.49     0.06      

2     5       37.16      214.89     0.04      
2     8       37.16      214.89     0.15      
2     9       37.16      214.89     0.16      
2     10      37.16      214.89     0.02      
3     6       37.16      214.89     0.01      
4     6       37.16      214.89     0.11      
4     7       37.16      214.89     0.21      
8     4       70.13      153.49     0.02      
9     4       70.13      153.49     0.03      
10    4       95.24      153.49     0.02      
11    4       95.24      153.49     0.01      
17    4       136.59     153.49     0.01      
18    4       136.59     153.49     0.01      
19    2       136.59     153.49     0.01      
19    3       136.59     153.49     0.07      

2     6       37.16      214.89     0.04      
2     7       37.16      214.89     0.08      
3     5       37.16      214.89     0.07      
3     9       37.16      214.89     0.03      
3     10      37.16      214.89     0.15      
4     8       37.16      214.89     0.32      
4     9       37.16      214.89     0.01      
4     10      37.16      214.89     0.03      
9     3       70.13      153.49     0.08      
11    3       95.24      153.49     0.02      
18    3       136.59     153.49     0.05      
19    4       136.59     153.49     0.02      

5     4       70.13      153.49     0.03      
6     2       70.13      153.49     0.13      
6     4       70.13      153.49     0.02      
7     4       70.13      153.49     0.13      
8     1       70.13      92.09      0.01      
8     2       70.13      153.49     0.02      
9     2       70.13      153.49     0.04      
9     4       70.13      153.49     0.03      
10    4       95.24      153.49     0.03      
11    2       95.24      153.49     0.14      
12    2       95.24      153.49     0.01      
12    4       95.24      153.49     0.03      
13    4       95.24      153.49     0.02      
14    1       95.24      92.09      0.05      
15    4       136.59     153.49     0.01      
16    4       136.59     153.49     0.02      
17    1       136.59     92.09      0.02      
18    2       136.59     153.49     0.03      
18    4       136.59     153.49     0.02      
19    1       136.59     92.09      0.04      
19    4       136.59     153.49     0.01      
19    5       136.59     214.89     0.02      

3     5       37.16      214.89     0.15      
3     8       37.16      214.89     0.01      
3     10      37.16      214.89     0.15      
4     8       37.16      214.89     0.02      
4     10      37.16      214.89     0.41      
8     2       70.13      153.49     0.01      
9     2       70.13      153.49     0.04      
9     3       70.13      153.49     0.01      
11    2       95.24      153.49     0.01      
11    3       95.24      153.49     0.01      
12    2       95.24      153.49     0.01      
14    4       95.24      153.49     0.01      
18    2       136.59     153.49     0.02      
19    4       136.59     153.49     0.02      

5     1       70.13      92.09      0.01      
5     2       70.13      153.49     0.03      
6     2       70.13      153.49     0.02      
6     4       70.13      153.49     0.15      
7     1       70.13      92.09      0.01      
7     2       70.13      153.49     0.1       
8     1       70.13      92.09      0.01      
9     1       70.13      92.09      0.05      
9     2       70.13      153.49     0.03      
9     4       70.13      153.49     0.03      
9     5       70.13      214.89     0.02      
9     9       70.13      214.89     0.01      
10    2       95.24      153.49     0.03      
11    1       95.24      92.09      0.02      
11    4       95.24      153.49     0.13      
12    1       95.24      92.09      0.03      
12    2       95.24      153.49     0.03      
13    2       95.24      153.49     0.02      
15    2       136.59     153.49     0.01      
16    1       136.59     92.09      0.02      
16    2       136.59     153.49     0.02      
18    1       136.59     92.09      0.02      
18    2       136.59     153.49     0.02      
18    4       136.59     153.49     0.03      

2     5       37.16      214.89     0.19      
2     8       37.16      214.89     0.09      
3     6       37.16      214.89     0.12      
3     7       37.16      214.89     0.17      
4     6       37.16      214.89     0.18      
4     7       37.16      214.89     0.12      
9     4       70.13      153.49     0.02      

2     7       37.16      214.89     0.09      
3     5       37.16      214.89     0.02      
3     8       37.16      214.89     0.48      
3     10      37.16      214.89     0.03      
4     5       37.16      214.89     0.09      
4     9       37.16      214.89     0.14      
4     10      37.16      214.89     0.02      
8     3       70.13      153.49     0.02      
10    3       95.24      153.49     0.02      
17    3       136.59     153.49     0.01      

2     8       37.16      214.89     0.38      
2     10      37.16      214.89     0.14      
3     7       37.16      214.89     0.13      
4     6       37.16      214.89     0.15      
4     7       37.16      214.89     0.07      
9     4       70.13      153.49     0.01      
19    3       136.59     153.49     0.03      

2     7       37.16      214.89     0.04      
3     5       37.16      214.89     0.01      
3     9       37.16      214.89     0.02      
3     10      37.16      214.89     0.06      
4     5       37.16      214.89     0.47      
4     8       37.16      214.89     0.05      
4     9       37.16      214.89     0.2       
4     10      37.16      214.89     0.02      
11    2       95.24      153.49     0.01      
18    3       136.59     153.49     0.01      
19    4       136.59     153.49     0.01      

2     5       37.16      214.89     0.29      
2     10      37.16      214.89     0.25      
3     6       37.16      214.89     0.04      
3     7       37.16      214.89     0.21      
4     6       37.16      214.89     0.04      
4     7       37.16      214.89     0.01      
8     4       70.13      153.49     0.02      
10    4       95.24      153.49     0.01      
12    4       95.24      153.49     0.01      
19    2       136.59     153.49     0.03      

2     6       37.16      214.89     0.13      
2     7       37.16      214.89     0.13      
3     5       37.16      214.89     0.03      
3     8       37.16      214.89     0.12      
3     9       37.16      214.89     0.37      
4     5       37.16      214.89     0.04      
4     8       37.16      214.89     0.03      
4     9       37.16      214.89     0.04      
4     10      37.16      214.89     0.01      
18    3       136.59     153.49     0.01      

2     5       37.16      214.89     0.05      
2     8       37.16      214.89     0.04      
2     9       37.16      214.89     0.22      
2     10      37.16      214.89     0.09      
3     6       37.16      214.89     0.08      
3     7       37.16      214.89     0.19      
4     6       37.16      214.89     0.23      
4     7       37.16      214.89     0.07      
18    4       136.59     153.49     0.01      

2     6       37.16      214.89     0.11      
2     7       37.16      214.89     0.04      
3     5       37.16      214.89     0.02      
3     8       37.16      214.89     0.24      
3     9       37.16      214.89     0.04      
3     10      37.16      214.89     0.14      
4     5       37.16      214.89     0.2       
4     10      37.16      214.89     0.14      
18    2       136.59     153.49     0.01      

1     2       0          153.49     0.02      
1     3       0          153.49     0.02      
2     6       37.16      214.89     0.12      
2     7       37.16      214.89     0.11      
3     5       37.16      214.89     0.12      
3     8       37.16      214.89     0.05      
3     10      37.16      214.89     0.08      
4     5       37.16      214.89     0.06      
4     8       37.16      214.89     0.11      
4     10      37.16      214.89     0.09      
11    2       95.24      153.49     0.02      
11    3       95.24      153.49     0.01      
18    2       136.59     153.49     0.02      
18    3       136.59     153.49     0.04      

1     4       0          153.49     0.05      
2     8       37.16      214.89     0.01      
2     9       37.16      214.89     0.28      
2     10      37.16      214.89     0.1       
3     6       37.16      214.89     0.14      
3     7       37.16      214.89     0.03      
4     6       37.16      214.89     0.04      
4     7       37.16      214.89     0.14      
5     4       70.13      153.49     0.02      
6     4       70.13      153.49     0.01      
10    4       95.24      153.49     0.01      
11    4       95.24      153.49     0.04      
15    4       136.59     153.49     0.01      
18    4       136.59     153.49     0.04      

1     2       0          153.49     0.03      
1     3       0          153.49     0.03      
2     6       37.16      214.89     0.11      
2     7       37.16      214.89     0.14      
3     5       37.16      214.89     0.09      
3     8       37.16      214.89     0.01      
3     9       37.16      214.89     0.07      
3     10      37.16      214.89     0.07      
4     5       37.16      214.89     0.01      
4     8       37.16      214.89     0.1       
4     9       37.16      214.89     0.07      
4     10      37.16      214.89     0.06      
11    2       95.24      153.49     0.01      
12    2       95.24      153.49     0.01      
18    2       136.59     153.49     0.03      
18    3       136.59     153.49     0.04      

2     5       37.16      214.89     0.04      
4     6       37.16      214.89     0.02      
7     4       70.13      153.49     0.06      
8     2       70.13      153.49     0.06      
8     5       70.13      214.89     0.02      
9     4       70.13      153.49     0.01      
10    5       95.24      214.89     0.01      
11    4       95.24      153.49     0.02      
12    2       95.24      153.49     0.02      
12    4       95.24      153.49     0.05      
12    5       95.24      214.89     0.02      
13    2       95.24      153.49     0.07      
13    3       95.24      153.49     0.02      
13    4       95.24      153.49     0.04      
14    2       95.24      153.49     0.09      
14    3       95.24      153.49     0.02      
14    4       95.24      153.49     0.02      
15    5       136.59     214.89     0.02      
16    4       136.59     153.49     0.02      
17    2       136.59     153.49     0.1       
17    5       136.59     214.89     0.01      
19    2       136.59     153.49     0.02      
19    4       136.59     153.49     0.03      

5     7       70.13      214.89     0.01      
5     9       70.13      214.89     0.03      
6     8       70.13      214.89     0.03      
8     6       70.13      214.89     0.05      
8     7       70.13      214.89     0.03      
8     9       70.13      214.89     0.03      
9     6       70.13      214.89     0.03      
9     8       70.13      214.89     0.01      
10    8       95.24      214.89     0.03      
11    8       95.24      214.89     0.02      
12    5       95.24      214.89     0.04      
12    6       95.24      214.89     0.01      
13    8       95.24      214.89     0.01      
14    6       95.24      214.89     0.07      
14    7       95.24      214.89     0.02      
14    8       95.24      214.89     0.01      
14    9       95.24      214.89     0.04      
15    8       136.59     214.89     0.02      
16    6       136.59     214.89     0.05      
16    8       136.59     214.89     0.01      
16    9       136.59     214.89     0.01      
17    5       136.59     214.89     0.03      
17    7       136.59     214.89     0.03      
17    8       136.59     214.89     0.01      
18    5       136.59     214.89     0.02      
18    6       136.59     214.89     0.01      
18    7       136.59     214.89     0.01      
18    9       136.59     214.89     0.01      
19    5       136.59     214.89     0.04      
19    7       136.59     214.89     0.08      
19    8       136.59     214.89     0.03      
19    9       136.59     214.89     0.01      

5     7       70.13      214.89     0.01      
5     8       70.13      214.89     0.08      
8     6       70.13      214.89     0.02      
8     7       70.13      214.89     0.06      
8     8       70.13      214.89     0.01      
9     6       70.13      214.89     0.01      
9     7       70.13      214.89     0.01      
9     8       70.13      214.89     0.05      
10    8       95.24      214.89     0.01      
11    7       95.24      214.89     0.02      
11    8       95.24      214.89     0.03      
12    5       95.24      214.89     0.02      
12    7       95.24      214.89     0.02      
12    8       95.24      214.89     0.02      
12    9       95.24      214.89     0.03      
13    8       95.24      214.89     0.06      
14    6       95.24      214.89     0.03      
14    7       95.24      214.89     0.05      
14    8       95.24      214.89     0.02      
16    6       136.59     214.89     0.02      
16    7       136.59     214.89     0.02      
16    8       136.59     214.89     0.02      
17    5       136.59     214.89     0.02      
17    8       136.59     214.89     0.01      
17    9       136.59     214.89     0.02      
18    8       136.59     214.89     0.07      
19    5       136.59     214.89     0.01      
19    7       136.59     214.89     0.03      
19    8       136.59     214.89     0.05      
19    9       136.59     214.89     0.02      

5     8       70.13      214.89     0.05      
6     8       70.13      214.89     0.02      
6     9       70.13      214.89     0.01      
8     6       70.13      214.89     0.03      
8     7       70.13      214.89     0.03      
9     6       70.13      214.89     0.02      
9     7       70.13      214.89     0.01      
9     8       70.13      214.89     0.08      
10    8       95.24      214.89     0.04      
11    8       95.24      214.89     0.02      
12    5       95.24      214.89     0.01      
12    8       95.24      214.89     0.05      
12    9       95.24      214.89     0.07      
13    8       95.24      214.89     0.11      
14    6       95.24      214.89     0.04      
14    7       95.24      214.89     0.03      
15    8       136.59     214.89     0.01      
16    6       136.59     214.89     0.03      
16    7       136.59     214.89     0.02      
16    8       136.59     214.89     0.05      
17    9       136.59     214.89     0.04      
18    8       136.59     214.89     0.03      
19    7       136.59     214.89     0.02      
19    9       136.59     214.89     0.04      

5     7       70.13      214.89     0.02      
6     8       70.13      214.89     0.06      
7     8       70.13      214.89     0.01      
8     5       70.13      214.89     0.02      
8     6       70.13      214.89     0.01      
8     7       70.13      214.89     0.01      
8     8       70.13      214.89     0.01      
9     5       70.13      214.89     0.01      
9     7       70.13      214.89     0.01      
10    8       95.24      214.89     0.06      
11    7       95.24      214.89     0.02      
11    8       95.24      214.89     0.05      
12    6       95.24      214.89     0.05      
12    7       95.24      214.89     0.02      
12    8       95.24      214.89     0.08      
14    5       95.24      214.89     0.02      
14    6       95.24      214.89     0.02      
14    7       95.24      214.89     0.02      
14    8       95.24      214.89     0.03      
15    8       136.59     214.89     0.03      
16    5       136.59     214.89     0.01      
16    6       136.59     214.89     0.03      
16    7       136.59     214.89     0.02      
17    6       136.59     214.89     0.03      
17    7       136.59     214.89     0.02      
17    8       136.59     214.89     0.02      
18    6       136.59     214.89     0.03      
19    5       136.59     214.89     0.02      
19    6       136.59     214.89     0.03      
19    8       136.59     214.89     0.02      

5     6       70.13      214.89     0.01      
6     6       70.13      214.89     0.02      
8     5       70.13      214.89     0.02      
8     6       70.13      214.89     0.02      
8     9       70.13      214.89     0.05      
9     5       70.13      214.89     0.01      
9     6       70.13      214.89     0.02      
9     9       70.13      214.89     0.03      
10    6       95.24      214.89     0.03      
11    8       95.24      214.89     0.01      
12    5       95.24      214.89     0.02      
12    6       95.24      214.89     0.08      
12    7       95.24      214.89     0.02      
12    8       95.24      214.89     0.01      
12    9       95.24      214.89     0.02      
13    8       95.24      214.89     0.02      
14    5       95.24      214.89     0.03      
14    6       95.24      214.89     0.03      
14    9       95.24      214.89     0.07      
16    5       136.59     214.89     0.03      
16    6       136.59     214.89     0.02      
16    9       136.59     214.89     0.05      
17    5       136.59     214.89     0.01      
17    6       136.59     214.89     0.05      
17    9       136.59     214.89     0.02      
18    6       136.59     214.89     0.02      
18    9       136.59     214.89     0.01      
19    6       136.59     214.89     0.08      
19    9       136.59     214.89     0.01      

6     8       70.13      214.89     0.02      
7     8       70.13      214.89     0.02      
8     5       70.13      214.89     0.01      
8     6       70.13      214.89     0.02      
8     8       70.13      214.89     0.1       
8     9       70.13      214.89     0.01      
9     6       70.13      214.89     0.01      
12    6       95.24      214.89     0.04      
12    7       95.24      214.89     0.02      
12    8       95.24      214.89     0.13      
13    8       95.24      214.89     0.09      
14    5       95.24      214.89     0.02      
14    6       95.24      214.89     0.03      
14    8       95.24      214.89     0.1       
14    9       95.24      214.89     0.02      
16    6       136.59     214.89     0.03      
17    6       136.59     214.89     0.03      
17    8       136.59     214.89     0.02      
18    6       136.59     214.89     0.02      
19    5       136.59     214.89     0.02      
19    6       136.59     214.89     0.01      

5     8       70.13      214.89     0.02      
5     9       70.13      214.89     0.02      
6     8       70.13      214.89     0.05      
7     8       70.13      214.89     0.05      
8     8       70.13      214.89     0.04      
8     9       70.13      214.89     0.03      
9     8       70.13      214.89     0.01      
10    8       95.24      214.89     0.06      
11    8       95.24      214.89     0.05      
12    7       95.24      214.89     0.06      
12    8       95.24      214.89     0.01      
12    9       95.24      214.89     0.01      
14    8       95.24      214.89     0.11      
14    9       95.24      214.89     0.03      
15    8       136.59     214.89     0.03      
16    9       136.59     214.89     0.01      
17    7       136.59     214.89     0.06      
17    8       136.59     214.89     0.06      
19    7       136.59     214.89     0.06      
19    8       136.59     214.89     0.07      

5     7       70.13      214.89     0.03      
5     10      70.13      214.89     0.01      
6     7       70.13      214.89     0.01      
6     10      70.13      214.89     0.01      
7     7       70.13      214.89     0.01      
8     8       70.13      214.89     0.04      
8     9       70.13      214.89     0.02      
9     6       70.13      214.89     0.01      
9     10      70.13      214.89     0.01      
10    7       95.24      214.89     0.01      
10    10      95.24      214.89     0.02      
11    7       95.24      214.89     0.04      
12    5       95.24      214.89     0.01      
12    9       95.24      214.89     0.02      
12    10      95.24      214.89     0.04      
13    8       95.24      214.89     0.02      
13    10      95.24      214.89     0.01      
14    8       95.24      214.89     0.02      
14    9       95.24      214.89     0.01      
14    10      95.24      214.89     0.01      
15    7       136.59     214.89     0.02      
16    6       136.59     214.89     0.02      
17    8       136.59     214.89     0.06      
17    9       136.59     214.89     0.03      
17    10      136.59     214.89     0.01      
18    6       136.59     214.89     0.02      
18    7       136.59     214.89     0.06      
18    10      136.59     214.89     0.01      
19    5       136.59     214.89     0.02      
19    8       136.59     214.89     0.13      
19    9       136.59     214.89     0.06      
19    10      136.59     214.89     0.02      

2     6       37.16      214.89     0.02      
4     5       37.16      214.89     0.02      
4     9       37.16      214.89     0.02      
5     2       70.13      153.49     0.25      
5     3       70.13      153.49     0.03      
7     3       70.13      153.49     0.02      
7     5       70.13      214.89     0.05      
10    2       95.24      153.49     0.12      
10    3       95.24      153.49     0.03      
11    2       95.24      153.49     0.01      
11    3       95.24      153.49     0.02      
12    2       95.24      153.49     0.01      
12    3       95.24      153.49     0.03      
13    3       95.24      153.49     0.02      
13    4       95.24      153.49     0.02      
14    5       95.24      214.89     0.01      
15    6       136.59     214.89     0.01      
18    2       136.59     153.49     0.03      
19    3       136.59     153.49     0.01      

5     9       70.13      214.89     0.02      
8     5       70.13      214.89     0.02      
8     7       70.13      214.89     0.02      
8     10      70.13      214.89     0.03      
9     5       70.13      214.89     0.02      
9     8       70.13      214.89     0.03      
9     9       70.13      214.89     0.02      
9     10      70.13      214.89     0.06      
12    5       95.24      214.89     0.01      
12    10      95.24      214.89     0.03      
13    7       95.24      214.89     0.05      
14    5       95.24      214.89     0.03      
14    10      95.24      214.89     0.04      
16    5       136.59     214.89     0.05      
16    8       136.59     214.89     0.03      
16    9       136.59     214.89     0.03      
16    10      136.59     214.89     0.09      
17    5       136.59     214.89     0.01      
17    7       136.59     214.89     0.03      
17    10      136.59     214.89     0.02      
18    5       136.59     214.89     0.04      
18    8       136.59     214.89     0.03      
18    9       136.59     214.89     0.06      
18    10      136.59     214.89     0.05      
19    7       136.59     214.89     0.06      

2     8       37.16      214.89     0.03      
2     10      37.16      214.89     0.01      
4     7       37.16      214.89     0.02      
5     4       70.13      153.49     0.17      
7     4       70.13      153.49     0.02      
7     6       70.13      214.89     0.02      
8     3       70.13      153.49     0.04      
9     4       70.13      153.49     0.01      
10    4       95.24      153.49     0.01      
12    3       95.24      153.49     0.01      
12    4       95.24      153.49     0.03      
13    2       95.24      153.49     0.02      
13    3       95.24      153.49     0.03      
13    4       95.24      153.49     0.01      
14    3       95.24      153.49     0.05      
15    9       136.59     214.89     0.01      
15    10      136.59     214.89     0.04      
16    4       136.59     153.49     0.1       
17    3       136.59     153.49     0.07      
18    4       136.59     153.49     0.05      
19    3       136.59     153.49     0.02      
19    4       136.59     153.49     0.01      

5     6       70.13      214.89     0.04      
5     7       70.13      214.89     0.01      
5     10      70.13      214.89     0.01      
6     10      70.13      214.89     0.01      
8     5       70.13      214.89     0.01      
8     7       70.13      214.89     0.03      
8     9       70.13      214.89     0.03      
8     10      70.13      214.89     0.03      
9     6       70.13      214.89     0.02      
9     10      70.13      214.89     0.01      
10    10      95.24      214.89     0.02      
12    5       95.24      214.89     0.01      
12    7       95.24      214.89     0.02      
12    10      95.24      214.89     0.05      
13    9       95.24      214.89     0.01      
14    7       95.24      214.89     0.04      
14    9       95.24      214.89     0.01      
14    10      95.24      214.89     0.03      
16    6       136.59     214.89     0.02      
17    5       136.59     214.89     0.02      
17    7       136.59     214.89     0.02      
17    9       136.59     214.89     0.05      
17    10      136.59     214.89     0.05      
18    6       136.59     214.89     0.07      
19    5       136.59     214.89     0.03      
19    8       136.59     214.89     0.01      
19    9       136.59     214.89     0.1       
19    10      136.59     214.89     0.1       

5     5       70.13      214.89     0.02      
5     7       70.13      214.89     0.02      
6     7       70.13      214.89     0.02      
8     5       70.13      214.89     0.03      
8     10      70.13      214.89     0.03      
9     5       70.13      214.89     0.08      
9     7       70.13      214.89     0.02      
9     10      70.13      214.89     0.02      
10    7       95.24      214.89     0.02      
12    5       95.24      214.89     0.02      
12    6       95.24      214.89     0.01      
12    7       95.24      214.89     0.03      
12    10      95.24      214.89     0.03      
13    7       95.24      214.89     0.04      
14    5       95.24      214.89     0.04      
14    10      95.24      214.89     0.04      
16    5       136.59     214.89     0.13      
16    10      136.59     214.89     0.03      
17    5       136.59     214.89     0.02      
17    6       136.59     214.89     0.01      
17    10      136.59     214.89     0.02      
18    5       136.59     214.89     0.13      
18    7       136.59     214.89     0.01      
19    6       136.59     214.89     0.03      

3     5       37.16      214.89     0.01      
3     10      37.16      214.89     0.02      
4     9       37.16      214.89     0.03      
5     3       70.13      153.49     0.06      
7     10      70.13      214.89     0.02      
8     3       70.13      153.49     0.01      
8     4       70.13      153.49     0.06      
8     6       70.13      214.89     0.01      
9     2       70.13      153.49     0.02      
10    2       95.24      153.49     0.06      
10    3       95.24      153.49     0.08      
12    4       95.24      153.49     0.02      
12    6       95.24      214.89     0.01      
13    4       95.24      153.49     0.04      
14    4       95.24      153.49     0.06      
15    6       136.59     214.89     0.03      
16    2       136.59     153.49     0.11      
16    3       136.59     153.49     0.01      
17    4       136.59     153.49     0.1       
19    4       136.59     153.49     0.02      

