state: 1 E_state =21.810642731672797
n_rot n_trans E_rot      E_trans    |<state|n_rot n_trans>|^2
1     2       23.8       153.49     0.02      
2     4       23.8       153.49     0.01      
3     1       23.8       92.09      0.45      
4     1       42.4       92.09      0.45      
5     4       42.4       153.49     0.01      
6     2       42.4       153.49     0.02      

state: 2 E_state =23.533177933377644
n_rot n_trans E_rot      E_trans    |<state|n_rot n_trans>|^2
1     1       23.8       92.09      0.46      
3     2       23.8       153.49     0.02      
4     2       42.4       153.49     0.02      
6     1       42.4       92.09      0.46      

state: 3 E_state =25.55637564504134
n_rot n_trans E_rot      E_trans    |<state|n_rot n_trans>|^2
2     1       23.8       92.09      0.48      
3     4       23.8       153.49     0.01      
4     4       42.4       153.49     0.01      
5     1       42.4       92.09      0.48      

state: 4 E_state =36.781515322702674
n_rot n_trans E_rot      E_trans    |<state|n_rot n_trans>|^2
1     2       23.8       153.49     0.06      
2     4       23.8       153.49     0.03      
3     1       23.8       92.09      0.4       
4     1       42.4       92.09      0.4       
5     4       42.4       153.49     0.03      
6     2       42.4       153.49     0.06      

state: 5 E_state =39.135723984403455
n_rot n_trans E_rot      E_trans    |<state|n_rot n_trans>|^2
1     1       23.8       92.09      0.41      
3     2       23.8       153.49     0.08      
4     2       42.4       153.49     0.08      
6     1       42.4       92.09      0.41      

state: 6 E_state =42.786378706360345
n_rot n_trans E_rot      E_trans    |<state|n_rot n_trans>|^2
2     1       23.8       92.09      0.44      
3     4       23.8       153.49     0.05      
4     4       42.4       153.49     0.05      
5     1       42.4       92.09      0.44      

state: 7 E_state =70.39723450456539
n_rot n_trans E_rot      E_trans    |<state|n_rot n_trans>|^2
1     4       23.8       153.49     0.08      
2     2       23.8       153.49     0.02      
2     3       23.8       153.49     0.02      
3     3       23.8       153.49     0.13      
4     3       42.4       153.49     0.13      
5     2       42.4       153.49     0.02      
5     3       42.4       153.49     0.02      
6     4       42.4       153.49     0.08      
7     1       79.51      92.09      0.11      
9     1       79.51      92.09      0.03      
11    1       79.51      92.09      0.09      
12    1       135.32     92.09      0.11      
15    1       135.32     92.09      0.09      
16    1       135.32     92.09      0.03      

state: 8 E_state =71.45508215998662
n_rot n_trans E_rot      E_trans    |<state|n_rot n_trans>|^2
1     2       23.8       153.49     0.1       
1     3       23.8       153.49     0.02      
2     4       23.8       153.49     0.12      
3     4       23.8       153.49     0.01      
4     4       42.4       153.49     0.01      
5     4       42.4       153.49     0.12      
6     2       42.4       153.49     0.1       
6     3       42.4       153.49     0.02      
8     1       79.51      92.09      0.21      
10    1       79.51      92.09      0.03      
13    1       135.32     92.09      0.03      
14    1       135.32     92.09      0.21      

state: 9 E_state =71.81410866766653
n_rot n_trans E_rot      E_trans    |<state|n_rot n_trans>|^2
1     4       23.8       153.49     0.07      
2     2       23.8       153.49     0.05      
2     3       23.8       153.49     0.09      
3     3       23.8       153.49     0.03      
4     3       42.4       153.49     0.03      
5     2       42.4       153.49     0.05      
5     3       42.4       153.49     0.09      
6     4       42.4       153.49     0.07      
7     1       79.51      92.09      0.09      
9     1       79.51      92.09      0.14      
11    1       79.51      92.09      0.01      
12    1       135.32     92.09      0.09      
15    1       135.32     92.09      0.01      
16    1       135.32     92.09      0.14      

state: 10 E_state =72.52905492004574
n_rot n_trans E_rot      E_trans    |<state|n_rot n_trans>|^2
1     3       23.8       153.49     0.12      
2     1       23.8       92.09      0.02      
3     4       23.8       153.49     0.08      
4     4       42.4       153.49     0.08      
5     1       42.4       92.09      0.02      
6     3       42.4       153.49     0.12      
8     1       79.51      92.09      0.03      
10    1       79.51      92.09      0.21      
13    1       135.32     92.09      0.21      
14    1       135.32     92.09      0.03      

state: 11 E_state =73.55259845914357
n_rot n_trans E_rot      E_trans    |<state|n_rot n_trans>|^2
1     1       23.8       92.09      0.04      
1     4       23.8       153.49     0.02      
2     2       23.8       153.49     0.07      
2     3       23.8       153.49     0.01      
3     2       23.8       153.49     0.08      
4     2       42.4       153.49     0.08      
5     2       42.4       153.49     0.07      
5     3       42.4       153.49     0.01      
6     1       42.4       92.09      0.04      
6     4       42.4       153.49     0.02      
7     1       79.51      92.09      0.04      
9     1       79.51      92.09      0.07      
11    1       79.51      92.09      0.15      
12    1       135.32     92.09      0.04      
15    1       135.32     92.09      0.15      
16    1       135.32     92.09      0.07      

state: 12 E_state =85.0355357130974
n_rot n_trans E_rot      E_trans    |<state|n_rot n_trans>|^2
1     4       23.8       153.49     0.07      
2     3       23.8       153.49     0.19      
3     3       23.8       153.49     0.19      
4     3       42.4       153.49     0.19      
5     3       42.4       153.49     0.19      
6     4       42.4       153.49     0.07      

state: 13 E_state =85.08866195005851
n_rot n_trans E_rot      E_trans    |<state|n_rot n_trans>|^2
1     2       23.8       153.49     0.02      
1     3       23.8       153.49     0.2       
2     1       23.8       92.09      0.02      
2     4       23.8       153.49     0.04      
3     4       23.8       153.49     0.18      
3     10      23.8       214.89     0.01      
4     4       42.4       153.49     0.18      
4     10      42.4       214.89     0.01      
5     1       42.4       92.09      0.02      
5     4       42.4       153.49     0.04      
6     2       42.4       153.49     0.02      
6     3       42.4       153.49     0.2       

state: 14 E_state =87.97279197524858
n_rot n_trans E_rot      E_trans    |<state|n_rot n_trans>|^2
1     1       23.8       92.09      0.03      
1     4       23.8       153.49     0.09      
1     5       23.8       214.89     0.02      
2     2       23.8       153.49     0.17      
3     2       23.8       153.49     0.17      
4     2       42.4       153.49     0.17      
5     2       42.4       153.49     0.17      
6     1       42.4       92.09      0.03      
6     4       42.4       153.49     0.09      
6     5       42.4       214.89     0.02      

state: 15 E_state =90.96022908153755
n_rot n_trans E_rot      E_trans    |<state|n_rot n_trans>|^2
1     2       23.8       153.49     0.14      
1     3       23.8       153.49     0.04      
2     4       23.8       153.49     0.13      
3     1       23.8       92.09      0.07      
3     4       23.8       153.49     0.05      
3     5       23.8       214.89     0.01      
4     1       42.4       92.09      0.07      
4     4       42.4       153.49     0.05      
4     5       42.4       214.89     0.01      
5     4       42.4       153.49     0.13      
6     2       42.4       153.49     0.14      
6     3       42.4       153.49     0.04      
10    1       79.51      92.09      0.02      
13    1       135.32     92.09      0.02      

state: 16 E_state =94.05966402384486
n_rot n_trans E_rot      E_trans    |<state|n_rot n_trans>|^2
1     4       23.8       153.49     0.13      
1     10      23.8       214.89     0.01      
2     2       23.8       153.49     0.03      
3     2       23.8       153.49     0.04      
3     3       23.8       153.49     0.16      
3     6       23.8       214.89     0.03      
4     2       42.4       153.49     0.04      
4     3       42.4       153.49     0.16      
4     6       42.4       214.89     0.03      
5     2       42.4       153.49     0.03      
6     4       42.4       153.49     0.13      
6     10      42.4       214.89     0.01      
7     1       79.51      92.09      0.03      
10    2       79.51      153.49     0.01      
12    1       135.32     92.09      0.03      
13    2       135.32     153.49     0.01      

state: 17 E_state =94.22512609335367
n_rot n_trans E_rot      E_trans    |<state|n_rot n_trans>|^2
1     2       23.8       153.49     0.15      
1     3       23.8       153.49     0.01      
1     6       23.8       214.89     0.02      
2     4       23.8       153.49     0.05      
3     4       23.8       153.49     0.15      
3     5       23.8       214.89     0.04      
4     4       42.4       153.49     0.15      
4     5       42.4       214.89     0.04      
5     4       42.4       153.49     0.05      
6     2       42.4       153.49     0.15      
6     3       42.4       153.49     0.01      
6     6       42.4       214.89     0.02      
10    1       79.51      92.09      0.03      
13    1       135.32     92.09      0.03      

state: 18 E_state =95.19648998715286
n_rot n_trans E_rot      E_trans    |<state|n_rot n_trans>|^2
1     1       23.8       92.09      0.02      
1     4       23.8       153.49     0.02      
1     5       23.8       214.89     0.05      
2     2       23.8       153.49     0.07      
2     6       23.8       214.89     0.01      
3     2       23.8       153.49     0.27      
3     6       23.8       214.89     0.01      
4     2       42.4       153.49     0.27      
4     6       42.4       214.89     0.01      
5     2       42.4       153.49     0.07      
5     6       42.4       214.89     0.01      
6     1       42.4       92.09      0.02      
6     4       42.4       153.49     0.02      
6     5       42.4       214.89     0.05      
9     1       79.51      92.09      0.01      
11    1       79.51      92.09      0.02      
15    1       135.32     92.09      0.02      
16    1       135.32     92.09      0.01      

state: 19 E_state =96.13535862652893
n_rot n_trans E_rot      E_trans    |<state|n_rot n_trans>|^2
1     2       23.8       153.49     0.08      
1     3       23.8       153.49     0.1       
1     6       23.8       214.89     0.01      
2     4       23.8       153.49     0.09      
3     4       23.8       153.49     0.11      
3     5       23.8       214.89     0.02      
3     9       23.8       214.89     0.02      
4     4       42.4       153.49     0.11      
4     5       42.4       214.89     0.02      
4     9       42.4       214.89     0.02      
5     4       42.4       153.49     0.09      
6     2       42.4       153.49     0.08      
6     3       42.4       153.49     0.1       
6     6       42.4       214.89     0.01      
8     1       79.51      92.09      0.03      
14    1       135.32     92.09      0.03      

state: 20 E_state =96.44255979305201
n_rot n_trans E_rot      E_trans    |<state|n_rot n_trans>|^2
1     4       23.8       153.49     0.1       
1     10      23.8       214.89     0.01      
2     2       23.8       153.49     0.04      
2     3       23.8       153.49     0.06      
2     7       23.8       214.89     0.01      
3     2       23.8       153.49     0.02      
3     3       23.8       153.49     0.16      
3     6       23.8       214.89     0.02      
4     2       42.4       153.49     0.02      
4     3       42.4       153.49     0.16      
4     6       42.4       214.89     0.02      
5     2       42.4       153.49     0.04      
5     3       42.4       153.49     0.06      
5     7       42.4       214.89     0.01      
6     4       42.4       153.49     0.1       
6     10      42.4       214.89     0.01      
7     1       79.51      92.09      0.01      
9     1       79.51      92.09      0.01      
12    1       135.32     92.09      0.01      
16    1       135.32     92.09      0.01      

state: 21 E_state =97.00712833903458
n_rot n_trans E_rot      E_trans    |<state|n_rot n_trans>|^2
1     4       23.8       153.49     0.08      
2     3       23.8       153.49     0.02      
3     2       23.8       153.49     0.01      
3     3       23.8       153.49     0.09      
4     2       42.4       153.49     0.01      
4     3       42.4       153.49     0.09      
5     3       42.4       153.49     0.02      
6     4       42.4       153.49     0.08      
7     1       79.51      92.09      0.15      
9     1       79.51      92.09      0.06      
11    1       79.51      92.09      0.06      
12    1       135.32     92.09      0.15      
15    1       135.32     92.09      0.06      
16    1       135.32     92.09      0.06      

state: 22 E_state =97.58877617651571
n_rot n_trans E_rot      E_trans    |<state|n_rot n_trans>|^2
1     2       23.8       153.49     0.13      
2     4       23.8       153.49     0.03      
3     4       23.8       153.49     0.06      
3     5       23.8       214.89     0.01      
4     4       42.4       153.49     0.06      
4     5       42.4       214.89     0.01      
5     4       42.4       153.49     0.03      
6     2       42.4       153.49     0.13      
8     1       79.51      92.09      0.1       
10    1       79.51      92.09      0.15      
13    1       135.32     92.09      0.15      
14    1       135.32     92.09      0.1       

state: 23 E_state =98.23125139714
n_rot n_trans E_rot      E_trans    |<state|n_rot n_trans>|^2
2     2       23.8       153.49     0.14      
2     3       23.8       153.49     0.01      
3     2       23.8       153.49     0.07      
4     2       42.4       153.49     0.07      
5     2       42.4       153.49     0.14      
5     3       42.4       153.49     0.01      
7     1       79.51      92.09      0.02      
9     1       79.51      92.09      0.16      
11    1       79.51      92.09      0.06      
12    1       135.32     92.09      0.02      
15    1       135.32     92.09      0.06      
16    1       135.32     92.09      0.16      

state: 24 E_state =98.68306859414962
n_rot n_trans E_rot      E_trans    |<state|n_rot n_trans>|^2
1     4       23.8       153.49     0.06      
2     3       23.8       153.49     0.13      
3     2       23.8       153.49     0.03      
3     3       23.8       153.49     0.02      
4     2       42.4       153.49     0.03      
4     3       42.4       153.49     0.02      
5     3       42.4       153.49     0.13      
6     4       42.4       153.49     0.06      
7     1       79.51      92.09      0.1       
9     1       79.51      92.09      0.02      
11    1       79.51      92.09      0.12      
12    1       135.32     92.09      0.1       
15    1       135.32     92.09      0.12      
16    1       135.32     92.09      0.02      

state: 25 E_state =98.71139297219396
n_rot n_trans E_rot      E_trans    |<state|n_rot n_trans>|^2
1     3       23.8       153.49     0.1       
2     4       23.8       153.49     0.11      
3     4       23.8       153.49     0.03      
3     9       23.8       214.89     0.01      
4     4       42.4       153.49     0.03      
4     9       42.4       214.89     0.01      
5     4       42.4       153.49     0.11      
6     3       42.4       153.49     0.1       
8     1       79.51      92.09      0.15      
10    1       79.51      92.09      0.08      
13    1       135.32     92.09      0.08      
14    1       135.32     92.09      0.15      

state: 26 E_state =100.12358785376708
n_rot n_trans E_rot      E_trans    |<state|n_rot n_trans>|^2
1     2       23.8       153.49     0.02      
1     3       23.8       153.49     0.28      
1     6       23.8       214.89     0.01      
3     4       23.8       153.49     0.11      
3     10      23.8       214.89     0.03      
4     4       42.4       153.49     0.11      
4     10      42.4       214.89     0.03      
6     2       42.4       153.49     0.02      
6     3       42.4       153.49     0.28      
6     6       42.4       214.89     0.01      

state: 27 E_state =102.62888339358628
n_rot n_trans E_rot      E_trans    |<state|n_rot n_trans>|^2
2     3       23.8       153.49     0.36      
3     3       23.8       153.49     0.07      
3     7       23.8       214.89     0.03      
4     3       42.4       153.49     0.07      
4     7       42.4       214.89     0.03      
5     3       42.4       153.49     0.36      

state: 28 E_state =103.85236574639202
n_rot n_trans E_rot      E_trans    |<state|n_rot n_trans>|^2
1     2       23.8       153.49     0.1       
1     3       23.8       153.49     0.01      
2     4       23.8       153.49     0.27      
3     1       23.8       92.09      0.03      
3     5       23.8       214.89     0.03      
3     9       23.8       214.89     0.02      
3     10      23.8       214.89     0.02      
4     1       42.4       92.09      0.03      
4     5       42.4       214.89     0.03      
4     9       42.4       214.89     0.02      
4     10      42.4       214.89     0.02      
5     4       42.4       153.49     0.27      
6     2       42.4       153.49     0.1       
6     3       42.4       153.49     0.01      

state: 29 E_state =105.85878626007826
n_rot n_trans E_rot      E_trans    |<state|n_rot n_trans>|^2
1     4       23.8       153.49     0.15      
2     2       23.8       153.49     0.29      
3     2       23.8       153.49     0.02      
4     2       42.4       153.49     0.02      
5     2       42.4       153.49     0.29      
6     4       42.4       153.49     0.15      

state: 30 E_state =130.32109494524565
n_rot n_trans E_rot      E_trans    |<state|n_rot n_trans>|^2
1     6       23.8       214.89     0.06      
1     7       23.8       214.89     0.04      
2     5       23.8       214.89     0.02      
2     9       23.8       214.89     0.08      
5     5       42.4       214.89     0.02      
5     9       42.4       214.89     0.08      
6     6       42.4       214.89     0.06      
6     7       42.4       214.89     0.04      
7     2       79.51      153.49     0.07      
7     3       79.51      153.49     0.05      
8     4       79.51      153.49     0.15      
9     2       79.51      153.49     0.02      
12    2       135.32     153.49     0.07      
12    3       135.32     153.49     0.05      
14    4       135.32     153.49     0.15      
16    2       135.32     153.49     0.02      

state: 31 E_state =130.32352167898694
n_rot n_trans E_rot      E_trans    |<state|n_rot n_trans>|^2
1     5       23.8       214.89     0.02      
1     9       23.8       214.89     0.08      
2     6       23.8       214.89     0.06      
2     7       23.8       214.89     0.04      
5     6       42.4       214.89     0.06      
5     7       42.4       214.89     0.04      
6     5       42.4       214.89     0.02      
6     9       42.4       214.89     0.08      
7     4       79.51      153.49     0.12      
8     2       79.51      153.49     0.09      
8     3       79.51      153.49     0.06      
9     4       79.51      153.49     0.03      
12    4       135.32     153.49     0.12      
14    2       135.32     153.49     0.09      
14    3       135.32     153.49     0.06      
16    4       135.32     153.49     0.03      

state: 32 E_state =131.12205417063487
n_rot n_trans E_rot      E_trans    |<state|n_rot n_trans>|^2
2     5       23.8       214.89     0.01      
2     8       23.8       214.89     0.1       
3     8       23.8       214.89     0.08      
4     8       42.4       214.89     0.08      
5     5       42.4       214.89     0.01      
5     8       42.4       214.89     0.1       
7     2       79.51      153.49     0.01      
9     3       79.51      153.49     0.11      
10    4       79.51      153.49     0.02      
11    2       79.51      153.49     0.02      
11    3       79.51      153.49     0.12      
12    2       135.32     153.49     0.01      
13    4       135.32     153.49     0.02      
15    2       135.32     153.49     0.02      
15    3       135.32     153.49     0.12      
16    3       135.32     153.49     0.11      

state: 33 E_state =131.4219957037502
n_rot n_trans E_rot      E_trans    |<state|n_rot n_trans>|^2
1     5       23.8       214.89     0.01      
1     8       23.8       214.89     0.04      
2     3       23.8       153.49     0.01      
2     6       23.8       214.89     0.04      
2     7       23.8       214.89     0.04      
3     7       23.8       214.89     0.02      
4     7       42.4       214.89     0.02      
5     3       42.4       153.49     0.01      
5     6       42.4       214.89     0.04      
5     7       42.4       214.89     0.04      
6     5       42.4       214.89     0.01      
6     8       42.4       214.89     0.04      
8     2       79.51      153.49     0.03      
8     3       79.51      153.49     0.09      
10    2       79.51      153.49     0.05      
10    3       79.51      153.49     0.03      
11    4       79.51      153.49     0.08      
13    2       135.32     153.49     0.05      
13    3       135.32     153.49     0.03      
14    2       135.32     153.49     0.03      
14    3       135.32     153.49     0.09      
15    4       135.32     153.49     0.08      

state: 34 E_state =131.91226150752527
n_rot n_trans E_rot      E_trans    |<state|n_rot n_trans>|^2
1     6       23.8       214.89     0.01      
1     7       23.8       214.89     0.05      
2     5       23.8       214.89     0.03      
2     10      23.8       214.89     0.02      
3     8       23.8       214.89     0.05      
3     9       23.8       214.89     0.01      
4     8       42.4       214.89     0.05      
4     9       42.4       214.89     0.01      
5     5       42.4       214.89     0.03      
5     10      42.4       214.89     0.02      
6     6       42.4       214.89     0.01      
6     7       42.4       214.89     0.05      
7     2       79.51      153.49     0.02      
7     3       79.51      153.49     0.08      
9     3       79.51      153.49     0.02      
10    4       79.51      153.49     0.06      
11    2       79.51      153.49     0.07      
11    3       79.51      153.49     0.03      
12    2       135.32     153.49     0.02      
12    3       135.32     153.49     0.08      
13    4       135.32     153.49     0.06      
15    2       135.32     153.49     0.07      
15    3       135.32     153.49     0.03      
16    3       135.32     153.49     0.02      

state: 35 E_state =133.09759040163524
n_rot n_trans E_rot      E_trans    |<state|n_rot n_trans>|^2
1     4       23.8       153.49     0.02      
1     8       23.8       214.89     0.01      
1     9       23.8       214.89     0.02      
2     3       23.8       153.49     0.01      
3     3       23.8       153.49     0.02      
3     7       23.8       214.89     0.03      
4     3       42.4       153.49     0.02      
4     7       42.4       214.89     0.03      
5     3       42.4       153.49     0.01      
6     4       42.4       153.49     0.02      
6     8       42.4       214.89     0.01      
6     9       42.4       214.89     0.02      
7     1       79.51      92.09      0.04      
7     4       79.51      153.49     0.03      
9     1       79.51      92.09      0.02      
9     4       79.51      153.49     0.05      
10    2       79.51      153.49     0.15      
10    3       79.51      153.49     0.05      
11    4       79.51      153.49     0.01      
12    1       135.32     92.09      0.04      
12    4       135.32     153.49     0.03      
13    2       135.32     153.49     0.15      
13    3       135.32     153.49     0.05      
15    4       135.32     153.49     0.01      
16    1       135.32     92.09      0.02      
16    4       135.32     153.49     0.05      

state: 36 E_state =133.58752374730676
n_rot n_trans E_rot      E_trans    |<state|n_rot n_trans>|^2
1     2       23.8       153.49     0.04      
1     3       23.8       153.49     0.01      
2     5       23.8       214.89     0.04      
3     4       23.8       153.49     0.01      
3     5       23.8       214.89     0.01      
4     4       42.4       153.49     0.01      
4     5       42.4       214.89     0.01      
5     5       42.4       214.89     0.04      
6     2       42.4       153.49     0.04      
6     3       42.4       153.49     0.01      
7     2       79.51      153.49     0.09      
9     2       79.51      153.49     0.15      
10    1       79.51      92.09      0.08      
11    2       79.51      153.49     0.04      
12    2       135.32     153.49     0.09      
13    1       135.32     92.09      0.08      
15    2       135.32     153.49     0.04      
16    2       135.32     153.49     0.15      

state: 37 E_state =134.47877282717158
n_rot n_trans E_rot      E_trans    |<state|n_rot n_trans>|^2
1     9       23.8       214.89     0.03      
1     10      23.8       214.89     0.03      
2     6       23.8       214.89     0.02      
5     6       42.4       214.89     0.02      
6     9       42.4       214.89     0.03      
6     10      42.4       214.89     0.03      
7     1       79.51      92.09      0.04      
7     4       79.51      153.49     0.08      
8     2       79.51      153.49     0.02      
9     1       79.51      92.09      0.06      
9     4       79.51      153.49     0.05      
10    2       79.51      153.49     0.04      
11    4       79.51      153.49     0.07      
12    1       135.32     92.09      0.04      
12    4       135.32     153.49     0.08      
13    2       135.32     153.49     0.04      
14    2       135.32     153.49     0.02      
15    4       135.32     153.49     0.07      
16    1       135.32     92.09      0.06      
16    4       135.32     153.49     0.05      

state: 38 E_state =135.12056331872438
n_rot n_trans E_rot      E_trans    |<state|n_rot n_trans>|^2
1     7       23.8       214.89     0.03      
2     9       23.8       214.89     0.02      
2     10      23.8       214.89     0.12      
3     9       23.8       214.89     0.01      
4     9       42.4       214.89     0.01      
5     9       42.4       214.89     0.02      
5     10      42.4       214.89     0.12      
6     7       42.4       214.89     0.03      
8     1       79.51      92.09      0.02      
8     4       79.51      153.49     0.02      
9     2       79.51      153.49     0.06      
9     3       79.51      153.49     0.07      
10    4       79.51      153.49     0.02      
11    2       79.51      153.49     0.06      
11    3       79.51      153.49     0.05      
13    4       135.32     153.49     0.02      
14    1       135.32     92.09      0.02      
14    4       135.32     153.49     0.02      
15    2       135.32     153.49     0.06      
15    3       135.32     153.49     0.05      
16    2       135.32     153.49     0.06      
16    3       135.32     153.49     0.07      

state: 39 E_state =135.62443232099338
n_rot n_trans E_rot      E_trans    |<state|n_rot n_trans>|^2
1     6       23.8       214.89     0.02      
2     5       23.8       214.89     0.06      
2     10      23.8       214.89     0.02      
3     10      23.8       214.89     0.01      
4     10      42.4       214.89     0.01      
5     5       42.4       214.89     0.06      
5     10      42.4       214.89     0.02      
6     6       42.4       214.89     0.02      
7     2       79.51      153.49     0.05      
8     4       79.51      153.49     0.07      
10    1       79.51      92.09      0.06      
10    4       79.51      153.49     0.09      
11    2       79.51      153.49     0.04      
12    2       135.32     153.49     0.05      
13    1       135.32     92.09      0.06      
13    4       135.32     153.49     0.09      
14    4       135.32     153.49     0.07      
15    2       135.32     153.49     0.04      

state: 40 E_state =135.94464522959586
n_rot n_trans E_rot      E_trans    |<state|n_rot n_trans>|^2
1     8       23.8       214.89     0.05      
1     10      23.8       214.89     0.06      
2     7       23.8       214.89     0.02      
3     7       23.8       214.89     0.01      
4     7       42.4       214.89     0.01      
5     7       42.4       214.89     0.02      
6     8       42.4       214.89     0.05      
6     10      42.4       214.89     0.06      
7     4       79.51      153.49     0.02      
9     1       79.51      92.09      0.04      
9     4       79.51      153.49     0.03      
10    3       79.51      153.49     0.19      
11    1       79.51      92.09      0.03      
11    4       79.51      153.49     0.03      
12    4       135.32     153.49     0.02      
13    3       135.32     153.49     0.19      
15    1       135.32     92.09      0.03      
15    4       135.32     153.49     0.03      
16    1       135.32     92.09      0.04      
16    4       135.32     153.49     0.03      

state: 41 E_state =136.81251279958448
n_rot n_trans E_rot      E_trans    |<state|n_rot n_trans>|^2
1     10      23.8       214.89     0.04      
2     2       23.8       153.49     0.01      
3     3       23.8       153.49     0.01      
4     3       42.4       153.49     0.01      
5     2       42.4       153.49     0.01      
6     10      42.4       214.89     0.04      
7     4       79.51      153.49     0.04      
8     2       79.51      153.49     0.1       
8     3       79.51      153.49     0.02      
9     4       79.51      153.49     0.1       
11    1       79.51      92.09      0.13      
11    4       79.51      153.49     0.01      
12    4       135.32     153.49     0.04      
14    2       135.32     153.49     0.1       
14    3       135.32     153.49     0.02      
15    1       135.32     92.09      0.13      
15    4       135.32     153.49     0.01      
16    4       135.32     153.49     0.1       

state: 42 E_state =138.71605217896166
n_rot n_trans E_rot      E_trans    |<state|n_rot n_trans>|^2
1     3       23.8       153.49     0.01      
2     8       23.8       214.89     0.02      
3     10      23.8       214.89     0.09      
4     10      42.4       214.89     0.09      
5     8       42.4       214.89     0.02      
6     3       42.4       153.49     0.01      
7     3       79.51      153.49     0.06      
8     4       79.51      153.49     0.04      
9     2       79.51      153.49     0.02      
9     3       79.51      153.49     0.04      
10    1       79.51      92.09      0.03      
10    4       79.51      153.49     0.07      
11    2       79.51      153.49     0.02      
11    3       79.51      153.49     0.06      
12    3       135.32     153.49     0.06      
13    1       135.32     92.09      0.03      
13    4       135.32     153.49     0.07      
14    4       135.32     153.49     0.04      
15    2       135.32     153.49     0.02      
15    3       135.32     153.49     0.06      
16    2       135.32     153.49     0.02      
16    3       135.32     153.49     0.04      

state: 43 E_state =140.41370664437991
n_rot n_trans E_rot      E_trans    |<state|n_rot n_trans>|^2
1     8       23.8       214.89     0.04      
3     7       23.8       214.89     0.04      
4     7       42.4       214.89     0.04      
6     8       42.4       214.89     0.04      
7     1       79.51      92.09      0.03      
8     2       79.51      153.49     0.04      
8     3       79.51      153.49     0.14      
9     4       79.51      153.49     0.02      
10    2       79.51      153.49     0.03      
10    3       79.51      153.49     0.01      
11    4       79.51      153.49     0.08      
12    1       135.32     92.09      0.03      
13    2       135.32     153.49     0.03      
13    3       135.32     153.49     0.01      
14    2       135.32     153.49     0.04      
14    3       135.32     153.49     0.14      
15    4       135.32     153.49     0.08      
16    4       135.32     153.49     0.02      

state: 44 E_state =140.54721096682982
n_rot n_trans E_rot      E_trans    |<state|n_rot n_trans>|^2
1     3       23.8       153.49     0.01      
2     4       23.8       153.49     0.01      
2     8       23.8       214.89     0.02      
3     8       23.8       214.89     0.01      
3     9       23.8       214.89     0.03      
4     8       42.4       214.89     0.01      
4     9       42.4       214.89     0.03      
5     4       42.4       153.49     0.01      
5     8       42.4       214.89     0.02      
6     3       42.4       153.49     0.01      
7     2       79.51      153.49     0.02      
7     3       79.51      153.49     0.09      
8     1       79.51      92.09      0.03      
9     2       79.51      153.49     0.05      
9     3       79.51      153.49     0.04      
10    4       79.51      153.49     0.06      
11    2       79.51      153.49     0.05      
11    3       79.51      153.49     0.03      
12    2       135.32     153.49     0.02      
12    3       135.32     153.49     0.09      
13    4       135.32     153.49     0.06      
14    1       135.32     92.09      0.03      
15    2       135.32     153.49     0.05      
15    3       135.32     153.49     0.03      
16    2       135.32     153.49     0.05      
16    3       135.32     153.49     0.04      

state: 45 E_state =144.68779594271152
n_rot n_trans E_rot      E_trans    |<state|n_rot n_trans>|^2
2     10      23.8       214.89     0.01      
3     5       23.8       214.89     0.03      
3     9       23.8       214.89     0.06      
4     5       42.4       214.89     0.03      
4     9       42.4       214.89     0.06      
5     10      42.4       214.89     0.01      
8     1       79.51      92.09      0.35      
11    2       79.51      153.49     0.01      
14    1       135.32     92.09      0.35      
15    2       135.32     153.49     0.01      

state: 46 E_state =144.69706422580794
n_rot n_trans E_rot      E_trans    |<state|n_rot n_trans>|^2
3     6       23.8       214.89     0.07      
3     7       23.8       214.89     0.02      
4     6       42.4       214.89     0.07      
4     7       42.4       214.89     0.02      
7     1       79.51      92.09      0.23      
9     1       79.51      92.09      0.12      
12    1       135.32     92.09      0.23      
16    1       135.32     92.09      0.12      

state: 47 E_state =147.63875437532886
n_rot n_trans E_rot      E_trans    |<state|n_rot n_trans>|^2
1     8       23.8       214.89     0.03      
1     10      23.8       214.89     0.01      
2     7       23.8       214.89     0.07      
3     6       23.8       214.89     0.03      
3     7       23.8       214.89     0.01      
4     6       42.4       214.89     0.03      
4     7       42.4       214.89     0.01      
5     7       42.4       214.89     0.07      
6     8       42.4       214.89     0.03      
6     10      42.4       214.89     0.01      
8     2       79.51      153.49     0.02      
9     1       79.51      92.09      0.07      
9     4       79.51      153.49     0.02      
10    2       79.51      153.49     0.02      
10    3       79.51      153.49     0.02      
11    1       79.51      92.09      0.16      
13    2       135.32     153.49     0.02      
13    3       135.32     153.49     0.02      
14    2       135.32     153.49     0.02      
15    1       135.32     92.09      0.16      
16    1       135.32     92.09      0.07      
16    4       135.32     153.49     0.02      

state: 48 E_state =148.57910274986028
n_rot n_trans E_rot      E_trans    |<state|n_rot n_trans>|^2
1     6       23.8       214.89     0.03      
2     5       23.8       214.89     0.02      
2     9       23.8       214.89     0.05      
3     5       23.8       214.89     0.04      
3     10      23.8       214.89     0.01      
4     5       42.4       214.89     0.04      
4     10      42.4       214.89     0.01      
5     5       42.4       214.89     0.02      
5     9       42.4       214.89     0.05      
6     6       42.4       214.89     0.03      
7     2       79.51      153.49     0.07      
8     4       79.51      153.49     0.02      
10    1       79.51      92.09      0.2       
11    3       79.51      153.49     0.01      
12    2       135.32     153.49     0.07      
13    1       135.32     92.09      0.2       
14    4       135.32     153.49     0.02      
15    3       135.32     153.49     0.01      

state: 49 E_state =150.85301146785102
n_rot n_trans E_rot      E_trans    |<state|n_rot n_trans>|^2
1     5       23.8       214.89     0.08      
2     6       23.8       214.89     0.02      
3     2       23.8       153.49     0.01      
4     2       42.4       153.49     0.01      
5     6       42.4       214.89     0.02      
6     5       42.4       214.89     0.08      
7     1       79.51      92.09      0.07      
8     2       79.51      153.49     0.01      
9     1       79.51      92.09      0.08      
9     4       79.51      153.49     0.04      
10    2       79.51      153.49     0.05      
11    1       79.51      92.09      0.05      
11    4       79.51      153.49     0.05      
12    1       135.32     92.09      0.07      
13    2       135.32     153.49     0.05      
14    2       135.32     153.49     0.01      
15    1       135.32     92.09      0.05      
15    4       135.32     153.49     0.05      
16    1       135.32     92.09      0.08      
16    4       135.32     153.49     0.04      

state: 50 E_state =153.67617240174306
n_rot n_trans E_rot      E_trans    |<state|n_rot n_trans>|^2
1     7       23.8       214.89     0.13      
2     8       23.8       214.89     0.15      
2     9       23.8       214.89     0.01      
3     8       23.8       214.89     0.16      
3     9       23.8       214.89     0.02      
4     8       42.4       214.89     0.16      
4     9       42.4       214.89     0.02      
5     8       42.4       214.89     0.15      
5     9       42.4       214.89     0.01      
6     7       42.4       214.89     0.13      

state: 51 E_state =158.26006023239913
n_rot n_trans E_rot      E_trans    |<state|n_rot n_trans>|^2
1     9       23.8       214.89     0.17      
2     6       23.8       214.89     0.08      
2     7       23.8       214.89     0.04      
3     3       23.8       153.49     0.02      
3     6       23.8       214.89     0.05      
3     7       23.8       214.89     0.08      
4     3       42.4       153.49     0.02      
4     6       42.4       214.89     0.05      
4     7       42.4       214.89     0.08      
5     6       42.4       214.89     0.08      
5     7       42.4       214.89     0.04      
6     9       42.4       214.89     0.17      
7     4       79.51      153.49     0.01      
8     2       79.51      153.49     0.01      
12    4       135.32     153.49     0.01      
14    2       135.32     153.49     0.01      

state: 52 E_state =159.25213124239795
n_rot n_trans E_rot      E_trans    |<state|n_rot n_trans>|^2
1     2       23.8       153.49     0.02      
1     6       23.8       214.89     0.08      
2     5       23.8       214.89     0.19      
3     4       23.8       153.49     0.01      
3     5       23.8       214.89     0.09      
3     9       23.8       214.89     0.01      
3     10      23.8       214.89     0.01      
4     4       42.4       153.49     0.01      
4     5       42.4       214.89     0.09      
4     9       42.4       214.89     0.01      
4     10      42.4       214.89     0.01      
5     5       42.4       214.89     0.19      
6     2       42.4       153.49     0.02      
6     6       42.4       214.89     0.08      
8     4       79.51      153.49     0.01      
11    2       79.51      153.49     0.02      
14    4       135.32     153.49     0.01      
15    2       135.32     153.49     0.02      

state: 53 E_state =161.30477931172905
n_rot n_trans E_rot      E_trans    |<state|n_rot n_trans>|^2
1     8       23.8       214.89     0.21      
1     10      23.8       214.89     0.03      
2     7       23.8       214.89     0.05      
5     7       42.4       214.89     0.05      
6     8       42.4       214.89     0.21      
6     10      42.4       214.89     0.03      
8     3       79.51      153.49     0.01      
9     1       79.51      92.09      0.01      
9     4       79.51      153.49     0.04      
10    3       79.51      153.49     0.08      
11    1       79.51      92.09      0.01      
11    4       79.51      153.49     0.04      
13    3       135.32     153.49     0.08      
14    3       135.32     153.49     0.01      
15    1       135.32     92.09      0.01      
15    4       135.32     153.49     0.04      
16    1       135.32     92.09      0.01      
16    4       135.32     153.49     0.04      

state: 54 E_state =161.89042021910694
n_rot n_trans E_rot      E_trans    |<state|n_rot n_trans>|^2
1     7       23.8       214.89     0.1       
2     5       23.8       214.89     0.03      
2     8       23.8       214.89     0.03      
2     9       23.8       214.89     0.06      
3     8       23.8       214.89     0.04      
3     9       23.8       214.89     0.05      
4     8       42.4       214.89     0.04      
4     9       42.4       214.89     0.05      
5     5       42.4       214.89     0.03      
5     8       42.4       214.89     0.03      
5     9       42.4       214.89     0.06      
6     7       42.4       214.89     0.1       
7     2       79.51      153.49     0.01      
7     3       79.51      153.49     0.09      
9     2       79.51      153.49     0.03      
12    2       135.32     153.49     0.01      
12    3       135.32     153.49     0.09      
16    2       135.32     153.49     0.03      

state: 55 E_state =162.1176754750784
n_rot n_trans E_rot      E_trans    |<state|n_rot n_trans>|^2
1     6       23.8       214.89     0.12      
1     7       23.8       214.89     0.08      
2     5       23.8       214.89     0.03      
2     9       23.8       214.89     0.15      
3     8       23.8       214.89     0.02      
4     8       42.4       214.89     0.02      
5     5       42.4       214.89     0.03      
5     9       42.4       214.89     0.15      
6     6       42.4       214.89     0.12      
6     7       42.4       214.89     0.08      
7     2       79.51      153.49     0.02      
7     3       79.51      153.49     0.02      
8     4       79.51      153.49     0.05      
12    2       135.32     153.49     0.02      
12    3       135.32     153.49     0.02      
14    4       135.32     153.49     0.05      

state: 56 E_state =162.13051816708364
n_rot n_trans E_rot      E_trans    |<state|n_rot n_trans>|^2
1     5       23.8       214.89     0.03      
1     8       23.8       214.89     0.01      
1     9       23.8       214.89     0.16      
2     6       23.8       214.89     0.12      
2     7       23.8       214.89     0.08      
5     6       42.4       214.89     0.12      
5     7       42.4       214.89     0.08      
6     5       42.4       214.89     0.03      
6     8       42.4       214.89     0.01      
6     9       42.4       214.89     0.16      
7     4       79.51      153.49     0.04      
8     2       79.51      153.49     0.03      
8     3       79.51      153.49     0.02      
9     4       79.51      153.49     0.01      
12    4       135.32     153.49     0.04      
14    2       135.32     153.49     0.03      
14    3       135.32     153.49     0.02      
16    4       135.32     153.49     0.01      

state: 57 E_state =162.36054471212947
n_rot n_trans E_rot      E_trans    |<state|n_rot n_trans>|^2
2     8       23.8       214.89     0.21      
3     8       23.8       214.89     0.19      
4     8       42.4       214.89     0.19      
5     8       42.4       214.89     0.21      
9     3       79.51      153.49     0.05      
11    3       79.51      153.49     0.04      
15    3       135.32     153.49     0.04      
16    3       135.32     153.49     0.05      

state: 58 E_state =162.4136018627722
n_rot n_trans E_rot      E_trans    |<state|n_rot n_trans>|^2
1     5       23.8       214.89     0.01      
1     10      23.8       214.89     0.02      
2     6       23.8       214.89     0.09      
2     7       23.8       214.89     0.06      
3     6       23.8       214.89     0.03      
3     7       23.8       214.89     0.1       
4     6       42.4       214.89     0.03      
4     7       42.4       214.89     0.1       
5     6       42.4       214.89     0.09      
5     7       42.4       214.89     0.06      
6     5       42.4       214.89     0.01      
6     10      42.4       214.89     0.02      
8     2       79.51      153.49     0.03      
8     3       79.51      153.49     0.08      
10    3       79.51      153.49     0.03      
13    3       135.32     153.49     0.03      
14    2       135.32     153.49     0.03      
14    3       135.32     153.49     0.08      

state: 59 E_state =162.88717836394179
n_rot n_trans E_rot      E_trans    |<state|n_rot n_trans>|^2
1     5       23.8       214.89     0.02      
1     8       23.8       214.89     0.12      
1     10      23.8       214.89     0.01      
2     6       23.8       214.89     0.05      
2     7       23.8       214.89     0.09      
3     6       23.8       214.89     0.01      
3     7       23.8       214.89     0.08      
4     6       42.4       214.89     0.01      
4     7       42.4       214.89     0.08      
5     6       42.4       214.89     0.05      
5     7       42.4       214.89     0.09      
6     5       42.4       214.89     0.02      
6     8       42.4       214.89     0.12      
6     10      42.4       214.89     0.01      
8     3       79.51      153.49     0.03      
10    3       79.51      153.49     0.02      
11    4       79.51      153.49     0.03      
13    3       135.32     153.49     0.02      
14    3       135.32     153.49     0.03      
15    4       135.32     153.49     0.03      

state: 60 E_state =163.21819425136943
n_rot n_trans E_rot      E_trans    |<state|n_rot n_trans>|^2
1     6       23.8       214.89     0.04      
1     7       23.8       214.89     0.15      
2     5       23.8       214.89     0.08      
2     10      23.8       214.89     0.02      
3     8       23.8       214.89     0.02      
3     9       23.8       214.89     0.07      
4     8       42.4       214.89     0.02      
4     9       42.4       214.89     0.07      
5     5       42.4       214.89     0.08      
5     10      42.4       214.89     0.02      
6     6       42.4       214.89     0.04      
6     7       42.4       214.89     0.15      
7     3       79.51      153.49     0.03      
10    4       79.51      153.49     0.03      
11    2       79.51      153.49     0.02      
12    3       135.32     153.49     0.03      
13    4       135.32     153.49     0.03      
15    2       135.32     153.49     0.02      

state: 61 E_state =163.7801113274427
n_rot n_trans E_rot      E_trans    |<state|n_rot n_trans>|^2
1     6       23.8       214.89     0.06      
2     9       23.8       214.89     0.06      
2     10      23.8       214.89     0.14      
3     9       23.8       214.89     0.05      
4     9       42.4       214.89     0.05      
5     9       42.4       214.89     0.06      
5     10      42.4       214.89     0.14      
6     6       42.4       214.89     0.06      
8     4       79.51      153.49     0.01      
9     3       79.51      153.49     0.05      
11    2       79.51      153.49     0.02      
11    3       79.51      153.49     0.06      
14    4       135.32     153.49     0.01      
15    2       135.32     153.49     0.02      
15    3       135.32     153.49     0.06      
16    3       135.32     153.49     0.05      

state: 62 E_state =164.06453430043317
n_rot n_trans E_rot      E_trans    |<state|n_rot n_trans>|^2
1     5       23.8       214.89     0.04      
1     8       23.8       214.89     0.02      
1     9       23.8       214.89     0.11      
2     6       23.8       214.89     0.08      
3     6       23.8       214.89     0.07      
3     7       23.8       214.89     0.06      
4     6       42.4       214.89     0.07      
4     7       42.4       214.89     0.06      
5     6       42.4       214.89     0.08      
6     5       42.4       214.89     0.04      
6     8       42.4       214.89     0.02      
6     9       42.4       214.89     0.11      
7     4       79.51      153.49     0.02      
9     4       79.51      153.49     0.02      
10    2       79.51      153.49     0.02      
10    3       79.51      153.49     0.01      
12    4       135.32     153.49     0.02      
13    2       135.32     153.49     0.02      
13    3       135.32     153.49     0.01      
16    4       135.32     153.49     0.02      

state: 63 E_state =164.82377131141217
n_rot n_trans E_rot      E_trans    |<state|n_rot n_trans>|^2
1     6       23.8       214.89     0.05      
1     7       23.8       214.89     0.02      
2     5       23.8       214.89     0.22      
2     9       23.8       214.89     0.01      
2     10      23.8       214.89     0.01      
3     5       23.8       214.89     0.06      
3     9       23.8       214.89     0.02      
4     5       42.4       214.89     0.06      
4     9       42.4       214.89     0.02      
5     5       42.4       214.89     0.22      
5     9       42.4       214.89     0.01      
5     10      42.4       214.89     0.01      
6     6       42.4       214.89     0.05      
6     7       42.4       214.89     0.02      
9     2       79.51      153.49     0.04      
10    4       79.51      153.49     0.01      
11    2       79.51      153.49     0.02      
13    4       135.32     153.49     0.01      
15    2       135.32     153.49     0.02      
16    2       135.32     153.49     0.04      

state: 64 E_state =165.99132723312067
n_rot n_trans E_rot      E_trans    |<state|n_rot n_trans>|^2
1     7       23.8       214.89     0.03      
2     9       23.8       214.89     0.04      
2     10      23.8       214.89     0.34      
5     9       42.4       214.89     0.04      
5     10      42.4       214.89     0.34      
6     7       42.4       214.89     0.03      
8     4       79.51      153.49     0.01      
9     3       79.51      153.49     0.02      
11    2       79.51      153.49     0.01      
11    3       79.51      153.49     0.01      
14    4       135.32     153.49     0.01      
15    2       135.32     153.49     0.01      
15    3       135.32     153.49     0.01      
16    3       135.32     153.49     0.02      

state: 65 E_state =166.46887644187166
n_rot n_trans E_rot      E_trans    |<state|n_rot n_trans>|^2
1     8       23.8       214.89     0.04      
1     9       23.8       214.89     0.01      
1     10      23.8       214.89     0.3       
2     7       23.8       214.89     0.04      
3     7       23.8       214.89     0.02      
4     7       42.4       214.89     0.02      
5     7       42.4       214.89     0.04      
6     8       42.4       214.89     0.04      
6     9       42.4       214.89     0.01      
6     10      42.4       214.89     0.3       
7     4       79.51      153.49     0.02      
10    2       79.51      153.49     0.01      
10    3       79.51      153.49     0.03      
12    4       135.32     153.49     0.02      
13    2       135.32     153.49     0.01      
13    3       135.32     153.49     0.03      

state: 66 E_state =167.43719710187924
n_rot n_trans E_rot      E_trans    |<state|n_rot n_trans>|^2
1     8       23.8       214.89     0.03      
1     9       23.8       214.89     0.01      
1     10      23.8       214.89     0.21      
3     3       23.8       153.49     0.01      
3     7       23.8       214.89     0.04      
4     3       42.4       153.49     0.01      
4     7       42.4       214.89     0.04      
6     8       42.4       214.89     0.03      
6     9       42.4       214.89     0.01      
6     10      42.4       214.89     0.21      
7     4       79.51      153.49     0.1       
8     2       79.51      153.49     0.02      
8     3       79.51      153.49     0.03      
10    2       79.51      153.49     0.01      
12    4       135.32     153.49     0.1       
13    2       135.32     153.49     0.01      
14    2       135.32     153.49     0.02      
14    3       135.32     153.49     0.03      

state: 67 E_state =167.8194193928206
n_rot n_trans E_rot      E_trans    |<state|n_rot n_trans>|^2
1     3       23.8       153.49     0.02      
1     6       23.8       214.89     0.02      
2     9       23.8       214.89     0.02      
2     10      23.8       214.89     0.08      
3     4       23.8       153.49     0.02      
3     9       23.8       214.89     0.05      
3     10      23.8       214.89     0.14      
4     4       42.4       153.49     0.02      
4     9       42.4       214.89     0.05      
4     10      42.4       214.89     0.14      
5     9       42.4       214.89     0.02      
5     10      42.4       214.89     0.08      
6     3       42.4       153.49     0.02      
6     6       42.4       214.89     0.02      
7     3       79.51      153.49     0.02      
8     4       79.51      153.49     0.02      
9     2       79.51      153.49     0.05      
9     3       79.51      153.49     0.01      
11    2       79.51      153.49     0.03      
12    3       135.32     153.49     0.02      
14    4       135.32     153.49     0.02      
15    2       135.32     153.49     0.03      
16    2       135.32     153.49     0.05      
16    3       135.32     153.49     0.01      

state: 68 E_state =168.30731649046345
n_rot n_trans E_rot      E_trans    |<state|n_rot n_trans>|^2
1     3       23.8       153.49     0.01      
1     7       23.8       214.89     0.01      
2     8       23.8       214.89     0.01      
3     10      23.8       214.89     0.35      
4     10      42.4       214.89     0.35      
5     8       42.4       214.89     0.01      
6     3       42.4       153.49     0.01      
6     7       42.4       214.89     0.01      
9     2       79.51      153.49     0.02      
9     3       79.51      153.49     0.01      
10    4       79.51      153.49     0.02      
11    3       79.51      153.49     0.01      
13    4       135.32     153.49     0.02      
15    3       135.32     153.49     0.01      
16    2       135.32     153.49     0.02      
16    3       135.32     153.49     0.01      

state: 69 E_state =168.46837965996093
n_rot n_trans E_rot      E_trans    |<state|n_rot n_trans>|^2
1     7       23.8       214.89     0.01      
2     4       23.8       153.49     0.02      
2     5       23.8       214.89     0.02      
2     9       23.8       214.89     0.02      
2     10      23.8       214.89     0.05      
3     9       23.8       214.89     0.04      
3     10      23.8       214.89     0.15      
4     9       42.4       214.89     0.04      
4     10      42.4       214.89     0.15      
5     4       42.4       153.49     0.02      
5     5       42.4       214.89     0.02      
5     9       42.4       214.89     0.02      
5     10      42.4       214.89     0.05      
6     7       42.4       214.89     0.01      
7     2       79.51      153.49     0.02      
8     4       79.51      153.49     0.02      
10    1       79.51      92.09      0.01      
10    4       79.51      153.49     0.09      
12    2       135.32     153.49     0.02      
13    1       135.32     92.09      0.01      
13    4       135.32     153.49     0.09      
14    4       135.32     153.49     0.02      

state: 70 E_state =169.25772238025408
n_rot n_trans E_rot      E_trans    |<state|n_rot n_trans>|^2
1     6       23.8       214.89     0.07      
1     7       23.8       214.89     0.07      
2     5       23.8       214.89     0.02      
2     9       23.8       214.89     0.12      
5     5       42.4       214.89     0.02      
5     9       42.4       214.89     0.12      
6     6       42.4       214.89     0.07      
6     7       42.4       214.89     0.07      
7     2       79.51      153.49     0.04      
7     3       79.51      153.49     0.04      
8     4       79.51      153.49     0.11      
9     2       79.51      153.49     0.01      
12    2       135.32     153.49     0.04      
12    3       135.32     153.49     0.04      
14    4       135.32     153.49     0.11      
16    2       135.32     153.49     0.01      

state: 71 E_state =169.25949234944235
n_rot n_trans E_rot      E_trans    |<state|n_rot n_trans>|^2
1     5       23.8       214.89     0.02      
1     8       23.8       214.89     0.02      
1     9       23.8       214.89     0.11      
2     6       23.8       214.89     0.06      
2     7       23.8       214.89     0.07      
5     6       42.4       214.89     0.06      
5     7       42.4       214.89     0.07      
6     5       42.4       214.89     0.02      
6     8       42.4       214.89     0.02      
6     9       42.4       214.89     0.11      
7     4       79.51      153.49     0.07      
8     2       79.51      153.49     0.05      
8     3       79.51      153.49     0.06      
9     4       79.51      153.49     0.02      
12    4       135.32     153.49     0.07      
14    2       135.32     153.49     0.05      
14    3       135.32     153.49     0.06      
16    4       135.32     153.49     0.02      

state: 72 E_state =169.26413736639702
n_rot n_trans E_rot      E_trans    |<state|n_rot n_trans>|^2
1     8       23.8       214.89     0.24      
1     10      23.8       214.89     0.01      
2     7       23.8       214.89     0.04      
3     7       23.8       214.89     0.15      
4     7       42.4       214.89     0.15      
5     7       42.4       214.89     0.04      
6     8       42.4       214.89     0.24      
6     10      42.4       214.89     0.01      
9     4       79.51      153.49     0.02      
11    4       79.51      153.49     0.02      
15    4       135.32     153.49     0.02      
16    4       135.32     153.49     0.02      

state: 73 E_state =169.76567739215014
n_rot n_trans E_rot      E_trans    |<state|n_rot n_trans>|^2
2     8       23.8       214.89     0.14      
3     8       23.8       214.89     0.13      
4     8       42.4       214.89     0.13      
5     8       42.4       214.89     0.14      
9     3       79.51      153.49     0.1       
11    3       79.51      153.49     0.11      
15    3       135.32     153.49     0.11      
16    3       135.32     153.49     0.1       

state: 74 E_state =169.95258957225323
n_rot n_trans E_rot      E_trans    |<state|n_rot n_trans>|^2
2     8       23.8       214.89     0.15      
2     9       23.8       214.89     0.04      
3     8       23.8       214.89     0.12      
3     9       23.8       214.89     0.12      
4     8       42.4       214.89     0.12      
4     9       42.4       214.89     0.12      
5     8       42.4       214.89     0.15      
5     9       42.4       214.89     0.04      
7     3       79.51      153.49     0.01      
12    3       135.32     153.49     0.01      

state: 75 E_state =170.72594913863819
n_rot n_trans E_rot      E_trans    |<state|n_rot n_trans>|^2
1     4       23.8       153.49     0.01      
1     5       23.8       214.89     0.07      
2     6       23.8       214.89     0.08      
3     2       23.8       153.49     0.04      
3     6       23.8       214.89     0.13      
4     2       42.4       153.49     0.04      
4     6       42.4       214.89     0.13      
5     6       42.4       214.89     0.08      
6     4       42.4       153.49     0.01      
6     5       42.4       214.89     0.07      
9     1       79.51      92.09      0.02      
9     4       79.51      153.49     0.03      
11    1       79.51      92.09      0.02      
11    4       79.51      153.49     0.06      
15    1       135.32     92.09      0.02      
15    4       135.32     153.49     0.06      
16    1       135.32     92.09      0.02      
16    4       135.32     153.49     0.03      

state: 76 E_state =171.43461483757616
n_rot n_trans E_rot      E_trans    |<state|n_rot n_trans>|^2
1     10      23.8       214.89     0.01      
2     6       23.8       214.89     0.06      
2     7       23.8       214.89     0.09      
3     6       23.8       214.89     0.19      
3     7       23.8       214.89     0.06      
4     6       42.4       214.89     0.19      
4     7       42.4       214.89     0.06      
5     6       42.4       214.89     0.06      
5     7       42.4       214.89     0.09      
6     10      42.4       214.89     0.01      
8     2       79.51      153.49     0.01      
10    2       79.51      153.49     0.03      
13    2       135.32     153.49     0.03      
14    2       135.32     153.49     0.01      

state: 77 E_state =171.9503501633663
n_rot n_trans E_rot      E_trans    |<state|n_rot n_trans>|^2
1     5       23.8       214.89     0.04      
1     8       23.8       214.89     0.03      
1     9       23.8       214.89     0.02      
1     10      23.8       214.89     0.03      
2     7       23.8       214.89     0.07      
3     3       23.8       153.49     0.02      
3     7       23.8       214.89     0.08      
4     3       42.4       153.49     0.02      
4     7       42.4       214.89     0.08      
5     7       42.4       214.89     0.07      
6     5       42.4       214.89     0.04      
6     8       42.4       214.89     0.03      
6     9       42.4       214.89     0.02      
6     10      42.4       214.89     0.03      
8     2       79.51      153.49     0.04      
9     4       79.51      153.49     0.03      
10    3       79.51      153.49     0.05      
11    1       79.51      92.09      0.02      
11    4       79.51      153.49     0.03      
13    3       135.32     153.49     0.05      
14    2       135.32     153.49     0.04      
15    1       135.32     92.09      0.02      
15    4       135.32     153.49     0.03      
16    4       135.32     153.49     0.03      

state: 78 E_state =172.1723671536807
n_rot n_trans E_rot      E_trans    |<state|n_rot n_trans>|^2
1     6       23.8       214.89     0.02      
1     7       23.8       214.89     0.11      
2     8       23.8       214.89     0.05      
3     5       23.8       214.89     0.02      
3     8       23.8       214.89     0.06      
3     9       23.8       214.89     0.17      
3     10      23.8       214.89     0.02      
4     5       42.4       214.89     0.02      
4     8       42.4       214.89     0.06      
4     9       42.4       214.89     0.17      
4     10      42.4       214.89     0.02      
5     8       42.4       214.89     0.05      
6     6       42.4       214.89     0.02      
6     7       42.4       214.89     0.11      

state: 79 E_state =172.98436795524572
n_rot n_trans E_rot      E_trans    |<state|n_rot n_trans>|^2
1     6       23.8       214.89     0.06      
1     7       23.8       214.89     0.03      
2     5       23.8       214.89     0.04      
2     9       23.8       214.89     0.02      
3     4       23.8       153.49     0.01      
3     5       23.8       214.89     0.04      
3     9       23.8       214.89     0.09      
4     4       42.4       153.49     0.01      
4     5       42.4       214.89     0.04      
4     9       42.4       214.89     0.09      
5     5       42.4       214.89     0.04      
5     9       42.4       214.89     0.02      
6     6       42.4       214.89     0.06      
6     7       42.4       214.89     0.03      
7     2       79.51      153.49     0.03      
7     3       79.51      153.49     0.01      
8     1       79.51      92.09      0.02      
10    4       79.51      153.49     0.05      
11    2       79.51      153.49     0.04      
12    2       135.32     153.49     0.03      
12    3       135.32     153.49     0.01      
13    4       135.32     153.49     0.05      
14    1       135.32     92.09      0.02      
15    2       135.32     153.49     0.04      

state: 80 E_state =173.14122565880618
n_rot n_trans E_rot      E_trans    |<state|n_rot n_trans>|^2
1     2       23.8       153.49     0.01      
1     6       23.8       214.89     0.03      
1     7       23.8       214.89     0.03      
2     5       23.8       214.89     0.05      
2     8       23.8       214.89     0.01      
2     9       23.8       214.89     0.1       
2     10      23.8       214.89     0.02      
3     5       23.8       214.89     0.14      
3     8       23.8       214.89     0.02      
3     10      23.8       214.89     0.02      
4     5       42.4       214.89     0.14      
4     8       42.4       214.89     0.02      
4     10      42.4       214.89     0.02      
5     5       42.4       214.89     0.05      
5     8       42.4       214.89     0.01      
5     9       42.4       214.89     0.1       
5     10      42.4       214.89     0.02      
6     2       42.4       153.49     0.01      
6     6       42.4       214.89     0.03      
6     7       42.4       214.89     0.03      
7     2       79.51      153.49     0.03      
12    2       135.32     153.49     0.03      

state: 81 E_state =174.60407420208
n_rot n_trans E_rot      E_trans    |<state|n_rot n_trans>|^2
1     4       23.8       153.49     0.01      
1     5       23.8       214.89     0.13      
1     9       23.8       214.89     0.02      
3     2       23.8       153.49     0.02      
3     6       23.8       214.89     0.1       
4     2       42.4       153.49     0.02      
4     6       42.4       214.89     0.1       
6     4       42.4       153.49     0.01      
6     5       42.4       214.89     0.13      
6     9       42.4       214.89     0.02      
7     1       79.51      92.09      0.03      
7     4       79.51      153.49     0.01      
10    2       79.51      153.49     0.1       
12    1       135.32     92.09      0.03      
12    4       135.32     153.49     0.01      
13    2       135.32     153.49     0.1       

state: 82 E_state =174.92519485794026
n_rot n_trans E_rot      E_trans    |<state|n_rot n_trans>|^2
1     5       23.8       214.89     0.1       
1     9       23.8       214.89     0.1       
1     10      23.8       214.89     0.04      
2     7       23.8       214.89     0.06      
3     6       23.8       214.89     0.11      
3     7       23.8       214.89     0.03      
4     6       42.4       214.89     0.11      
4     7       42.4       214.89     0.03      
5     7       42.4       214.89     0.06      
6     5       42.4       214.89     0.1       
6     9       42.4       214.89     0.1       
6     10      42.4       214.89     0.04      
11    4       79.51      153.49     0.01      
15    4       135.32     153.49     0.01      

state: 83 E_state =175.2239409260996
n_rot n_trans E_rot      E_trans    |<state|n_rot n_trans>|^2
1     2       23.8       153.49     0.03      
1     6       23.8       214.89     0.03      
2     5       23.8       214.89     0.02      
3     5       23.8       214.89     0.19      
3     9       23.8       214.89     0.01      
4     5       42.4       214.89     0.19      
4     9       42.4       214.89     0.01      
5     5       42.4       214.89     0.02      
6     2       42.4       153.49     0.03      
6     6       42.4       214.89     0.03      
7     2       79.51      153.49     0.03      
9     2       79.51      153.49     0.06      
10    1       79.51      92.09      0.03      
11    2       79.51      153.49     0.04      
12    2       135.32     153.49     0.03      
13    1       135.32     92.09      0.03      
15    2       135.32     153.49     0.04      
16    2       135.32     153.49     0.06      

state: 84 E_state =176.01941857074308
n_rot n_trans E_rot      E_trans    |<state|n_rot n_trans>|^2
1     5       23.8       214.89     0.18      
1     9       23.8       214.89     0.04      
1     10      23.8       214.89     0.02      
2     6       23.8       214.89     0.12      
2     7       23.8       214.89     0.02      
3     2       23.8       153.49     0.03      
3     7       23.8       214.89     0.01      
4     2       42.4       153.49     0.03      
4     7       42.4       214.89     0.01      
5     6       42.4       214.89     0.12      
5     7       42.4       214.89     0.02      
6     5       42.4       214.89     0.18      
6     9       42.4       214.89     0.04      
6     10      42.4       214.89     0.02      
9     4       79.51      153.49     0.01      
10    2       79.51      153.49     0.01      
13    2       135.32     153.49     0.01      
16    4       135.32     153.49     0.01      

state: 85 E_state =176.71116184613496
n_rot n_trans E_rot      E_trans    |<state|n_rot n_trans>|^2
1     6       23.8       214.89     0.14      
2     5       23.8       214.89     0.05      
2     9       23.8       214.89     0.07      
2     10      23.8       214.89     0.03      
3     4       23.8       153.49     0.02      
3     5       23.8       214.89     0.14      
3     9       23.8       214.89     0.02      
4     4       42.4       153.49     0.02      
4     5       42.4       214.89     0.14      
4     9       42.4       214.89     0.02      
5     5       42.4       214.89     0.05      
5     9       42.4       214.89     0.07      
5     10      42.4       214.89     0.03      
6     6       42.4       214.89     0.14      

state: 86 E_state =193.3828571549923
n_rot n_trans E_rot      E_trans    |<state|n_rot n_trans>|^2
1     5       23.8       214.89     0.04      
2     6       23.8       214.89     0.01      
5     6       42.4       214.89     0.01      
6     5       42.4       214.89     0.04      
7     5       79.51      214.89     0.12      
8     6       79.51      214.89     0.02      
9     4       79.51      153.49     0.02      
9     5       79.51      214.89     0.05      
9     9       79.51      214.89     0.01      
10    2       79.51      153.49     0.13      
11    4       79.51      153.49     0.03      
12    5       135.32     214.89     0.12      
13    2       135.32     153.49     0.13      
14    6       135.32     214.89     0.02      
15    4       135.32     153.49     0.03      
16    4       135.32     153.49     0.02      
16    5       135.32     214.89     0.05      
16    9       135.32     214.89     0.01      

state: 87 E_state =193.78627514276081
n_rot n_trans E_rot      E_trans    |<state|n_rot n_trans>|^2
1     6       23.8       214.89     0.02      
2     9       23.8       214.89     0.01      
3     5       23.8       214.89     0.02      
4     5       42.4       214.89     0.02      
5     9       42.4       214.89     0.01      
6     6       42.4       214.89     0.02      
7     2       79.51      153.49     0.1       
7     3       79.51      153.49     0.01      
9     2       79.51      153.49     0.05      
9     3       79.51      153.49     0.01      
10    5       79.51      214.89     0.18      
10    10      79.51      214.89     0.01      
11    6       79.51      214.89     0.02      
12    2       135.32     153.49     0.1       
12    3       135.32     153.49     0.01      
13    5       135.32     214.89     0.18      
13    10      135.32     214.89     0.01      
15    6       135.32     214.89     0.02      
16    2       135.32     153.49     0.05      
16    3       135.32     153.49     0.01      

state: 88 E_state =194.88635696020256
n_rot n_trans E_rot      E_trans    |<state|n_rot n_trans>|^2
1     8       23.8       214.89     0.01      
2     7       23.8       214.89     0.01      
3     6       23.8       214.89     0.01      
4     6       42.4       214.89     0.01      
5     7       42.4       214.89     0.01      
6     8       42.4       214.89     0.01      
7     4       79.51      153.49     0.02      
7     9       79.51      214.89     0.01      
7     10      79.51      214.89     0.02      
8     2       79.51      153.49     0.02      
9     4       79.51      153.49     0.11      
9     10      79.51      214.89     0.02      
10    3       79.51      153.49     0.07      
10    6       79.51      214.89     0.07      
11    4       79.51      153.49     0.01      
11    9       79.51      214.89     0.05      
11    10      79.51      214.89     0.03      
12    4       135.32     153.49     0.02      
12    9       135.32     214.89     0.01      
12    10      135.32     214.89     0.02      
13    3       135.32     153.49     0.07      
13    6       135.32     214.89     0.07      
14    2       135.32     153.49     0.02      
15    4       135.32     153.49     0.01      
15    9       135.32     214.89     0.05      
15    10      135.32     214.89     0.03      
16    4       135.32     153.49     0.11      
16    10      135.32     214.89     0.02      

state: 89 E_state =195.89682122666542
n_rot n_trans E_rot      E_trans    |<state|n_rot n_trans>|^2
3     9       23.8       214.89     0.02      
3     10      23.8       214.89     0.01      
4     9       42.4       214.89     0.02      
4     10      42.4       214.89     0.01      
7     2       79.51      153.49     0.02      
7     3       79.51      153.49     0.06      
7     6       79.51      214.89     0.05      
8     5       79.51      214.89     0.02      
8     9       79.51      214.89     0.01      
9     6       79.51      214.89     0.06      
10    4       79.51      153.49     0.09      
10    5       79.51      214.89     0.01      
10    9       79.51      214.89     0.02      
10    10      79.51      214.89     0.04      
11    2       79.51      153.49     0.03      
12    2       135.32     153.49     0.02      
12    3       135.32     153.49     0.06      
12    6       135.32     214.89     0.05      
13    4       135.32     153.49     0.09      
13    5       135.32     214.89     0.01      
13    9       135.32     214.89     0.02      
13    10      135.32     214.89     0.04      
14    5       135.32     214.89     0.02      
14    9       135.32     214.89     0.01      
15    2       135.32     153.49     0.03      
16    6       135.32     214.89     0.06      

state: 90 E_state =196.85115437732128
n_rot n_trans E_rot      E_trans    |<state|n_rot n_trans>|^2
3     6       23.8       214.89     0.03      
3     7       23.8       214.89     0.01      
4     6       42.4       214.89     0.03      
4     7       42.4       214.89     0.01      
7     5       79.51      214.89     0.03      
8     2       79.51      153.49     0.04      
8     3       79.51      153.49     0.02      
8     6       79.51      214.89     0.02      
9     9       79.51      214.89     0.09      
9     10      79.51      214.89     0.04      
10    2       79.51      153.49     0.02      
11    4       79.51      153.49     0.14      
11    5       79.51      214.89     0.03      
12    5       135.32     214.89     0.03      
13    2       135.32     153.49     0.02      
14    2       135.32     153.49     0.04      
14    3       135.32     153.49     0.02      
14    6       135.32     214.89     0.02      
15    4       135.32     153.49     0.14      
15    5       135.32     214.89     0.03      
16    9       135.32     214.89     0.09      
16    10      135.32     214.89     0.04      

state: 91 E_state =198.25716501936054
n_rot n_trans E_rot      E_trans    |<state|n_rot n_trans>|^2
3     9       23.8       214.89     0.03      
3     10      23.8       214.89     0.02      
4     9       42.4       214.89     0.03      
4     10      42.4       214.89     0.02      
7     3       79.51      153.49     0.03      
8     5       79.51      214.89     0.02      
8     10      79.51      214.89     0.02      
9     2       79.51      153.49     0.01      
9     3       79.51      153.49     0.07      
9     6       79.51      214.89     0.03      
9     7       79.51      214.89     0.02      
10    9       79.51      214.89     0.03      
10    10      79.51      214.89     0.06      
11    2       79.51      153.49     0.03      
11    3       79.51      153.49     0.04      
11    6       79.51      214.89     0.01      
11    7       79.51      214.89     0.04      
12    3       135.32     153.49     0.03      
13    9       135.32     214.89     0.03      
13    10      135.32     214.89     0.06      
14    5       135.32     214.89     0.02      
14    10      135.32     214.89     0.02      
15    2       135.32     153.49     0.03      
15    3       135.32     153.49     0.04      
15    6       135.32     214.89     0.01      
15    7       135.32     214.89     0.04      
16    2       135.32     153.49     0.01      
16    3       135.32     153.49     0.07      
16    6       135.32     214.89     0.03      
16    7       135.32     214.89     0.02      

state: 92 E_state =198.7212361590887
n_rot n_trans E_rot      E_trans    |<state|n_rot n_trans>|^2
1     10      23.8       214.89     0.02      
3     7       23.8       214.89     0.03      
4     7       42.4       214.89     0.03      
6     10      42.4       214.89     0.02      
7     5       79.51      214.89     0.01      
7     9       79.51      214.89     0.04      
7     10      79.51      214.89     0.07      
8     3       79.51      153.49     0.01      
8     7       79.51      214.89     0.02      
9     4       79.51      153.49     0.03      
9     9       79.51      214.89     0.01      
9     10      79.51      214.89     0.02      
10    3       79.51      153.49     0.12      
11    9       79.51      214.89     0.01      
11    10      79.51      214.89     0.04      
12    5       135.32     214.89     0.01      
12    9       135.32     214.89     0.04      
12    10      135.32     214.89     0.07      
13    3       135.32     153.49     0.12      
14    3       135.32     153.49     0.01      
14    7       135.32     214.89     0.02      
15    9       135.32     214.89     0.01      
15    10      135.32     214.89     0.04      
16    4       135.32     153.49     0.03      
16    9       135.32     214.89     0.01      
16    10      135.32     214.89     0.02      

state: 93 E_state =200.39030881621008
n_rot n_trans E_rot      E_trans    |<state|n_rot n_trans>|^2
2     10      23.8       214.89     0.02      
3     8       23.8       214.89     0.01      
4     8       42.4       214.89     0.01      
5     10      42.4       214.89     0.02      
7     3       79.51      153.49     0.03      
8     4       79.51      153.49     0.03      
8     5       79.51      214.89     0.04      
8     9       79.51      214.89     0.01      
8     10      79.51      214.89     0.02      
9     6       79.51      214.89     0.03      
9     7       79.51      214.89     0.08      
10    10      79.51      214.89     0.05      
11    2       79.51      153.49     0.03      
11    3       79.51      153.49     0.08      
11    6       79.51      214.89     0.02      
12    3       135.32     153.49     0.03      
13    10      135.32     214.89     0.05      
14    4       135.32     153.49     0.03      
14    5       135.32     214.89     0.04      
14    9       135.32     214.89     0.01      
14    10      135.32     214.89     0.02      
15    2       135.32     153.49     0.03      
15    3       135.32     153.49     0.08      
15    6       135.32     214.89     0.02      
16    6       135.32     214.89     0.03      
16    7       135.32     214.89     0.08      

state: 94 E_state =201.33689491045317
n_rot n_trans E_rot      E_trans    |<state|n_rot n_trans>|^2
1     6       23.8       214.89     0.03      
2     9       23.8       214.89     0.01      
3     10      23.8       214.89     0.01      
4     10      42.4       214.89     0.01      
5     9       42.4       214.89     0.01      
6     6       42.4       214.89     0.03      
7     2       79.51      153.49     0.03      
7     6       79.51      214.89     0.08      
8     4       79.51      153.49     0.02      
8     5       79.51      214.89     0.04      
8     9       79.51      214.89     0.02      
8     10      79.51      214.89     0.02      
10    4       79.51      153.49     0.06      
10    5       79.51      214.89     0.03      
11    2       79.51      153.49     0.05      
11    6       79.51      214.89     0.05      
12    2       135.32     153.49     0.03      
12    6       135.32     214.89     0.08      
13    4       135.32     153.49     0.06      
13    5       135.32     214.89     0.03      
14    4       135.32     153.49     0.02      
14    5       135.32     214.89     0.04      
14    9       135.32     214.89     0.02      
14    10      135.32     214.89     0.02      
15    2       135.32     153.49     0.05      
15    6       135.32     214.89     0.05      

state: 95 E_state =201.46748239803523
n_rot n_trans E_rot      E_trans    |<state|n_rot n_trans>|^2
1     9       23.8       214.89     0.01      
2     6       23.8       214.89     0.03      
5     6       42.4       214.89     0.03      
6     9       42.4       214.89     0.01      
7     4       79.51      153.49     0.04      
7     5       79.51      214.89     0.01      
7     10      79.51      214.89     0.01      
8     2       79.51      153.49     0.06      
8     3       79.51      153.49     0.01      
9     4       79.51      153.49     0.03      
9     9       79.51      214.89     0.02      
10    6       79.51      214.89     0.07      
11    5       79.51      214.89     0.07      
11    9       79.51      214.89     0.04      
11    10      79.51      214.89     0.05      
12    4       135.32     153.49     0.04      
12    5       135.32     214.89     0.01      
12    10      135.32     214.89     0.01      
13    6       135.32     214.89     0.07      
14    2       135.32     153.49     0.06      
14    3       135.32     153.49     0.01      
15    5       135.32     214.89     0.07      
15    9       135.32     214.89     0.04      
15    10      135.32     214.89     0.05      
16    4       135.32     153.49     0.03      
16    9       135.32     214.89     0.02      

state: 96 E_state =202.0326701517529
n_rot n_trans E_rot      E_trans    |<state|n_rot n_trans>|^2
1     7       23.8       214.89     0.01      
2     5       23.8       214.89     0.01      
2     9       23.8       214.89     0.01      
5     5       42.4       214.89     0.01      
5     9       42.4       214.89     0.01      
6     7       42.4       214.89     0.01      
7     3       79.51      153.49     0.01      
7     6       79.51      214.89     0.02      
8     4       79.51      153.49     0.05      
8     5       79.51      214.89     0.03      
8     9       79.51      214.89     0.02      
9     2       79.51      153.49     0.01      
9     7       79.51      214.89     0.04      
10    4       79.51      153.49     0.02      
10    9       79.51      214.89     0.06      
11    2       79.51      153.49     0.03      
11    3       79.51      153.49     0.04      
11    6       79.51      214.89     0.09      
12    3       135.32     153.49     0.01      
12    6       135.32     214.89     0.02      
13    4       135.32     153.49     0.02      
13    9       135.32     214.89     0.06      
14    4       135.32     153.49     0.05      
14    5       135.32     214.89     0.03      
14    9       135.32     214.89     0.02      
15    2       135.32     153.49     0.03      
15    3       135.32     153.49     0.04      
15    6       135.32     214.89     0.09      
16    2       135.32     153.49     0.01      
16    7       135.32     214.89     0.04      

state: 97 E_state =203.33691468033288
n_rot n_trans E_rot      E_trans    |<state|n_rot n_trans>|^2
1     8       23.8       214.89     0.02      
2     7       23.8       214.89     0.03      
5     7       42.4       214.89     0.03      
6     8       42.4       214.89     0.02      
7     4       79.51      153.49     0.02      
8     3       79.51      153.49     0.14      
10    6       79.51      214.89     0.03      
10    7       79.51      214.89     0.08      
11    9       79.51      214.89     0.12      
11    10      79.51      214.89     0.03      
12    4       135.32     153.49     0.02      
13    6       135.32     214.89     0.03      
13    7       135.32     214.89     0.08      
14    3       135.32     153.49     0.14      
15    9       135.32     214.89     0.12      
15    10      135.32     214.89     0.03      

state: 98 E_state =203.9092918049037
n_rot n_trans E_rot      E_trans    |<state|n_rot n_trans>|^2
1     10      23.8       214.89     0.02      
6     10      42.4       214.89     0.02      
7     4       79.51      153.49     0.1       
8     2       79.51      153.49     0.08      
8     3       79.51      153.49     0.02      
10    6       79.51      214.89     0.07      
11    5       79.51      214.89     0.13      
11    10      79.51      214.89     0.02      
12    4       135.32     153.49     0.1       
13    6       135.32     214.89     0.07      
14    2       135.32     153.49     0.08      
14    3       135.32     153.49     0.02      
15    5       135.32     214.89     0.13      
15    10      135.32     214.89     0.02      

state: 99 E_state =204.02794512482075
n_rot n_trans E_rot      E_trans    |<state|n_rot n_trans>|^2
2     8       23.8       214.89     0.03      
5     8       42.4       214.89     0.03      
7     3       79.51      153.49     0.06      
8     10      79.51      214.89     0.02      
9     3       79.51      153.49     0.08      
9     7       79.51      214.89     0.02      
10    9       79.51      214.89     0.04      
11    3       79.51      153.49     0.01      
11    7       79.51      214.89     0.19      
12    3       135.32     153.49     0.06      
13    9       135.32     214.89     0.04      
14    10      135.32     214.89     0.02      
15    3       135.32     153.49     0.01      
15    7       135.32     214.89     0.19      
16    3       135.32     153.49     0.08      
16    7       135.32     214.89     0.02      

state: 100 E_state =206.37850148512842
n_rot n_trans E_rot      E_trans    |<state|n_rot n_trans>|^2
2     5       23.8       214.89     0.01      
2     10      23.8       214.89     0.01      
5     5       42.4       214.89     0.01      
5     10      42.4       214.89     0.01      
7     2       79.51      153.49     0.03      
8     4       79.51      153.49     0.08      
8     5       79.51      214.89     0.02      
9     2       79.51      153.49     0.09      
10    9       79.51      214.89     0.1       
10    10      79.51      214.89     0.05      
11    6       79.51      214.89     0.05      
11    7       79.51      214.89     0.01      
12    2       135.32     153.49     0.03      
13    9       135.32     214.89     0.1       
13    10      135.32     214.89     0.05      
14    4       135.32     153.49     0.08      
14    5       135.32     214.89     0.02      
15    6       135.32     214.89     0.05      
15    7       135.32     214.89     0.01      
16    2       135.32     153.49     0.09      

