rotational analysis ortho
#nmax= 2 NR= 11 Ntheta= 11 Nphi= 11
#jmax= 2 Nalpha= 11 Nphi= 11 Nchi= 11
21.810642731672797
1 23.79935855999999 0.019577510689068774
3 23.799358559999998 0.5283991565800544
4 42.402163299999984 0.5171606532039634
5 42.402163299999984 0.01127076453022998
6 42.40216329999999 0.025752814148482822

23.533177933377644
1 23.79935855999999 0.52057479823921
3 23.799358559999998 0.028172953822947034
4 42.402163299999984 0.021703540508657294
6 42.40216329999999 0.5293198478203861

25.55637564504134
2 23.799358559999998 0.5001463892651806
3 23.799358559999998 0.011591651606271586
4 42.402163299999984 0.013957879027080799
5 42.402163299999984 0.49893785105553223

36.781515322702674
1 23.79935855999999 0.05813822823662409
2 23.799358559999998 0.019505988162825394
3 23.799358559999998 0.5105482063346092
4 42.402163299999984 0.46104904024217647
5 42.402163299999984 0.03267349545138875
6 42.40216329999999 0.06766238125918614
10 79.51371234 0.01475761410514307

39.135723984403455
1 23.79935855999999 0.4757596142490169
3 23.799358559999998 0.08270080355434722
4 42.402163299999984 0.07434423448801623
6 42.40216329999999 0.5076094957555612
12 135.32212655999996 0.010514634240208976

42.786378706360345
2 23.799358559999998 0.47337467139743106
3 23.799358559999998 0.03498335013091903
4 42.402163299999984 0.05801516750071155
5 42.402163299999984 0.4551930243467188

70.39723450456539
1 23.79935855999999 0.04477876758451149
2 23.799358559999998 0.05843635884387059
3 23.799358559999998 0.22200466214701964
4 42.402163299999984 0.08110397002395761
5 42.402163299999984 0.11630489726823778
6 42.40216329999999 0.12682732157379417
7 79.51371233999998 0.13907030322019515
9 79.51371234 0.0434708404109905
10 79.51371234 0.010734034537320948
11 79.51371234 0.1204996875637248
12 135.32212655999996 0.13976432820777857
15 135.32212655999996 0.10567520952666079
16 135.32212655999996 0.06813034194065788

71.45508215998662
1 23.79935855999999 0.027296503491327333
2 23.799358559999998 0.09072413335634841
4 42.402163299999984 0.014117060801350844
5 42.402163299999984 0.15498347206860566
6 42.40216329999999 0.039265150695010353
8 79.51371234 0.2179642090810781
10 79.51371234 0.03134511293860292
13 135.32212655999996 0.04994803802810591
14 135.32212655999996 0.21337045034286084

71.81410866766653
1 23.79935855999999 0.0852863817903951
3 23.799358559999998 0.03296337808686563
4 42.402163299999984 0.06562677212315177
6 42.40216329999999 0.05112879475030965
7 79.51371233999998 0.08041103492732662
9 79.51371234 0.1593331815586524
11 79.51371234 0.023551062196753535
12 135.32212655999996 0.08529446257066062
16 135.32212655999996 0.16858727586442787

72.52905492004574
1 23.79935855999999 0.12951067666373334
2 23.799358559999998 0.032957215658973006
3 23.799358559999998 0.099536170406742
4 42.402163299999984 0.06558277746953259
6 42.40216329999999 0.22320420141208286
8 79.51371234 0.030148887651408558
10 79.51371234 0.2878186930553691
13 135.32212655999996 0.2764615222704755
14 135.32212655999996 0.03545469152163469

73.55259845914357
1 23.79935855999999 0.07621949817859894
2 23.799358559999998 0.17103531516873452
3 23.799358559999998 0.06897344819706054
4 42.402163299999984 0.09682443880550369
5 42.402163299999984 0.11584499905281365
7 79.51371233999998 0.05874080499958692
9 79.51371234 0.11154322585618977
11 79.51371234 0.1798995124066803
12 135.32212655999996 0.04508658578053689
15 135.32212655999996 0.210660819785635
16 135.32212655999996 0.07833909607162141

85.0355357130974
1 23.79935855999999 0.1566663465295522
2 23.799358559999998 0.31741602263260177
3 23.799358559999998 0.05555657821476258
4 42.402163299999984 0.23880182584830328
5 42.402163299999984 0.21103245841686893
6 42.40216329999999 0.013130917063558152
11 79.51371234 0.011762392227776164
15 135.32212655999996 0.011213442019143495

85.08866195005851
1 23.79935855999999 0.4610285404500698
2 23.799358559999998 0.10881130218380042
3 23.799358559999998 0.06795995708610954
4 42.402163299999984 0.3431780231957452
6 42.40216329999999 0.25370306420088934

87.97279197524858
1 23.79935855999999 0.05620277395245494
2 23.799358559999998 0.1253022819698033
3 23.799358559999998 0.16185905135501363
4 42.402163299999984 0.16630383364154652
5 42.402163299999984 0.22663756049030057
6 42.40216329999999 0.1283647662023264

90.96022908153755
1 23.79935855999999 0.05626796227915541
2 23.799358559999998 0.09814035595473666
3 23.799358559999998 0.16899645328574872
5 42.402163299999984 0.17635310235159793
6 42.40216329999999 0.018227232269960817
10 79.51371234 0.02739724709504243
13 135.32212655999996 0.03397046984781497

94.05966402384486
1 23.79935855999999 0.01829100744651819
2 23.799358559999998 0.01689432848220122
3 23.799358559999998 0.6246081938876873
4 42.402163299999984 0.16044995902044215
5 42.402163299999984 0.1552740652942001
6 42.40216329999999 0.34502526884778967
7 79.51371233999998 0.04707689904911212
9 79.51371234 0.012731488832661847
10 79.51371234 0.03638306830855229
11 79.51371234 0.01518173640660032
12 135.32212655999996 0.04972521041083685
16 135.32212655999996 0.04299542858795613

94.22512609335367
1 23.79935855999999 0.1381938055111524
2 23.799358559999998 0.02311489184590986
3 23.799358559999998 0.28971778481568894
4 42.402163299999984 0.055343104218191
5 42.402163299999984 0.07419678729765128
6 42.40216329999999 0.3953800740876019
8 79.51371234 0.013059004822873553
10 79.51371234 0.054850109744448754
12 135.32212655999996 0.01868509223625233
13 135.32212655999996 0.07040365418132227

95.19648998715286
1 23.79935855999999 0.04312351258089758
2 23.799358559999998 0.14581359146047845
3 23.799358559999998 0.13178038530062114
4 42.402163299999984 0.35460385926873583
5 42.402163299999984 0.02871567348132632
9 79.51371234 0.04993954025035904
11 79.51371234 0.015457823113124552
15 135.32212655999996 0.04587728412173317
16 135.32212655999996 0.014350851722931138

96.13535862652893
2 23.799358559999998 0.10944128452225929
3 23.799358559999998 0.1642653416092567
4 42.402163299999984 0.07281762538091187
5 42.402163299999984 0.06970711338915121
6 42.40216329999999 0.028145580571478552
8 79.51371234 0.02599735070690507
10 79.51371234 0.027869844527079253
14 135.32212655999996 0.03403696785334191

96.44255979305201
1 23.79935855999999 0.23213016424840932
3 23.799358559999998 0.03395024307575779
4 42.402163299999984 0.1302136554567659
5 42.402163299999984 0.013777740005791092
6 42.40216329999999 0.027133895661771552
9 79.51371234 0.017434486292181868
11 79.51371234 0.026150478197564976
12 135.32212655999996 0.010703868820090622
16 135.32212655999996 0.02788629261951135

97.00712833903458
1 23.79935855999999 0.035946149637524384
2 23.799358559999998 0.02346747221351577
3 23.799358559999998 0.26659998031751925
4 42.402163299999984 0.1037632543475478
5 42.402163299999984 0.08047601251372162
6 42.40216329999999 0.13842830281493732
7 79.51371233999998 0.11239593105886056
9 79.51371234 0.029052855228973398
11 79.51371234 0.04900207249789377
12 135.32212655999996 0.11116027847186215
15 135.32212655999996 0.033062460321892716
16 135.32212655999996 0.03558669793107929

97.58877617651571
1 23.79935855999999 0.1014867405590273
2 23.799358559999998 0.014526770336418388
3 23.799358559999998 0.07186398260684979
4 42.402163299999984 0.04563151979491408
5 42.402163299999984 0.0430262060258493
6 42.40216329999999 0.18360309854292964
8 79.51371234 0.11241221957367993
10 79.51371234 0.09469668363082212
13 135.32212655999996 0.10502752671485698
14 135.32212655999996 0.09112618338299994

98.23125139714
2 23.799358559999998 0.0885717363857324
3 23.799358559999998 0.05016109726750116
4 42.402163299999984 0.11322773337948784
5 42.402163299999984 0.04419648499720998
7 79.51371233999998 0.025911316937684573
9 79.51371234 0.13924829468554448
11 79.51371234 0.034034957523934525
12 135.32212655999996 0.02098233430608802
15 135.32212655999996 0.05511099498162353
16 135.32212655999996 0.11758975869514643

98.68306859414962
1 23.79935855999999 0.08377138748271643
2 23.799358559999998 0.18411862472352852
5 42.402163299999984 0.16749953196319417
6 42.40216329999999 0.04099976356434737
7 79.51371233999998 0.08892091439745772
9 79.51371234 0.015503739326196557
11 79.51371234 0.08076913854973923
12 135.32212655999996 0.09015533615700716
15 135.32212655999996 0.07635217520192294
16 135.32212655999996 0.03130204282737371

98.71139297219396
1 23.79935855999999 0.10171432995318964
2 23.799358559999998 0.13650663585342793
3 23.799358559999998 0.039082332622124
4 42.402163299999984 0.015376770720343082
5 42.402163299999984 0.09277246578155746
6 42.40216329999999 0.14953322791886012
8 79.51371234 0.1364297258283507
10 79.51371234 0.05102879063828501
13 135.32212655999996 0.0442549444736584
14 135.32212655999996 0.1519116310216586

100.12358785376708
1 23.79935855999999 0.6204887355310111
4 42.402163299999984 0.4115811342646883
6 42.40216329999999 0.32459234987179136
9 79.51371234 0.010520965312547788
13 135.32212655999996 0.021884457600216487

102.62888339358628
1 23.79935855999999 0.03535978537987493
2 23.799358559999998 0.507833821904629
4 42.402163299999984 0.17340157570436834
5 42.402163299999984 0.38655461321068757
11 79.51371234 0.028844376005287657
15 135.32212655999996 0.015719102876111675

103.85236574639202
1 23.79935855999999 0.047964670033731414
2 23.799358559999998 0.26717225154878377
5 42.402163299999984 0.26397452845484637
6 42.40216329999999 0.03379564676619718

105.85878626007826
1 23.79935855999999 0.2059122858192697
2 23.799358559999998 0.2224174995805702
3 23.799358559999998 0.0301148644271411
4 42.402163299999984 0.03569334838046644
5 42.402163299999984 0.32731619113283394
6 42.40216329999999 0.1087247136953847
11 79.51371234 0.020873560050569753
15 135.32212655999996 0.020454338151469995

130.32109494524565
8 79.51371234 0.15373435318231973
14 135.32212655999996 0.13699671766885638

130.32352167898694
7 79.51371233999998 0.1236063354090827
9 79.51371234 0.03238123084568251
12 135.32212655999996 0.10748284133474637
16 135.32212655999996 0.029852777031715495

131.12205417063487
1 23.79935855999999 0.03148156051162055
2 23.799358559999998 0.011369201639610855
3 23.799358559999998 0.06975595211912333
4 42.402163299999984 0.029614431027154872
5 42.402163299999984 0.0493455639995104
6 42.40216329999999 0.015042429690205833
7 79.51371233999998 0.034385775135956115
9 79.51371234 0.13577801780646637
10 79.51371234 0.02533709073006845
11 79.51371234 0.06231700190213913
12 135.32212655999996 0.038968439192936084
13 135.32212655999996 0.016759032511668354
15 135.32212655999996 0.03686231501204812
16 135.32212655999996 0.15415760024428088

131.4219957037502
1 23.79935855999999 0.018406968311311504
2 23.799358559999998 0.2197679615252498
5 42.402163299999984 0.1095946949708002
7 79.51371233999998 0.01378459723501644
8 79.51371234 0.2173236924717169
11 79.51371234 0.12428193370960122
14 135.32212655999996 0.2286400539037829
15 135.32212655999996 0.05215622439918257

131.91226150752527
1 23.79935855999999 0.14720163402768074
2 23.799358559999998 0.19816310055338882
3 23.799358559999998 0.03918329467100896
4 42.402163299999984 0.1075430671772178
5 42.402163299999984 0.07523089595303735
6 42.40216329999999 0.08667920158844006
7 79.51371233999998 0.18127252230302024
8 79.51371234 0.010853916163292626
10 79.51371234 0.12659603582522153
11 79.51371234 0.1922606296263004
12 135.32212655999996 0.20174494355694614
13 135.32212655999996 0.022023139770650544
14 135.32212655999996 0.013491855566972672
15 135.32212655999996 0.19461743591454658
16 135.32212655999996 0.021510356963659404

133.09759040163524
1 23.79935855999999 0.18598965121196373
4 42.402163299999984 0.25538393631695677
5 42.402163299999984 0.05576412580450536
6 42.40216329999999 0.021894584212317388
10 79.51371234 0.35462377455593175
11 79.51371234 0.013123890186526264
12 135.32212655999996 0.1587077868534938
13 135.32212655999996 0.37744516078288015
16 135.32212655999996 0.1344865160225106

133.58752374730676
1 23.79935855999999 0.17057847894836742
2 23.799358559999998 0.05165622002449771
4 42.402163299999984 0.09031112974485694
5 42.402163299999984 0.04935972860970223
6 42.40216329999999 0.040373618563726045
7 79.51371233999998 0.12563427776864003
8 79.51371234 0.012346389830724749
9 79.51371234 0.19766734645216055
10 79.51371234 0.10349636943266702
11 79.51371234 0.048718647253388606
12 135.32212655999996 0.08607060557960404
13 135.32212655999996 0.07317261669386585
15 135.32212655999996 0.0776867203557027
16 135.32212655999996 0.15438522083646067

134.47877282717158
3 23.799358559999998 0.1184447435017863
5 42.402163299999984 0.04479228917674868
6 42.40216329999999 0.012581237369996973
7 79.51371233999998 0.23434720413289545
9 79.51371234 0.20874471698823702
10 79.51371234 0.010754643109109155
11 79.51371234 0.048439836512843795
13 135.32212655999996 0.036518002694959466
14 135.32212655999996 0.015008638806435388
15 135.32212655999996 0.09321208140445018

135.12056331872438
1 23.79935855999999 0.022905762803540473
2 23.799358559999998 0.22788618324070103
4 42.402163299999984 0.02037071280040627
5 42.402163299999984 0.2571501611688783
6 42.40216329999999 0.02822326278500058
7 79.51371233999998 0.011732398835465743
8 79.51371234 0.09130171132082439
11 79.51371234 0.2175728614226043
12 135.32212655999996 0.016760812896418533
13 135.32212655999996 0.046593785923990896
15 135.32212655999996 0.23054377642321303

135.62443232099338
1 23.79935855999999 0.01836555550312774
3 23.799358559999998 0.013157803788605064
5 42.402163299999984 0.05181114063001738
6 42.40216329999999 0.08548539396250372
7 79.51371233999998 0.024584220909485036
8 79.51371234 0.05390324085202452
11 79.51371234 0.027667524219139313
13 135.32212655999996 0.301434494274979
14 135.32212655999996 0.08038066314051613
15 135.32212655999996 0.016213829727198537

135.94464522959586
1 23.79935855999999 0.2019189978271539
2 23.799358559999998 0.03596235038008671
3 23.799358559999998 0.01044658488792585
6 42.40216329999999 0.23086494869940888
7 79.51371233999998 0.0371074432221779
10 79.51371234 0.16327518427053353
11 79.51371234 0.12774574360024896
12 135.32212655999996 0.011391027114037236
13 135.32212655999996 0.1928981246535565
16 135.32212655999996 0.12829357289241874

136.81251279958448
2 23.799358559999998 0.03594342884718805
5 42.402163299999984 0.0309227580846015
7 79.51371233999998 0.026550513531760682
8 79.51371234 0.036050517436972004
9 79.51371234 0.16560585127500976
11 79.51371234 0.0581798756008301
12 135.32212655999996 0.05056316545576075
14 135.32212655999996 0.024120666375488688
15 135.32212655999996 0.214681286830945
16 135.32212655999996 0.045161626261086926

138.71605217896166
2 23.799358559999998 0.05888567469367646
3 23.799358559999998 0.26574654359826033
4 42.402163299999984 0.11538260431865552
7 79.51371233999998 0.03633886494984484
8 79.51371234 0.012589742995350893
9 79.51371234 0.13552927911066226
10 79.51371234 0.16383168490422054
12 135.32212655999996 0.02069877332459332
13 135.32212655999996 0.014045332555360633
14 135.32212655999996 0.06935320841532301
15 135.32212655999996 0.01880235343180417
16 135.32212655999996 0.1211567218401006

140.41370664437991
1 23.79935855999999 0.03184242071027181
2 23.799358559999998 0.01116436506219114
3 23.799358559999998 0.029796297833506652
4 42.402163299999984 0.028618811667734508
5 42.402163299999984 0.020855727945787432
7 79.51371233999998 0.015626590278457794
8 79.51371234 0.33677296699690407
11 79.51371234 0.025345840640247454
12 135.32212655999996 0.05194381284315354
14 135.32212655999996 0.314418938834719
15 135.32212655999996 0.17064889373976477
16 135.32212655999996 0.057415959225754154

140.54721096682982
2 23.799358559999998 0.03473142229094648
3 23.799358559999998 0.020701480665268286
4 42.402163299999984 0.022977323907327176
6 42.40216329999999 0.03688649817856554
7 79.51371233999998 0.19976920138362353
9 79.51371234 0.15782637619967804
10 79.51371234 0.014871858008997221
12 135.32212655999996 0.17582414023593257
13 135.32212655999996 0.12628848120648956
14 135.32212655999996 0.0766699541766806
16 135.32212655999996 0.18032208840020972

144.68779594271152
2 23.799358559999998 0.04433903586505454
5 42.402163299999984 0.096143273845545
7 79.51371233999998 0.01923078648115674
8 79.51371234 0.33553516416163365
10 79.51371234 0.02049964839981668
11 79.51371234 0.015395174512497129
12 135.32212655999996 0.015084534951636183
14 135.32212655999996 0.3407051172230367
15 135.32212655999996 0.012072707257662465

144.69706422580794
1 23.79935855999999 0.022386887879101935
4 42.402163299999984 0.02528587114764942
6 42.40216329999999 0.03423905624213908
7 79.51371233999998 0.1970202347206937
8 79.51371234 0.019674653988659172
9 79.51371234 0.13017480677418108
10 79.51371234 0.01549608501255218
11 79.51371234 0.028203091719677942
12 135.32212655999996 0.23591616208366736
13 135.32212655999996 0.014622678218960938
14 135.32212655999996 0.018961308975571866
16 135.32212655999996 0.11651700814443137

147.63875437532886
2 23.799358559999998 0.0905219160616583
3 23.799358559999998 0.06838317684443436
4 42.402163299999984 0.0923322242050297
5 42.402163299999984 0.15390737606257135
6 42.40216329999999 0.020252709891474548
8 79.51371234 0.032328029273874244
9 79.51371234 0.16436012110319728
11 79.51371234 0.12678342356393055
14 135.32212655999996 0.03613716103051759
15 135.32212655999996 0.16550080340639084
16 135.32212655999996 0.013719629803141972

148.57910274986028
1 23.79935855999999 0.03647646037455522
2 23.799358559999998 0.09764938696571507
3 23.799358559999998 0.05873926171630725
4 42.402163299999984 0.1203553916831674
5 42.402163299999984 0.1500512196805026
6 42.40216329999999 0.02163651009625483
7 79.51371233999998 0.054776307714978115
8 79.51371234 0.0516102127167709
10 79.51371234 0.23502535220526954
12 135.32212655999996 0.0450710000602522
13 135.32212655999996 0.13356090074785754

150.85301146785102
1 23.79935855999999 0.09906879078222751
2 23.799358559999998 0.07306923876726631
3 23.799358559999998 0.02840269247212164
5 42.402163299999984 0.020748193977741226
6 42.40216329999999 0.22140122350016117
7 79.51371233999998 0.06287292447896076
8 79.51371234 0.014301628644672423
10 79.51371234 0.035691964475826565
11 79.51371234 0.18663924545179908
12 135.32212655999996 0.06236288535953996
13 135.32212655999996 0.047906191625725514
16 135.32212655999996 0.23226425300180262

153.67617240174306
1 23.79935855999999 0.1507910488697996
2 23.799358559999998 0.0793897630933299
3 23.799358559999998 0.18603398957706202
4 42.402163299999984 0.24741364553306136
5 42.402163299999984 0.16784871968972104
6 42.40216329999999 0.1728966734580481

158.26006023239913
1 23.79935855999999 0.25410649476354685
2 23.799358559999998 0.044442377026786356
3 23.799358559999998 0.3675686055137881
4 42.402163299999984 0.16455758459222827
6 42.40216329999999 0.43324387062846575
12 135.32212655999996 0.013865976744860613

159.25213124239795
1 23.79935855999999 0.02413218835248669
2 23.799358559999998 0.41633273489746314
3 23.799358559999998 0.11134312554596504
4 42.402163299999984 0.015710681025926432
5 42.402163299999984 0.28287665908695564
6 42.40216329999999 0.2137065998353101
8 79.51371234 0.013511915553023633
9 79.51371234 0.019514059046302726
11 79.51371234 0.037182999629579445
14 135.32212655999996 0.01073265253606906
15 135.32212655999996 0.03524389753919996
16 135.32212655999996 0.018857612882534586

161.30477931172905
1 23.79935855999999 0.3394013832503083
2 23.799358559999998 0.05676069363415778
4 42.402163299999984 0.014338145008844762
5 42.402163299999984 0.02219220725979569
6 42.40216329999999 0.3195673534656687
8 79.51371234 0.024099981535709258
9 79.51371234 0.10027525486926794
10 79.51371234 0.08693621203357631
13 135.32212655999996 0.10461920641485441
14 135.32212655999996 0.02263664805313126
15 135.32212655999996 0.08251170694936295

161.89042021910694
1 23.79935855999999 0.12398170452234676
2 23.799358559999998 0.13992360248812444
3 23.799358559999998 0.021223745576811864
5 42.402163299999984 0.04768908203814007
6 42.40216329999999 0.14671523781736995
7 79.51371233999998 0.17840492569457694
8 79.51371234 0.01945012245199631
9 79.51371234 0.019552544842309602
11 79.51371234 0.019266679234847574
12 135.32212655999996 0.16416560613935657
13 135.32212655999996 0.011701160153835455
16 135.32212655999996 0.030871900279485498

162.1176754750784
2 23.799358559999998 0.029434561846565663
3 23.799358559999998 0.010527076357437194
5 42.402163299999984 0.031038570665827676
8 79.51371234 0.04353463708096072
14 135.32212655999996 0.052789575205843216

162.13051816708364
7 79.51371233999998 0.038802866732177844
9 79.51371234 0.01020197738479958
12 135.32212655999996 0.04127035207161398

162.36054471212947
2 23.799358559999998 0.14745086534501547
3 23.799358559999998 0.15718847693613738
4 42.402163299999984 0.1508313858630017
5 42.402163299999984 0.15433207630021675
9 79.51371234 0.030822020321773416
11 79.51371234 0.05630056348820486
15 135.32212655999996 0.028691151171748305
16 135.32212655999996 0.05961250860760295

162.4136018627722
1 23.79935855999999 0.016020393485044287
2 23.799358559999998 0.26697013786739887
3 23.799358559999998 0.028623479288041875
5 42.402163299999984 0.3323969222939606
6 42.40216329999999 0.0741019638907655
7 79.51371233999998 0.01961793251025736
8 79.51371234 0.2191473408772071
10 79.51371234 0.016384230281922034
13 135.32212655999996 0.037312969101928675
14 135.32212655999996 0.20358158750099417

162.88717836394179
2 23.799358559999998 0.30865215680897384
3 23.799358559999998 0.023052857348900474
4 42.402163299999984 0.033454738898189354
5 42.402163299999984 0.23930146217721937
8 79.51371234 0.05549790293724583
11 79.51371234 0.03947997590849217
14 135.32212655999996 0.07531397101939342
15 135.32212655999996 0.019267476787924887

163.21819425136943
1 23.79935855999999 0.34954004286361484
2 23.799358559999998 0.14382817194999498
3 23.799358559999998 0.07382729146651215
4 42.402163299999984 0.11618620474040924
5 42.402163299999984 0.08474363328359512
6 42.40216329999999 0.3225548811220186
7 79.51371233999998 0.054801027283755195
10 79.51371234 0.06420204564871423
11 79.51371234 0.019911445400724658
12 135.32212655999996 0.08927266212145842
13 135.32212655999996 0.013394239963155176
15 135.32212655999996 0.030189831331399474

163.7801113274427
1 23.79935855999999 0.027156549064999466
2 23.799358559999998 0.39546802610319565
3 23.799358559999998 0.07249719668263557
4 42.402163299999984 0.013575658654958831
5 42.402163299999984 0.5349735253035183
6 42.40216329999999 0.045511507423267865
7 79.51371233999998 0.020534158971319428
8 79.51371234 0.024543968649344442
9 79.51371234 0.02967494731197252
10 79.51371234 0.014574402378144663
11 79.51371234 0.1314732560383876
12 135.32212655999996 0.01878253902808262
15 135.32212655999996 0.1699027617191798

164.06453430043317
1 23.79935855999999 0.37957883275780147
2 23.799358559999998 0.055841566339972705
3 23.799358559999998 0.2065815348910542
4 42.402163299999984 0.3051178210804609
5 42.402163299999984 0.1515192548943973
6 42.40216329999999 0.2514440541302577
9 79.51371234 0.014645905545165476
10 79.51371234 0.07991469543764887
11 79.51371234 0.010934092018102139
12 135.32212655999996 0.047152592253346975
13 135.32212655999996 0.060988132982101186
16 135.32212655999996 0.028274927618973336

164.82377131141217
1 23.79935855999999 0.2089225249058128
2 23.799358559999998 0.20194136147407116
3 23.799358559999998 0.17248899487689112
4 42.402163299999984 0.19147391420530552
5 42.402163299999984 0.260833463545058
6 42.40216329999999 0.063335634112244
7 79.51371233999998 0.013118327719108359
9 79.51371234 0.05613234132418284
10 79.51371234 0.014868301097565068
11 79.51371234 0.020423778153604178
12 135.32212655999996 0.011108612646644417
15 135.32212655999996 0.035064288427674506
16 135.32212655999996 0.03792996568450636

165.99132723312067
1 23.79935855999999 0.025524327404086042
2 23.799358559999998 0.5955172746010944
3 23.799358559999998 0.014009625952771273
4 42.402163299999984 0.029309723857634667
5 42.402163299999984 0.6405006200299221
8 79.51371234 0.021230735724425746
11 79.51371234 0.0504327151310869
15 135.32212655999996 0.06912512165334968

166.46887644187166
1 23.79935855999999 0.429416101936299
2 23.799358559999998 0.016976456056438383
3 23.799358559999998 0.019302219431457424
4 42.402163299999984 0.06991285528011057
5 42.402163299999984 0.03803464863355134
6 42.40216329999999 0.41608139148364265
7 79.51371233999998 0.03980876670121252
10 79.51371234 0.05415572788731996
13 135.32212655999996 0.1082845247733035

167.43719710187924
1 23.79935855999999 0.02956884537685
3 23.799358559999998 0.1326614052687798
5 42.402163299999984 0.02314184995098884
6 42.40216329999999 0.02454277266982231
7 79.51371233999998 0.06984203888838601
12 135.32212655999996 0.13761509431057223

167.8194193928206
3 23.799358559999998 0.6859203095126837
4 42.402163299999984 0.33663478045788264
6 42.40216329999999 0.0588254259725519
9 79.51371234 0.11923720192464049
11 79.51371234 0.01912783752953039
13 135.32212655999996 0.012878434510435481
14 135.32212655999996 0.03752722390466319
16 135.32212655999996 0.10554898087066454

168.30731649046345
2 23.799358559999998 0.011640531668327458
3 23.799358559999998 0.6547534943015829
4 42.402163299999984 0.64413276152172
6 42.40216329999999 0.06218775181991327
7 79.51371233999998 0.050017614161710994
9 79.51371234 0.06446738970642073
10 79.51371234 0.015974913052775336
13 135.32212655999996 0.03467835459139067
16 135.32212655999996 0.042851191851554116

168.46837965996093
4 42.402163299999984 0.03597280561655189
5 42.402163299999984 0.047308270366114694
6 42.40216329999999 0.027999825385127422
10 79.51371234 0.14255544347132926
13 135.32212655999996 0.04261044387417305
14 135.32212655999996 0.03688891094259143

169.25772238025408
2 23.799358559999998 0.014744758654431225
5 42.402163299999984 0.01888089109223932
8 79.51371234 0.10762364046019879
14 135.32212655999996 0.11988498702529399

169.25949234944235
7 79.51371233999998 0.07520080921015944
9 79.51371234 0.022998512690392166
12 135.32212655999996 0.07301071212653219
16 135.32212655999996 0.02149382464965622

169.26413736639702
1 23.79935855999999 0.1820843721647615
2 23.799358559999998 0.08126201813401639
3 23.799358559999998 0.1394649069283064
4 42.402163299999984 0.20783711033606656
5 42.402163299999984 0.029026221731252872
6 42.40216329999999 0.18796583048977294
9 79.51371234 0.02366283124214411
15 135.32212655999996 0.029617510494313708
16 135.32212655999996 0.013838072546459343

169.76567739215014
2 23.799358559999998 0.16212428911207294
3 23.799358559999998 0.09198342208562064
4 42.402163299999984 0.08875574048656154
5 42.402163299999984 0.17138132917580065
9 79.51371234 0.06617135928300871
11 79.51371234 0.11941920211637529
15 135.32212655999996 0.08571635461262753
16 135.32212655999996 0.09694641420467096

169.95258957225323
2 23.799358559999998 0.3817942685682342
4 42.402163299999984 0.016802160571235247
5 42.402163299999984 0.2610540582847598
6 42.40216329999999 0.01485492323628065
9 79.51371234 0.01258881123139344
13 135.32212655999996 0.01843728356093783
16 135.32212655999996 0.018822330083127982

170.72594913863819
1 23.79935855999999 0.04449802867327261
2 23.799358559999998 0.07148308347206991
3 23.799358559999998 0.24339565821174153
4 42.402163299999984 0.01035711132536782
5 42.402163299999984 0.18931232834216288
6 42.40216329999999 0.17541750512809423
11 79.51371234 0.12713432790752155
15 135.32212655999996 0.022657352036061555
16 135.32212655999996 0.07648536275371591

171.43461483757616
1 23.79935855999999 0.03848694911304901
2 23.799358559999998 0.31564720749063724
4 42.402163299999984 0.07109856939304382
5 42.402163299999984 0.2563952614092411
8 79.51371234 0.031315573503614455
13 135.32212655999996 0.019077425368012456
14 135.32212655999996 0.030907348288707268

171.9503501633663
1 23.79935855999999 0.06659025425182291
2 23.799358559999998 0.14488746976195413
3 23.799358559999998 0.05310791777028457
4 42.402163299999984 0.10164284938122281
5 42.402163299999984 0.05473291251736622
6 42.40216329999999 0.07714994572262165
8 79.51371234 0.068449984038365
9 79.51371234 0.045975379205933725
10 79.51371234 0.05825784942853948
13 135.32212655999996 0.03448762473673338
14 135.32212655999996 0.10176012609412535
15 135.32212655999996 0.0806474526425468
16 135.32212655999996 0.017121197055080632

172.1723671536807
1 23.79935855999999 0.2520706106670927
2 23.799358559999998 0.08109879261874525
3 23.799358559999998 0.15337321659835754
4 42.402163299999984 0.13023455936922995
5 42.402163299999984 0.19906457620087442
6 42.40216329999999 0.22435532339045297
7 79.51371233999998 0.019393285200927594
13 135.32212655999996 0.01111248849680645

172.98436795524572
1 23.79935855999999 0.1616142935663889
2 23.799358559999998 0.10916852813141989
4 42.402163299999984 0.08799381672791307
5 42.402163299999984 0.030089643312802714
6 42.40216329999999 0.1837412662204338
7 79.51371233999998 0.05712280858475533
8 79.51371234 0.03736192318949347
10 79.51371234 0.035087908529487594
11 79.51371234 0.039835895792644134
12 135.32212655999996 0.09453058869640489
13 135.32212655999996 0.07363035970025056
15 135.32212655999996 0.028268313172702023

173.14122565880618
2 23.799358559999998 0.09867071702479051
3 23.799358559999998 0.05882779696249303
4 42.402163299999984 0.18051808400426317
5 42.402163299999984 0.08123309272715692
7 79.51371233999998 0.029453889764182246

174.60407420208
1 23.79935855999999 0.6015783100124936
2 23.799358559999998 0.020319110006963157
3 23.799358559999998 0.03383313566294227
4 42.402163299999984 0.37770689291942244
6 42.40216329999999 0.31984270197464437
7 79.51371233999998 0.03359947358046665
8 79.51371234 0.015048532224311689
10 79.51371234 0.20387333315398692
13 135.32212655999996 0.11999474694068399

174.92519485794026
1 23.79935855999999 0.5505907735495937
2 23.799358559999998 0.03317708138247264
3 23.799358559999998 0.4617501023766352
4 42.402163299999984 0.10232238850162846
5 42.402163299999984 0.09378718061153399
6 42.40216329999999 0.7778195917302206
11 79.51371234 0.022212187262232338
13 135.32212655999996 0.021792947575778987
16 135.32212655999996 0.02165197136888865

175.2239409260996
1 23.79935855999999 0.20340759740156034
2 23.799358559999998 0.022931660785188053
3 23.799358559999998 0.3296114200571124
4 42.402163299999984 0.5788336386891585
5 42.402163299999984 0.03134532785643182
7 79.51371233999998 0.02961182546502482
9 79.51371234 0.08175567916805979
11 79.51371234 0.032107369639398003
12 135.32212655999996 0.06857568810225234
13 135.32212655999996 0.021859475382880335
15 135.32212655999996 0.057685028435857086
16 135.32212655999996 0.08232227691553068

176.01941857074308
1 23.79935855999999 0.010153084886178424
2 23.799358559999998 0.0533135251945606
4 42.402163299999984 0.07525779073444717
5 42.402163299999984 0.03042159556557156
8 79.51371234 0.0107689587282076
13 135.32212655999996 0.023148658923605
15 135.32212655999996 0.01599729951132316
16 135.32212655999996 0.020314907654434826

176.71116184613496
1 23.79935855999999 0.0472246253524027
2 23.799358559999998 0.02504603834683116
3 23.799358559999998 0.3183069770016192
4 42.402163299999984 0.0925865136755492
5 42.402163299999984 0.011541825931917715
6 42.40216329999999 0.18457811928578072

193.3828571549923
1 23.79935855999999 0.11972623645937835
2 23.799358559999998 0.02322729179129287
5 42.402163299999984 0.02974544726834282
6 42.40216329999999 0.08840973286476367
7 79.51371233999998 0.10756068028185775
8 79.51371234 0.010652474284204568
9 79.51371234 0.12788110828300742
10 79.51371234 0.07092317566978903
11 79.51371234 0.031195742029296494
12 135.32212655999996 0.05033501660900327
13 135.32212655999996 0.09380321517601656
14 135.32212655999996 0.03170324554262841
15 135.32212655999996 0.035348168103743194

193.78627514276081
1 23.79935855999999 0.02100978594909983
2 23.799358559999998 0.03072682955766497
3 23.799358559999998 0.0402494391323985
4 42.402163299999984 0.08019535966378741
5 42.402163299999984 0.03536733153768126
7 79.51371233999998 0.03803965072674691
10 79.51371234 0.05555103138039794
11 79.51371234 0.07055666329702281
12 135.32212655999996 0.05231339774443198
13 135.32212655999996 0.10201999508470389
14 135.32212655999996 0.03271023938031822
16 135.32212655999996 0.05333531694784528

194.88635696020256
1 23.79935855999999 0.025102904251798785
2 23.799358559999998 0.017512221386424012
3 23.799358559999998 0.023559977989927535
4 42.402163299999984 0.025769182949289062
5 42.402163299999984 0.011319499638488656
6 42.40216329999999 0.02961157584381988
7 79.51371233999998 0.13215979670686237
8 79.51371234 0.016148908385488655
9 79.51371234 0.1916012800842431
11 79.51371234 0.05614141202309645
13 135.32212655999996 0.25494482066604524
14 135.32212655999996 0.012376493253787956
16 135.32212655999996 0.04437468923613241

195.89682122666542
2 23.799358559999998 0.029983203000821294
3 23.799358559999998 0.01983707091662051
4 42.402163299999984 0.02849122693207247
5 42.402163299999984 0.01882908494321523
7 79.51371233999998 0.3696039772604868
9 79.51371234 0.0763738807611922
10 79.51371234 0.01588034560020961
11 79.51371234 0.040604124700242245
12 135.32212655999996 0.021342894569277415
13 135.32212655999996 0.5284896822250527
14 135.32212655999996 0.03191146624653668
15 135.32212655999996 0.027737687271214145
16 135.32212655999996 0.0424903786482703

196.85115437732128
8 79.51371234 0.2282799510716355
10 79.51371234 0.06489778135360577
11 79.51371234 0.02333774294819583
12 135.32212655999996 0.020864419205053854
14 135.32212655999996 0.03823231364090151
15 135.32212655999996 0.3475504629844039

198.25716501936054
1 23.79935855999999 0.01041193548563352
3 23.799358559999998 0.1293493285166898
4 42.402163299999984 0.12063164658355027
6 42.40216329999999 0.015199134919782161
9 79.51371234 0.1324770318223622
10 79.51371234 0.3514975918520177
11 79.51371234 0.07827088203400737
12 135.32212655999996 0.05804936258946526
13 135.32212655999996 0.17148920822001185
15 135.32212655999996 0.11573538818111631
16 135.32212655999996 0.1601203118475178

198.7212361590887
1 23.79935855999999 0.08270371271932792
3 23.799358559999998 0.08504334343929573
4 42.402163299999984 0.048457427194317566
6 42.40216329999999 0.07864156922649573
7 79.51371233999998 0.32758866686093163
8 79.51371234 0.08051873319817707
9 79.51371234 0.011985933284767446
10 79.51371234 0.2342632119021342
12 135.32212655999996 0.33457980124910514
13 135.32212655999996 0.153505130533381
14 135.32212655999996 0.015084427176788762
16 135.32212655999996 0.221919881919559

200.39030881621008
2 23.799358559999998 0.09190803485567337
5 42.402163299999984 0.08305805020559745
6 42.40216329999999 0.010476879175611966
7 79.51371233999998 0.07478384621980588
8 79.51371234 0.3833283698961134
9 79.51371234 0.30539813958061646
10 79.51371234 0.04278892578425279
11 79.51371234 0.0631409578154693
12 135.32212655999996 0.03598772602317668
13 135.32212655999996 0.038527156651144104
14 135.32212655999996 0.08427214621088669
15 135.32212655999996 0.4712324830571988
16 135.32212655999996 0.1041336471278602

201.33689491045317
1 23.79935855999999 0.02438833694242507
2 23.799358559999998 0.03477000319968611
5 42.402163299999984 0.03337505560533323
6 42.40216329999999 0.07403172489748035
10 79.51371234 0.2047856321699925
11 79.51371234 0.22323844811870505
12 135.32212655999996 0.26931194965423005
14 135.32212655999996 0.1365065028268367
16 135.32212655999996 0.026113260441367355

201.46748239803523
2 23.799358559999998 0.01673295006075123
5 42.402163299999984 0.03921390590685264
7 79.51371233999998 0.024949990633954273
8 79.51371234 0.10664539232860314
9 79.51371234 0.05144328012205646
10 79.51371234 0.11251359638407828
11 79.51371234 0.13538299884754448
12 135.32212655999996 0.06030018837746857
13 135.32212655999996 0.07640653743644778
14 135.32212655999996 0.18133576719237032
15 135.32212655999996 0.03021780433406463
16 135.32212655999996 0.015139669645265608

202.0326701517529
3 23.799358559999998 0.01631729929641557
4 42.402163299999984 0.01159167932504534
6 42.40216329999999 0.010267597687350579
7 79.51371233999998 0.013401103649799531
8 79.51371234 0.023595766402753772
10 79.51371234 0.10860734091814248
11 79.51371234 0.11454811619770917
12 135.32212655999996 0.030620498363943358
14 135.32212655999996 0.0740681315124019
15 135.32212655999996 0.07019057026380726
16 135.32212655999996 0.0902826639005463

203.33691468033288
2 23.799358559999998 0.010189348521115678
5 42.402163299999984 0.030277544497515622
7 79.51371233999998 0.03908246380217814
8 79.51371234 0.15113006287735897
10 79.51371234 0.02450835590955534
11 79.51371234 0.31691245912107435
14 135.32212655999996 0.1704718608783243
15 135.32212655999996 0.2216746806620611
16 135.32212655999996 0.015482649948440595

203.9092918049037
3 23.799358559999998 0.02409244399247561
7 79.51371233999998 0.03157663798439279
8 79.51371234 0.04801649152074536
10 79.51371234 0.19862228751434888
11 79.51371234 0.057459425255466726
12 135.32212655999996 0.19488521251739302
13 135.32212655999996 0.06624219188237283
15 135.32212655999996 0.031342884445356885
16 135.32212655999996 0.013454301515465568

204.02794512482075
3 23.799358559999998 0.021846891616206947
4 42.402163299999984 0.010798340240866955
6 42.40216329999999 0.012152321260050006
7 79.51371233999998 0.07747759627256186
8 79.51371234 0.04371228042686941
9 79.51371234 0.049907789974429746
10 79.51371234 0.033367858606674086
11 79.51371234 0.25234731215710304
12 135.32212655999996 0.05896117386159054
13 135.32212655999996 0.04153913693707629
15 135.32212655999996 0.10684641370534217
16 135.32212655999996 0.1865831048560718

206.37850148512842
4 42.402163299999984 0.01855804235123966
7 79.51371233999998 0.04792280560029728
9 79.51371234 0.05257684970981642
10 79.51371234 0.012414521716107303
14 135.32212655999996 0.28354233737297285
15 135.32212655999996 0.028331991835586746
16 135.32212655999996 0.04790595213518837

