1 0.0 1  0.0 7.557867452600352e-8
1 0.0 2  32.75 0.2746632852698129
1 0.0 3  32.87 0.27772982155731113
1 0.0 4  32.88 0.2751460711930977
1 0.0 5  67.43 0.0342387922476738
1 0.0 6  67.43 0.033907474584378566
1 0.0 7  67.57 0.034254743028632934
1 0.0 8  68.49 5.772178465874371e-5
1 0.0 9  68.96 2.4107378854203894e-6
1 0.0 10  69.75 0.00011077772076325657
1 0.0 11  70.98 7.489905583867002e-5
1 0.0 12  71.23 9.663453533877809e-5
1 0.0 13  89.47 6.605042531112586e-5
1 0.0 14  89.96 0.00044863208464616597
1 0.0 15  90.47 1.444774458024876e-5
1 0.0 16  91.03 2.3616155780638578e-5
1 0.0 17  91.05 2.0352304039428502e-7
1 0.0 18  92.27 1.0460079248473247e-5
1 0.0 19  92.31 2.548972634761484e-5
1 0.0 20  93.71 0.00036772784669869074
1 0.0 21  93.98 4.2435320531703445e-6
1 0.0 22  97.22 0.0003990120746802376
1 0.0 23  97.88 7.088402648550688e-5
1 0.0 24  100.28 7.136206741414307e-7
1 0.0 25  101.5 1.1180500008369538e-7
1 0.0 26  101.5 5.983503500699015e-8
1 0.0 27  129.94 0.00010168058731279599
1 0.0 28  129.96 0.0007913486579280813
1 0.0 29  130.27 0.0004478563346811469
1 0.0 30  130.42 0.0018297113698865154
1 0.0 31  130.82 0.007145935630969855
1 0.0 32  131.37 0.0010457116582392497
1 0.0 33  131.65 0.00015921019330015235
1 0.0 34  131.81 0.00010163332805178347
1 0.0 35  131.91 0.0021877905292860362
1 0.0 36  132.55 0.00164093040764761
1 0.0 37  132.61 0.0028603821661671827
1 0.0 38  133.63 8.869008351800094e-5
1 0.0 39  133.78 0.0010412075841647595
1 0.0 40  134.77 0.0006730492534495095
1 0.0 41  134.83 0.0025100133696807124
1 0.0 42  134.85 8.117454528341812e-5
1 0.0 43  135.12 4.61958015940477e-5
1 0.0 44  137.85 0.002907622309542843
1 0.0 45  138.55 0.002300472564714981
1 0.0 46  138.98 0.0016340282236562017
1 0.0 47  139.59 9.466406913002932e-7
1 0.0 48  142.08 7.828910571124922e-5
1 0.0 49  142.51 0.00013876989308602835
1 0.0 50  143.65 8.803512981672937e-5
1 0.0 51  144.85 0.00022113008485814654
1 0.0 52  145.49 0.00010992294076762389
1 0.0 53  152.36 0.001001583220110006
1 0.0 54  152.81 2.1151964320562755e-6
1 0.0 55  154.38 6.372499323127898e-5
1 0.0 56  154.49 0.0006736567405398379
1 0.0 57  155.8 0.0021196625795302554
1 0.0 58  155.99 0.0005799504495990578
1 0.0 59  156.39 0.0004946440481639016
1 0.0 60  156.98 0.00041221037525458087
1 0.0 61  158.04 0.0016829856306538515
1 0.0 62  158.12 3.9968535453450534e-5
1 0.0 63  159.17 8.363482820239339e-7
1 0.0 64  159.73 0.0011343760685511048
1 0.0 65  161.37 0.00038136469354401684
1 0.0 66  162.91 4.583699451744607e-5
1 0.0 67  162.96 5.274423625076573e-5
1 0.0 68  163.25 0.00016119896524838435
1 0.0 69  163.6 0.00035786166866015893
1 0.0 70  163.74 0.00011836131629987732
1 0.0 71  163.96 0.0005552252697453603
1 0.0 72  164.11 0.0006131289638523319
1 0.0 73  164.17 0.00035479492854050297
1 0.0 74  164.51 0.0003474757446458751
1 0.0 75  165.32 4.22213875760205e-5
1 0.0 76  165.44 9.980194998558735e-5
1 0.0 77  165.5 8.241144760774683e-5
1 0.0 78  165.64 0.0005453924330084733
1 0.0 79  165.85 0.00022645083880921038
1 0.0 80  165.9 0.00019281376925296435
1 0.0 81  166.05 0.00013487718920796217
1 0.0 82  166.12 9.390860916354623e-5
1 0.0 83  169.26 0.00011811242166623907
1 0.0 84  170.15 0.00024207288766993807
1 0.0 85  170.5 0.0005489861031695403
1 0.0 86  198.65 0.000353024111671532
1 0.0 87  199.35 6.983144603458709e-6
1 0.0 88  199.35 2.735482431264212e-6
1 0.0 89  199.35 1.6748451433735453e-6
1 0.0 90  199.35 7.769878324620847e-7
1 0.0 91  199.35 1.1210775753423178e-6
1 0.0 92  199.35 1.5291855768735958e-6
1 0.0 93  199.35 3.126394260501977e-6
1 0.0 94  199.44 6.748564120677266e-7
1 0.0 95  199.46 0.00019825247752105308
1 0.0 96  199.56 3.4246443206880407e-6
1 0.0 97  199.91 0.0013254406841704698
1 0.0 98  200.31 1.301337412782441e-5
1 0.0 99  200.31 1.510355117590883e-5
1 0.0 100  200.83 0.0006844968554354845
2 32.75 2  0.0 1.2320250081220481e-5
2 32.75 3  0.12 1.0415157385712869e-5
2 32.75 4  0.13 2.1864624451961964e-5
2 32.75 5  34.68 5.3976172779168264e-6
2 32.75 6  34.68 6.332683222609196e-6
2 32.75 7  34.82 1.5972621566997467e-6
2 32.75 8  35.73 0.04269703548132476
2 32.75 9  36.21 0.022521232439044657
2 32.75 10  37.0 0.04888023793975211
2 32.75 11  38.23 0.0213539530473639
2 32.75 12  38.48 0.033719214799043204
2 32.75 13  56.72 0.01762873475048416
2 32.75 14  57.21 0.013910063464591964
2 32.75 15  57.72 0.03060236834626883
2 32.75 16  58.28 0.06619917441368384
2 32.75 17  58.3 0.044745474337999566
2 32.75 18  59.52 0.0042734394034007
2 32.75 19  59.56 0.004765816154634232
2 32.75 20  60.96 0.040626032319809366
2 32.75 21  61.23 0.013114430436252284
2 32.75 22  64.47 0.017223277047328053
2 32.75 23  65.13 0.023258488447006443
2 32.75 24  67.53 0.0004259665930046914
2 32.75 25  68.75 0.030357641294332986
2 32.75 26  68.75 0.03503038446111965
2 32.75 27  97.19 0.0008429451973711482
2 32.75 28  97.21 0.00041278836171682135
2 32.75 29  97.52 0.00017134716829015915
2 32.75 30  97.67 0.0010943235263826737
2 32.75 31  98.07 0.00034890906655338564
2 32.75 32  98.62 0.0013559484720917926
2 32.75 33  98.9 0.010357579876051246
2 32.75 34  99.06 0.01368289621403635
2 32.75 35  99.16 9.5766451059511e-5
2 32.75 36  99.8 0.0013016191931673321
2 32.75 37  99.86 0.0010017839694847022
2 32.75 38  100.88 0.022631151025538115
2 32.75 39  101.03 0.001717021516980224
2 32.75 40  102.02 0.0002733221797268976
2 32.75 41  102.08 0.0004318656240834045
2 32.75 42  102.1 0.011053892368316613
2 32.75 43  102.37 0.011518540716583578
2 32.75 44  105.1 0.009315039339341448
2 32.75 45  105.8 0.0023030764200364707
2 32.75 46  106.23 0.00023840535145499943
2 32.75 47  106.84 0.003723388334816085
2 32.75 48  109.33 0.00013240548176477002
2 32.75 49  109.76 0.002195443718756257
2 32.75 50  110.9 0.008928618412893437
2 32.75 51  112.1 0.01143149817385491
2 32.75 52  112.74 0.008802229970765334
2 32.75 53  119.61 3.8577583874349084e-5
2 32.75 54  120.06 0.00014606692019695654
2 32.75 55  121.63 0.0056134175643981245
2 32.75 56  121.74 0.00201155877361957
2 32.75 57  123.05 2.9172214459533507e-5
2 32.75 58  123.24 0.00034408218376515864
2 32.75 59  123.64 0.0002186283120135226
2 32.75 60  124.23 0.003944376067963065
2 32.75 61  125.29 0.01007810631274737
2 32.75 62  125.37 0.0007198419964965801
2 32.75 63  126.42 0.0003918315417039098
2 32.75 64  126.98 5.455513140907269e-5
2 32.75 65  128.62 0.01371674153889475
2 32.75 66  130.16 0.000270075658424338
2 32.75 67  130.21 0.00017853826373188413
2 32.75 68  130.5 0.00040498175869978475
2 32.75 69  130.84 7.142553605226633e-6
2 32.75 70  130.99 0.00011281634480552022
2 32.75 71  131.21 5.303969432484253e-5
2 32.75 72  131.36 0.0035327362120028405
2 32.75 73  131.42 6.9088016753869425e-6
2 32.75 74  131.76 0.0133153585151713
2 32.75 75  132.57 0.0003464957048973305
2 32.75 76  132.69 1.471998032509379e-5
2 32.75 77  132.75 6.77597041326461e-5
2 32.75 78  132.89 0.0001495883423437155
2 32.75 79  133.1 0.0002807943119059343
2 32.75 80  133.15 3.2503533180895154e-6
2 32.75 81  133.3 7.376565597294946e-5
2 32.75 82  133.37 7.168061638912783e-6
2 32.75 83  136.51 0.00015630466021741618
2 32.75 84  137.4 7.917688023604368e-5
2 32.75 85  137.75 5.6350502596112814e-5
2 32.75 86  165.9 7.365631189578021e-5
2 32.75 87  166.6 0.00012888995177725115
2 32.75 88  166.6 7.80222835072565e-5
2 32.75 89  166.6 1.0926356899141708e-5
2 32.75 90  166.6 4.45550568020947e-5
2 32.75 91  166.6 4.9774811200866606e-5
2 32.75 92  166.6 2.7196832652960854e-5
2 32.75 93  166.6 7.742281575133307e-5
2 32.75 94  166.69 8.719354989519048e-5
2 32.75 95  166.71 3.373919871013018e-5
2 32.75 96  166.81 0.0011531704690565345
2 32.75 97  167.16 0.0003368749468305572
2 32.75 98  167.56 0.000245905882823634
2 32.75 99  167.56 0.00012719998753727782
2 32.75 100  168.08 1.6793694552096134e-5
3 32.87 3  0.0 1.3101091078652689e-5
3 32.87 4  0.0 5.624988093596818e-6
3 32.87 5  34.55 2.5839567039207014e-6
3 32.87 6  34.56 8.986487315741217e-6
3 32.87 7  34.69 1.8315875126871296e-6
3 32.87 8  35.61 0.06676020925216693
3 32.87 9  36.09 0.013361414088836973
3 32.87 10  36.88 0.032383583186680984
3 32.87 11  38.11 0.03519423692716922
3 32.87 12  38.35 0.016478289873996743
3 32.87 13  56.59 0.00492336909566761
3 32.87 14  57.09 0.026485719700985337
3 32.87 15  57.59 0.034464416969875344
3 32.87 16  58.16 0.003100203043291847
3 32.87 17  58.17 0.005965840134975332
3 32.87 18  59.4 0.03733180719309134
3 32.87 19  59.44 0.03362320843149705
3 32.87 20  60.83 0.010806360467803963
3 32.87 21  61.11 0.0018550432003119662
3 32.87 22  64.34 0.03329930117312359
3 32.87 23  65.01 0.006086555217438579
3 32.87 24  67.41 0.037135178671134736
3 32.87 25  68.63 0.028935819012703607
3 32.87 26  68.63 0.0005061974387881922
3 32.87 27  97.06 0.0005263200041379626
3 32.87 28  97.08 0.0015591138345620174
3 32.87 29  97.39 0.0001381356765107902
3 32.87 30  97.54 0.002740888583790722
3 32.87 31  97.95 0.00027120375681337697
3 32.87 32  98.49 0.00030978758065961073
3 32.87 33  98.78 0.014468107848650723
3 32.87 34  98.94 0.03037085000193553
3 32.87 35  99.04 0.00035984715448479177
3 32.87 36  99.67 0.0006772597976540907
3 32.87 37  99.74 9.032461173887371e-5
3 32.87 38  100.76 0.023446150335403607
3 32.87 39  100.91 0.002792131046939139
3 32.87 40  101.9 4.309932658513447e-5
3 32.87 41  101.96 0.0013134326840592951
3 32.87 42  101.97 0.020907545563479
3 32.87 43  102.24 0.012086893826771649
3 32.87 44  104.97 0.002451542136776403
3 32.87 45  105.67 0.006393574253271652
3 32.87 46  106.11 0.0002780963996598801
3 32.87 47  106.71 0.00041962962080222785
3 32.87 48  109.2 0.004274773010062097
3 32.87 49  109.64 0.004373841101751734
3 32.87 50  110.77 0.01640234156967982
3 32.87 51  111.98 0.031952830358884896
3 32.87 52  112.61 0.014622366297618275
3 32.87 53  119.48 6.373071244523862e-5
3 32.87 54  119.94 4.050259513750043e-5
3 32.87 55  121.5 0.0056881160932749815
3 32.87 56  121.62 0.008335651710858713
3 32.87 57  122.92 0.0001391824235317495
3 32.87 58  123.12 0.002104871320092847
3 32.87 59  123.52 0.00026886264421936554
3 32.87 60  124.1 0.002386960383259373
3 32.87 61  125.17 0.025511387695146312
3 32.87 62  125.25 0.0006435216113048878
3 32.87 63  126.3 4.4692929976912613e-7
3 32.87 64  126.86 9.159703636072297e-5
3 32.87 65  128.49 0.011222082795471005
3 32.87 66  130.04 0.0010754867489326417
3 32.87 67  130.08 5.864775959989863e-5
3 32.87 68  130.38 0.0001569765976847018
3 32.87 69  130.72 2.6221645129982728e-5
3 32.87 70  130.87 1.2235169602661431e-5
3 32.87 71  131.09 0.00010359691838903294
3 32.87 72  131.24 0.0041155950904086264
3 32.87 73  131.3 1.546511308684242e-5
3 32.87 74  131.63 0.00763201695030084
3 32.87 75  132.44 9.001849944734209e-5
3 32.87 76  132.57 4.746365905164396e-6
3 32.87 77  132.63 1.54530793038016e-5
3 32.87 78  132.77 0.0005263128531753218
3 32.87 79  132.98 8.53595439375291e-5
3 32.87 80  133.02 1.8714057978677297e-5
3 32.87 81  133.17 1.418801387226417e-5
3 32.87 82  133.25 4.8787981677120705e-6
3 32.87 83  136.39 0.0003973598095402914
3 32.87 84  137.28 6.132957103263944e-5
3 32.87 85  137.63 9.842971933482845e-5
3 32.87 86  165.78 2.672829627933111e-5
3 32.87 87  166.47 7.886010074260297e-5
3 32.87 88  166.47 5.130137262447764e-5
3 32.87 89  166.47 7.191058509949303e-5
3 32.87 90  166.47 2.0319906994405565e-5
3 32.87 91  166.47 9.039806095568753e-5
3 32.87 92  166.47 4.13730876771106e-5
3 32.87 93  166.47 1.9635159813197395e-5
3 32.87 94  166.57 0.00029430620538121045
3 32.87 95  166.58 0.00035174353688301294
3 32.87 96  166.68 1.5958144198382353e-5
3 32.87 97  167.04 5.7982709629160096e-5
3 32.87 98  167.44 0.0007794961673414312
3 32.87 99  167.44 6.339912180906976e-5
3 32.87 100  167.96 6.325991803406336e-5
4 32.88 4  0.0 2.2439519631763972e-5
4 32.88 5  34.55 2.347483994486358e-6
4 32.88 6  34.55 9.653105601327174e-6
4 32.88 7  34.69 2.717644221661477e-6
4 32.88 8  35.61 0.021199182396080207
4 32.88 9  36.08 0.012313764241679783
4 32.88 10  36.87 0.025469141364410915
4 32.88 11  38.11 0.011660100974117843
4 32.88 12  38.35 0.03885783101579848
4 32.88 13  56.59 0.03582373082684991
4 32.88 14  57.08 0.015840772743311818
4 32.88 15  57.59 0.003772605852519813
4 32.88 16  58.16 0.05521734830842616
4 32.88 17  58.17 0.014779013507730195
4 32.88 18  59.4 0.01638189376922459
4 32.88 19  59.44 0.030431467655883275
4 32.88 20  60.83 0.07678386692154121
4 32.88 21  61.1 0.003559524393827256
4 32.88 22  64.34 0.017831861249834758
4 32.88 23  65.01 0.04291880738008161
4 32.88 24  67.41 0.037364472194479484
4 32.88 25  68.63 0.00035044209209995696
4 32.88 26  68.63 0.03217022910176315
4 32.88 27  97.06 0.0011389937778622003
4 32.88 28  97.08 0.00014133634786925688
4 32.88 29  97.39 0.0007508520213787441
4 32.88 30  97.54 0.0009949558694928716
4 32.88 31  97.94 0.0002939774172357129
4 32.88 32  98.49 0.00046541908747017776
4 32.88 33  98.78 0.007860564598532899
4 32.88 34  98.93 0.01575221555257374
4 32.88 35  99.03 0.0002031705482625477
4 32.88 36  99.67 0.001997939884555675
4 32.88 37  99.74 0.000976558773055652
4 32.88 38  100.75 0.018656972001428445
4 32.88 39  100.91 0.0017499086100614108
4 32.88 40  101.89 0.00033305816596578946
4 32.88 41  101.96 0.0005178963081339569
4 32.88 42  101.97 0.009616828672738071
4 32.88 43  102.24 0.007506364759945414
4 32.88 44  104.97 0.01817154411605833
4 32.88 45  105.67 0.0016450099625048965
4 32.88 46  106.1 0.00068413739059305
4 32.88 47  106.71 0.0009487841767652364
4 32.88 48  109.2 0.006433997163592286
4 32.88 49  109.63 0.0018021358365024503
4 32.88 50  110.77 0.0083459786182554
4 32.88 51  111.98 0.024204232297907493
4 32.88 52  112.61 0.013839116816673536
4 32.88 53  119.48 1.9353706491181887e-5
4 32.88 54  119.94 2.544645277712228e-5
4 32.88 55  121.5 0.005627924463298856
4 32.88 56  121.62 0.003442087139149498
4 32.88 57  122.92 6.868197153238827e-5
4 32.88 58  123.12 0.0005595828554336241
4 32.88 59  123.51 4.289496194853998e-5
4 32.88 60  124.1 0.004014775956090235
4 32.88 61  125.17 0.015191966349677464
4 32.88 62  125.24 0.0007567549829567179
4 32.88 63  126.3 3.1973399146851056e-5
4 32.88 64  126.86 3.6113556364815626e-5
4 32.88 65  128.49 0.013462033577205297
4 32.88 66  130.04 0.00019577206089809034
4 32.88 67  130.08 0.00014888931399032235
4 32.88 68  130.38 0.0009832186256338294
4 32.88 69  130.72 1.3757394109807195e-5
4 32.88 70  130.86 0.00023092435377406777
4 32.88 71  131.08 2.3834920436532594e-5
4 32.88 72  131.24 0.0041848441896237135
4 32.88 73  131.3 1.0807750509649389e-5
4 32.88 74  131.63 0.004134782509963911
4 32.88 75  132.44 0.000665983360184938
4 32.88 76  132.56 1.6546403795972164e-5
4 32.88 77  132.63 0.00011064552829132736
4 32.88 78  132.76 0.00010144670002532372
4 32.88 79  132.97 0.0004538349619656103
4 32.88 80  133.02 4.449408770165104e-6
4 32.88 81  133.17 0.00013482009489693773
4 32.88 82  133.24 1.0450254581380394e-5
4 32.88 83  136.38 0.00016069503559531593
4 32.88 84  137.28 0.00020812733017883488
4 32.88 85  137.62 5.9911599933307916e-5
4 32.88 86  165.78 0.0001674037263920578
4 32.88 87  166.47 6.345021946602117e-5
4 32.88 88  166.47 2.6383810282132682e-5
4 32.88 89  166.47 5.928977375824324e-5
4 32.88 90  166.47 4.994014448924006e-5
4 32.88 91  166.47 0.00011436611713745414
4 32.88 92  166.47 3.5189438576221196e-5
4 32.88 93  166.47 5.490366456483407e-5
4 32.88 94  166.57 3.996516680322673e-6
4 32.88 95  166.58 0.0001471235403924544
4 32.88 96  166.68 5.32380355019178e-5
4 32.88 97  167.03 0.00034576800981403347
4 32.88 98  167.43 0.0001383592413667366
4 32.88 99  167.44 2.5560390832731293e-5
4 32.88 100  167.95 6.984935335008555e-5
5 67.43 5  0.0 6.675101458945933e-7
5 67.43 6  0.0 2.2697456100006197e-6
5 67.43 7  0.14 1.0477974222975768e-6
5 67.43 8  1.06 0.013910381818935696
5 67.43 9  1.53 0.009767276645311325
5 67.43 10  2.32 0.008937128267861314
5 67.43 11  3.55 0.0530212241391046
5 67.43 12  3.8 0.024013697309743925
5 67.43 13  22.04 0.0014241505539105447
5 67.43 14  22.53 0.007177170229864223
5 67.43 15  23.04 0.09202433462973753
5 67.43 16  23.61 0.00031801166489644984
5 67.43 17  23.62 0.032027498461334354
5 67.43 18  24.85 0.12175006542756027
5 67.43 19  24.88 0.0868339141739543
5 67.43 20  26.28 0.0027995441369599323
5 67.43 21  26.55 0.07221897769334128
5 67.43 22  29.79 0.00957035642220976
5 67.43 23  30.46 0.001622179982116108
5 67.43 24  32.85 0.11051624590596154
5 67.43 25  34.07 0.12046934296678936
5 67.43 26  34.08 0.0003467253721415984
5 67.43 27  62.51 6.447261516421063e-5
5 67.43 28  62.53 0.0001337546896500236
5 67.43 29  62.84 4.4591298021278886e-5
5 67.43 30  62.99 0.0006878706118132889
5 67.43 31  63.39 8.457896519382214e-5
5 67.43 32  63.94 0.00010671600927795227
5 67.43 33  64.22 0.003790017227439463
5 67.43 34  64.38 0.012361186916788858
5 67.43 35  64.48 5.7054516960821366e-5
5 67.43 36  65.12 0.00024842434070414417
5 67.43 37  65.19 2.651513925405972e-5
5 67.43 38  66.2 0.006543075386967329
5 67.43 39  66.35 0.0006199240794447159
5 67.43 40  67.34 5.657370750595928e-5
5 67.43 41  67.4 0.00034720940200009084
5 67.43 42  67.42 0.00842647848045485
5 67.43 43  67.69 0.0028457685456118186
5 67.43 44  70.42 0.0009934808370449233
5 67.43 45  71.12 0.002329137396460051
5 67.43 46  71.55 0.00014268455951803026
5 67.43 47  72.16 0.006457493005155976
5 67.43 48  74.65 0.02154633695363098
5 67.43 49  75.08 0.017305310224943575
5 67.43 50  76.22 0.004891274259000852
5 67.43 51  77.42 0.004574158788173527
5 67.43 52  78.06 0.008554356506210985
5 67.43 53  84.93 0.00021508211081209709
5 67.43 54  85.39 5.387746514201758e-5
5 67.43 55  86.95 0.0014192085273584648
5 67.43 56  87.06 0.002300595727130013
5 67.43 57  88.37 0.00038789024358632245
5 67.43 58  88.57 0.0014514609752372622
5 67.43 59  88.96 0.00018498710582600145
5 67.43 60  89.55 0.004233766971908183
5 67.43 61  90.61 0.008137606245062299
5 67.43 62  90.69 0.00025398833136550727
5 67.43 63  91.74 5.890704947220845e-5
5 67.43 64  92.3 0.00030714168247778444
5 67.43 65  93.94 0.0020680848520359023
5 67.43 66  95.48 0.00025019329913178044
5 67.43 67  95.53 5.544597842110774e-6
5 67.43 68  95.82 8.401239719361648e-5
5 67.43 69  96.17 5.2814822450760016e-5
5 67.43 70  96.31 3.0425113543909268e-5
5 67.43 71  96.53 8.442038399860968e-5
5 67.43 72  96.68 0.0036515635204045476
5 67.43 73  96.74 7.69649277022118e-6
5 67.43 74  97.08 0.001963815405210532
5 67.43 75  97.89 7.667545843066754e-5
5 67.43 76  98.01 1.7708740723736292e-6
5 67.43 77  98.08 1.416831648106164e-5
5 67.43 78  98.21 0.00020560620956234423
5 67.43 79  98.42 2.6192936999795884e-5
5 67.43 80  98.47 2.2095030915049615e-5
5 67.43 81  98.62 1.1280340540056344e-5
5 67.43 82  98.69 1.3464422240995295e-6
5 67.43 83  101.83 0.00010243770141810243
5 67.43 84  102.73 5.1775747977541915e-5
5 67.43 85  103.07 2.8030146471763264e-5
5 67.43 86  131.22 6.75387551116216e-5
5 67.43 87  131.92 0.00041788623158954465
5 67.43 88  131.92 0.00026477865847142703
5 67.43 89  131.92 0.00043706946771861617
5 67.43 90  131.92 9.99505146864739e-5
5 67.43 91  131.92 0.0005030278653618714
5 67.43 92  131.92 0.00024268539071110808
5 67.43 93  131.92 0.00010539019451592848
5 67.43 94  132.01 0.0009419639575959899
5 67.43 95  132.03 0.0001344027909842795
5 67.43 96  132.13 5.9115696544921004e-5
5 67.43 97  132.48 0.0001827509617464459
5 67.43 98  132.88 0.0026653882687410826
5 67.43 99  132.88 0.00016552155826116547
5 67.43 100  133.4 0.0001625868428608383
6 67.43 6  0.0 5.674747612843075e-6
6 67.43 7  0.14 1.0241167138992864e-6
6 67.43 8  1.05 0.005500082523754754
6 67.43 9  1.53 0.003136242455354678
6 67.43 10  2.32 0.04683097960940872
6 67.43 11  3.55 0.04555373144203471
6 67.43 12  3.8 0.020858716001412553
6 67.43 13  22.04 0.009664273508563406
6 67.43 14  22.53 0.0041465186294525214
6 67.43 15  23.04 0.0008986032975227955
6 67.43 16  23.6 0.06911410878237334
6 67.43 17  23.62 0.047503634791870364
6 67.43 18  24.84 0.0544316018862
6 67.43 19  24.88 0.08695526240258214
6 67.43 20  26.28 0.021421951467814577
6 67.43 21  26.55 0.14033656025541041
6 67.43 22  29.79 0.004582249759749719
6 67.43 23  30.45 0.0121753707310983
6 67.43 24  32.85 0.11099457777458144
6 67.43 25  34.07 0.00019640830706925573
6 67.43 26  34.07 0.11663340853067229
6 67.43 27  62.51 0.0004000755706363905
6 67.43 28  62.53 0.00011508065427813039
6 67.43 29  62.84 6.557762577124435e-5
6 67.43 30  62.99 0.000335988469534043
6 67.43 31  63.39 5.2808286783183206e-5
6 67.43 32  63.94 0.00013458873335066995
6 67.43 33  64.22 0.002237287411056945
6 67.43 34  64.38 0.003919878876745194
6 67.43 35  64.48 4.226277030205817e-7
6 67.43 36  65.12 0.00046658293144203553
6 67.43 37  65.18 0.00021234926312814655
6 67.43 38  66.2 0.004977014879755258
6 67.43 39  66.35 0.0005001372125168917
6 67.43 40  67.34 0.00012524712212583444
6 67.43 41  67.4 0.00029185380246897686
6 67.43 42  67.42 0.005459305088253671
6 67.43 43  67.69 0.004168254389977568
6 67.43 44  70.42 0.005816826560940965
6 67.43 45  71.12 0.0006240543385094377
6 67.43 46  71.55 0.00024413631138483957
6 67.43 47  72.16 0.006686549991636376
6 67.43 48  74.65 0.0010790449414972577
6 67.43 49  75.08 0.002970965279719179
6 67.43 50  76.22 0.01805579871690235
6 67.43 51  77.42 0.0031074237362384775
6 67.43 52  78.06 0.014483815303925278
6 67.43 53  84.93 2.9859986892807547e-5
6 67.43 54  85.38 0.0003414427139951665
6 67.43 55  86.95 0.0030117258205241385
6 67.43 56  87.06 0.00011026453377381767
6 67.43 57  88.37 0.0001505363963800764
6 67.43 58  88.56 0.00044123490793819775
6 67.43 59  88.96 0.000134032024191068
6 67.43 60  89.55 0.0017073577028305553
6 67.43 61  90.61 0.0022685828956842164
6 67.43 62  90.69 0.000935040716702668
6 67.43 63  91.74 0.0002863699980133757
6 67.43 64  92.3 8.412883500609408e-6
6 67.43 65  93.94 0.002547255744809537
6 67.43 66  95.48 0.00013066785722301114
6 67.43 67  95.53 2.8136412599773107e-5
6 67.43 68  95.82 0.0002974074955655745
6 67.43 69  96.16 6.741616463621941e-6
6 67.43 70  96.31 1.237927108427872e-5
6 67.43 71  96.53 2.0802407070093462e-5
6 67.43 72  96.68 0.0015805339791958297
6 67.43 73  96.74 1.946813973250704e-5
6 67.43 74  97.08 0.004695022254752561
6 67.43 75  97.89 0.0002411730267492647
6 67.43 76  98.01 1.1020516310130703e-6
6 67.43 77  98.07 6.453599348976782e-5
6 67.43 78  98.21 6.173892434256486e-5
6 67.43 79  98.42 0.00018223366482721063
6 67.43 80  98.47 2.7854677635652546e-6
6 67.43 81  98.62 4.2215777843491937e-5
6 67.43 82  98.69 6.539551456490947e-6
6 67.43 83  101.83 4.59779839847799e-5
6 67.43 84  102.72 4.964884457509238e-5
6 67.43 85  103.07 4.212659699795949e-5
6 67.43 86  131.22 0.0002254219102289213
6 67.43 87  131.92 0.00033116740812594785
6 67.43 88  131.92 0.00013647646141901694
6 67.43 89  131.92 0.0003377192685082277
6 67.43 90  131.92 0.0002597540005265951
6 67.43 91  131.92 0.000689628646447132
6 67.43 92  131.92 0.00017774452414745252
6 67.43 93  131.92 0.000290473551597113
6 67.43 94  132.01 4.643422454636312e-5
6 67.43 95  132.03 0.0003260822049192692
6 67.43 96  132.13 0.0001456943750830649
6 67.43 97  132.48 0.0003308884034467147
6 67.43 98  132.88 0.00032662455417865877
6 67.43 99  132.88 0.0002226876180480925
6 67.43 100  133.4 2.9827319338285718e-5
7 67.57 7  0.0 3.5133011874126316e-7
7 67.57 8  0.92 0.007158209343390091
7 67.57 9  1.39 0.044370533747764576
7 67.57 10  2.18 0.052994907709236795
7 67.57 11  3.41 0.006289983039024651
7 67.57 12  3.66 0.02151728611342286
7 67.57 13  21.9 0.004982541674110576
7 67.57 14  22.39 0.003900733140359288
7 67.57 15  22.9 0.08962243395280182
7 67.57 16  23.47 0.06779265992598617
7 67.57 17  23.48 0.13558173852180477
7 67.57 18  24.71 0.002519134799242121
7 67.57 19  24.74 0.0012749636172576394
7 67.57 20  26.14 0.011247194071599412
7 67.57 21  26.41 0.06140400313322028
7 67.57 22  29.65 0.004805542212672639
7 67.57 23  30.32 0.006569793162040547
7 67.57 24  32.72 0.0003484271688786943
7 67.57 25  33.93 0.12333624036710754
7 67.57 26  33.94 0.11406969185138185
7 67.57 27  62.37 0.0002828905385308202
7 67.57 28  62.39 0.00011853282678470958
7 67.57 29  62.7 9.673222372682375e-5
7 67.57 30  62.85 0.00028154110228080585
7 67.57 31  63.25 0.0001356230721305184
7 67.57 32  63.8 0.00019511892555106362
7 67.57 33  64.08 0.0034894595195651473
7 67.57 34  64.24 0.005984352195581355
7 67.57 35  64.34 7.787195673009033e-5
7 67.57 36  64.98 0.0005240483556913729
7 67.57 37  65.05 4.594565842829344e-5
7 67.57 38  66.06 0.005336784932390222
7 67.57 39  66.22 0.0007024197354589176
7 67.57 40  67.2 3.41967656197295e-5
7 67.57 41  67.26 0.00016860021717034573
7 67.57 42  67.28 0.0036052638992599894
7 67.57 43  67.55 0.0025882917066300973
7 67.57 44  70.28 0.002679443578989459
7 67.57 45  70.98 0.0009327363702091724
7 67.57 46  71.41 7.557854245922615e-5
7 67.57 47  72.02 0.005540732584987478
7 67.57 48  74.51 0.019470320087725812
7 67.57 49  74.94 0.017233648082708428
7 67.57 50  76.08 0.016047251461013927
7 67.57 51  77.28 0.0029568746422245517
7 67.57 52  77.92 0.010046199650208134
7 67.57 53  84.79 7.591695315042986e-5
7 67.57 54  85.25 0.0005329897244352598
7 67.57 55  86.81 0.005094227184035866
7 67.57 56  86.93 0.0013293697349688969
7 67.57 57  88.23 9.278530451752487e-5
7 67.57 58  88.43 0.0010747609759173705
7 67.57 59  88.82 0.0001230310461481414
7 67.57 60  89.41 0.000420834563659029
7 67.57 61  90.47 0.006154827844890621
7 67.57 62  90.55 0.0006470876418344116
7 67.57 63  91.6 0.00020916215590612925
7 67.57 64  92.16 2.4999694809053905e-5
7 67.57 65  93.8 0.015508286247413664
7 67.57 66  95.35 0.0001621824396164125
7 67.57 67  95.39 9.390538842372325e-6
7 67.57 68  95.68 0.00020669383092832363
7 67.57 69  96.03 2.2142046301501675e-6
7 67.57 70  96.17 7.329450071556338e-5
7 67.57 71  96.39 2.065676921258817e-6
7 67.57 72  96.54 0.0035800113254232497
7 67.57 73  96.6 1.3150835452370751e-5
7 67.57 74  96.94 0.007148786755124123
7 67.57 75  97.75 0.00010682644141637677
7 67.57 76  97.87 1.1620790592986721e-5
7 67.57 77  97.94 1.0044449002425556e-5
7 67.57 78  98.07 0.00010303728955784596
7 67.57 79  98.28 0.00010025611952392718
7 67.57 80  98.33 3.098386866207471e-6
7 67.57 81  98.48 2.2625852238169915e-5
7 67.57 82  98.55 3.946302719913887e-6
7 67.57 83  101.69 0.00011421125473333118
7 67.57 84  102.59 5.2356028153806046e-5
7 67.57 85  102.93 1.9301473312079627e-5
7 67.57 86  131.08 6.805021724042176e-5
7 67.57 87  131.78 0.0004774125594571349
7 67.57 88  131.78 0.0002958724784364396
7 67.57 89  131.78 4.6613584562956325e-5
7 67.57 90  131.78 0.00021119312521181166
7 67.57 91  131.78 0.00019652012036651718
7 67.57 92  131.78 0.00012617544814956744
7 67.57 93  131.78 0.00030450310652787183
7 67.57 94  131.87 0.00034521141981840524
7 67.57 95  131.89 0.00019796690141354696
7 67.57 96  131.99 0.005198284590433065
7 67.57 97  132.34 2.3910988288737447e-5
7 67.57 98  132.74 0.00047183987308188326
7 67.57 99  132.74 0.000539667861773459
7 67.57 100  133.26 3.286756900947244e-5
8 68.49 8  0.0 0.022639682183680083
8 68.49 9  0.47 0.07338848403444433
8 68.49 10  1.26 0.021202860743441448
8 68.49 11  2.5 0.037678615259410395
8 68.49 12  2.74 0.004382689446783136
8 68.49 13  20.98 0.0018533199399044804
8 68.49 14  21.48 0.007405683331884136
8 68.49 15  21.98 0.005274504049725693
8 68.49 16  22.55 0.006892004401630694
8 68.49 17  22.56 0.001307278458057667
8 68.49 18  23.79 0.0022530122876446485
8 68.49 19  23.83 0.013997297370040329
8 68.49 20  25.22 0.007121430225224059
8 68.49 21  25.5 0.002603919764455712
8 68.49 22  28.73 0.03628828472107698
8 68.49 23  29.4 0.020915839383562108
8 68.49 24  31.8 9.202077057795753e-5
8 68.49 25  33.02 0.00010068971172180638
8 68.49 26  33.02 0.0005708685572068889
8 68.49 27  61.45 0.0016511161889722877
8 68.49 28  61.47 0.0023469064582134803
8 68.49 29  61.78 0.0005095885966839994
8 68.49 30  61.93 0.0029674138501343127
8 68.49 31  62.33 0.0007999370364609077
8 68.49 32  62.88 0.0006310549029914619
8 68.49 33  63.17 0.016422113268954038
8 68.49 34  63.32 0.003494196401959598
8 68.49 35  63.43 0.000747819957716368
8 68.49 36  64.06 0.004618206369959615
8 68.49 37  64.13 0.001660719974179695
8 68.49 38  65.15 0.0049198893727817605
8 68.49 39  65.3 0.0017106878196240323
8 68.49 40  66.29 0.005622562897410398
8 68.49 41  66.35 0.0019948655824021514
8 68.49 42  66.36 0.007883428627673843
8 68.49 43  66.63 0.007833862061592386
8 68.49 44  69.36 0.002632962105302814
8 68.49 45  70.06 0.0021819177157202238
8 68.49 46  70.5 0.0021554632882056315
8 68.49 47  71.1 7.845521600385236e-5
8 68.49 48  73.59 0.0021847753401828453
8 68.49 49  74.02 0.010453162289776765
8 68.49 50  75.16 0.0030311427381179506
8 68.49 51  76.37 0.0037839275934376886
8 68.49 52  77.0 0.005332910711497767
8 68.49 53  83.87 0.0001430162527662512
8 68.49 54  84.33 0.0010097760962849895
8 68.49 55  85.89 6.49501800243996e-5
8 68.49 56  86.01 0.004634813250044587
8 68.49 57  87.31 0.00019084899469823933
8 68.49 58  87.51 0.003113733857561949
8 68.49 59  87.91 0.0009728713264469958
8 68.49 60  88.49 0.022137985310659164
8 68.49 61  89.56 0.004196749582029533
8 68.49 62  89.64 0.006627121297785497
8 68.49 63  90.69 0.0012109051655218002
8 68.49 64  91.25 0.00018153373128607133
8 68.49 65  92.88 6.769543804869394e-5
8 68.49 66  94.43 0.0019130004668846915
8 68.49 67  94.47 0.0021160590070787386
8 68.49 68  94.77 0.0017337584211621633
8 68.49 69  95.11 0.0002935619285858636
8 68.49 70  95.25 0.0014616814608667391
8 68.49 71  95.47 0.0004249803676113403
8 68.49 72  95.63 0.0066157378022924885
8 68.49 73  95.69 0.00036150382816753525
8 68.49 74  96.02 0.0003226551202351732
8 68.49 75  96.83 0.004325364474500692
8 68.49 76  96.96 0.00030975225716376787
8 68.49 77  97.02 0.0002639870024328426
8 68.49 78  97.16 0.0006981585021028893
8 68.49 79  97.36 0.0010191101146615226
8 68.49 80  97.41 0.0014214320920960806
8 68.49 81  97.56 0.0022655299543063124
8 68.49 82  97.63 0.00015682709308998855
8 68.49 83  100.77 0.0005257649124154731
8 68.49 84  101.67 3.0083176965083863e-5
8 68.49 85  102.01 5.391220327584154e-5
8 68.49 86  130.17 0.0009356968042814788
8 68.49 87  130.86 4.604409216493697e-5
8 68.49 88  130.86 2.36770715065204e-5
8 68.49 89  130.86 7.332842368052226e-6
8 68.49 90  130.86 4.7109759238429666e-5
8 68.49 91  130.86 1.4265359490192417e-5
8 68.49 92  130.86 2.8075605202919793e-5
8 68.49 93  130.86 7.684075299714363e-6
8 68.49 94  130.96 2.0335834918977404e-5
8 68.49 95  130.97 0.0016730293724905208
8 68.49 96  131.07 1.243783000165317e-5
8 68.49 97  131.43 0.0014559779550148639
8 68.49 98  131.83 4.523986019711291e-5
8 68.49 99  131.83 1.9500058783906338e-5
8 68.49 100  132.34 0.0008167958206836347
9 68.96 9  0.0 0.050039279915079574
9 68.96 10  0.79 0.03211456928423567
9 68.96 11  2.02 0.022683705846358208
9 68.96 12  2.27 0.09190400090333037
9 68.96 13  20.51 0.012282389195403282
9 68.96 14  21.0 0.020574718382279894
9 68.96 15  21.51 0.012669345800485085
9 68.96 16  22.08 0.007168758349314698
9 68.96 17  22.09 0.0010492983069663414
9 68.96 18  23.31 0.026513896225420983
9 68.96 19  23.35 0.004027031806922204
9 68.96 20  24.75 0.005428199452568819
9 68.96 21  25.02 0.0033555331098157263
9 68.96 22  28.26 0.013389165458438344
9 68.96 23  28.93 0.0023506573429149576
9 68.96 24  31.32 0.0009969519880534696
9 68.96 25  32.54 0.0007587953335595422
9 68.96 26  32.55 2.33356808439897e-6
9 68.96 27  60.98 0.0006426159758049222
9 68.96 28  61.0 0.00039883499409114744
9 68.96 29  61.31 0.0006071897298891381
9 68.96 30  61.46 0.0025117507515997175
9 68.96 31  61.86 0.0028246606736012326
9 68.96 32  62.41 0.0015434377160713458
9 68.96 33  62.69 0.005492065310255892
9 68.96 34  62.85 0.003506681440251738
9 68.96 35  62.95 0.0010914110508502713
9 68.96 36  63.59 0.00034833886507605935
9 68.96 37  63.66 0.0017949085188660565
9 68.96 38  64.67 0.000695571131789314
9 68.96 39  64.82 0.0029516418554795714
9 68.96 40  65.81 0.0019252667680702289
9 68.96 41  65.87 0.002276317479834299
9 68.96 42  65.89 0.007111234496640623
9 68.96 43  66.16 0.0012176537604122353
9 68.96 44  68.89 0.007019946545728139
9 68.96 45  69.59 0.00013677050435409745
9 68.96 46  70.02 0.0018409611024933002
9 68.96 47  70.63 1.2992901877506418e-5
9 68.96 48  73.12 0.004959382099917376
9 68.96 49  73.55 0.0035259977071951058
9 68.96 50  74.69 0.001060742264840392
9 68.96 51  75.89 0.007166231147518588
9 68.96 52  76.53 0.0006864784860589768
9 68.96 53  83.4 0.0005580081539767939
9 68.96 54  83.86 0.000332210316681774
9 68.96 55  85.42 0.00045494422438259853
9 68.96 56  85.53 0.004413491674951538
9 68.96 57  86.84 0.0016313963709536567
9 68.96 58  87.04 0.0009458908594987801
9 68.96 59  87.43 0.002214945261171811
9 68.96 60  88.02 0.002202717551634314
9 68.96 61  89.08 0.005642810408338429
9 68.96 62  89.16 0.010400380524764368
9 68.96 63  90.21 0.0005167289714160396
9 68.96 64  90.77 0.0010447773696168631
9 68.96 65  92.41 0.0128941933057657
9 68.96 66  93.95 0.000118217645613743
9 68.96 67  94.0 0.00028151267983127703
9 68.96 68  94.29 0.0016851464734905627
9 68.96 69  94.64 0.0015775408725064166
9 68.96 70  94.78 0.00025144092787324207
9 68.96 71  95.0 0.0019534681387970015
9 68.96 72  95.15 0.003837932794350207
9 68.96 73  95.21 0.0005544564921779306
9 68.96 74  95.55 0.003977484192125113
9 68.96 75  96.36 0.00024015199908252195
9 68.96 76  96.48 0.00042355046200445837
9 68.96 77  96.54 0.00019507851249384066
9 68.96 78  96.68 0.0020937429675167703
9 68.96 79  96.89 0.00043240990111051544
9 68.96 80  96.94 0.0019035084489528596
9 68.96 81  97.09 0.0013089089190133772
9 68.96 82  97.16 8.638965817830414e-5
9 68.96 83  100.3 0.0001601261243966117
9 68.96 84  101.2 0.00021743914853309282
9 68.96 85  101.54 0.00014344615754331504
9 68.96 86  129.69 9.361580996836139e-5
9 68.96 87  130.39 8.690894176295014e-5
9 68.96 88  130.39 4.838607616019953e-5
9 68.96 89  130.39 1.9727999644168142e-5
9 68.96 90  130.39 2.5619410982146464e-5
9 68.96 91  130.39 2.15575676622204e-5
9 68.96 92  130.39 2.1441433547095702e-5
9 68.96 93  130.39 2.3500029339881075e-5
9 68.96 94  130.48 5.629296069824524e-6
9 68.96 95  130.5 0.0006303759817773084
9 68.96 96  130.6 9.956551140393649e-5
9 68.96 97  130.95 0.00140184403205708
9 68.96 98  131.35 8.145161820182071e-5
9 68.96 99  131.35 0.0002803153005075698
9 68.96 100  131.87 0.0016608603164203098
10 69.75 10  0.0 0.07221794728674423
10 69.75 11  1.23 0.02036869850936219
10 69.75 12  1.48 0.04185961953398303
10 69.75 13  19.72 0.0022594344763154778
10 69.75 14  20.21 0.003172837503627218
10 69.75 15  20.72 0.0015192045118660252
10 69.75 16  21.29 0.009914358459217286
10 69.75 17  21.3 0.0009335581464031662
10 69.75 18  22.52 0.003479351829655115
10 69.75 19  22.56 0.0058347979600935065
10 69.75 20  23.96 0.008545933374190472
10 69.75 21  24.23 0.004421800823822487
10 69.75 22  27.47 0.005154169327191233
10 69.75 23  28.14 0.004970756495450684
10 69.75 24  30.53 0.0011028111105666877
10 69.75 25  31.75 0.0006238196194079423
10 69.75 26  31.76 7.65434758994324e-7
10 69.75 27  60.19 0.000290419095780839
10 69.75 28  60.21 0.00039138749505417776
10 69.75 29  60.52 0.0005914536885119397
10 69.75 30  60.67 0.0015440774130851256
10 69.75 31  61.07 0.0043864643005496065
10 69.75 32  61.62 0.0003719108523519243
10 69.75 33  61.9 0.002943458632213837
10 69.75 34  62.06 0.003065642487276252
10 69.75 35  62.16 0.001401760856527083
10 69.75 36  62.8 0.0011078631089372114
10 69.75 37  62.87 0.0004991021063605607
10 69.75 38  63.88 0.0025756868812226324
10 69.75 39  64.03 0.0034275689568277895
10 69.75 40  65.02 0.001614978998656132
10 69.75 41  65.08 0.002126700758435818
10 69.75 42  65.1 0.004641637704137468
10 69.75 43  65.37 0.0012947015321206846
10 69.75 44  68.1 0.004486454609714533
10 69.75 45  68.8 0.002606663095191381
10 69.75 46  69.23 0.001500526685261801
10 69.75 47  69.84 3.148026915043297e-5
10 69.75 48  72.33 0.0013524226551871706
10 69.75 49  72.76 0.001461171969361799
10 69.75 50  73.9 0.00268393974152422
10 69.75 51  75.1 0.0044400831970254195
10 69.75 52  75.74 0.0015891617852425767
10 69.75 53  82.61 0.0032769649512590588
10 69.75 54  83.07 1.0605079931398737e-5
10 69.75 55  84.63 0.0015039333983049234
10 69.75 56  84.74 0.0009283685316581626
10 69.75 57  86.05 0.007394212070126707
10 69.75 58  86.25 0.0005803205149654328
10 69.75 59  86.64 0.001989628616136807
10 69.75 60  87.23 0.0014772661098617496
10 69.75 61  88.29 0.005871013987532823
10 69.75 62  88.37 0.0015018144757879802
10 69.75 63  89.42 1.311981695068365e-5
10 69.75 64  89.98 0.003938951583541958
10 69.75 65  91.62 0.004710469888613352
10 69.75 66  93.16 0.0013085887889343023
10 69.75 67  93.21 0.0013364847003940247
10 69.75 68  93.5 0.0006049072337811064
10 69.75 69  93.85 0.00048430531649574696
10 69.75 70  93.99 0.00037148872388741096
10 69.75 71  94.21 0.004971757062701367
10 69.75 72  94.36 0.0007908241134645605
10 69.75 73  94.42 0.0020315514460137758
10 69.75 74  94.76 0.00474510271324462
10 69.75 75  95.57 0.002380117932119871
10 69.75 76  95.69 0.0014981057043488468
10 69.75 77  95.75 0.001068583364379926
10 69.75 78  95.89 0.0008873111916444361
10 69.75 79  96.1 0.0004250450643430504
10 69.75 80  96.15 0.000699740809081089
10 69.75 81  96.3 4.845663953759081e-5
10 69.75 82  96.37 0.0024360691598193504
10 69.75 83  99.51 0.0010536313455138085
10 69.75 84  100.41 6.920398146305031e-5
10 69.75 85  100.75 0.0005761960674281107
10 69.75 86  128.9 0.0017435944012691813
10 69.75 87  129.6 1.1549589212576757e-5
10 69.75 88  129.6 8.91841508810329e-6
10 69.75 89  129.6 4.6685149717600355e-6
10 69.75 90  129.6 1.0910699797517703e-5
10 69.75 91  129.6 1.4415740744924075e-5
10 69.75 92  129.6 7.72821498662245e-6
10 69.75 93  129.6 4.829879498942733e-6
10 69.75 94  129.69 4.431474687078166e-6
10 69.75 95  129.71 0.0008771234918467834
10 69.75 96  129.81 2.5035004989670935e-5
10 69.75 97  130.16 7.653108060096644e-5
10 69.75 98  130.56 2.5027717251624663e-5
10 69.75 99  130.56 8.621971283845623e-5
10 69.75 100  131.08 0.00038983723285243956
11 70.98 11  0.0 0.02554757612066155
11 70.98 12  0.25 0.006432007421256899
11 70.98 13  18.48 0.01124108025951944
11 70.98 14  18.98 0.029247971977086364
11 70.98 15  19.48 0.00798522224659056
11 70.98 16  20.05 0.004261970190294234
11 70.98 17  20.07 0.0008653325881912933
11 70.98 18  21.29 0.007915919187926267
11 70.98 19  21.33 0.0056729708802259644
11 70.98 20  22.72 0.00980679613644891
11 70.98 21  23.0 0.0015316010948672352
11 70.98 22  26.23 0.007878397338930674
11 70.98 23  26.9 0.03336606031707382
11 70.98 24  29.3 0.00010136875307343576
11 70.98 25  30.52 9.288609127471377e-5
11 70.98 26  30.52 0.000495996065577833
11 70.98 27  58.95 0.001061894979523272
11 70.98 28  58.98 0.0005020193477155617
11 70.98 29  59.28 0.0015178263478965942
11 70.98 30  59.43 0.0040965918960559605
11 70.98 31  59.84 0.0007344379963291776
11 70.98 32  60.39 0.0031274746669408514
11 70.98 33  60.67 0.0070091562295731095
11 70.98 34  60.83 0.00563038076068993
11 70.98 35  60.93 0.002304044224984055
11 70.98 36  61.57 0.0006715112613727341
11 70.98 37  61.63 0.0007054373798130789
11 70.98 38  62.65 0.0024419128115168217
11 70.98 39  62.8 0.0060869783633214205
11 70.98 40  63.79 0.0018868671782176888
11 70.98 41  63.85 0.002137156206440414
11 70.98 42  63.86 0.0026818271444357692
11 70.98 43  64.14 0.01899661743611839
11 70.98 44  66.86 0.01681696894316921
11 70.98 45  67.56 0.0038954076946685935
11 70.98 46  68.0 0.0003966178091355178
11 70.98 47  68.6 0.0001276880940483895
11 70.98 48  71.1 0.0011946089724581956
11 70.98 49  71.53 0.0018961307539512892
11 70.98 50  72.66 0.0027113704503744854
11 70.98 51  73.87 0.0011277787518312854
11 70.98 52  74.51 0.015170444449335931
11 70.98 53  81.38 0.0002831825822575616
11 70.98 54  81.83 0.0017601898936384773
11 70.98 55  83.4 0.001361571355067169
11 70.98 56  83.51 0.003645594112050694
11 70.98 57  84.82 0.0008338460389234597
11 70.98 58  85.01 0.002615249266367997
11 70.98 59  85.41 0.004054102664719377
11 70.98 60  86.0 0.024093170617712534
11 70.98 61  87.06 0.003933600267929394
11 70.98 62  87.14 0.006028018237416305
11 70.98 63  88.19 0.0018602349478371444
11 70.98 64  88.75 0.0003757088529611286
11 70.98 65  90.38 0.008037669979233445
11 70.98 66  91.93 0.00037347254899000213
11 70.98 67  91.97 0.0020703411396790503
11 70.98 68  92.27 0.0021538254215427216
11 70.98 69  92.61 0.0014577524319234446
11 70.98 70  92.76 0.0037619584317798447
11 70.98 71  92.98 0.00125029356140037
11 70.98 72  93.13 0.0050262218961621315
11 70.98 73  93.19 0.00023909680118153686
11 70.98 74  93.52 0.0036447738447800662
11 70.98 75  94.33 0.00011722110952665704
11 70.98 76  94.46 0.0005475640413653838
11 70.98 77  94.52 0.0023245140590184518
11 70.98 78  94.66 0.00040222332274175406
11 70.98 79  94.87 0.0014660199673239848
11 70.98 80  94.92 3.859575312460662e-5
11 70.98 81  95.06 0.0008339206804276911
11 70.98 82  95.14 0.001596005332050635
11 70.98 83  98.28 0.00027260053133717035
11 70.98 84  99.17 0.0006310832799613675
11 70.98 85  99.52 0.0004415234774385913
11 70.98 86  127.67 0.0008410202315250904
11 70.98 87  128.37 5.655561596037484e-6
11 70.98 88  128.37 5.3093464126732476e-6
11 70.98 89  128.37 3.6350807252199755e-7
11 70.98 90  128.37 5.766601978086347e-6
11 70.98 91  128.37 1.2500789957161533e-6
11 70.98 92  128.37 2.7825862258517155e-6
11 70.98 93  128.37 1.200437638935413e-6
11 70.98 94  128.46 3.1010488600666126e-6
11 70.98 95  128.48 0.0008173835730484488
11 70.98 96  128.58 2.2029886777645776e-5
11 70.98 97  128.93 0.0008370334382521182
11 70.98 98  129.33 1.1135155256407798e-5
11 70.98 99  129.33 1.5303094701610986e-5
11 70.98 100  129.85 0.0020462709697413512
12 71.23 12  0.0 0.031176217131359388
12 71.23 13  18.24 0.0016946127705265617
12 71.23 14  18.73 0.014479674356852454
12 71.23 15  19.24 0.004457150056057326
12 71.23 16  19.81 0.005956534591653487
12 71.23 17  19.82 0.001615249053159745
12 71.23 18  21.05 0.010473512499997846
12 71.23 19  21.08 0.00730706727902557
12 71.23 20  22.48 0.004732345919053385
12 71.23 21  22.75 0.003957073810363652
12 71.23 22  25.99 0.03640136757293522
12 71.23 23  26.66 0.018059034863494937
12 71.23 24  29.06 0.0006325281812646238
12 71.23 25  30.27 0.00032989593744855886
12 71.23 26  30.28 2.220377198273817e-6
12 71.23 27  58.71 0.0001345064696555079
12 71.23 28  58.73 0.0014020406950004166
12 71.23 29  59.04 0.0013123531534579456
12 71.23 30  59.19 0.0013053204413746191
12 71.23 31  59.59 0.0006311521038021896
12 71.23 32  60.14 0.00102088067879073
12 71.23 33  60.42 0.0018801453613808922
12 71.23 34  60.58 0.010181984749917947
12 71.23 35  60.68 0.0033909842257274785
12 71.23 36  61.32 0.0017752638547035714
12 71.23 37  61.39 0.0036377733752559712
12 71.23 38  62.4 0.0013623955712122081
12 71.23 39  62.56 0.006122601486971496
12 71.23 40  63.54 0.0009084046355733667
12 71.23 41  63.6 0.0012925462756805067
12 71.23 42  63.62 0.01744210757794041
12 71.23 43  63.89 0.004090184289341328
12 71.23 44  66.62 0.0033604016757623426
12 71.23 45  67.32 0.0022061806093529213
12 71.23 46  67.75 5.0499252485723015e-5
12 71.23 47  68.36 3.7298698110733346e-5
12 71.23 48  70.85 0.001444252977378636
12 71.23 49  71.28 0.002471874602333868
12 71.23 50  72.42 0.0019077682680413307
12 71.23 51  73.62 0.011093745911466705
12 71.23 52  74.26 0.003135471299322342
12 71.23 53  81.13 0.00270449518531685
12 71.23 54  81.59 0.0005688147409124821
12 71.23 55  83.15 0.0013278500659452401
12 71.23 56  83.27 0.006538055490570644
12 71.23 57  84.57 0.005125711919579267
12 71.23 58  84.77 0.002749679973682761
12 71.23 59  85.16 0.0028561888392856865
12 71.23 60  85.75 0.006095521761669893
12 71.23 61  86.81 0.00741816539951152
12 71.23 62  86.89 0.01862704616034655
12 71.23 63  87.94 0.0005104704267312612
12 71.23 64  88.5 0.0025767575527978455
12 71.23 65  90.14 0.0007876420738654991
12 71.23 66  91.69 0.0035228722637528644
12 71.23 67  91.73 0.0002795828613253221
12 71.23 68  92.02 0.0001218078503557117
12 71.23 69  92.37 0.0010933093670656387
12 71.23 70  92.51 0.0024622184971900525
12 71.23 71  92.73 0.0038739435933726404
12 71.23 72  92.88 0.0067244294515176
12 71.23 73  92.94 0.0005395058494102422
12 71.23 74  93.28 0.002708077173930271
12 71.23 75  94.09 0.00041937371623828164
12 71.23 76  94.21 0.002550224920867699
12 71.23 77  94.28 0.0006237861527424525
12 71.23 78  94.41 0.00045734669279622395
12 71.23 79  94.62 0.0004861383766115741
12 71.23 80  94.67 0.0002553439214555483
12 71.23 81  94.82 0.0002554170485732389
12 71.23 82  94.89 0.0021181209382432216
12 71.23 83  98.03 0.00013637228906986343
12 71.23 84  98.93 0.00022135399853196047
12 71.23 85  99.27 0.0008675961337699798
12 71.23 86  127.42 0.0020445819733784635
12 71.23 87  128.12 1.524087448664717e-6
12 71.23 88  128.12 6.737897373459841e-6
12 71.23 89  128.12 4.020930764484938e-6
12 71.23 90  128.12 4.779849632413461e-6
12 71.23 91  128.12 4.897338299835511e-6
12 71.23 92  128.12 3.7179190261576313e-6
12 71.23 93  128.12 1.7456875141520923e-6
12 71.23 94  128.21 7.751410864407245e-6
12 71.23 95  128.23 0.0012049160263493685
12 71.23 96  128.33 1.6197599650816657e-5
12 71.23 97  128.68 0.004079018463470241
12 71.23 98  129.08 2.0510927069859877e-5
12 71.23 99  129.08 3.8129544853364846e-5
12 71.23 100  129.6 0.0027002882736433917
13 89.47 13  0.0 0.039055189918529874
13 89.47 14  0.49 0.07775104365162996
13 89.47 15  1.0 0.0021605186736378653
13 89.47 16  1.57 0.004058118712728679
13 89.47 17  1.58 0.00029607908442211425
13 89.47 18  2.81 0.002123386405511369
13 89.47 19  2.85 0.01682861792133794
13 89.47 20  4.24 0.03641000029855456
13 89.47 21  4.51 0.0036078382175899473
13 89.47 22  7.75 0.02125551434386833
13 89.47 23  8.42 0.11587790420850819
13 89.47 24  10.82 0.0012639827945980962
13 89.47 25  12.04 0.005794591274739494
13 89.47 26  12.04 3.6995062039448954e-6
13 89.47 27  40.47 0.0023835611244380902
13 89.47 28  40.49 0.0013037491485316584
13 89.47 29  40.8 8.70751227972518e-5
13 89.47 30  40.95 0.00025967160601123084
13 89.47 31  41.35 0.00010029671449384232
13 89.47 32  41.9 0.0055376185846113205
13 89.47 33  42.19 0.010595637063799533
13 89.47 34  42.34 0.0006729277115346107
13 89.47 35  42.44 0.0007570024826496838
13 89.47 36  43.08 0.0007004654013379014
13 89.47 37  43.15 0.0021641657459551635
13 89.47 38  44.17 0.0028411455463975208
13 89.47 39  44.32 0.0009191219226512249
13 89.47 40  45.3 0.0006218037740571771
13 89.47 41  45.37 0.0011595412972668345
13 89.47 42  45.38 0.007329236981852839
13 89.47 43  45.65 0.0013354786489351853
13 89.47 44  48.38 0.003849074328873374
13 89.47 45  49.08 0.012379977057658198
13 89.47 46  49.51 0.024676818523789938
13 89.47 47  50.12 0.0001769120342819501
13 89.47 48  52.61 0.0007363830253071137
13 89.47 49  53.04 0.006121850614723609
13 89.47 50  54.18 0.005095901588505196
13 89.47 51  55.39 0.0006045837772647205
13 89.47 52  56.02 7.18889829159004e-5
13 89.47 53  62.89 3.165300354576791e-6
13 89.47 54  63.35 1.1657476981038766e-5
13 89.47 55  64.91 0.0009161944184525766
13 89.47 56  65.03 0.001599512136345785
13 89.47 57  66.33 7.5804094300637595e-6
13 89.47 58  66.53 0.00035014301951899636
13 89.47 59  66.92 0.003156436124035353
13 89.47 60  67.51 0.004155567731919096
13 89.47 61  68.58 0.0010044251149652571
13 89.47 62  68.65 0.0013229546378791851
13 89.47 63  69.71 2.012530187939188e-6
13 89.47 64  70.27 3.2403451783351886e-6
13 89.47 65  71.9 0.005890550284495777
13 89.47 66  73.45 0.0012665562590824613
13 89.47 67  73.49 0.0029922081591092233
13 89.47 68  73.79 0.00027841085654485147
13 89.47 69  74.13 0.00022910042728166788
13 89.47 70  74.27 0.0002590692773105313
13 89.47 71  74.49 0.00012516787152141377
13 89.47 72  74.65 0.0012748632689278405
13 89.47 73  74.71 0.00043029048235677947
13 89.47 74  75.04 0.002084209990138498
13 89.47 75  75.85 0.001019242997036854
13 89.47 76  75.98 5.561291225259833e-6
13 89.47 77  76.04 3.3491240054700364e-6
13 89.47 78  76.18 0.00020011394548323318
13 89.47 79  76.38 0.0017205254135672977
13 89.47 80  76.43 0.00037092429444643784
13 89.47 81  76.58 0.00020417680053343287
13 89.47 82  76.65 0.0001803346387059164
13 89.47 83  79.79 0.00011706743173661955
13 89.47 84  80.69 8.254101294385654e-5
13 89.47 85  81.03 0.00011182295507435969
13 89.47 86  109.19 0.0025629938303517517
13 89.47 87  109.88 3.7709740624741854e-5
13 89.47 88  109.88 1.730915022236684e-5
13 89.47 89  109.88 4.981563878876846e-6
13 89.47 90  109.88 0.00010588002514552364
13 89.47 91  109.88 6.931334365596132e-5
13 89.47 92  109.88 6.480057220407042e-5
13 89.47 93  109.88 6.794298885571804e-6
13 89.47 94  109.98 6.78808632359072e-5
13 89.47 95  109.99 0.006717136873212501
13 89.47 96  110.09 1.4693212424052923e-5
13 89.47 97  110.44 0.0006036494545109558
13 89.47 98  110.85 0.00014860921987086887
13 89.47 99  110.85 2.1400545354235056e-5
13 89.47 100  111.36 0.0036391589890484473
14 89.96 14  0.0 0.027623550725894647
14 89.96 15  0.51 0.0006403940283992522
14 89.96 16  1.07 0.0008215309989959229
14 89.96 17  1.09 0.0042900308761516185
14 89.96 18  2.31 0.011686610523659977
14 89.96 19  2.35 0.012574688790385341
14 89.96 20  3.75 0.02228300206351198
14 89.96 21  4.02 0.00043436346437414493
14 89.96 22  7.26 0.07911510795885644
14 89.96 23  7.92 0.0014820262386543608
14 89.96 24  10.32 0.000357583216499627
14 89.96 25  11.54 0.0003082355689862295
14 89.96 26  11.54 0.003515277536289263
14 89.96 27  39.98 0.002449638082250747
14 89.96 28  40.0 0.005830890471205493
14 89.96 29  40.31 6.721834565768678e-5
14 89.96 30  40.46 0.0014389041948101424
14 89.96 31  40.86 0.0007978745996289061
14 89.96 32  41.41 0.003934088354238019
14 89.96 33  41.69 0.008513239586922343
14 89.96 34  41.85 0.007913212865471666
14 89.96 35  41.95 0.0011746452508568932
14 89.96 36  42.59 0.000631373523095112
14 89.96 37  42.65 0.005701630959598874
14 89.96 38  43.67 0.0037507906881889164
14 89.96 39  43.82 0.003619591852646828
14 89.96 40  44.81 0.00019470070919717873
14 89.96 41  44.87 0.006735142476244073
14 89.96 42  44.89 0.012621494989713315
14 89.96 43  45.16 0.007390085885083819
14 89.96 44  47.89 0.0020737215756293764
14 89.96 45  48.59 0.026096199611808868
14 89.96 46  49.02 0.01403982046470775
14 89.96 47  49.63 0.0010812682016082956
14 89.96 48  52.12 0.002483249247771347
14 89.96 49  52.55 0.002414219151293366
14 89.96 50  53.69 0.003343130815899686
14 89.96 51  54.89 0.007242100473379609
14 89.96 52  55.53 0.006747494241375439
14 89.96 53  62.4 1.7060028796763723e-5
14 89.96 54  62.85 1.2614462411214067e-5
14 89.96 55  64.42 0.0014557576982967674
14 89.96 56  64.53 0.0018670131510963013
14 89.96 57  65.84 4.058536022485207e-5
14 89.96 58  66.03 0.0019451166208760196
14 89.96 59  66.43 0.0006774035154892032
14 89.96 60  67.02 0.0020828790979551303
14 89.96 61  68.08 0.004160769201595903
14 89.96 62  68.16 0.0022466094857099585
14 89.96 63  69.21 5.192248218201881e-6
14 89.96 64  69.77 8.88806861847323e-6
14 89.96 65  71.41 0.000980956550393167
14 89.96 66  72.95 0.0015640981883655602
14 89.96 67  73.0 0.0012444245855356428
14 89.96 68  73.29 7.982284305158583e-5
14 89.96 69  73.63 0.0022629900599632404
14 89.96 70  73.78 0.0006868866137374949
14 89.96 71  74.0 0.0005342353146593579
14 89.96 72  74.15 0.0023511165683688727
14 89.96 73  74.21 0.00018232442221915098
14 89.96 74  74.55 0.0006136269920372686
14 89.96 75  75.36 0.00029269533893182373
14 89.96 76  75.48 0.0002778934681642266
14 89.96 77  75.54 8.351055429904699e-5
14 89.96 78  75.68 0.002355880187113567
14 89.96 79  75.89 0.00044565968471579036
14 89.96 80  75.94 0.0012341761348408098
14 89.96 81  76.09 0.00017021440759814002
14 89.96 82  76.16 0.00031268640226275084
14 89.96 83  79.3 0.0008695994931654196
14 89.96 84  80.19 3.962380735847106e-5
14 89.96 85  80.54 0.0003826843137785898
14 89.96 86  108.69 0.004075443216503835
14 89.96 87  109.39 3.0300853340015557e-5
14 89.96 88  109.39 1.3965843005999225e-5
14 89.96 89  109.39 5.0642552540521514e-6
14 89.96 90  109.39 3.771575520308161e-5
14 89.96 91  109.39 2.7970443352533476e-5
14 89.96 92  109.39 2.7456924178141922e-5
14 89.96 93  109.39 4.486934835410896e-6
14 89.96 94  109.48 1.6801642434437185e-5
14 89.96 95  109.5 0.002872873531244237
14 89.96 96  109.6 1.6777065146072058e-5
14 89.96 97  109.95 0.0012321976967858794
14 89.96 98  110.35 8.335533165318365e-5
14 89.96 99  110.35 0.00010288348900523653
14 89.96 100  110.87 0.00252688639496898
15 90.47 15  0.0 0.0016934258604569246
15 90.47 16  0.57 0.0007299959286426368
15 90.47 17  0.58 0.0006827863309438318
15 90.47 18  1.81 0.00077027899677146
15 90.47 19  1.85 0.0036317326814382456
15 90.47 20  3.24 0.003499494568833445
15 90.47 21  3.51 0.0023609305595631725
15 90.47 22  6.75 0.008515242816011891
15 90.47 23  7.42 0.0028027303175391146
15 90.47 24  9.82 7.186717153532302e-5
15 90.47 25  11.04 5.725142480266506e-5
15 90.47 26  11.04 0.00030209585110543163
15 90.47 27  39.47 0.005118400955713703
15 90.47 28  39.49 0.0017429249283620178
15 90.47 29  39.8 0.004145822602292393
15 90.47 30  39.95 0.014726535653281771
15 90.47 31  40.35 0.01103723127591459
15 90.47 32  40.9 0.0062913543140524185
15 90.47 33  41.19 0.005592102345994392
15 90.47 34  41.34 0.0017240597873425586
15 90.47 35  41.44 0.006438690470117166
15 90.47 36  42.08 0.016773457966924928
15 90.47 37  42.15 0.0010152991467686282
15 90.47 38  43.16 0.0015187277037057708
15 90.47 39  43.32 0.004427998970866462
15 90.47 40  44.3 0.04127873112929474
15 90.47 41  44.37 0.010291792157955374
15 90.47 42  44.38 0.0037688675050437824
15 90.47 43  44.65 0.0030469892070941825
15 90.47 44  47.38 0.005001220490714978
15 90.47 45  48.08 0.0067930147536503106
15 90.47 46  48.51 0.0006888633256146622
15 90.47 47  49.12 5.9003921310386763e-5
15 90.47 48  51.61 0.0004910890622531578
15 90.47 49  52.04 0.0011891197446005693
15 90.47 50  53.18 0.0024109010102785744
15 90.47 51  54.39 0.004543504044664676
15 90.47 52  55.02 0.005559768111156101
15 90.47 53  61.89 0.0011183918513386437
15 90.47 54  62.35 0.005763507390394856
15 90.47 55  63.91 0.004090927722358623
15 90.47 56  64.03 0.003541957791114407
15 90.47 57  65.33 0.002770706614144928
15 90.47 58  65.53 0.004865584389458137
15 90.47 59  65.92 0.008551950989993954
15 90.47 60  66.51 0.010691900258160362
15 90.47 61  67.58 0.0040178870514472826
15 90.47 62  67.65 0.0033441311266450605
15 90.47 63  68.71 0.006754750499285108
15 90.47 64  69.27 0.0014292865663054414
15 90.47 65  70.9 0.013448946564598692
15 90.47 66  72.45 0.015423420137501344
15 90.47 67  72.49 0.00801468593829796
15 90.47 68  72.79 0.024321250317417227
15 90.47 69  73.13 0.001802137360452261
15 90.47 70  73.27 0.007420536772653934
15 90.47 71  73.49 0.0034486473157301616
15 90.47 72  73.65 0.00967244983151938
15 90.47 73  73.71 0.0025136610735281895
15 90.47 74  74.04 0.006312213239859046
15 90.47 75  74.85 0.04582000212786969
15 90.47 76  74.98 0.003839112016664981
15 90.47 77  75.04 0.001434675575575256
15 90.47 78  75.18 0.004332729669166786
15 90.47 79  75.38 0.006436063124804603
15 90.47 80  75.43 0.015581635994065932
15 90.47 81  75.58 0.03168306349228488
15 90.47 82  75.65 0.001255728255376266
15 90.47 83  78.79 0.0013653979728340134
15 90.47 84  79.69 0.0012160833568675687
15 90.47 85  80.03 0.0004129044572589442
15 90.47 86  108.19 0.008448708490521567
15 90.47 87  108.88 0.0002642953368142911
15 90.47 88  108.88 0.00013848051961787655
15 90.47 89  108.88 2.6474926903491885e-5
15 90.47 90  108.88 0.00019180459422417598
15 90.47 91  108.88 4.895859326280713e-5
15 90.47 92  108.88 0.0001391900536642713
15 90.47 93  108.88 5.517308111347004e-5
15 90.47 94  108.98 4.601402867344793e-5
15 90.47 95  108.99 0.0030201820041052445
15 90.47 96  109.09 0.0001047024928756664
15 90.47 97  109.44 0.0070508426676347356
15 90.47 98  109.84 0.00010241718195963118
15 90.47 99  109.85 0.00031852172233908356
15 90.47 100  110.36 0.005564738229016417
16 91.03 16  0.0 0.0036419763666869637
16 91.03 17  0.01 0.0004284120033882052
16 91.03 18  1.24 0.0011741378637322116
16 91.03 19  1.28 0.0022508284786465936
16 91.03 20  2.67 0.0015601354568185511
16 91.03 21  2.95 0.0022167068612141782
16 91.03 22  6.18 0.0008216521182436819
16 91.03 23  6.85 0.0007968971589644222
16 91.03 24  9.25 0.0006570686569328485
16 91.03 25  10.47 0.0004267996587010406
16 91.03 26  10.47 1.2096749933974637e-6
16 91.03 27  38.9 0.001826371446359028
16 91.03 28  38.92 0.003425064007681282
16 91.03 29  39.23 0.005946502495476152
16 91.03 30  39.38 0.008680724586284706
16 91.03 31  39.79 0.030883476978282205
16 91.03 32  40.33 0.0007362203716467673
16 91.03 33  40.62 0.0014361067554901842
16 91.03 34  40.77 0.003904057672264938
16 91.03 35  40.88 0.010353411202637759
16 91.03 36  41.51 0.004880141293638858
16 91.03 37  41.58 0.007066895793846489
16 91.03 38  42.6 0.003441464309298106
16 91.03 39  42.75 0.010350522313073587
16 91.03 40  43.74 0.004764296305417869
16 91.03 41  43.8 0.011401499964363175
16 91.03 42  43.81 0.002292843548248283
16 91.03 43  44.08 0.0019884808506237693
16 91.03 44  46.81 0.018898442554188166
16 91.03 45  47.51 0.0030871027229523525
16 91.03 46  47.95 0.0005613534781454214
16 91.03 47  48.55 2.4713995442006732e-5
16 91.03 48  51.04 0.0020609031581725014
16 91.03 49  51.47 0.0011888225109323765
16 91.03 50  52.61 0.0017234964150395023
16 91.03 51  53.82 0.0018089529962116045
16 91.03 52  54.45 0.0017921020572993025
16 91.03 53  61.32 0.014060866637812464
16 91.03 54  61.78 5.653741022101029e-5
16 91.03 55  63.34 0.0014250649388378037
16 91.03 56  63.46 0.001706812729547894
16 91.03 57  64.76 0.029210861713998892
16 91.03 58  64.96 0.002712005902642693
16 91.03 59  65.36 0.00696049769532054
16 91.03 60  65.94 0.0031185088409239185
16 91.03 61  67.01 0.025594142631733017
16 91.03 62  67.09 0.0020297445317039326
16 91.03 63  68.14 8.129117234745025e-5
16 91.03 64  68.7 0.01716093313817267
16 91.03 65  70.33 0.005896337971870556
16 91.03 66  71.88 0.008173093606538465
16 91.03 67  71.92 0.011532048427939375
16 91.03 68  72.22 0.004650707422378329
16 91.03 69  72.56 0.0052875024866095984
16 91.03 70  72.7 0.0030488326284884384
16 91.03 71  72.92 0.03254948103789593
16 91.03 72  73.08 0.00343941896308005
16 91.03 73  73.14 0.015434153040775766
16 91.03 74  73.47 0.005719864337056679
16 91.03 75  74.28 0.02095302692022354
16 91.03 76  74.41 0.013177705610408822
16 91.03 77  74.47 0.011004011973662277
16 91.03 78  74.61 0.006093219548581503
16 91.03 79  74.81 0.005570738720818739
16 91.03 80  74.86 0.006489954202947238
16 91.03 81  75.01 0.00017062268915443593
16 91.03 82  75.09 0.021811307217566717
16 91.03 83  78.22 0.006678238559813376
16 91.03 84  79.12 0.00020126410531861954
16 91.03 85  79.46 0.0030256930403022237
16 91.03 86  107.62 0.0037371215549116764
16 91.03 87  108.31 3.684869105589498e-5
16 91.03 88  108.31 3.1801592212005105e-5
16 91.03 89  108.31 7.848379789025258e-6
16 91.03 90  108.31 2.3278109088584408e-5
16 91.03 91  108.31 3.385825075507598e-5
16 91.03 92  108.31 1.0296133250546459e-5
16 91.03 93  108.31 1.6874204288183607e-5
16 91.03 94  108.41 1.2246504811646977e-5
16 91.03 95  108.42 0.0009277930265419189
16 91.03 96  108.52 8.692059936096818e-5
16 91.03 97  108.88 0.0005526942659142513
16 91.03 98  109.28 0.00032058006108620196
16 91.03 99  109.28 0.00036592207404275253
16 91.03 100  109.8 0.0021945198581768627
17 91.05 17  0.0 2.7276425538507112e-5
17 91.05 18  1.22 0.0006876029319487244
17 91.05 19  1.26 0.00040704433004166486
17 91.05 20  2.66 0.000634887891007779
17 91.05 21  2.93 0.000141058072812516
17 91.05 22  6.17 0.003567368866000925
17 91.05 23  6.84 0.0003644547556315317
17 91.05 24  9.23 5.801991911720618e-5
17 91.05 25  10.45 3.387305486633619e-5
17 91.05 26  10.46 1.5329100113963437e-5
17 91.05 27  38.89 0.005441084833156533
17 91.05 28  38.91 0.007798304334849512
17 91.05 29  39.22 0.023217374289301877
17 91.05 30  39.37 0.008417850595426246
17 91.05 31  39.77 0.013263195517491248
17 91.05 32  40.32 0.003768714260013
17 91.05 33  40.6 2.1590467871780227e-5
17 91.05 34  40.76 0.003568403214420867
17 91.05 35  40.86 0.005851999030165865
17 91.05 36  41.5 0.004990791962069174
17 91.05 37  41.57 0.004363290217418756
17 91.05 38  42.58 0.0005922653079181952
17 91.05 39  42.73 0.014477396984725747
17 91.05 40  43.72 0.020421328595023647
17 91.05 41  43.78 0.03397490367446191
17 91.05 42  43.8 0.0014172010943887426
17 91.05 43  44.07 0.0005293289580310232
17 91.05 44  46.8 0.004096150221101331
17 91.05 45  47.5 0.003758647891613554
17 91.05 46  47.93 0.00018511349588635494
17 91.05 47  48.54 1.674056220848887e-6
17 91.05 48  51.03 0.0025128577454813167
17 91.05 49  51.46 0.00011657679206403052
17 91.05 50  52.6 0.0005885062174831013
17 91.05 51  53.8 0.002968517538288994
17 91.05 52  54.44 0.0006079792175277944
17 91.05 53  61.31 0.007070749060071628
17 91.05 54  61.77 0.01207914198924241
17 91.05 55  63.33 8.552773098872532e-5
17 91.05 56  63.44 0.007274345773020544
17 91.05 57  64.75 0.015532784860652283
17 91.05 58  64.95 0.0031396595458473425
17 91.05 59  65.34 0.0011602595537252884
17 91.05 60  65.93 0.0009922780301943148
17 91.05 61  66.99 0.037516097833769385
17 91.05 62  67.07 0.0005514117186617383
17 91.05 63  68.12 0.014099252993280532
17 91.05 64  68.68 0.008894363160792354
17 91.05 65  70.32 0.0029110557490770444
17 91.05 66  71.86 0.0013618823007213673
17 91.05 67  71.91 0.006707894559401859
17 91.05 68  72.2 0.028925280646782615
17 91.05 69  72.55 0.015115252270654338
17 91.05 70  72.69 0.0063671629408816165
17 91.05 71  72.91 0.03977869315900036
17 91.05 72  73.06 0.00446647818118359
17 91.05 73  73.12 0.05836077114144134
17 91.05 74  73.46 0.00031572642716109844
17 91.05 75  74.27 8.85210410172465e-5
17 91.05 76  74.39 0.0007925087543522681
17 91.05 77  74.46 0.0057763631321711625
17 91.05 78  74.59 0.005242104486546388
17 91.05 79  74.8 0.01088728866802723
17 91.05 80  74.85 0.006877923469035036
17 91.05 81  75.0 0.01233283430828796
17 91.05 82  75.07 0.02188422952012056
17 91.05 83  78.21 0.008853713187860551
17 91.05 84  79.11 0.00035801121696689355
17 91.05 85  79.45 0.0014404566071944075
17 91.05 86  107.6 0.0007732524769089042
17 91.05 87  108.3 7.572490251292867e-5
17 91.05 88  108.3 0.00013618436364103191
17 91.05 89  108.3 5.704362986265998e-5
17 91.05 90  108.3 6.59410099840728e-5
17 91.05 91  108.3 3.255899432629374e-5
17 91.05 92  108.3 0.00012144379807166168
17 91.05 93  108.3 5.3595589620252516e-5
17 91.05 94  108.39 0.0002388604980270069
17 91.05 95  108.41 0.00680881632246269
17 91.05 96  108.51 0.00025345919277117103
17 91.05 97  108.86 0.006383866692524198
17 91.05 98  109.26 0.00016964519123429184
17 91.05 99  109.26 0.0002542976729803138
17 91.05 100  109.78 0.0031706732781185466
18 92.27 18  0.0 0.006925549112535401
18 92.27 19  0.04 0.003283514384319509
18 92.27 20  1.43 0.0014393110955729924
18 92.27 21  1.71 0.0014587313933046278
18 92.27 22  4.94 0.00023765458701609595
18 92.27 23  5.61 0.0017537458974719383
18 92.27 24  8.01 0.0001764467467589388
18 92.27 25  9.23 0.00011089092979988353
18 92.27 26  9.23 5.369093160242624e-6
18 92.27 27  37.66 0.0018530181707846903
18 92.27 28  37.68 0.0015614949382478159
18 92.27 29  37.99 0.008178850791738045
18 92.27 30  38.14 0.021399881218079838
18 92.27 31  38.55 0.0007555401402439251
18 92.27 32  39.1 6.283052125166028e-5
18 92.27 33  39.38 0.004709520234066398
18 92.27 34  39.54 0.0007212632873970976
18 92.27 35  39.64 0.02354690762035256
18 92.27 36  40.27 0.012027219527293341
18 92.27 37  40.34 0.005346979697191736
18 92.27 38  41.36 0.001637452875066153
18 92.27 39  41.51 0.017761639804056376
18 92.27 40  42.5 0.01091138085104119
18 92.27 41  42.56 0.0019668745702792487
18 92.27 42  42.57 0.006143767989355137
18 92.27 43  42.84 0.0028171413614117933
18 92.27 44  45.57 0.009795170223998558
18 92.27 45  46.27 0.00639520013784347
18 92.27 46  46.71 0.0005828388181743674
18 92.27 47  47.31 4.116593652140628e-6
18 92.27 48  49.81 0.00044731050111468276
18 92.27 49  50.24 0.0015050699976876932
18 92.27 50  51.37 0.001593321973935256
18 92.27 51  52.58 0.00922264420622162
18 92.27 52  53.21 0.0022935554496695395
18 92.27 53  60.09 0.004754466776480016
18 92.27 54  60.54 0.002348132621179425
18 92.27 55  62.1 0.0004619927928157354
18 92.27 56  62.22 0.012112357704582582
18 92.27 57  63.52 0.009995437932244484
18 92.27 58  63.72 0.009583965372137656
18 92.27 59  64.12 0.002327631592713272
18 92.27 60  64.7 0.016147720411156623
18 92.27 61  65.77 0.012303358882490303
18 92.27 62  65.85 0.006125586232430026
18 92.27 63  66.9 0.002577623378373875
18 92.27 64  67.46 0.004766612823743005
18 92.27 65  69.09 0.0027148262820447734
18 92.27 66  70.64 0.03488662980152879
18 92.27 67  70.68 0.001405169890596832
18 92.27 68  70.98 0.0007950924941465017
18 92.27 69  71.32 0.020120905795650273
18 92.27 70  71.47 0.022646079910572433
18 92.27 71  71.69 0.008699122864067578
18 92.27 72  71.84 0.010425093198261194
18 92.27 73  71.9 0.00035579281309731177
18 92.27 74  72.23 0.00204630945001975
18 92.27 75  73.04 0.0023366126921698575
18 92.27 76  73.17 0.01591895039920207
18 92.27 77  73.23 0.0011452158583713013
18 92.27 78  73.37 0.006627024304528094
18 92.27 79  73.58 0.000383178117115166
18 92.27 80  73.62 0.011025000958593965
18 92.27 81  73.77 0.007164698518646021
18 92.27 82  73.85 0.01378012425002599
18 92.27 83  76.99 7.055536810434131e-5
18 92.27 84  77.88 0.002896462889145766
18 92.27 85  78.23 0.002163103462838288
18 92.27 86  106.38 0.0036066319195154715
18 92.27 87  107.07 9.449132581546886e-5
18 92.27 88  107.07 7.44297977710601e-5
18 92.27 89  107.07 0.00012656936619149053
18 92.27 90  107.07 8.406364636622183e-5
18 92.27 91  107.07 0.00023640506754007076
18 92.27 92  107.07 6.509778658883095e-5
18 92.27 93  107.07 3.553998981069059e-5
18 92.27 94  107.17 1.942114495603246e-5
18 92.27 95  107.18 0.006570749521523855
18 92.27 96  107.28 0.00010809615283182845
18 92.27 97  107.64 0.030112460959155617
18 92.27 98  108.04 0.00010295093438454357
18 92.27 99  108.04 3.666715733865039e-5
18 92.27 100  108.56 0.015953462423454197
19 92.31 19  0.0 0.001132753763632188
19 92.31 20  1.39 0.00198373524397497
19 92.31 21  1.67 0.00028742208260649127
19 92.31 22  4.9 0.0031870342806147793
19 92.31 23  5.57 0.0028266008944792358
19 92.31 24  7.97 5.935945057337527e-5
19 92.31 25  9.19 6.307341116371443e-5
19 92.31 26  9.19 0.0003084511411219316
19 92.31 27  37.62 0.0020232489143740874
19 92.31 28  37.65 0.001261587659723908
19 92.31 29  37.95 0.009200973850200947
19 92.31 30  38.1 0.0067175055292376835
19 92.31 31  38.51 0.006223260572187861
19 92.31 32  39.06 0.00048016483465694034
19 92.31 33  39.34 0.0013548990959739151
19 92.31 34  39.5 0.003535139137205278
19 92.31 35  39.6 0.004410252921623181
19 92.31 36  40.24 0.0007721470162572281
19 92.31 37  40.3 0.002295166581415109
19 92.31 38  41.32 0.006264716022676715
19 92.31 39  41.47 0.0051073905799753835
19 92.31 40  42.46 0.005831553548900788
19 92.31 41  42.52 0.005933209415020114
19 92.31 42  42.53 0.002098326207871473
19 92.31 43  42.8 0.004323043042130008
19 92.31 44  45.53 0.04140949875124522
19 92.31 45  46.23 0.004558658732299618
19 92.31 46  46.67 0.00724117011476215
19 92.31 47  47.27 5.9165490676633283e-5
19 92.31 48  49.77 0.00046829029287566486
19 92.31 49  50.2 0.0005802011401885774
19 92.31 50  51.33 0.006622872347433973
19 92.31 51  52.54 0.003194810146698598
19 92.31 52  53.18 0.009172204708582462
19 92.31 53  60.05 0.0010526957531760415
19 92.31 54  60.5 0.00566046900292654
19 92.31 55  62.06 0.005131482159887458
19 92.31 56  62.18 0.003472969175923829
19 92.31 57  63.49 0.0020590464131174046
19 92.31 58  63.68 0.0044293162812254535
19 92.31 59  64.08 0.009942740072803763
19 92.31 60  64.67 0.02070483111194097
19 92.31 61  65.73 0.0035679953853982567
19 92.31 62  65.81 0.004797499303856951
19 92.31 63  66.86 0.007307362122511056
19 92.31 64  67.42 0.0009944831565378593
19 92.31 65  69.05 0.00983497864497195
19 92.31 66  70.6 0.0013581840580716268
19 92.31 67  70.64 0.032640944906504536
19 92.31 68  70.94 0.01167594685261335
19 92.31 69  71.28 0.012952809047977496
19 92.31 70  71.43 0.023924912156948915
19 92.31 71  71.65 0.01041372823558793
19 92.31 72  71.8 0.007381941019782515
19 92.31 73  71.86 0.001232209795029827
19 92.31 74  72.19 0.00778664696470089
19 92.31 75  73.0 0.0001136121380606312
19 92.31 76  73.13 0.003891247941761807
19 92.31 77  73.19 0.017548195618687958
19 92.31 78  73.33 0.002728481292927059
19 92.31 79  73.54 0.017394602477046335
19 92.31 80  73.58 0.000153570082298543
19 92.31 81  73.73 0.00541073855096667
19 92.31 82  73.81 0.01296565471389042
19 92.31 83  76.95 0.0005217505746611966
19 92.31 84  77.84 0.00421583332187352
19 92.31 85  78.19 0.001950946691325641
19 92.31 86  106.34 0.0058668339785248064
19 92.31 87  107.04 0.00012012765022023686
19 92.31 88  107.04 5.778274287615989e-5
19 92.31 89  107.04 5.327532763350938e-5
19 92.31 90  107.04 0.00011362262136203804
19 92.31 91  107.04 0.0001106146711173308
19 92.31 92  107.04 9.522030098902683e-5
19 92.31 93  107.04 1.6168555718963927e-5
19 92.31 94  107.13 3.030669256950487e-5
19 92.31 95  107.15 0.0069006552929349
19 92.31 96  107.25 9.469244389651272e-5
19 92.31 97  107.6 0.0024812821034101806
19 92.31 98  108.0 3.14879977878266e-5
19 92.31 99  108.0 5.84793479923053e-5
19 92.31 100  108.52 0.006815809416041296
20 93.71 20  0.0 0.07146776183142542
20 93.71 21  0.27 0.0012121337881897988
20 93.71 22  3.51 0.033303490884587526
20 93.71 23  4.18 0.04052914246045728
20 93.71 24  6.58 0.00133220431698706
20 93.71 25  7.8 0.008317186360481477
20 93.71 26  7.8 2.4025252796226312e-6
20 93.71 27  36.23 0.001964585245670703
20 93.71 28  36.25 0.0034221398172566727
20 93.71 29  36.56 0.00020551839078638325
20 93.71 30  36.71 0.0005402379556261648
20 93.71 31  37.11 0.0010432203809538363
20 93.71 32  37.66 0.0016153454482783426
20 93.71 33  37.95 0.0037570143351104254
20 93.71 34  38.1 0.007703904919594927
20 93.71 35  38.2 0.0006694708651094937
20 93.71 36  38.84 0.0005799648258517071
20 93.71 37  38.91 0.001538585761942904
20 93.71 38  39.93 0.004871567409244467
20 93.71 39  40.08 0.0008070259967578946
20 93.71 40  41.06 0.0010848748875401323
20 93.71 41  41.13 0.0007916905470232562
20 93.71 42  41.14 0.005420394849302451
20 93.71 43  41.41 0.002068950388615897
20 93.71 44  44.14 0.0009707633236869757
20 93.71 45  44.84 0.005353577825205789
20 93.71 46  45.27 0.017535459862733176
20 93.71 47  45.88 0.0001566197273364938
20 93.71 48  48.37 0.004255064166973306
20 93.71 49  48.8 0.0016806720184578394
20 93.71 50  49.94 0.0018544174154270486
20 93.71 51  51.15 0.003346868836863764
20 93.71 52  51.78 0.0008380564936376862
20 93.71 53  58.65 4.047976430222757e-6
20 93.71 54  59.11 6.481046511554463e-6
20 93.71 55  60.67 0.0009740482370402564
20 93.71 56  60.79 0.0004440895409210872
20 93.71 57  62.09 9.857073164734874e-6
20 93.71 58  62.29 0.0005519891826961038
20 93.71 59  62.68 0.000868817205461927
20 93.71 60  63.27 0.0009904404680496262
20 93.71 61  64.34 0.00010118895485980586
20 93.71 62  64.41 0.0044868920788344886
20 93.71 63  65.47 7.701071196040596e-6
20 93.71 64  66.03 6.334358217351588e-6
20 93.71 65  67.66 0.001116105114704718
20 93.71 66  69.21 0.0020137834443508572
20 93.71 67  69.25 0.00022844587406213444
20 93.71 68  69.55 0.00025519039547281354
20 93.71 69  69.89 0.0009419470213660188
20 93.71 70  70.03 0.00026942239056258787
20 93.71 71  70.25 3.6726273864380365e-5
20 93.71 72  70.41 0.000966937032906516
20 93.71 73  70.47 6.608388287162449e-5
20 93.71 74  70.8 0.0015067222433483842
20 93.71 75  71.61 0.0006457730106576483
20 93.71 76  71.74 4.486852595383268e-5
20 93.71 77  71.8 2.328831639403479e-5
20 93.71 78  71.94 0.0006137621771534494
20 93.71 79  72.14 0.00080182608900329
20 93.71 80  72.19 8.15592252696558e-5
20 93.71 81  72.34 0.00019159964314130582
20 93.71 82  72.41 4.242384287713756e-5
20 93.71 83  75.55 8.83396716814697e-5
20 93.71 84  76.45 0.0002606742192339326
20 93.71 85  76.79 4.351351921167915e-5
20 93.71 86  104.95 0.0022482212776668152
20 93.71 87  105.64 9.499757467735989e-6
20 93.71 88  105.64 5.321988843725404e-6
20 93.71 89  105.64 8.904981493401447e-6
20 93.71 90  105.64 1.0285130466670857e-5
20 93.71 91  105.64 1.5669695690056813e-5
20 93.71 92  105.64 7.275173059847131e-6
20 93.71 93  105.64 8.178779679424344e-7
20 93.71 94  105.74 3.5984662772588206e-6
20 93.71 95  105.75 0.0005233082279523949
20 93.71 96  105.85 1.2633029683116717e-6
20 93.71 97  106.2 0.000820542854967192
20 93.71 98  106.61 1.3566811173242807e-5
20 93.71 99  106.61 3.1531619987259726e-5
20 93.71 100  107.12 0.0006093045793318757
21 93.98 21  0.0 0.0018320943709963155
21 93.98 22  3.23 0.0015170678800416086
21 93.98 23  3.9 0.0005656285233104645
21 93.98 24  6.3 0.0005008363816377331
21 93.98 25  7.52 0.0003263080002733127
21 93.98 26  7.52 6.05427210856985e-7
21 93.98 27  35.96 0.004094281123821505
21 93.98 28  35.98 0.0029725247894361274
21 93.98 29  36.29 0.0029557288001304583
21 93.98 30  36.44 0.02680410448622184
21 93.98 31  36.84 0.03103018058551117
21 93.98 32  37.39 0.0020459547174978866
21 93.98 33  37.67 0.0005483186379513175
21 93.98 34  37.83 0.004641470853072338
21 93.98 35  37.93 0.0007965031348571011
21 93.98 36  38.57 0.0046086371448384395
21 93.98 37  38.63 0.000627973041803488
21 93.98 38  39.65 0.0029308842119822077
21 93.98 39  39.8 0.00944362072205939
21 93.98 40  40.79 0.008103403278610477
21 93.98 41  40.85 0.004751755686917448
21 93.98 42  40.87 0.0025092471213734686
21 93.98 43  41.14 0.00248203479835429
21 93.98 44  43.87 0.015362315103106365
21 93.98 45  44.57 0.0011166777115244355
21 93.98 46  45.0 0.0024656513611066144
21 93.98 47  45.61 1.6978844723665642e-5
21 93.98 48  48.1 0.0016401155093892384
21 93.98 49  48.53 0.0003816796515887901
21 93.98 50  49.67 0.002764210913717348
21 93.98 51  50.87 0.0061626009265131326
21 93.98 52  51.51 0.003094352123590262
21 93.98 53  58.38 0.011841458868378812
21 93.98 54  58.83 0.00022923328222549573
21 93.98 55  60.4 0.0020823409502696566
21 93.98 56  60.51 0.0029892613431124113
21 93.98 57  61.82 0.02540891947091277
21 93.98 58  62.01 0.00329865245978812
21 93.98 59  62.41 0.005077079182042322
21 93.98 60  63.0 0.004274904528154866
21 93.98 61  64.06 0.02008686826874768
21 93.98 62  64.14 0.0017029571279540223
21 93.98 63  65.19 0.0001789994612879377
21 93.98 64  65.75 0.013279685901711132
21 93.98 65  67.39 0.005526963025937935
21 93.98 66  68.93 0.0003387285131831729
21 93.98 67  68.98 0.002503745611500389
21 93.98 68  69.27 0.008622720535645494
21 93.98 69  69.61 0.0037691958522709386
21 93.98 70  69.76 0.001628509556669879
21 93.98 71  69.98 0.014661377623531148
21 93.98 72  70.13 0.0067595776247203355
21 93.98 73  70.19 0.02098402029373623
21 93.98 74  70.53 0.005470879679056925
21 93.98 75  71.34 0.0004492124510843636
21 93.98 76  71.46 0.023087797384683282
21 93.98 77  71.52 0.014603363079834288
21 93.98 78  71.66 0.04776803921203901
21 93.98 79  71.87 0.02525919165688612
21 93.98 80  71.92 0.017171501697158545
21 93.98 81  72.07 0.007051623768251646
21 93.98 82  72.14 0.0025561649522650868
21 93.98 83  75.28 0.0015983085156001627
21 93.98 84  76.17 0.0009981012237422237
21 93.98 85  76.52 0.0039021477466107913
21 93.98 86  104.67 0.006565163394797699
21 93.98 87  105.37 7.048937374154246e-5
21 93.98 88  105.37 3.08337296261925e-5
21 93.98 89  105.37 1.9837131650667778e-5
21 93.98 90  105.37 1.0091336047138045e-5
21 93.98 91  105.37 1.1479169835407846e-5
21 93.98 92  105.37 6.560907562161789e-6
21 93.98 93  105.37 5.5076345428967195e-5
21 93.98 94  105.46 2.5392365512097016e-5
21 93.98 95  105.48 0.0005035593610170745
21 93.98 96  105.58 7.346774847479751e-5
21 93.98 97  105.93 0.010072626851547842
21 93.98 98  106.33 0.00014597829668219243
21 93.98 99  106.33 0.00021695012284364925
21 93.98 100  106.85 0.002927858538800002
22 97.22 22  0.0 0.03166692414097394
22 97.22 23  0.67 0.011218995389640064
22 97.22 24  3.07 0.0005801667061134895
22 97.22 25  4.29 0.0005166440720882719
22 97.22 26  4.29 0.003699165674009034
22 97.22 27  32.72 0.0023314633801990226
22 97.22 28  32.74 0.0041494816062210204
22 97.22 29  33.05 0.00025635771503771613
22 97.22 30  33.2 0.00234343355025938
22 97.22 31  33.6 0.002318251846248341
22 97.22 32  34.15 0.0008058835011487973
22 97.22 33  34.44 0.013744163573163467
22 97.22 34  34.59 0.013043088284196832
22 97.22 35  34.69 0.0014456199111896753
22 97.22 36  35.33 0.0016332418029179432
22 97.22 37  35.4 0.008239097348740301
22 97.22 38  36.42 0.0038698243742951726
22 97.22 39  36.57 0.0012347546800905356
22 97.22 40  37.55 0.0003242939908281884
22 97.22 41  37.62 0.001736102379033615
22 97.22 42  37.63 0.004756487171892988
22 97.22 43  37.9 0.023718891878692576
22 97.22 44  40.63 0.0005624808570882858
22 97.22 45  41.33 0.012692723567158703
22 97.22 46  41.77 0.001954652386166389
22 97.22 47  42.37 0.001005292589634358
22 97.22 48  44.86 0.004173277765725699
22 97.22 49  45.29 0.005012967726656762
22 97.22 50  46.43 0.003476149290762259
22 97.22 51  47.64 0.0058815932104136475
22 97.22 52  48.27 0.025026785716691355
22 97.22 53  55.14 1.3186679081758618e-5
22 97.22 54  55.6 2.7963248552800195e-5
22 97.22 55  57.16 0.0011640129547170529
22 97.22 56  57.28 0.0020645075813913766
22 97.22 57  58.58 0.0001281300789857784
22 97.22 58  58.78 0.00468911599368687
22 97.22 59  59.17 3.0784078606745396e-5
22 97.22 60  59.76 0.017433177698948726
22 97.22 61  60.83 0.005568280734914896
22 97.22 62  60.9 0.0024473633947936515
22 97.22 63  61.96 2.5473934355414303e-5
22 97.22 64  62.52 8.97982881483802e-6
22 97.22 65  64.15 0.002180714123721255
22 97.22 66  65.7 0.002380912940591056
22 97.22 67  65.74 3.2897937806182923e-5
22 97.22 68  66.04 2.9235610560451746e-5
22 97.22 69  66.38 0.00025818303156207255
22 97.22 70  66.52 6.367866664642915e-5
22 97.22 71  66.74 0.0008739017511318403
22 97.22 72  66.9 0.005627039662443626
22 97.22 73  66.96 0.0008388238281302032
22 97.22 74  67.29 0.0008055880436641983
22 97.22 75  68.1 8.049419203795561e-5
22 97.22 76  68.23 7.868995909769485e-5
22 97.22 77  68.29 3.128509277271196e-5
22 97.22 78  68.43 0.0007866695489092374
22 97.22 79  68.63 5.124487791335427e-5
22 97.22 80  68.68 0.00013261109366630993
22 97.22 81  68.83 3.6822765933956695e-5
22 97.22 82  68.9 2.3377737675685893e-5
22 97.22 83  72.04 0.0003656042005972328
22 97.22 84  72.94 8.587253136734014e-5
22 97.22 85  73.28 0.00013010108712688552
22 97.22 86  101.44 0.0007866773084620555
22 97.22 87  102.13 2.300189247449983e-5
22 97.22 88  102.13 1.1440214079899855e-5
22 97.22 89  102.13 1.0872574992790022e-5
22 97.22 90  102.13 8.468892231412047e-6
22 97.22 91  102.13 2.451833492006503e-5
22 97.22 92  102.13 5.920023253035371e-6
22 97.22 93  102.13 3.496288153260099e-6
22 97.22 94  102.23 4.108946716932019e-6
22 97.22 95  102.24 0.0005680475108831464
22 97.22 96  102.34 3.2223783786449764e-5
22 97.22 97  102.69 0.00043705337440372316
22 97.22 98  103.1 8.538168460625763e-5
22 97.22 99  103.1 0.00017622264513383038
22 97.22 100  103.61 0.00056041128337112
23 97.88 23  0.0 0.05247141433004622
23 97.88 24  2.4 0.003400090277045057
23 97.88 25  3.62 0.0033733323621239625
23 97.88 26  3.62 4.63475112858822e-6
23 97.88 27  32.05 0.004635481626822481
23 97.88 28  32.07 0.0022880880942721614
23 97.88 29  32.38 0.0007729670506852473
23 97.88 30  32.53 0.00021347500922321754
23 97.88 31  32.94 0.00035864004456484473
23 97.88 32  33.48 0.018174977545349767
23 97.88 33  33.77 0.0017309645933232714
23 97.88 34  33.92 0.02045710964683402
23 97.88 35  34.03 0.0003232959611334155
23 97.88 36  34.66 0.0007086824590885869
23 97.88 37  34.73 0.0012888944823968044
23 97.88 38  35.75 0.0021109036034284833
23 97.88 39  35.9 0.000830025923418682
23 97.88 40  36.89 0.003756107334683625
23 97.88 41  36.95 0.000512914938981306
23 97.88 42  36.96 0.015612977071425322
23 97.88 43  37.23 0.007936759168623332
23 97.88 44  39.96 0.004588353204712968
23 97.88 45  40.66 0.001553848122948535
23 97.88 46  41.1 0.007044862119551362
23 97.88 47  41.7 9.974407635064224e-5
23 97.88 48  44.19 0.005687984222023899
23 97.88 49  44.62 0.0012875507228074957
23 97.88 50  45.76 0.0007320724602857829
23 97.88 51  46.97 0.017419630936350107
23 97.88 52  47.6 0.007044681437607783
23 97.88 53  54.47 3.4852740917115615e-6
23 97.88 54  54.93 8.993196814971085e-6
23 97.88 55  56.49 0.00041370885128961713
23 97.88 56  56.61 0.004719815456295095
23 97.88 57  57.91 7.674942731686881e-5
23 97.88 58  58.11 0.0019601616683677433
23 97.88 59  58.51 0.0008653426824306714
23 97.88 60  59.09 0.00752756007695433
23 97.88 61  60.16 0.0016091254574114014
23 97.88 62  60.24 0.010425250465236811
23 97.88 63  61.29 9.099039967056158e-6
23 97.88 64  61.85 2.4461454439690907e-5
23 97.88 65  63.48 0.0004889822307497881
23 97.88 66  65.03 2.2313010746431053e-5
23 97.88 67  65.07 0.00557156205383263
23 97.88 68  65.37 0.000257869480321796
23 97.88 69  65.71 0.00030369442109458305
23 97.88 70  65.85 0.00025246700384684383
23 97.88 71  66.07 5.1255930083913786e-5
23 97.88 72  66.23 0.0037865622537474066
23 97.88 73  66.29 0.0004260290205218478
23 97.88 74  66.62 0.0017592095610385777
23 97.88 75  67.43 0.0001781408153999122
23 97.88 76  67.56 0.00017747298869833625
23 97.88 77  67.62 8.257267883256177e-6
23 97.88 78  67.76 0.00013407509583220816
23 97.88 79  67.96 0.0002638751162140134
23 97.88 80  68.01 0.0001087360412861479
23 97.88 81  68.16 0.00010574133198774315
23 97.88 82  68.24 0.00016348357637055411
23 97.88 83  71.37 0.00010353238784585748
23 97.88 84  72.27 0.00022046757284577552
23 97.88 85  72.61 0.0001189442108870586
23 97.88 86  100.77 0.0005858125255222926
23 97.88 87  101.46 7.686766968612874e-6
23 97.88 88  101.46 2.6512413137893805e-6
23 97.88 89  101.46 5.513009722834996e-6
23 97.88 90  101.46 1.3047282043543847e-5
23 97.88 91  101.46 1.2402408669427694e-5
23 97.88 92  101.46 1.0770057445623765e-5
23 97.88 93  101.46 8.677707810122206e-7
23 97.88 94  101.56 4.188747995679104e-6
23 97.88 95  101.57 0.0005730962536197618
23 97.88 96  101.67 4.726534463143601e-6
23 97.88 97  102.03 0.0002115017069640055
23 97.88 98  102.43 4.72234844730026e-5
23 97.88 99  102.43 1.0524161618920064e-5
23 97.88 100  102.94 0.00022848456089161697
