translational analysis para
#nmax= 2 NR= 11 Ntheta= 11 Nphi= 11
#jmax= 2 Nalpha= 11 Nphi= 11 Nchi= 11
0.0
1 92.09423955738453 0.9963861816843599
2 153.4903992623075 0.021205084936657875
3 153.4903992623075 0.021203684457946993
4 153.49039926230753 0.02056170624152532

32.75026812360239
1 92.09423955738453 1.517096541912832
2 153.4903992623075 0.15241370810193494
3 153.4903992623075 0.15915787087887823

32.874025470099745
1 92.09423955738453 0.7619095406221741
4 153.49039926230753 0.2693287890832278

32.87677381977726
2 153.4903992623075 0.12959273733851917
3 153.4903992623075 0.12441558097997066

67.42859921755199
1 92.09423955738453 0.21221143042118207
4 153.49039926230753 0.7263050533307851
6 214.8865589672305 0.01445484280265558
7 214.8865589672305 0.014473137867982471
9 214.88655896723057 0.019101694063632813

67.43021809266871
2 153.4903992623075 0.358465418099022
3 153.4903992623075 0.37614487955602244
5 214.8865589672305 0.014302555658208517
8 214.8865589672305 0.014663740166720458

67.56820882396259
1 92.09423955738453 0.4324400018646349
2 153.4903992623075 0.3584102406367415
3 153.4903992623075 0.34662065733102787
5 214.8865589672305 0.013952400872801708
8 214.8865589672305 0.013575416902759012
10 214.88655896723057 0.022739937257743016

68.4851204900811
1 92.09423955738453 0.3640690561704864
2 153.4903992623075 0.03081867512917054
3 153.4903992623075 0.02966226250445952
4 153.49039926230753 0.1188948895781533
6 214.8865589672305 0.011619272157204166
7 214.8865589672305 0.011493982940579675

68.95919766005429
1 92.09423955738453 0.7547305770210461
2 153.4903992623075 0.05132658503650994
3 153.4903992623075 0.04823298588457529
4 153.49039926230753 0.02954762956183629

69.7491509886241
2 153.4903992623075 0.06902419846088755
3 153.4903992623075 0.07044662485017582
5 214.8865589672305 0.013359621269306012
8 214.8865589672305 0.013357943556118869

70.98246005532877
2 153.4903992623075 0.037519439397769735
3 153.4903992623075 0.03784885700171145
6 214.8865589672305 0.022976834044780722
7 214.8865589672305 0.01317154782820409

71.22818115358507
1 92.09423955738453 0.049758657559895066
4 153.49039926230753 0.050782094180665864
9 214.88655896723057 0.017694627248850337

89.46583149008823
2 153.4903992623075 0.3183594254170041

89.96016484819637
2 153.4903992623075 0.4633373335015129

90.46612219758732
1 92.09423955738453 0.6017180178399953
2 153.4903992623075 0.1511990814974138
3 153.4903992623075 0.15612912020318276
4 153.49039926230753 0.6290190953705816
6 214.8865589672305 0.12545133320553883
7 214.8865589672305 0.12669303371172153

91.03476382535653
2 153.4903992623075 0.2640403974898141
3 153.4903992623075 0.34416333515596353
5 214.8865589672305 0.11541319126733407
8 214.8865589672305 0.1261346392142474

91.04893481559611
1 92.09423955738453 0.11135373399572385
2 153.4903992623075 0.5168945836828334
3 153.4903992623075 0.44160802258290793
4 153.49039926230753 0.10253547469792097
5 214.8865589672305 0.02346008968267482
9 214.88655896723057 0.018027768356341543
10 214.88655896723057 0.2686492184990519

92.27372315943514
1 92.09423955738453 0.028202107286793242
4 153.49039926230753 0.4134987276023979
8 214.8865589672305 0.014527841215222326
9 214.88655896723057 0.18868066622659113

92.31263086947382
2 153.4903992623075 0.1474422885509756
3 153.4903992623075 0.14896630272350553
6 214.8865589672305 0.09070964274121811
7 214.8865589672305 0.11480901950450664

93.70574892968557
4 153.49039926230753 0.21653687431695492

93.98042199837856
1 92.09423955738453 0.37782470922057454
2 153.4903992623075 0.1792580624645358
3 153.4903992623075 0.18523979284559602
4 153.49039926230753 0.124761499882854
5 214.8865589672305 0.13943601690139534
8 214.8865589672305 0.10523006729370112
9 214.88655896723057 0.04002153884755278
10 214.88655896723057 0.029411706248771242

97.21534978334738
4 153.49039926230753 0.06028869997424077

97.88490599819579
2 153.4903992623075 0.02956422284583212

100.28331212068845
2 153.4903992623075 0.24475924939614702
3 153.4903992623075 0.23655345330927618

101.50184821684103
2 153.4903992623075 0.244333998352128
3 153.4903992623075 0.24571681148739308
4 153.49039926230753 0.9638246703426749

101.50446251775423
2 153.4903992623075 0.4905752989488832
3 153.4903992623075 0.47829890509717293

129.93665472976323
3 153.4903992623075 0.08230358701536789
4 153.49039926230753 0.01532105203364436
5 214.8865589672305 0.014998508430668574
7 214.8865589672305 0.032632194767923076
9 214.88655896723057 0.04741895298788065

129.95855975919977
3 153.4903992623075 0.044646773623104305
4 153.49039926230753 0.018594073691803326
6 214.8865589672305 0.05194382791821911
7 214.8865589672305 0.013523456802101656
8 214.8865589672305 0.012706729144044217

130.26730438379138
3 153.4903992623075 0.18325039656425324
7 214.8865589672305 0.04944270224491887
8 214.8865589672305 0.04484503023542423
9 214.88655896723057 0.011350383283832243

130.41653645206523
3 153.4903992623075 0.0376782026675456
4 153.49039926230753 0.13507802727101184
7 214.8865589672305 0.050825115307956505
9 214.88655896723057 0.07583076397917556

130.82011009659126
3 153.4903992623075 0.5334173621739928
8 214.8865589672305 0.09043966902402437

131.3687759922387
2 153.4903992623075 0.026689349974197446
3 153.4903992623075 0.07310502341652407
4 153.49039926230753 0.17704695274951432
5 214.8865589672305 0.0221308307506902
6 214.8865589672305 0.08390146947992888
7 214.8865589672305 0.013406921668423822
9 214.88655896723057 0.010571546196626236

131.6529632385018
1 92.09423955738453 2.9659406969472704
8 214.8865589672305 0.0725657672110533
9 214.88655896723057 0.1275856153528444

131.8092510414269
1 92.09423955738453 2.0821394089163117
5 214.8865589672305 0.06871074456291422
6 214.8865589672305 0.15590532343629268
7 214.8865589672305 0.1669930958360595

131.9101921865945
1 92.09423955738453 0.010792002206580956
3 153.4903992623075 0.05127038195737925
4 153.49039926230753 0.1362018735778979
8 214.8865589672305 0.014921805176698506
10 214.88655896723057 0.1117811463694526

132.5481144084796
2 153.4903992623075 0.012043824298087888
3 153.4903992623075 0.040262965489620835
4 153.49039926230753 0.3992907241950451
7 214.8865589672305 0.010183981962007744
10 214.88655896723057 0.046857138469210885

132.61491658897495
1 92.09423955738453 0.010185501030062728
2 153.4903992623075 0.044905656936092705
3 153.4903992623075 0.13394636857405695
4 153.49039926230753 0.01872393962849301
5 214.8865589672305 0.0796373603083859

133.63104899091434
2 153.4903992623075 0.010377021149145448
5 214.8865589672305 0.21461758449655693
6 214.8865589672305 0.011187704543971309
8 214.8865589672305 0.2136402253086622

133.78332107582742
2 153.4903992623075 0.3090441126109798
3 153.4903992623075 0.017630975341202365
5 214.8865589672305 0.02179681901887597
10 214.88655896723057 0.01038322307390659

134.77024272435085
2 153.4903992623075 0.04772407947315509
4 153.49039926230753 0.012221546336004481
6 214.8865589672305 0.02515109277072738
7 214.8865589672305 0.01761558140246849
8 214.8865589672305 0.020285880723060604

134.83267787687015
2 153.4903992623075 0.018453166604086347
4 153.49039926230753 0.034712823027705425
9 214.88655896723057 0.03630738628437194

134.84711945883504
2 153.4903992623075 0.010651376447745414
6 214.8865589672305 0.442192340595663
7 214.8865589672305 0.23344488090105847

135.11760828270312
1 92.09423955738453 0.13632580121161286
4 153.49039926230753 0.013146615049365767
5 214.8865589672305 0.21791369329276625
8 214.8865589672305 0.1375021607796807
9 214.88655896723057 0.3073963616801749

137.8455676854426
2 153.4903992623075 0.05410741634617051
3 153.4903992623075 0.045630615946703895
6 214.8865589672305 0.015072623137749609
7 214.8865589672305 0.013833768684207404
10 214.88655896723057 0.025076742680712794

138.5471576482338
2 153.4903992623075 0.09812028547607496
5 214.8865589672305 0.02126187880027777

138.9803904324058
2 153.4903992623075 0.030846279096657013
4 153.49039926230753 0.06285607332696884
5 214.8865589672305 0.04718761440135728

139.58685699333572
2 153.4903992623075 0.08008245394536083
3 153.4903992623075 0.0811673374503639
4 153.49039926230753 0.057630903464029014
10 214.88655896723057 0.6955080871345998

142.07900716198432
1 92.09423955738453 0.3901427000587641
2 153.4903992623075 0.03947036879269205
3 153.4903992623075 0.051215659482409276
4 153.49039926230753 0.19670753725424822
5 214.8865589672305 0.06060218148044835
6 214.8865589672305 0.20146381048139886
7 214.8865589672305 0.21763695456730492

142.50959023864266
1 92.09423955738453 0.6000378086219703
2 153.4903992623075 0.08491462131858633
3 153.4903992623075 0.11088701290868341
4 153.49039926230753 0.09667223600644187
5 214.8865589672305 0.2814295081229929
8 214.8865589672305 0.079058171126574
9 214.88655896723057 0.29586717331724655

143.64683216718862
2 153.4903992623075 0.0989134777532021
3 153.4903992623075 0.08379459670061114
5 214.8865589672305 0.16730141805974136
6 214.8865589672305 0.03569899080064444
8 214.8865589672305 0.14535840374589262

144.85186327510914
2 153.4903992623075 0.044110632879831836
3 153.4903992623075 0.0387115490872277
7 214.8865589672305 0.10964729125021305

145.48826541091898
1 92.09423955738453 0.2494656076363415
2 153.4903992623075 0.02147082144732168
3 153.4903992623075 0.01716513222351258
4 153.49039926230753 0.03537962521754947
5 214.8865589672305 0.020775495643844094
8 214.8865589672305 0.06880739292414047
10 214.88655896723057 0.015127299218952643

152.35898056881274
9 214.88655896723057 0.088141630730568
10 214.88655896723057 0.17133287850537568

152.8143765940937
9 214.88655896723057 0.10223397867113948
10 214.88655896723057 0.2320129748875036

154.37749668886067
6 214.8865589672305 0.23360487261800716

154.49336454552108
6 214.8865589672305 0.23136081715551352

155.79813820178998
7 214.8865589672305 0.154484004622708

155.99447272442248
1 92.09423955738453 0.1757761339997088
5 214.8865589672305 0.1025299510556908
9 214.88655896723057 0.028868008947612763
10 214.88655896723057 0.01892371198374703

156.39016356045337
6 214.8865589672305 0.02203125554858346

156.97801991219865
1 92.09423955738453 0.09400676618618733
4 153.49039926230753 0.011864501226561646
5 214.8865589672305 0.18391197227715134
9 214.88655896723057 0.1354506424709922
10 214.88655896723057 0.041192849818230584

158.04184333386817
1 92.09423955738453 0.7404314817006039
5 214.8865589672305 0.06961651291575639
6 214.8865589672305 0.05903552186395838

158.1201969557085
1 92.09423955738453 0.5156300950094083
2 153.4903992623075 0.01031087871804438
5 214.8865589672305 0.06119327172016029
6 214.8865589672305 0.10286005737581569

159.17182054751288
7 214.8865589672305 0.04772494037206679

159.73289198287142
10 214.88655896723057 0.017814564713734528

161.36714687856778
1 92.09423955738453 3.486538596755709
2 153.4903992623075 0.017154706303463718
3 153.4903992623075 0.010998325411485568
5 214.8865589672305 0.17512238151464604
9 214.88655896723057 0.05182200757593811
10 214.88655896723057 0.02942937312418384

162.91354131620213
4 153.49039926230753 0.7359504976150185
5 214.8865589672305 0.06704914154047047
6 214.8865589672305 0.17366633441588825
7 214.8865589672305 0.04059155308625535
9 214.88655896723057 0.5474019049423648
10 214.88655896723057 0.05949325193535523

162.95583259536167
2 153.4903992623075 0.6049913788318384
3 153.4903992623075 0.028484967884671274
5 214.8865589672305 0.20604945998617294
6 214.8865589672305 0.502436307182536
7 214.8865589672305 0.10720772714508427
8 214.8865589672305 0.011999281578826994
10 214.88655896723057 0.049926702344520235

163.2527627913703
2 153.4903992623075 0.2171139930403788
3 153.4903992623075 0.6774466605937417
4 153.49039926230753 0.11741705231498978
6 214.8865589672305 0.07542389424071448
7 214.8865589672305 0.3404139792232834
8 214.8865589672305 0.1316996819942327
9 214.88655896723057 0.12984424706442776
10 214.88655896723057 0.13486297078730194

163.59503426303473
2 153.4903992623075 0.05296970044515517
3 153.4903992623075 0.032735035256635105
4 153.49039926230753 0.05729833977179628
5 214.8865589672305 0.0816121239334656
6 214.8865589672305 0.09641773733067902
7 214.8865589672305 0.12447418061835461
8 214.8865589672305 0.06262295787461848
9 214.88655896723057 0.037971030168434346
10 214.88655896723057 0.05651011229617975

163.73917925742344
3 153.4903992623075 0.18040855879664508
5 214.8865589672305 0.04333163204263236
6 214.8865589672305 0.04279156396330534
7 214.8865589672305 0.14939704108214433
8 214.8865589672305 0.151988470385038
9 214.88655896723057 0.1551093885716954
10 214.88655896723057 0.018091508636248248

163.95954057241613
2 153.4903992623075 0.04487506616189422
3 153.4903992623075 0.01005684931116724
4 153.49039926230753 0.014490656669234443
5 214.8865589672305 0.061928627241859234
6 214.8865589672305 0.03581980072288018
7 214.8865589672305 0.07740320892648654
8 214.8865589672305 0.2798603243087034
9 214.88655896723057 0.08053919536933124
10 214.88655896723057 0.05024991031463754

164.11187794473094
1 92.09423955738453 1.0407315898757632
5 214.8865589672305 0.09507348844566588
9 214.88655896723057 0.03304427204115612
10 214.88655896723057 0.01280886744901298

164.17270696623933
3 153.4903992623075 0.05590885448157919
4 153.49039926230753 0.28529206133423085
5 214.8865589672305 0.13687462412300833
10 214.88655896723057 1.0489720886889022

164.50543741759216

165.31668359871497
2 153.4903992623075 0.11540156623540275
3 153.4903992623075 0.08127816194697286
5 214.8865589672305 0.1925371852585283
8 214.8865589672305 0.09135805654928368

165.44127584974817
2 153.4903992623075 0.03639410461440462
3 153.4903992623075 0.11670003306429963
5 214.8865589672305 0.2145240845624106
7 214.8865589672305 0.09394690608742075
8 214.8865589672305 0.5006557509803748
9 214.88655896723057 0.1747826513093606

165.50410799192096
6 214.8865589672305 0.22007339830639833
7 214.8865589672305 0.37791160302158316
8 214.8865589672305 0.3831853148677128
10 214.88655896723057 0.1377516473069639

165.64122353253842
2 153.4903992623075 0.2595525149675312
3 153.4903992623075 0.05664766926445576
5 214.8865589672305 0.6132362553500781
7 214.8865589672305 0.04161121872630524
8 214.8865589672305 0.08930881344942292
9 214.88655896723057 0.10149758043697608

165.84972131784485
5 214.8865589672305 0.2923620728838015
6 214.8865589672305 0.16663617425519694
7 214.8865589672305 0.12001600843029851
10 214.88655896723057 0.24844518873690544

165.89761707778445
2 153.4903992623075 0.015870743921500906
3 153.4903992623075 0.15037794284331646
6 214.8865589672305 0.12947412964218405
7 214.8865589672305 0.12622313065259586
8 214.8865589672305 0.26469451112475206
9 214.88655896723057 0.6573337961687609

166.04694432683843
4 153.49039926230753 0.22564700727085146
5 214.8865589672305 0.0538356150755826
6 214.8865589672305 0.5606675191048583
7 214.8865589672305 0.4818110738243476
8 214.8865589672305 0.039554046060587315
9 214.88655896723057 0.216714324003287
10 214.88655896723057 0.08974091809201652

166.12000212081063
2 153.4903992623075 0.0763506398523117
3 153.4903992623075 0.05765621799487052
5 214.8865589672305 0.35569946859589946
6 214.8865589672305 0.11059021327723129
7 214.8865589672305 0.03532813391549013
8 214.8865589672305 0.34654771922491023
9 214.88655896723057 0.01824112557739938

169.25966635814675
2 153.4903992623075 0.4492377908309305
3 153.4903992623075 0.42818546781595734
4 153.49039926230753 0.03260448462356259
6 214.8865589672305 0.11628332754947633
7 214.8865589672305 0.10988159158809611
8 214.8865589672305 0.011403905599558213
9 214.88655896723057 0.011177738198043099
10 214.88655896723057 0.3405493506069425

170.15470044372688
4 153.49039926230753 0.7653292967062848
6 214.8865589672305 0.03046300990612113
7 214.8865589672305 0.036842207351313716
8 214.8865589672305 0.01247238341414852
9 214.88655896723057 0.27923455651944734
10 214.88655896723057 0.1004854909786927

170.49908674064721
2 153.4903992623075 0.31535606027243274
3 153.4903992623075 0.36073267869914305
5 214.8865589672305 0.03461689865877753
6 214.8865589672305 0.11402726759451788
7 214.8865589672305 0.1388375970215409
8 214.8865589672305 0.04269565917565256

198.65262995893644
2 153.4903992623075 1.7321647919038585
3 153.4903992623075 0.28914414696203106
4 153.49039926230753 0.42621974969914356
5 214.8865589672305 0.04100157536983965

199.34791619535073
9 214.88655896723057 0.018691728252607287

199.3479161953508
8 214.8865589672305 0.1766635601984332

199.34791619535082
8 214.8865589672305 0.19614616624777775

199.34791619535082
6 214.8865589672305 0.011010487550686286
7 214.8865589672305 0.05356495402235833
8 214.8865589672305 0.05927539421423396

199.34791619535082
8 214.8865589672305 0.05404366112593111

199.34791619535096
8 214.8865589672305 0.05131569290609016

199.34791619535096
7 214.8865589672305 0.027144406449630162

199.4424674446647
6 214.8865589672305 0.01850732457114261
7 214.8865589672305 0.1560745756930664
8 214.8865589672305 0.06974517607616092

199.45855899156766
2 153.4903992623075 2.40427076586437
3 153.4903992623075 1.1044596498079817
4 153.49039926230753 0.024581891449370077
5 214.8865589672305 0.05263283219004371
6 214.8865589672305 0.02149903856638435
8 214.8865589672305 0.013809943793138787
10 214.88655896723057 0.01107002951045042

199.55785649565965
5 214.8865589672305 0.03386268442875026
7 214.8865589672305 0.10244838272767802
8 214.8865589672305 0.015361972340132996
9 214.88655896723057 0.07065500530505181

199.91034070739562
2 153.4903992623075 0.011234934862771396
3 153.4903992623075 1.1562568114062133
4 153.49039926230753 2.546916958765526
6 214.8865589672305 0.023873719440008975
8 214.8865589672305 0.02516267464130847
10 214.88655896723057 0.014852417836597187

200.31102216693097
6 214.8865589672305 0.08847316618951842
9 214.88655896723057 0.04544865418741838

200.3125782945718
5 214.8865589672305 0.09081729768081044
7 214.8865589672305 0.03494525430931161

200.82979775812444
2 153.4903992623075 0.09517740303235364
3 153.4903992623075 0.4833285109498302
4 153.49039926230753 1.442776082904882
5 214.8865589672305 0.033901840567566094
8 214.8865589672305 0.023126419730700072
9 214.88655896723057 0.06733022889992232
10 214.88655896723057 0.04289840947322825

