translational analysis ortho
#nmax= 2 NR= 11 Ntheta= 11 Nphi= 11
#jmax= 2 Nalpha= 11 Nphi= 11 Nchi= 11
21.810642731672797
2 153.4903992623075 0.08880091390102046

23.533177933377644
2 153.4903992623075 0.196229397238404

25.55637564504134
4 153.49039926230753 0.10197850636502431

36.781515322702674
1 92.09423955738453 3.206311795974856
2 153.4903992623075 0.01731197261511335
3 153.4903992623075 0.012226057266131391
4 153.49039926230753 0.013246922455599521
5 214.8865589672305 0.020264546055588

39.135723984403455
1 92.09423955738453 1.6282012585775605
2 153.4903992623075 0.01022953238786988
5 214.8865589672305 0.012798476698650654

42.786378706360345

70.39723450456539
2 153.4903992623075 0.013985468545617786
6 214.8865589672305 0.04299778844766525
10 214.88655896723057 0.011624823257043384

71.45508215998662
1 92.09423955738453 0.020631489066458286
5 214.8865589672305 0.05298914884309347
9 214.88655896723057 0.034382564890661216

71.81410866766653
6 214.8865589672305 0.04765499176402226
7 214.8865589672305 0.012717745995865068

72.52905492004574
1 92.09423955738453 0.05732357150296412
2 153.4903992623075 0.024616833869835018
6 214.8865589672305 0.012004047584891238
9 214.88655896723057 0.016730036743256384
10 214.88655896723057 0.019223220786315158

73.55259845914357
1 92.09423955738453 0.15933498923634978
4 153.49039926230753 0.011347219094685796
5 214.8865589672305 0.022908662229714265

85.0355357130974
6 214.8865589672305 0.031528522152017166
7 214.8865589672305 0.03246829737058895
9 214.88655896723057 0.010303312038681605
10 214.88655896723057 0.02150573208285682

85.08866195005851
5 214.8865589672305 0.013795617797847175
6 214.8865589672305 0.030404606748527588
10 214.88655896723057 0.08096089221981062

87.97279197524858
1 92.09423955738453 0.1292168496105616
5 214.8865589672305 0.06128147016525391

90.96022908153755
1 92.09423955738453 0.5348700919350787
5 214.8865589672305 0.10777361347647166
9 214.88655896723057 0.012788802512232043
10 214.88655896723057 0.050072613363101884

94.05966402384486
1 92.09423955738453 0.3271124102706526
2 153.4903992623075 0.29764947124323987
3 153.4903992623075 1.2963898577998516
4 153.49039926230753 0.5221981161848557
7 214.8865589672305 0.010967853329712918
9 214.88655896723057 0.013795870840338103

94.22512609335367
1 92.09423955738453 0.24867517246752918
2 153.4903992623075 0.6089386196197513
3 153.4903992623075 0.04848435579384217
4 153.49039926230753 1.1966216348746095
6 214.8865589672305 0.013883797421485943
9 214.88655896723057 0.01111866988796374

95.19648998715286
1 92.09423955738453 0.09863656496888835
2 153.4903992623075 2.1588199948060898
3 153.4903992623075 0.012942686984301923
4 153.49039926230753 0.07664915496639273
5 214.8865589672305 0.02244741700686239

96.13535862652893
1 92.09423955738453 0.05882081085638958
2 153.4903992623075 0.3110510740004835
3 153.4903992623075 0.4022373954206212
4 153.49039926230753 0.9116388974122733
7 214.8865589672305 0.012841270244356488

96.44255979305201
1 92.09423955738453 0.015864568922269964
2 153.4903992623075 0.14141176279098946
3 153.4903992623075 1.3154841252011777
4 153.49039926230753 0.417991444525117
8 214.8865589672305 0.013472836798052803

97.00712833903458
2 153.4903992623075 0.011542170331665023
6 214.8865589672305 0.04744935538549487
10 214.88655896723057 0.01228337439579119

97.58877617651571
1 92.09423955738453 0.05165099603975922
5 214.8865589672305 0.10430990203702577
6 214.8865589672305 0.012336024100290707

98.23125139714
1 92.09423955738453 0.028825021475806196
5 214.8865589672305 0.027883992522699977
6 214.8865589672305 0.04500802591485023

98.68306859414962
1 92.09423955738453 0.010361829281080702
5 214.8865589672305 0.010576324055875694
6 214.8865589672305 0.019530928121133478
7 214.8865589672305 0.029301144385914357

98.71139297219396
1 92.09423955738453 0.07094891433990913
9 214.88655896723057 0.09133752408780271

100.12358785376708
1 92.09423955738453 0.015711772481594066
2 153.4903992623075 0.08948123043248074
3 153.4903992623075 1.1200137203724356
4 153.49039926230753 0.8606215567556704
10 214.88655896723057 0.013089644196843539

102.62888339358628
2 153.4903992623075 0.02218630476197709
3 153.4903992623075 0.5454947396068606
4 153.49039926230753 0.0233837362666086

103.85236574639202
2 153.4903992623075 0.41107410725286286
3 153.4903992623075 0.0567898971875908
4 153.49039926230753 0.04214435867882978

105.85878626007826
1 92.09423955738453 0.07783840574292715
2 153.4903992623075 0.18384668282237085
4 153.49039926230753 0.6138877593937042
10 214.88655896723057 0.010394041674201373

130.32109494524565

130.32352167898694

131.12205417063487
4 153.49039926230753 0.016937231331923486

131.4219957037502
1 92.09423955738453 0.01222045861780308
2 153.4903992623075 0.026871454363667877
3 153.4903992623075 0.017848984641517775
4 153.49039926230753 0.029903493810579794
9 214.88655896723057 0.012491230166131491

131.91226150752527
1 92.09423955738453 0.026643514874694692
2 153.4903992623075 0.010173704732157467
3 153.4903992623075 0.036145659319703656
4 153.49039926230753 0.03379474277453899
6 214.8865589672305 0.014454966144762878

133.09759040163524
1 92.09423955738453 0.6233209630161489
2 153.4903992623075 0.07646120618371108
3 153.4903992623075 0.12799321902752436
4 153.49039926230753 0.08025718372957649
5 214.8865589672305 0.016885776845029916

133.58752374730676
1 92.09423955738453 0.6323191696138016
2 153.4903992623075 0.1654081168936865
3 153.4903992623075 0.04294816221742709
4 153.49039926230753 0.09247620168322661
5 214.8865589672305 0.013669357663774322

134.47877282717158
1 92.09423955738453 1.1556207234568292
2 153.4903992623075 0.07436404945706157
3 153.4903992623075 0.06483992334080646

135.12056331872438
1 92.09423955738453 0.06112679973157855

135.62443232099338
1 92.09423955738453 0.5177651353581162
3 153.4903992623075 0.030587929295191135
4 153.49039926230753 0.03219588779754341

135.94464522959586
1 92.09423955738453 0.3394698747487085
10 214.88655896723057 0.01656584069739035

136.81251279958448
1 92.09423955738453 0.12069594260137734
2 153.4903992623075 0.07778488329026621
3 153.4903992623075 0.08269902681020957

138.71605217896166
1 92.09423955738453 0.2367008556279705
3 153.4903992623075 0.04459569766979953
4 153.49039926230753 0.06182953241475152

140.41370664437991
4 153.49039926230753 0.027924201379391504
9 214.88655896723057 0.011900973058222356

140.54721096682982
1 92.09423955738453 0.0590617096235793
3 153.4903992623075 0.04123635152521303
6 214.8865589672305 0.016571882967749793

144.68779594271152
1 92.09423955738453 0.05673842432644198

144.69706422580794

147.63875437532886
1 92.09423955738453 0.7436978688294896
4 153.49039926230753 0.01138135396492671

148.57910274986028
1 92.09423955738453 1.6011962058669924
2 153.4903992623075 0.01647655061421609
4 153.49039926230753 0.021865965924820593

150.85301146785102
1 92.09423955738453 1.8087948656232764
2 153.4903992623075 0.0921743394037784
4 153.49039926230753 0.024267708485375246

153.67617240174306

158.26006023239913
2 153.4903992623075 0.015399069744024385
3 153.4903992623075 0.16630803064535274
4 153.49039926230753 0.023753857435066365

159.25213124239795
1 92.09423955738453 0.015065819472046563
2 153.4903992623075 0.09016190760040768
4 153.49039926230753 0.08681020946351732

161.30477931172905
1 92.09423955738453 0.06760936164824498
3 153.4903992623075 0.01474823910425503
10 214.88655896723057 0.01260808422920089

161.89042021910694
1 92.09423955738453 0.013613075987303441
3 153.4903992623075 0.010813143694197523
4 153.49039926230753 0.023862736864870147

162.1176754750784
3 153.4903992623075 0.04450960679574114
6 214.8865589672305 0.4645047623187043
7 214.8865589672305 0.32730218936287675
8 214.8865589672305 0.12618244463852496

162.13051816708364
4 153.49039926230753 0.013633940886902169
5 214.8865589672305 0.12804628715697275
7 214.8865589672305 0.012926236987941634
8 214.8865589672305 0.05181671604787016
9 214.88655896723057 0.6211992309380496

162.36054471212947
3 153.4903992623075 0.3222618077547976
7 214.8865589672305 0.02011882041939189
8 214.8865589672305 1.4837948193176325

162.4136018627722
1 92.09423955738453 0.016518335284952623
4 153.49039926230753 0.021212485236997956

162.88717836394179
2 153.4903992623075 0.06642102679274374
3 153.4903992623075 0.16706898633650075
4 153.49039926230753 0.04661632927082911
5 214.8865589672305 0.09134180306324226
6 214.8865589672305 0.10440102482320826
7 214.8865589672305 0.6344163146093857
8 214.8865589672305 0.4924014099752543
10 214.88655896723057 0.05120578226762645

163.21819425136943
3 153.4903992623075 0.179730445956861
4 153.49039926230753 0.2724913422689088
5 214.8865589672305 0.07151476670111614
6 214.8865589672305 0.15750992134571867
7 214.8865589672305 0.5810754822457204
8 214.8865589672305 0.18700905985960545
9 214.88655896723057 0.5280084840132697

163.7801113274427
1 92.09423955738453 0.031215306363915313
4 153.49039926230753 0.0466580414408332

164.06453430043317
2 153.4903992623075 0.17399447342620736
3 153.4903992623075 0.1101650719367751
4 153.49039926230753 0.525439470450046
5 214.8865589672305 0.1748712057265681
6 214.8865589672305 0.5299271195624825
7 214.8865589672305 0.4844055538317279
8 214.8865589672305 0.08816854328010419
9 214.88655896723057 0.44213081166244445
10 214.88655896723057 0.03955044040411263

164.82377131141217
2 153.4903992623075 0.46463532587637624
3 153.4903992623075 0.022134616802579665
4 153.49039926230753 0.08220386074440598
5 214.8865589672305 0.48664164409551774
6 214.8865589672305 0.2053696167457137
7 214.8865589672305 0.0653154669459401
8 214.8865589672305 0.01995729554687782
9 214.88655896723057 0.17961712461649745

165.99132723312067
2 153.4903992623075 0.015455669400303242
3 153.4903992623075 0.13758582918882017
4 153.49039926230753 0.013038013168522964
5 214.8865589672305 0.01860699520606721
6 214.8865589672305 0.011113175058447397
7 214.8865589672305 0.13215167917556708
9 214.88655896723057 0.04244151876921151

166.46887644187166
2 153.4903992623075 0.08009809619074638
3 153.4903992623075 0.2615921360040709
4 153.49039926230753 0.08528837232047479
6 214.8865589672305 0.017322474163921697
7 214.8865589672305 0.1925436978002601
8 214.8865589672305 0.16051760590053937
9 214.88655896723057 0.042430265816634574
10 214.88655896723057 1.2064373815674632

167.43719710187924
1 92.09423955738453 0.09941216056964931
3 153.4903992623075 0.1056578479173706

167.8194193928206
3 153.4903992623075 0.06603480941718647
4 153.49039926230753 0.12300869332024686
10 214.88655896723057 0.013057228172174437

168.30731649046345
2 153.4903992623075 0.29335480595770597
3 153.4903992623075 0.16819311784420352
4 153.49039926230753 0.19545396855434094
5 214.8865589672305 0.04666189289546653
7 214.8865589672305 0.04046266708721108
8 214.8865589672305 0.0724212662519404
9 214.88655896723057 0.014437625081125343
10 214.88655896723057 2.7777160094772384

168.46837965996093
1 92.09423955738453 0.11306405732700248
3 153.4903992623075 0.014221294237873388
4 153.49039926230753 0.07466793279392805

169.25772238025408

169.25949234944235

169.26413736639702
4 153.49039926230753 0.1234151092525781
7 214.8865589672305 1.1621659483307862
8 214.8865589672305 0.9523529986567463
9 214.88655896723057 0.012045763210708476
10 214.88655896723057 0.04933302685833942

169.76567739215014

169.95258957225323
2 153.4903992623075 0.11000934964638462
3 153.4903992623075 0.0170542964401187
4 153.49039926230753 0.07943741976884598
5 214.8865589672305 0.01140522747399597
7 214.8865589672305 0.011351914371486433
8 214.8865589672305 0.9963047244055581
9 214.88655896723057 0.9746522662578893
10 214.88655896723057 0.02879579437330505

170.72594913863819
1 92.09423955738453 0.09920273037716248
2 153.4903992623075 0.2976893707945426
4 153.49039926230753 0.043215412997979145

171.43461483757616
2 153.4903992623075 0.2627203251893989
3 153.4903992623075 0.036882035225658694
4 153.49039926230753 0.025376782515848444
6 214.8865589672305 1.511659993991057
7 214.8865589672305 0.5199470176363756
10 214.88655896723057 0.04458236524304551

171.9503501633663
1 92.09423955738453 0.03670416015489532
2 153.4903992623075 0.05702653438355154
3 153.4903992623075 0.1323262372825168
9 214.88655896723057 0.010718949375777043

172.1723671536807
2 153.4903992623075 0.03181038740380699
4 153.49039926230753 0.06145328044844209
5 214.8865589672305 0.17586756628856687
6 214.8865589672305 0.09000881938570697
7 214.8865589672305 0.4565884030283253
8 214.8865589672305 0.4516998865608614
9 214.88655896723057 1.3392940446840524
10 214.88655896723057 0.1226713486635683

172.98436795524572
1 92.09423955738453 0.05884024765228266
2 153.4903992623075 0.026984679521651955
3 153.4903992623075 0.01894268498012498
4 153.49039926230753 0.1177686809359319
6 214.8865589672305 0.023194653505115875

173.14122565880618
2 153.4903992623075 0.2429733745698306
3 153.4903992623075 0.051915565616105525
5 214.8865589672305 1.1472312827702762
6 214.8865589672305 0.10680963674303423
7 214.8865589672305 0.1040574029912316
8 214.8865589672305 0.14892545928922415
10 214.88655896723057 0.19959040090088423

174.60407420208
1 92.09423955738453 0.33955194287791846
2 153.4903992623075 0.1950773161161592
3 153.4903992623075 0.028003493124457192
4 153.49039926230753 0.04412874113601367
5 214.8865589672305 0.058940016944064304
6 214.8865589672305 0.011891629469682865

174.92519485794026
2 153.4903992623075 0.06268309656212712
4 153.49039926230753 0.07933525426886005
5 214.8865589672305 0.38026740813606275
6 214.8865589672305 0.879700963130767
7 214.8865589672305 0.22604532145214995
9 214.88655896723057 0.4096677190394139
10 214.88655896723057 0.15412760196468822

175.2239409260996
1 92.09423955738453 0.23644548990655306
2 153.4903992623075 0.12876523675346951
4 153.49039926230753 0.06970871820737247
5 214.8865589672305 0.040437701824165374

176.01941857074308
2 153.4903992623075 0.11893989754121295
4 153.49039926230753 0.07088299224000551
5 214.8865589672305 0.7323210988315181
6 214.8865589672305 0.029418844905163256
7 214.8865589672305 0.11231486761258659
9 214.88655896723057 0.17907300470214554
10 214.88655896723057 0.09091634144698418

176.71116184613496
5 214.8865589672305 1.1101628739726825
6 214.8865589672305 0.5763873655814665
7 214.8865589672305 0.012603197129233608
9 214.88655896723057 0.1284285676268186
10 214.88655896723057 0.025064654320001586

193.3828571549923
2 153.4903992623075 1.047499918946912
3 153.4903992623075 0.04567363423285588
4 153.49039926230753 0.24155565326578607
5 214.8865589672305 0.15888627760287818
6 214.8865589672305 0.035998645329279697
10 214.88655896723057 0.03872599879782818

193.78627514276081
2 153.4903992623075 1.5606242749129628
3 153.4903992623075 0.24856788140436775
4 153.49039926230753 0.01401574193431232
5 214.8865589672305 0.17511414846647272
6 214.8865589672305 0.08721496436673605
10 214.88655896723057 0.06783568613540773

194.88635696020256
2 153.4903992623075 0.012007185830940745
3 153.4903992623075 0.5410313616409226
4 153.49039926230753 1.4253523010739044
5 214.8865589672305 0.013064643959551392
6 214.8865589672305 0.08986730263839252
7 214.8865589672305 0.02082629625092256
8 214.8865589672305 0.04919502274939174
9 214.88655896723057 0.020600504496639326
10 214.88655896723057 0.014681746359346956

195.89682122666542
2 153.4903992623075 0.011929617203673325
3 153.4903992623075 0.5537367718644252
4 153.49039926230753 0.7222955430735868
5 214.8865589672305 0.06659547931712556
8 214.8865589672305 0.06645335589292288
9 214.88655896723057 0.16063548395687857
10 214.88655896723057 0.10404780104343994

196.85115437732128
2 153.4903992623075 0.17477143795671193
6 214.8865589672305 0.2386592484581295
7 214.8865589672305 0.10617188178669097

198.25716501936054
2 153.4903992623075 0.11811762477010342
3 153.4903992623075 1.160722351876407
4 153.49039926230753 0.06391010958608172
7 214.8865589672305 0.0355715150629792
8 214.8865589672305 0.028549411015321033
9 214.88655896723057 0.21892140006421854
10 214.88655896723057 0.18495351239446506

198.7212361590887
2 153.4903992623075 0.07333415053118311
3 153.4903992623075 0.9365829886508824
4 153.49039926230753 0.2677644471807134
6 214.8865589672305 0.0513892565504786
7 214.8865589672305 0.24704398344576384
8 214.8865589672305 0.024365956689599497
9 214.88655896723057 0.031842677163291803
10 214.88655896723057 0.06064149020090678

200.39030881621008
3 153.4903992623075 0.041408097895809404
5 214.8865589672305 0.06370846671951456
8 214.8865589672305 0.10213429263426196

201.33689491045317
3 153.4903992623075 0.020338536869625
4 153.49039926230753 0.5106483618447497
5 214.8865589672305 0.010018719919768123
6 214.8865589672305 0.10520087032000909
7 214.8865589672305 0.010796983751496217
9 214.88655896723057 0.037795642328518
10 214.88655896723057 0.08220926587322198

201.46748239803523
2 153.4903992623075 0.012532397723441424
3 153.4903992623075 0.03818326035241414
5 214.8865589672305 0.03920161346631731
6 214.8865589672305 0.04502595378666328
8 214.8865589672305 0.015083409282292312
9 214.88655896723057 0.04692383052142074

202.0326701517529
2 153.4903992623075 0.020226828334045214
3 153.4903992623075 0.1214732001730097
4 153.49039926230753 0.15757332263375645
5 214.8865589672305 0.019995476277401364
6 214.8865589672305 0.011444745161845977
7 214.8865589672305 0.05890331257290785
8 214.8865589672305 0.07635121196970175
10 214.88655896723057 0.032021560284549035

203.33691468033288
3 153.4903992623075 0.016596490368193155
8 214.8865589672305 0.06455665246044177
9 214.88655896723057 0.03224446673638206

203.9092918049037
2 153.4903992623075 0.01276021214281088
3 153.4903992623075 0.023509555513780003
4 153.49039926230753 0.3094167696514046
5 214.8865589672305 0.013676362349165508
6 214.8865589672305 0.022810374265598662
7 214.8865589672305 0.013598164943726608
8 214.8865589672305 0.012771960725876313
9 214.88655896723057 0.025614423114925705
10 214.88655896723057 0.08753917466947606

204.02794512482075
3 153.4903992623075 0.10660852522144984
7 214.8865589672305 0.03725078649527708
8 214.8865589672305 0.049185646266781735

206.37850148512842
2 153.4903992623075 0.24583200832559765
3 153.4903992623075 0.015346091738957665
5 214.8865589672305 0.03631598807524269

