#nmax= 4 NR= 11 Ntheta= 11 Nphi= 11
#jmax= 2 Nalpha= 11 Nphi= 11 Nchi= 11
#Ntrans= 35
#Nrot= 19

-1215.768819014097 0.0 -1220.8029355816357
-1183.4079494504433 32.36086956365413 -1188.4420660179815
-1183.4078965066105 32.3609225074868 -1188.442013074149
-1183.407826274584 32.36099273951323 -1188.4419428421224
-1155.2633042753685 60.50551473872892 -1160.2974208429066
-1155.2632285193665 60.505590494730754 -1160.297345086905
-1155.2632075248096 60.5056114892879 -1160.2973240923477
-1147.416320761199 68.35249825289839 -1152.4504373287373
-1147.4160681382032 68.3527508758942 -1152.4501847057413
-1146.859677467039 68.90914154705833 -1151.8937940345772
-1146.8594017910507 68.90941722304677 -1151.8935183585888
-1146.8593760687143 68.90944294538309 -1151.8934926362524
-1132.1789866776878 83.58983233640947 -1137.2131032452262
-1132.1783860609623 83.59043295313496 -1137.2125026285007
-1132.1783810074528 83.59043800664446 -1137.2124975749912
-1131.3440067512483 84.424812262849 -1136.3781233187865
-1130.3477248213283 85.42109419276909 -1135.3818413888664
-1130.3474133169054 85.42140569719203 -1135.3815298844436
-1124.7125458438256 91.05627317027178 -1129.7466624113638
-1124.7123100283682 91.05650898572915 -1129.7464265959065
-1122.5447736761862 93.22404533791112 -1127.5788902437246
-1122.5445714720752 93.22424754202217 -1127.5786880396133
-1122.5445390900018 93.22427992409553 -1127.5786556575401
-1121.3500462285783 94.418772785519 -1126.3841627961165
-1121.3500031244798 94.41881588961749 -1126.384119692018
-1121.349919822554 94.41889919154333 -1126.3840363900922
-1097.4192783798755 118.34954063422173 -1102.453394947414
-1097.4172996298187 118.3515193842787 -1102.4514161973568
-1096.3744796138285 119.39433940026885 -1101.4085961813666
-1096.3742955369562 119.39452347714128 -1101.4084121044943
-1096.3719123553547 119.39690665874281 -1101.4060289228928
-1095.90305013337 119.86576888072744 -1100.9371667009082
-1095.7321417659398 120.03667724815767 -1100.766258333478
-1095.7299259035951 120.03889311050233 -1100.7640424711333
-1095.7298774498463 120.03894156425103 -1100.7639940173844
-1095.2142681688229 120.55455084527458 -1100.248384736361
-1095.2142660558488 120.55455295824855 -1100.248382623387
-1095.212925115168 120.55589389892933 -1100.2470416827061
-1090.158809611918 125.61000940217923 -1095.1929261794564
-1089.031524851462 126.73729416263527 -1094.0656414190003
-1089.0314817769024 126.737337237195 -1094.0655983444406
-1089.031333396965 126.73748561713231 -1094.0654499645034
-1086.6022178529506 129.16660116114667 -1091.636334420489
-1086.6021423878408 129.16667662625647 -1091.6362589553792
-1086.521990445504 129.24682856859357 -1091.556107013042
-1086.521911231213 129.24690778288436 -1091.5560277987513
-1086.5218851568636 129.24693385723378 -1091.5560017244018
-1079.1309811922076 136.6378378218898 -1084.1650977597458
-1079.1305685791585 136.63825043493887 -1084.1646851466967
-1079.1304597194264 136.63835929467083 -1084.1645762869648
-1077.491978036681 138.27684097741633 -1082.5260946042192
-1077.491739596151 138.27707941794617 -1082.5258561636895
-1076.177320835531 139.59149817856644 -1081.211437403069
-1076.177308915694 139.5915100984033 -1081.2114254832322
-1076.170752945416 139.5980660686813 -1081.2048695129542
-1074.9691402334947 140.7996787806026 -1080.003256801033
-1074.7209047602823 141.04791425381504 -1079.7550213278205
-1074.7208304983967 141.0479885157007 -1079.7549470659349
-1074.7095272303707 141.0592917837267 -1079.7436437979088
-1071.2171578842979 144.55166112979944 -1076.2512744518363
-1071.2171128251991 144.55170618889824 -1076.2512293927373
-1071.216492561881 144.55232645221622 -1076.2506091294194
-1070.908148724956 144.8606702891414 -1075.942265292494
-1070.9080739453418 144.86074506875556 -1075.94219051288
-1070.9077494312976 144.86106958279976 -1075.9418659988357
-1069.7877020303838 145.98111698371346 -1074.8218185979222
-1069.7875637981808 145.98125521591658 -1074.821680365719
-1069.7875124506083 145.98130656348914 -1074.8216290181465
-1069.4012062607767 146.36761275332057 -1074.435322828315
-1065.9295212694603 149.83929774463707 -1070.9636378369985
-1065.9294983454245 149.839320668673 -1070.9636149129626
-1065.9287656050121 149.84005340908513 -1070.9628821725505
-1065.4775459559346 150.2912730581627 -1070.511662523473
-1065.477200351159 150.29161866293853 -1070.511316918697
-1063.8883918987653 151.88042711533197 -1068.9225084663035
-1063.8883333644364 151.88048564966098 -1068.9224499319746
-1063.887327078881 151.88149193521622 -1068.9214436464194
-1063.6678893629912 152.10092965110618 -1068.7020059305294
-1063.6675490981756 152.1012699159217 -1068.7016656657138
-1063.6674847503425 152.10133426375475 -1068.7016013178809
-1062.8699014874026 152.89891752669485 -1067.9040180549407
-1062.8696753347765 152.89914367932093 -1067.9037919023147
-1062.8695961251995 152.89922288889792 -1067.9037126927376
-1061.6886760219893 154.08014299210805 -1066.7227925895274
-1061.68851177659 154.08030723750733 -1066.7226283441282
-1041.5501862872359 174.2186327268615 -1046.584302854774
-1040.1788317378573 175.5899872762401 -1045.2129483053955
-1040.040245310463 175.72857370363428 -1045.0743618780014
-1040.0402344108752 175.72858460322212 -1045.0743509784136
-1039.8491870971732 175.9196319169242 -1044.8833036647113
-1039.7750360392818 175.9937829748155 -1044.8091526068201
-1039.4401760913636 176.32864292273382 -1044.4742926589017
-1039.4401386802926 176.3286803338048 -1044.4742552478308
-1039.434811895505 176.33400711859233 -1044.4689284630433
-1036.426280455586 179.3425385585114 -1041.4603970231242
-1036.3961533379572 179.37266567614006 -1041.4302699054956
-1036.3923565650455 179.37646244905184 -1041.4264731325836
-1034.833142997914 180.93567601618352 -1039.867259565452
-1034.8317224783123 180.93709653578514 -1039.8658390458504
-1034.83130620649 180.93751280760756 -1039.865422774028
