#nmax= 4 NR= 11 Ntheta= 11 Nphi= 11
#jmax= 2 Nalpha= 11 Nphi= 11 Nchi= 11
#Ntrans= 35
#Nrot= 16

-1192.17654 23.59228 -1197.21065
-1192.17653 23.59229 -1197.21065
-1192.1764 23.59242 -1197.21052
-1176.06346 39.70536 -1181.09758
-1176.06344 39.70538 -1181.09756
-1176.06342 39.7054 -1181.09754
-1148.61626 67.15256 -1153.65037
-1148.61619 67.15262 -1153.65031
-1148.61597 67.15285 -1153.65009
-1145.80916 69.95966 -1150.84328
-1145.80877 69.96005 -1150.84289
-1134.97618 80.79264 -1140.0103
-1134.30823 81.46059 -1139.34234
-1134.30815 81.46067 -1139.34227
-1134.308 81.46082 -1139.34212
-1127.45901 88.30981 -1132.49313
-1127.45858 88.31024 -1132.49269
-1126.6295 89.13932 -1131.66362
-1126.62945 89.13937 -1131.66356
-1126.62928 89.13954 -1131.6634
-1124.50244 91.26638 -1129.53655
-1124.50237 91.26645 -1129.53648
-1122.65421 93.11461 -1127.68833
-1122.65414 93.11468 -1127.68825
-1122.65408 93.11474 -1127.6882
-1121.2486 94.52022 -1126.28272
-1121.24856 94.52026 -1126.28268
-1121.24844 94.52038 -1126.28255
-1117.82969 97.93913 -1122.86381
-1098.51943 117.24939 -1103.55355
-1098.5194 117.24942 -1103.55352
-1098.51935 117.24946 -1103.55347
-1097.70577 118.06305 -1102.73989
-1096.32558 119.44324 -1101.35969
-1096.3255 119.44332 -1101.35962
-1096.32449 119.44433 -1101.3586
-1088.43442 127.3344 -1093.46854
-1088.43442 127.3344 -1093.46854
-1088.43409 127.33473 -1093.4682
-1085.24846 130.52036 -1090.28257
-1085.24806 130.52076 -1090.28218
-1084.82392 130.9449 -1089.85804
-1084.82384 130.94498 -1089.85795
-1084.82376 130.94506 -1089.85788
-1080.42024 135.34858 -1085.45435
-1080.4194 135.34942 -1085.45351
-1080.41933 135.34948 -1085.45345
-1079.69296 136.07586 -1084.72707
-1079.69168 136.07714 -1084.7258
-1075.31976 140.44906 -1080.35388
-1075.31964 140.44918 -1080.35375
-1075.31369 140.45513 -1080.3478
-1074.04928 141.71954 -1079.0834
-1074.04912 141.7197 -1079.08323
-1074.04872 141.7201 -1079.08284
-1073.85683 141.91199 -1078.89095
-1073.85673 141.91209 -1078.89085
-1073.85605 141.91277 -1078.89016
-1073.36808 142.40074 -1078.4022
-1066.41748 149.35134 -1071.45159
-1066.41747 149.35135 -1071.45158
-1066.41732 149.3515 -1071.45144
-1065.88374 149.88508 -1070.91786
-1065.87803 149.89078 -1070.91215
-1065.87803 149.89079 -1070.91214
-1064.78219 150.98663 -1069.8163
-1064.78209 150.98673 -1069.81621
-1064.78031 150.98851 -1069.81442
-1064.14343 151.62539 -1069.17755
-1064.13688 151.63194 -1069.17099
-1062.85908 152.90974 -1067.8932
-1061.7192 154.04962 -1066.75331
-1061.71912 154.04969 -1066.75324
-1061.71881 154.05001 -1066.75293
-1060.68729 155.08153 -1065.7214
-1060.68609 155.08273 -1065.72021
-1059.93542 155.8334 -1064.96953
-1059.93541 155.8334 -1064.96953
-1059.93538 155.83344 -1064.9695
-1059.92628 155.84254 -1064.9604
-1059.92614 155.84267 -1064.96026
-1059.92569 155.84313 -1064.9598
-1059.9023 155.86652 -1064.93641
-1059.90212 155.8667 -1064.93624
-1059.90191 155.86691 -1064.93603
-1040.82725 174.94157 -1045.86137
-1040.79476 174.97406 -1045.82888
-1040.36037 175.40845 -1045.39448
-1040.35533 175.41349 -1045.38945
-1040.35511 175.41371 -1045.38923
-1040.33631 175.43251 -1045.37043
-1040.30876 175.46006 -1045.34288
-1040.30873 175.46009 -1045.34284
-1038.06174 177.70708 -1043.09586
-1031.21403 184.55479 -1036.24815
-1031.21354 184.55528 -1036.24765
-1031.10873 184.66009 -1036.14284
-1031.10832 184.6605 -1036.14243
-1031.10825 184.66057 -1036.14237
-1030.3492 185.41962 -1035.38331
