1.0 0.003073433260553019
1.134 0.003557232191399558
1.268 0.004058939776741088
1.4020000000000001 0.00457795211078387
1.536 0.005113748616863278
1.67 0.005666189835621594
1.804 0.006235488005313335
1.9380000000000002 0.0068219511511281
2.072 0.007425922843684914
2.206 0.008048177180543598
2.34 0.00869048965248609
2.474 0.009355787056887084
2.608 0.010047573652962657
2.742 0.010768892137465952
2.8760000000000003 0.011521345804229545
3.0100000000000002 0.01230465868470962
3.144 0.013117114520068564
3.278 0.013956887761725777
3.412 0.014823615698978655
3.5460000000000003 0.015719110384992126
3.68 0.01664669438738363
3.814 0.017609891923517137
3.9480000000000004 0.01861168429881866
4.082000000000001 0.019654677664509405
4.216 0.02074133619566511
4.35 0.021873305396772146
4.484 0.023050049216888698
4.618 0.024268314506088046
4.752000000000001 0.02552390058310682
4.886 0.0268155362055281
5.0200000000000005 0.028148555004113705
5.154 0.02953577127845388
5.288 0.030995228790953372
5.422000000000001 0.03254685766042503
5.556 0.03421011696156624
5.69 0.03600314404188216
5.824 0.037942693066752804
5.958 0.04004383812139293
6.0920000000000005 0.04231862019267846
6.226 0.04477319020564566
6.36 0.04740366663706813
6.494000000000001 0.05019224153312343
6.628 0.05310682711072919
6.7620000000000005 0.05610781939761907
6.896000000000001 0.05916129079756264
7.03 0.062249913275900404
7.164000000000001 0.06537007118910157
7.298 0.06851374293712865
7.432 0.07164926494269311
7.566000000000001 0.07472007662487817
7.7 0.0776688097691067
7.8340000000000005 0.08047313569991767
7.968 0.08316712187127907
8.102 0.08583271303662277
8.236 0.08857096603022555
8.370000000000001 0.09147495740275005
8.504000000000001 0.09461730994782205
8.638000000000002 0.09805061345547009
8.772 0.10181285200020684
8.906 0.10593239364285845
9.040000000000001 0.11043133123633574
9.174000000000001 0.11532782749088742
9.308 0.12063811289859536
9.442 0.12637856505108683
9.576 0.13256820128758917
9.71 0.13923146237759468
9.844000000000001 0.1464004349758446
9.978 0.1541155876244056
10.112 0.16242507916236648
10.246 0.17138368056050002
10.38 0.18105231396157986
10.514000000000001 0.19149854014632875
10.648 0.2027978538188517
10.782 0.21503555527930082
10.916 0.2283089895523919
11.05 0.2427299375767141
11.184000000000001 0.25842701735538387
11.318000000000001 0.2755481624961853
11.452 0.29426339766111986
11.586 0.31476804550187953
11.72 0.33728623904929594
11.854000000000001 0.36207429702656063
11.988000000000001 0.38942314053895344
12.122 0.41965843707483774
12.256 0.4531366737683086
12.39 0.49023547635430154
12.524000000000001 0.5313385984219487
12.658000000000001 0.5768220732705551
12.792000000000002 0.6270580427352186
12.926 0.6824589824599273
13.06 0.7435705166202703
13.194 0.8111806600934137
13.328000000000001 0.8863858911923338
13.462000000000002 0.9705931760720803
13.596 1.0655163811067325
13.73 1.17324624947689
13.864 1.2964001781599777
13.998000000000001 1.438277980409468
14.132000000000001 1.6029592779051614
14.266 1.7953557087643677
14.4 2.021272605689127
14.534 2.2874983504060635
14.668000000000001 2.6018695825318074
14.802000000000001 2.9731926003783298
14.936 3.4108231590754436
15.07 3.9235915324499913
15.204 4.5176069784377555
15.338000000000001 5.1923621097139625
15.472000000000001 5.934728044703074
15.606000000000002 6.7113886611956
15.74 7.462575362296638
15.874 8.103205842252775
16.008000000000003 8.538419097197464
16.142000000000003 8.693586046622586
16.276000000000003 8.544784565749543
16.41 8.128820164206184
16.544 7.525345764823881
16.678 6.825208410325803
16.812 6.105011240074008
16.946 5.416612148628091
17.080000000000002 4.788386564072795
17.214000000000002 4.2315245892508235
17.348000000000003 3.746641923463134
17.482 3.328801521922843
17.616 2.9707342378176254
17.75 2.6646695180954554
17.884 2.40325970115858
18.018 2.1799694196491353
18.152 1.989169699411204
18.286 1.8260748407993002
18.42 1.6865943229777027
18.554000000000002 1.5671367972445023
18.688000000000002 1.4643968215375154
18.822000000000003 1.3751780455704092
18.956 1.296345862711058
19.09 1.2250043752033124
19.224 1.1588798996838074
19.358 1.096691430776262
19.492 1.038214822052669
19.626 0.9839646817555402
19.76 0.9347154507919564
19.894000000000002 0.8911354219403679
20.028000000000002 0.8536321530882295
20.162000000000003 0.8223440311408962
20.296 0.7971703672085247
20.43 0.7777646294042415
20.564 0.7634624099975916
20.698 0.7531648271790274
20.832 0.7452600211897528
20.966 0.737724342484881
21.1 0.728518361366146
21.234 0.716189258969581
21.368000000000002 0.7003140661484323
21.502000000000002 0.6814153957896913
21.636000000000003 0.6603897478695694
21.77 0.6378982405899731
21.904 0.6141500049274189
22.038 0.5891423598642724
22.172 0.5630666957707924
22.306 0.536514835136705
22.44 0.5103597643694844
22.574 0.4854746495113826
22.708000000000002 0.4625147523966505
22.842000000000002 0.4418508179646852
22.976000000000003 0.4236141062054425
23.110000000000003 0.4077808818023637
23.244 0.3942479811556138
23.378 0.38288022865897087
23.512 0.3735282943733864
23.646 0.36602367080220616
23.78 0.36015980898639643
23.914 0.35566869097864895
24.048000000000002 0.35220232529251383
24.182000000000002 0.3493291720439052
24.316000000000003 0.3465580658830104
24.450000000000003 0.3434055627274458
24.584000000000003 0.3395090412189269
24.718 0.33474288999503526
24.852 0.329261667286818
24.986 0.32343513295929677
25.12 0.31772044693434165
25.254 0.31254337389195397
25.388 0.3082261862514044
25.522000000000002 0.3049632563482966
25.656000000000002 0.3028309086685568
25.790000000000003 0.30181857858078087
25.924000000000003 0.3018745142413031
26.058 0.3029602049591777
26.192 0.3050985596997973
26.326 0.3083945999195117
26.46 0.313015221738476
26.594 0.3191270270462321
26.728 0.32679992826512244
26.862000000000002 0.3358953831477299
26.996000000000002 0.34597688505359436
27.130000000000003 0.35630258789982217
27.264000000000003 0.36595961629110635
27.398000000000003 0.37412639642515616
27.532 0.3803101704686874
27.666 0.3843534740762887
27.8 0.3861798060611428
27.934 0.38551743054105136
28.068 0.38189675604695333
28.202 0.37497518279142455
28.336000000000002 0.3649254683413714
28.470000000000002 0.35254792601349744
28.604000000000003 0.33902510577846
28.738000000000003 0.3255376554630066
28.872 0.31299334517301347
29.006 0.3019496399951959
29.14 0.292668407812182
29.274 0.28521493820243304
29.408 0.27954794410729084
29.542 0.2755831626851294
29.676000000000002 0.2732319389630411
29.810000000000002 0.2724217771867628
29.944000000000003 0.2731056609858078
30.078000000000003 0.27526552441033936
30.212000000000003 0.2789144509824022
30.346 0.2841019912152524
30.48 0.290925754886685
30.614 0.29954803785644024
30.748 0.31020999709139174
30.882 0.32323392982082194
31.016000000000002 0.33900924187543247
31.150000000000002 0.3579618930989955
31.284000000000002 0.38050197582816664
31.418000000000003 0.4069319181564184
31.552000000000003 0.4372877291389918
31.686000000000003 0.4710886880167084
31.82 0.5070051247351559
31.954 0.5425450326176682
32.088 0.5740058896229325
32.222 0.5970252525133678
32.356 0.6078471196237205
32.49 0.6048129830683916
32.624 0.5891073305349369
32.758 0.564186490041551
32.892 0.5343472011482036
33.026 0.5034011749062285
33.160000000000004 0.4740216899915516
33.294000000000004 0.4477079072578469
33.428000000000004 0.42505149739625897
33.562000000000005 0.40605365403271654
33.696000000000005 0.3903857014674464
33.830000000000005 0.37758139562308246
33.964 0.3671758545145434
34.098 0.3587928691632209
34.232 0.35217163564499
34.366 0.3471413648823805
34.5 0.34357805023588434
34.634 0.3413772266507856
34.768 0.3404509098610581
34.902 0.3407346795364774
35.036 0.34218902125780276
35.17 0.34478981795599
35.304 0.3485105800027596
35.438 0.3533002845286723
35.572 0.3590627326804346
35.706 0.3656482897214589
35.84 0.3728699667566299
35.974000000000004 0.3805454720272207
36.108000000000004 0.38854709973641477
36.242000000000004 0.396830166039076
36.376000000000005 0.4054272727064225
36.510000000000005 0.41442631778766936
36.644000000000005 0.423954008508331
36.778 0.4341577076304185
36.912 0.4451635426267027
37.046 0.45701496111880563
37.18 0.4696294357900764
37.314 0.4828117368400685
37.448 0.49632828596117756
37.582 0.5100042468241784
37.716 0.5237928651162962
37.85 0.5377996456962539
37.984 0.5522745024008289
38.118 0.5675763915293363
38.252 0.5841078948166161
38.386 0.6022420941996761
38.52 0.6222814156257679
38.654 0.6444663825436819
38.788000000000004 0.6690132251718233
38.922000000000004 0.6961397700172316
39.056000000000004 0.7260545008147409
39.190000000000005 0.7589179889376871
39.324000000000005 0.7948101118145393
39.458000000000006 0.8337407797040259
39.592 0.8757291172289261
39.726 0.920939134728619
39.86 0.9698069412141591
39.994 1.0230803493243035
40.128 1.081755029362219
40.262 1.1469716548496514
40.396 1.219949842449776
40.53 1.301986213549566
40.664 1.394501160009208
40.798 1.4991097219957752
40.932 1.6177020409333036
41.066 1.7525302089673036
41.2 1.9063044918759615
41.334 2.0823030683687134
41.468 2.284497390815003
41.602000000000004 2.517692132038313
41.736000000000004 2.787675458805367
41.870000000000005 3.1013691563785284
42.004000000000005 3.4669514557599164
42.138000000000005 3.8938875673333
42.272000000000006 4.392730703031757
42.406000000000006 4.974439689399682
42.54 5.648802856119283
42.674 6.4213939178265305
42.808 7.288418587409642
42.942 8.22914782620401
43.076 9.197007606002058
43.21 10.113425571284674
43.344 10.87228595147032
43.478 11.362636128404676
43.612 11.506864967528989
43.746 11.294466154779238
43.88 10.787165344588756
44.014 10.091565081477013
44.148 9.320078438343675
44.282000000000004 8.563217018009858
44.416000000000004 7.8805590259348435
44.550000000000004 7.30463143209972
44.684000000000005 6.849426126637309
44.818000000000005 6.518424644317976
44.952000000000005 6.31032713288544
45.086000000000006 6.222416871348585
45.220000000000006 6.251984752086829
45.354 6.396143243515346
45.488 6.6500925672549975
45.622 7.003705293186607
45.756 7.436424068921534
45.89 7.911316130018541
46.024 8.371065072020778
46.158 8.741086023011649
46.292 8.944739779359251
46.426 8.928638623213233
46.56 8.684716836416507
46.694 8.253086321117626
46.828 7.70338821815839
46.962 7.108587160010347
47.096000000000004 6.526560393664815
47.230000000000004 5.9943842285153535
47.364000000000004 5.531399301298046
47.498000000000005 5.145203809456177
47.632000000000005 4.836784659971171
47.766000000000005 4.603538762625304
47.900000000000006 4.440446807677745
48.034000000000006 4.340082613344483
48.168000000000006 4.292121254332578
48.302 4.283123912380172
48.436 4.297556392780926
48.57 4.320527908091945
48.704 4.341126495584651
48.838 4.353670447765898
48.972 4.355103633211717
49.106 4.34019351130723
49.24 4.2987191402023335
49.374 4.217759081300685
49.508 4.0881968175192105
49.642 3.9106763986702204
49.776 3.6962587824824524
49.910000000000004 3.4616380894634693
50.044000000000004 3.223092364088998
50.178000000000004 2.992957505034683
50.312000000000005 2.779092323423918
50.446000000000005 2.585700074264117
50.580000000000005 2.4141679025391816
50.714000000000006 2.263714482592287
50.848000000000006 2.1321439033592715
50.982000000000006 2.016786788074553
51.116 1.9153394045117351
51.25 1.8262545974820275
51.384 1.7486282235081598
51.518 1.6817929913884806
51.652 1.6248411155734481
51.786 1.5762216223998258
51.92 1.5335686904183004
52.054 1.493926490781663
52.188 1.4543958172772593
52.322 1.4129479750586214
52.456 1.3689602732519996
52.59 1.3231661984280103
52.724000000000004 1.2770981000148245
52.858000000000004 1.2323776112712768
52.992000000000004 1.1901968057985726
53.126000000000005 1.1511514154829996
53.260000000000005 1.1153890094379455
53.394000000000005 1.0828970780051939
53.528000000000006 1.053732635110852
53.662000000000006 1.0280880974074358
53.79600000000001 1.0062248671839285
53.93 0.9883784820890241
54.064 0.9746960672762315
54.198 0.9651853389780817
54.332 0.9596466903343894
54.466 0.9576228454495385
54.6 0.9584444438894688
54.734 0.961418561232651
54.868 0.9661086706536941
55.002 0.9725569607401578
55.136 0.981313806866162
55.27 0.9932891255138309
55.404 1.0095723654207474
55.538000000000004 1.0313377493435147
55.672000000000004 1.0598326849312008
55.806000000000004 1.0963949024916666
55.940000000000005 1.142473504520294
56.074000000000005 1.1996581191381104
56.208000000000006 1.2697133752407148
56.342000000000006 1.3545969088222969
56.476000000000006 1.4564281868968179
56.61000000000001 1.5773703228205604
56.744 1.7193822171672197
56.878 1.883794834162688
57.012 2.0706567149954664
57.146 2.277758702484954
57.28 2.499222269920903
57.414 2.7237455558464427
57.548 2.9333411092713306
57.682 3.104381346948648
57.816 3.2126145035534077
57.95 3.2412160891419677
58.084 3.1874249008534328
58.218 3.063225614280349
58.352000000000004 2.890041838933088
58.486000000000004 2.6914670878059876
58.620000000000005 2.487796149164041
58.754000000000005 2.2935703854057925
58.888000000000005 2.117545285867475
59.022000000000006 1.9639272124760254
59.156000000000006 1.8338783237117406
59.290000000000006 1.7267428070617556
59.42400000000001 1.6408687515305684
59.55800000000001 1.5741012943442918
59.692 1.5240415591819159
59.826 1.4881293985215003
59.96 1.463597064856497
60.094 1.4473768026124103
60.228 1.436101717207625
60.362 1.4263472683403156
60.496 1.4151462672903936
60.63 1.4005712475224121
60.764 1.3820173499808837
60.898 1.3600209808391746
61.032000000000004 1.3358540032558441
61.166000000000004 1.3112077823193047
61.300000000000004 1.287988275234315
61.434000000000005 1.2680759263025
61.568000000000005 1.253034810680399
61.702000000000005 1.2438997289146776
61.836000000000006 1.241145030950203
61.970000000000006 1.2448280029256082
62.104000000000006 1.2548099678720859
62.23800000000001 1.2709244760626135
62.37200000000001 1.2930078712916246
62.506 1.3208192866689055
62.64 1.3539547580696618
62.774 1.3918193126974538
62.908 1.4336131696077687
63.042 1.4782640785645436
63.176 1.5243725173303018
63.31 1.5703685457174392
63.444 1.6149587777719783
63.578 1.657638772268181
63.712 1.6989580734593739
63.846000000000004 1.7404723071540493
63.980000000000004 1.7845133844457128
64.114 1.8338566968112502
64.248 1.8913300466209784
64.382 1.9594898740997784
64.516 2.0404845525138464
64.65 2.1361001910715918
64.784 2.2478973414170857
64.918 2.377364430727849
65.052 2.5260803004620813
65.186 2.6959246362547695
65.32000000000001 2.8893666799821407
65.45400000000001 3.109798126857801
65.58800000000001 3.3618009053525455
65.72200000000001 3.651248139427625
65.85600000000001 3.985261590306486
65.99000000000001 4.372168333808741
66.12400000000001 4.821572082194948
66.25800000000001 5.344490296316617
66.39200000000001 5.953307674311909
66.52600000000001 6.661143600329746
66.66000000000001 7.48014311461285
66.794 8.418113779234995
66.928 9.472875982085705
67.062 10.624079007344184
67.196 11.823838849959811
67.33 12.990931685473
67.464 14.017092193853248
67.598 14.792957775796614
67.732 15.249179559296673
67.866 15.390414453976868
68.0 15.297502970423684
68.134 15.096298157057577
68.268 14.916292061429077
68.402 14.861997742543682
68.536 15.002349429446896
68.67 15.370150134467075
68.804 15.961997804252846
68.938 16.733757775746422
69.072 17.59280998060079
69.206 18.395172452635833
69.34 18.96108918262551
69.474 19.118729382757596
69.608 18.765006711162208
69.742 17.90804656861738
69.876 16.65962153147911
70.01 15.183781309299633
70.144 13.63871915132968
70.278 12.142020888517214
70.412 10.763522723960962
70.546 9.534312166771088
70.68 8.460033564756172
70.81400000000001 7.532244164247957
70.94800000000001 6.736145768060007
71.08200000000001 6.05514414831682
71.21600000000001 5.473225546890755
71.35000000000001 4.976015068277369
71.48400000000001 4.551096867757597
71.61800000000001 4.187934778160787
71.75200000000001 3.877581315994839
71.88600000000001 3.612280089323281
72.02000000000001 3.3850278502956757
72.15400000000001 3.1891703120618007
72.28800000000001 3.0181656789856395
72.42200000000001 2.865713855838528
72.556 2.7263691991547345
72.69 2.5964020517752617
72.824 2.4742799110750084
72.958 2.360252978030867
73.092 2.255209616343986
73.226 2.159498640631554
73.36 2.0723252882562475
73.494 1.9919153528315081
73.628 1.916264091105929
73.762 1.8439842345033157
73.896 1.7746736019055862
74.03 1.708580407476662
74.164 1.6459319450559682
74.298 1.586508638819333
74.432 1.5297127326184958
74.566 1.4749058909608375
74.7 1.4216349655507692
74.834 1.3696207218192222
74.968 1.3186983115618662
75.102 1.2688929380280387
75.236 1.2205558855709193
75.37 1.1743433222256006
75.504 1.1309663692704008
75.638 1.0908659894046548
75.772 1.0540115410757214
75.906 1.0199133758778738
76.04 0.987834068504264
76.174 0.9571111669423705
76.308 0.9274375363842591
76.44200000000001 0.8989456837977845
76.57600000000001 0.8720704174288441
76.71000000000001 0.8473118164060873
76.84400000000001 0.8250387282000212
76.97800000000001 0.8053859514548348
77.11200000000001 0.7882252830533781
77.24600000000001 0.7731789428692807
77.38000000000001 0.7596676831842725
77.51400000000001 0.7470070942430808
77.64800000000001 0.7345577956146919
77.78200000000001 0.7218972291787399
77.91600000000001 0.7089422878128946
78.05000000000001 0.6959546995349319
78.184 0.6834217271892636
78.318 0.671878699021122
78.452 0.6617581253285338
78.586 0.6533090490276054
78.72 0.6465852700782777
78.854 0.64148762239616
78.988 0.6378512917608792
79.122 0.6355623248241027
79.256 0.6346595750824015
79.39 0.6353665206737005
79.524 0.6380369988266466
79.658 0.6430553230989854
79.792 0.6507413133487967
79.926 0.6612760426228274
80.06 0.6746353179469412
80.194 0.6905194792702654
80.328 0.7082828334318748
80.462 0.7268719709730266
80.596 0.7447858246032939
80.73 0.7601056347774505
80.864 0.7707145213038598
80.998 0.7748199855322262
81.132 0.7716551919101352
81.266 0.7619188871841338
81.4 0.747579296968526
81.534 0.7311691015660358
81.668 0.7150559091207682
81.802 0.701036319254378
81.936 0.6902722505888517
82.07000000000001 0.6834182721218204
82.20400000000001 0.6807984892547001
82.33800000000001 0.6825580936898147
82.47200000000001 0.6887663265516414
82.60600000000001 0.6994728428817045
82.74000000000001 0.7147266397734218
82.87400000000001 0.7345643684416077
83.00800000000001 0.7589676858251693
83.14200000000001 0.7877820814629436
83.27600000000001 0.8205948591435727
83.41000000000001 0.8566037779490467
83.54400000000001 0.8945620913002514
83.67800000000001 0.9329077496423276
83.81200000000001 0.9701127992010595
83.946 1.0051337966883118
84.08 1.0377382959243107
84.214 1.0685752943165148
84.348 1.0990641912034336
84.482 1.1312142972536896
84.616 1.167321113566768
84.75 1.2094212553924384
84.884 1.258558545814718
85.018 1.3140975367929477
85.152 1.3733644617629506
85.286 1.431860830879128
85.42 1.4841577852024457
85.554 1.5252469657653667
85.688 1.5518199169331979
85.822 1.5630636750474698
85.956 1.5609019482189834
86.09 1.549645117307786
86.224 1.5349418454800898
86.358 1.5222488802521597
86.492 1.5154378310440424
86.626 1.51609794437977
86.76 1.5237096215525947
86.894 1.5365139724543169
87.028 1.5526262064451422
87.162 1.5707781457534837
87.296 1.5903151732872054
87.43 1.6107062573257411
87.56400000000001 1.631232520329028
87.69800000000001 1.6512210398887601
87.83200000000001 1.670548295472419
87.96600000000001 1.689891099456939
88.10000000000001 1.7105244670124808
88.23400000000001 1.7338584127006855
88.36800000000001 1.7610031297416397
88.50200000000001 1.7925992814055094
88.63600000000001 1.8291013829056173
88.77000000000001 1.8714932740065011
88.90400000000001 1.9220087775462988
89.03800000000001 1.9842933164187135
89.17200000000001 2.0628916384545835
89.30600000000001 2.1624871492668687
89.44000000000001 2.2873461605700136
89.57400000000001 2.4410764776738474
89.708 2.6265696229372346
89.842 2.845994779025162
89.976 3.100758700851773
90.11 3.391242598785606
90.244 3.7159170321114745
90.378 4.06948624650777
90.512 4.440376905293028
90.646 4.808848233732488
90.78 5.14728130126596
90.914 5.423293400526335
91.048 5.605228522114686
91.182 5.6694676413684775
91.316 5.6083954452536195
91.45 5.435228854399027
91.584 5.181252704554133
91.718 4.886019127891062
91.852 4.586452812702926
91.986 4.310208397398339
92.12 4.074270807362702
92.254 3.886878631962851
92.388 3.7505563089054554
92.522 3.6648417320282975
92.656 3.6280764885769066
92.79 3.63821466312244
92.924 3.6930476599280513
93.058 3.790427105742122
93.19200000000001 3.9288838946610865
93.32600000000001 4.108512317435532
93.46000000000001 4.33140293864474
93.59400000000001 4.600824624048676
93.72800000000001 4.918967662089544
93.86200000000001 5.283833188024731
93.99600000000001 5.686412599308525
94.13000000000001 6.109882395646787
94.26400000000001 6.532901323809461
94.39800000000001 6.937761639030622
94.53200000000001 7.320209066107244
94.66600000000001 7.694179763294993
94.80000000000001 8.086697248907702
94.93400000000001 8.525016852090307
95.06800000000001 9.022498868457067
95.20200000000001 9.568536085781652
95.33600000000001 10.12553495807082
95.47 10.63550611648461
95.604 11.037021819595976
95.738 11.286241317537423
95.872 11.36836068960026
96.006 11.290331373235787
96.14 11.06240921299216
96.274 10.686896898377137
96.408 10.164170277879078
96.542 9.507931953772749
96.676 8.753150523054208
96.81 7.949328125960994
96.944 7.146176449805866
97.078 6.382447115215921
97.212 5.682143625314458
97.346 5.056153625855436
97.48 4.505974185527637
97.614 4.027412750526334
97.748 3.6134355468877977
97.882 3.256049021990996
98.016 2.947390918447634
98.15 2.680274746194569
98.284 2.4483988801837953
98.418 2.2463705820893525
98.552 2.06963965807176
98.686 1.9143962617615864
98.82000000000001 1.777461693868586
98.95400000000001 1.656185983966203
99.08800000000001 1.548357766160828
99.22200000000001 1.452127712324737
99.35600000000001 1.3659447912483091
99.49000000000001 1.288503825042245
99.62400000000001 1.218702619761059
99.75800000000001 1.1556070325486354
99.89200000000001 1.0984225343295713
100.02600000000001 1.0464710516624678
100.16000000000001 0.9991720853740207
100.29400000000001 0.9560272916798325
100.42800000000001 0.9166078695550613
100.56200000000001 0.8805442267298454
100.69600000000001 0.8475174976213569
100.83000000000001 0.8172525614236449
100.96400000000001 0.7895122594154962
101.098 0.7640925397344157
101.232 0.740818267967785
101.366 0.7195394429268751
101.5 0.7001275896090065
101.634 0.6824722681829127
101.768 0.6664781003756344
101.902 0.6520635393574906
102.036 0.6391633324742422
102.17 0.627735915294127
102.304 0.6177737826315827
102.438 0.6093112851673552
102.572 0.6024250372617533
102.706 0.5972276222298891
102.84 0.5938590877664233
102.974 0.5924784058337902
103.108 0.5932514582172299
103.242 0.5963272875361131
103.376 0.6017912018774216
103.51 0.6095822307886013
103.644 0.6193677186329077
103.778 0.6303898101033812
103.912 0.6413483165037591
104.046 0.6504503162842409
104.18 0.6557665935410368
104.31400000000001 0.6558772707207273
104.44800000000001 0.6504923233964518
104.58200000000001 0.6406106046707218
104.71600000000001 0.6280908804590574
104.85000000000001 0.6149589860685402
104.98400000000001 0.602870422364489
105.11800000000001 0.5928906861973606
105.25200000000001 0.5855071611259308
105.38600000000001 0.580726480704522
105.52000000000001 0.5781748921898706
105.65400000000001 0.5772043347224596
105.78800000000001 0.5770556241273045
105.92200000000001 0.5771031450997016
106.05600000000001 0.577103712715619
106.19000000000001 0.5772964177961317
106.32400000000001 0.578271795953373
106.45800000000001 0.5806930884245078
106.59200000000001 0.585024567571827
106.72600000000001 0.5913574457240165
106.86 0.5993463062284821
106.994 0.6082626016747131
107.128 0.6171950758909748
107.262 0.6253865819235834
107.396 0.6325721017326958
107.53 0.6391048283864712
107.664 0.6457700183859204
107.798 0.6534020371242802
107.932 0.6625102314367167
108.066 0.6730373454503285
108.2 0.6842709063958219
108.334 0.6949155784876608
108.468 0.7033694099138321
108.602 0.7082084050566373
108.736 0.708735691741959
108.87 0.7053165019913824
109.004 0.6992797444435233
109.138 0.6924440957839707
109.272 0.6865720437873448
109.406 0.6830263575565182
109.54 0.682688631791868
109.674 0.686041663772192
109.808 0.69329825727341
109.94200000000001 0.7045103658519142
110.07600000000001 0.719644558754116
110.21000000000001 0.738640122740826
110.34400000000001 0.7614728854058722
110.47800000000001 0.7882291915505051
110.61200000000001 0.8191607514213328
110.74600000000001 0.8546801711259071
110.88000000000001 0.895297497791178
111.01400000000001 0.941555441116193
111.14800000000001 0.9940297117999617
111.28200000000001 1.0534009359636993
111.41600000000001 1.1205128768792396
111.55000000000001 1.1962821654764615
111.68400000000001 1.2813816130952886
111.81800000000001 1.3757521112969615
111.95200000000001 1.4781115308441601
112.08600000000001 1.5856960595429856
112.22000000000001 1.6945164986085055
112.35400000000001 1.8003757197335755
112.488 1.9005913009596713
112.622 1.9957378706602422
112.756 2.0902608485981475
112.89 2.1913116363836354
113.024 2.3063937576774514
113.158 2.4410803565408266
113.292 2.597663787604906
113.426 2.7749112512229868
113.56 2.9686702960935345
113.694 3.1726739292985373
113.828 3.37860415211187
113.962 3.5751127743078777
114.096 3.747225176039099
114.23 3.8785963463491093
114.364 3.9573596571794285
114.498 3.982399841232329
114.632 3.9648514363555423
114.766 3.9227909361695557
114.9 3.8725450491747977
115.034 3.821977649763844
115.168 3.768882664009374
115.302 3.704570185463955
115.436 3.620408889231398
115.57000000000001 3.513451431885184
115.70400000000001 3.3877215870591604
115.83800000000001 3.2511100270536923
115.97200000000001 3.1111786438840365
116.10600000000001 2.9731363770206176
116.24000000000001 2.8405489284301133
116.37400000000001 2.717038956544584
116.50800000000001 2.6070781236388756
116.64200000000001 2.5154528211749354
116.77600000000001 2.446273509523576
116.91000000000001 2.4024079547760007
117.04400000000001 2.3855251588819475
117.17800000000001 2.3964749625320185
117.31200000000001 2.4356996456526097
117.44600000000001 2.5035144233840936
117.58000000000001 2.6001982511706454
117.71400000000001 2.725886965565172
117.84800000000001 2.8803286804042085
117.98200000000001 3.0626836453529567
118.11600000000001 3.2716743757769127
118.25 3.5063601562511715
118.384 3.7673863051122685
118.518 4.057789409152069
118.652 4.3821055084807465
118.786 4.743390518041416
118.92 5.139250878045408
119.054 5.558943003599348
119.188 5.983790054118177
119.322 6.392391569072797
119.456 6.769398347642067
119.59 7.112791195903157
119.724 7.433827861314025
119.858 7.748313754448142
119.992 8.063226095424675
120.126 8.364562889916147
120.26 8.612068093058241
120.394 8.746032413253705
120.528 8.707808546337144
120.662 8.466339044356625
120.796 8.03443125618299
120.93 7.46325563521576
121.06400000000001 6.8203608342912
121.19800000000001 6.167119616246267
121.33200000000001 5.546574980659279
121.46600000000001 4.982099515741866
121.60000000000001 4.481948930066164
121.73400000000001 4.045194821768041
121.86800000000001 3.666647848981197
122.00200000000001 3.3399714255657544
122.13600000000001 3.059106396208304
122.27000000000001 2.818622353511108
122.40400000000001 2.6136599844144217
122.53800000000001 2.4398485013454074
122.67200000000001 2.2932908852093847
122.80600000000001 2.170581631456127
122.94000000000001 2.0688158362516926
123.07400000000001 1.9855757604973023
123.20800000000001 1.9188993570245114
123.34200000000001 1.8672404959541222
123.47600000000001 1.8294292496502755
123.61000000000001 1.8046376243272328
123.74400000000001 1.7923536358100292
123.87800000000001 1.7923650393669932
124.012 1.8047531425592374
124.146 1.8298966255215974
124.28 1.8684848329491675
124.414 1.9215392415377328
124.548 1.9904403404739512
124.682 2.0769545193172574
124.816 2.183251370444488
124.95 2.3118964335107655
125.084 2.465800273646788
125.218 2.6481080582782317
125.352 2.8620324500834915
125.486 3.1106611490435054
125.62 3.3967570291793154
125.754 3.7224131391203885
125.888 4.0881151255961985
126.022 4.490592387644871
126.156 4.919272968605609
126.29 5.3523160454635645
126.424 5.754718676513112
126.558 6.082079922897484
126.69200000000001 6.292361249424255
126.82600000000001 6.362494414466262
126.96000000000001 6.300093301260691
127.09400000000001 6.1414808393266025
127.22800000000001 5.937622273416291
127.36200000000001 5.738151434881254
127.49600000000001 5.581866104490333
127.63000000000001 5.494891554845435
127.76400000000001 5.49331364987174
127.89800000000001 5.586925532529541
128.032 5.7821907237003405
128.166 6.083631023425501
128.3 6.493243660274368
128.43400000000003 7.007611802120177
128.568 7.612521045848975
128.702 8.275578411874251
128.836 8.939161385772065
128.97000000000003 9.519093554326629
129.104 9.916427679005828
129.238 10.045224232695237
129.372 9.865913547088386
129.506 9.402701962290609
129.64000000000001 8.731556669911857
129.774 7.948243071752562
129.90800000000002 7.1381576876778565
130.042 6.3612580740942475
130.17600000000002 5.651232507182524
130.31 5.0217645511883315
130.44400000000002 4.473963024686259
130.578 4.00224788801519
130.71200000000002 3.598192477916985
130.846 3.252722232106939
130.98000000000002 2.957227601165479
131.114 2.7040380917955567
131.24800000000002 2.486552462061476
131.382 2.2992003570603163
131.51600000000002 2.1373322540197917
131.65 1.9970879862160793
131.78400000000002 1.87526827744071
131.918 1.7692203770601678
132.05200000000002 1.6767424129349857
132.186 1.596007336429909
132.32000000000002 1.5255035996003843
132.454 1.463986335116703
132.588 1.4104330509622678
132.722 1.3640024461298474
132.856 1.3239990805640882
132.99 1.2898463234218602
133.124 1.2610671917576206
133.258 1.2372709322549993
133.392 1.2181432587044467
133.526 1.2034389603309217
133.66 1.1929762801950965
133.794 1.1866328325068236
133.928 1.184342983898454
134.062 1.186096686126471
134.196 1.1919397826921925
134.33 1.2019758446903326
134.464 1.2163696265226416
134.598 1.2353522652893325
134.732 1.259228367210825
134.866 1.2883851090474725
