rotational analysis para
#nmax= 4 NR= 11 Ntheta= 11 Nphi= 11
#jmax= 2 Nalpha= 11 Nphi= 11 Nchi= 11
0.0
1 0.0 0.9450665229621625
2 37.1584 0.018040335668507507
3 37.1584 0.018040392546230393
4 37.1584 0.018039994889677155

32.36086956365413
1 0.0 0.24591167365358316
3 37.1584 0.7302907370039823

32.3609225074868
1 0.0 0.24591301647628225
2 37.1584 0.7302892824160075

32.36099273951323
1 0.0 0.24591050439760678
4 37.1584 0.7302920817069568

60.50551473872892
1 0.0 0.6761467093709916
2 37.1584 0.01626231619626482
3 37.1584 0.01626246418892405
4 37.1584 0.2854183603195331

60.505590494730754
1 0.0 0.6761433454311327
2 37.1584 0.2854208375776133
3 37.1584 0.01626272026385412
4 37.1584 0.016262212793689713

60.5056114892879
1 0.0 0.6761450151854705
2 37.1584 0.016262685450831253
3 37.1584 0.28541937927899275
4 37.1584 0.016262185872696937

68.35249825289839
1 0.0 0.05019526419015973
2 37.1584 0.08895518111017897
4 37.1584 0.14198832029887498
5 70.13276757597772 0.3184539478466924
6 70.13276757597772 0.024563636294467745
13 95.24480000000003 0.019862248220180848
17 136.5872324240223 0.027602235787829044
19 136.5872324240223 0.303892673801614

68.3527508758942
1 0.0 0.05019524419210231
2 37.1584 0.06935723172011454
3 37.1584 0.15178577393568382
4 37.1584 0.01632424621940884
5 70.13276757597772 0.0361542195370667
6 70.13276757597772 0.21577756635850454
13 95.24480000000003 0.17594092042719048
17 136.5872324240223 0.2415247734027694
19 136.5872324240223 0.034642567807650966

68.90914154705833
1 0.0 0.03258197327118361
2 37.1584 0.07734199328252228
3 37.1584 0.0773428257543214
9 70.13276757597772 0.27265367921086775
14 95.24480000000003 0.2411935636908246
18 136.5872324240223 0.29298697005386853

68.90941722304677
1 0.0 0.03257655672663316
3 37.1584 0.07733418708026825
4 37.1584 0.07733500877980981
7 70.13276757597772 0.26830967218718516
10 95.24479999999997 0.012196310728796317
11 95.24480000000003 0.23421009089078473
16 136.5872324240223 0.2903489016262036

68.90944294538309
1 0.0 0.03257630625865532
2 37.1584 0.0773344520374412
4 37.1584 0.07733392655307102
8 70.13276757597772 0.2683099795673239
10 95.24479999999997 0.012196332749919202
12 95.24480000000003 0.23421048080152915
15 136.5872324240223 0.29034915566519026

83.58983233640947
1 0.0 0.2462693674963182
2 37.1584 0.26171217382370926
3 37.1584 0.26171483086637987
9 70.13276757597772 0.06788071066250186
14 95.24480000000003 0.09524502948142713
18 136.5872324240223 0.05019461370868378

83.59043295313496
1 0.0 0.24626709124411097
2 37.1584 0.26172398042297484
4 37.1584 0.2617275197726671
8 70.13276757597772 0.06526355088013536
12 95.24480000000003 0.09104076990202464
15 136.5872324240223 0.04860322771120496

83.59043800664446
1 0.0 0.24626657234864213
3 37.1584 0.261730727580435
4 37.1584 0.2617204281479491
7 70.13276757597772 0.06526389604874022
11 95.24480000000003 0.09104115254441682
16 136.5872324240223 0.04860354865976468

84.424812262849
1 0.0 0.36043714062567445
2 37.1584 0.20313560388370797
3 37.1584 0.20315515974071888
4 37.1584 0.2032049490073688

85.42109419276909
1 0.0 0.24166185105225788
2 37.1584 0.2620379314698756
3 37.1584 0.156534828929466
4 37.1584 0.016383639590239207
5 70.13276757597772 0.010168003130305527
6 70.13276757597772 0.09478892257248162
13 95.24480000000003 0.12230180517400276
17 136.5872324240223 0.07700680592673517

85.42140569719203
1 0.0 0.24164594969434186
2 37.1584 0.027960336884729983
3 37.1584 0.13344696976771014
4 37.1584 0.273553915545146
5 70.13276757597772 0.16300985492084033
19 136.5872324240223 0.11844514598800017

91.05627317027178
7 70.13276757597772 0.025332282607002883
8 70.13276757597772 0.028208076633352258
10 95.24479999999997 0.8290827703058212
11 95.24480000000003 0.03323831753765738
12 95.24480000000003 0.03701670269424349
15 136.5872324240223 0.022514888523180617
16 136.5872324240223 0.020222456879964414

91.05650898572915
7 70.13276757597772 0.010605367997841194
9 70.13276757597772 0.2934640005311383
11 95.24480000000003 0.013973163269250516
12 95.24480000000003 0.010195058797163247
14 95.24480000000003 0.4611897908436661
18 136.5872324240223 0.18505952648767873

93.22404533791112
2 37.1584 0.48196544355870724
3 37.1584 0.48196216828610544
17 136.5872324240223 0.010214540026058316

93.22424754202217
3 37.1584 0.48195899364321004
4 37.1584 0.48196992466991295

93.22427992409553
2 37.1584 0.4819651237315588
4 37.1584 0.4819632483271856

94.418772785519
6 70.13276757597772 0.2969172137836285
11 95.24480000000003 0.010892943680682426
12 95.24480000000003 0.01089290352350261
13 95.24480000000003 0.46403770723894644
17 136.5872324240223 0.18890395499289578

94.41881588961749
5 70.13276757597772 0.05292079392940192
6 70.13276757597772 0.010113281569341296
7 70.13276757597772 0.2648451542032309
11 95.24480000000003 0.42442076657012434
13 95.24480000000003 0.012944158620388722
14 95.24480000000003 0.010924969314852215
16 136.5872324240223 0.16170830031473304
19 136.5872324240223 0.03855991510848534

94.41889919154333
5 70.13276757597772 0.05292112405292786
6 70.13276757597772 0.010113809111309852
8 70.13276757597772 0.2648445162417341
12 95.24480000000003 0.42441979960020426
13 95.24480000000003 0.012944705657371151
14 95.24480000000003 0.010925089476216433
15 136.5872324240223 0.16170787499784464
19 136.5872324240223 0.03856016644901138

118.34954063422171
1 0.0 0.591677555661304
2 37.1584 0.1376287863282536
3 37.1584 0.13998772266595952
4 37.1584 0.01364473991903461
6 70.13276757597772 0.035653814709127304
13 95.24480000000003 0.032474581861465006
17 136.5872324240223 0.03770861536960023

118.35151938427872
1 0.0 0.5917470245051705
2 37.1584 0.056534341968573126
3 37.1584 0.05417329085577129
4 37.1584 0.18047837004416487
5 70.13276757597772 0.048019746581001124
19 136.5872324240223 0.04522254688766778

119.39433940026885
1 0.0 0.056260237220937336
2 37.1584 0.20165466121169248
3 37.1584 0.05391623954737971
4 37.1584 0.05344896348004833
5 70.13276757597772 0.05251768967397535
6 70.13276757597772 0.11100266236097892
8 70.13276757597772 0.03350358005435293
9 70.13276757597772 0.03387730934461516
12 95.24480000000003 0.025479093612829053
13 95.24480000000003 0.08274269173014073
14 95.24480000000003 0.02581014326354905
15 136.5872324240223 0.038689963320405134
17 136.5872324240223 0.12926763668014185
18 136.5872324240223 0.03909127730034637
19 136.5872324240223 0.05261037024039176

119.39452347714126
1 0.0 0.0562583331908544
2 37.1584 0.05391256195053434
3 37.1584 0.20164732407865935
4 37.1584 0.05345453924862343
5 70.13276757597772 0.05252052812942951
6 70.13276757597772 0.1109981898291135
7 70.13276757597772 0.0335079909782579
9 70.13276757597772 0.03387748089895271
11 95.24480000000003 0.025482538847934243
13 95.24480000000003 0.08274075700419015
14 95.24480000000003 0.025810494295787648
16 136.5872324240223 0.038694998387956904
17 136.5872324240223 0.12926152391444665
18 136.5872324240223 0.03909133285458981
19 136.5872324240223 0.052613507928488554

119.39690665874281
1 0.0 0.05614145513914144
2 37.1584 0.05366713744551963
3 37.1584 0.053666108905869044
4 37.1584 0.20161223845538556
5 70.13276757597772 0.21004909129823943
7 70.13276757597772 0.03589868708700109
8 70.13276757597772 0.03589885286595795
11 95.24480000000003 0.029189090971772226
12 95.24480000000003 0.02918910074825287
15 136.5872324240223 0.04023549750436744
16 136.5872324240223 0.04023523089794474
19 136.5872324240223 0.20985800793559845

119.86576888072744
1 0.0 0.041824832296575395
2 37.1584 0.08315986865772225
3 37.1584 0.08316535478962125
4 37.1584 0.08316435996422028
7 70.13276757597772 0.07757198609019818
8 70.13276757597772 0.07756893075247406
9 70.13276757597772 0.08179413956199252
10 95.24479999999997 0.013594180656549578
11 95.24480000000003 0.06188215187841067
12 95.24480000000003 0.061879825207393095
14 95.24480000000003 0.06866763236002713
15 136.5872324240223 0.08770910795275885
16 136.5872324240223 0.08771263424209338
18 136.5872324240223 0.09027805909878711

120.03667724815767
1 0.0 0.5880811274536277
2 37.1584 0.12407002057749791
3 37.1584 0.12407040966532719
4 37.1584 0.0128819635807658
9 70.13276757597772 0.04657285455471686
14 95.24480000000003 0.03370793807917395
18 136.5872324240223 0.054887702864840446

120.03889311050231
1 0.0 0.5881324893905334
2 37.1584 0.12403363231204347
3 37.1584 0.012884169615703388
4 37.1584 0.12403282687596091
8 70.13276757597772 0.04266174648275249
10 95.24479999999997 0.013170892413667947
12 95.24480000000003 0.02741449781927811
15 136.5872324240223 0.05251634289809179

120.03894156425103
1 0.0 0.5881084132524084
2 37.1584 0.012886811534905606
3 37.1584 0.12403243705099085
4 37.1584 0.12403084112654521
7 70.13276757597772 0.04266391621794074
10 95.24479999999997 0.013170786278491638
11 95.24480000000003 0.02741653860831268
16 136.5872324240223 0.052518595973712834

120.55455084527458
1 0.0 0.041116067419540846
2 37.1584 0.06574468138167253
3 37.1584 0.08065136052747263
4 37.1584 0.0810480849197775
5 70.13276757597772 0.0826744598388469
6 70.13276757597772 0.018754054158139744
8 70.13276757597772 0.08694108695766357
9 70.13276757597772 0.08622209108370096
12 95.24480000000003 0.07185146866373535
13 95.24480000000003 0.013667767181034239
14 95.24480000000003 0.07099091725117973
15 136.5872324240223 0.09669380376777281
17 136.5872324240223 0.022041421375547574
18 136.5872324240223 0.09606629801992929
19 136.5872324240223 0.08251920226368163

120.55455295824855
1 0.0 0.041115872767627064
2 37.1584 0.08065420255190624
3 37.1584 0.065743995352177
4 37.1584 0.0810447137122679
5 70.13276757597772 0.08267071229833804
6 70.13276757597772 0.018757022218334005
7 70.13276757597772 0.0869379203213229
9 70.13276757597772 0.08622535982059272
11 95.24480000000003 0.0718489096313231
13 95.24480000000003 0.013670099675244969
14 95.24480000000003 0.07099378374784898
16 136.5872324240223 0.09669024442507412
17 136.5872324240223 0.02204480021452568
18 136.5872324240223 0.09606982673258078
19 136.5872324240223 0.08251542030611893

120.55589389892933
1 0.0 0.04105586948832676
2 37.1584 0.08082617727524144
3 37.1584 0.08082455492520665
4 37.1584 0.06572044965186624
6 70.13276757597772 0.0787929448133177
7 70.13276757597772 0.08362751660796958
8 70.13276757597772 0.08362851138791257
10 95.24479999999997 0.011999588476998353
11 95.24480000000003 0.06666434782608768
12 95.24480000000003 0.06666512274006775
13 95.24480000000003 0.06019559823715397
15 136.5872324240223 0.09459228279681707
16 136.5872324240223 0.09459114591318196
17 136.5872324240223 0.09081277533810717

125.61000940217923
1 0.0 0.6096044056863631
2 37.1584 0.12510735260757486
3 37.1584 0.12510816954787224
4 37.1584 0.12510631506522094

126.73729416263527
1 0.0 0.032252104184130936
2 37.1584 0.17356903927481965
5 70.13276757597772 0.025362004384175695
6 70.13276757597772 0.0509821702610801
8 70.13276757597772 0.09899344890804904
9 70.13276757597772 0.09854482236384457
12 95.24480000000003 0.08750315679974752
13 95.24480000000003 0.040785911690296585
14 95.24480000000003 0.08678933713077155
15 136.5872324240223 0.1064198504786434
17 136.5872324240223 0.05757221252898254
18 136.5872324240223 0.10614262346194896
19 136.5872324240223 0.02428467987584786

126.737337237195
1 0.0 0.032251635875989525
3 37.1584 0.1735703285366689
5 70.13276757597772 0.025362276075854232
6 70.13276757597772 0.05098531497547958
7 70.13276757597772 0.09899000560315585
9 70.13276757597772 0.0985450354578107
11 95.24480000000003 0.0875001001869594
13 95.24480000000003 0.04078831792973826
14 95.24480000000003 0.08679004282296932
16 136.5872324240223 0.10641615724704442
17 136.5872324240223 0.05757583453425813
18 136.5872324240223 0.10614251817999858
19 136.5872324240223 0.02428512624269624

126.73748561713231
1 0.0 0.032252210703070244
4 37.1584 0.1735712286390272
5 70.13276757597772 0.1013816684408317
7 70.13276757597772 0.0981576029001314
8 70.13276757597772 0.09816037201666696
11 95.24480000000003 0.08616385082070781
12 95.24480000000003 0.08616614876496066
15 136.5872324240223 0.10591247418734877
16 136.5872324240223 0.1059094005429085
19 136.5872324240223 0.09704866415543444

129.16660116114667
2 37.1584 0.024793442744907725
4 37.1584 0.039041376091453764
7 70.13276757597772 0.09620308267801475
9 70.13276757597772 0.19932973190535727
10 95.24479999999997 0.026992170777679916
11 95.24480000000003 0.08324293530693647
14 95.24480000000003 0.2079965048494513
16 136.5872324240223 0.104579480587183
18 136.5872324240223 0.1937282262519452

129.16667662625647
2 37.1584 0.01886711869857681
3 37.1584 0.04200208952724159
7 70.13276757597772 0.07183364000578668
8 70.13276757597772 0.16090746559205718
9 70.13276757597772 0.025950702285597437
10 95.24479999999997 0.16338301931786808
11 95.24480000000003 0.06114109655733998
12 95.24480000000003 0.13769947424969056
14 95.24480000000003 0.02840451812995362
15 136.5872324240223 0.17590724642711286
16 136.5872324240223 0.0787444409419808
18 136.5872324240223 0.024364752888600787

129.24682856859357
2 37.1584 0.030111260264248194
3 37.1584 0.038468015103610836
4 37.1584 0.030105719699300086
5 70.13276757597772 0.1599298227483116
6 70.13276757597772 0.03790960340256353
7 70.13276757597772 0.10061596887078596
9 70.13276757597772 0.05135115250382578
11 95.24480000000003 0.12681001649874019
13 95.24480000000003 0.029924065185429075
14 95.24480000000003 0.0476110763014022
16 136.5872324240223 0.08368624118319126
17 136.5872324240223 0.04307081366587121
18 136.5872324240223 0.05376843724489465
19 136.5872324240223 0.1568428928512605

129.24690778288436
2 37.1584 0.030105828625826416
3 37.1584 0.030105750854827404
4 37.1584 0.03846958252965017
6 70.13276757597772 0.1970411712008632
7 70.13276757597772 0.04997317986900981
8 70.13276757597772 0.0499694208748234
10 95.24479999999997 0.012420580336252167
11 95.24480000000003 0.04540546479483819
12 95.24480000000003 0.04540237697049211
13 95.24480000000003 0.1936792292044948
15 136.5872324240223 0.05292119109131729
16 136.5872324240223 0.052925383875759825
17 136.5872324240223 0.19921406037432807

129.24693385723378
2 37.1584 0.03846767864359262
3 37.1584 0.03011052840916111
4 37.1584 0.03010816358629822
5 70.13276757597772 0.15992851178263984
6 70.13276757597772 0.03790967908735738
8 70.13276757597772 0.1006152366475459
9 70.13276757597772 0.05135190344413761
12 95.24480000000003 0.12681002039676692
13 95.24480000000003 0.02992454606893066
14 95.24480000000003 0.047611928961439384
15 136.5872324240223 0.08368503319031181
17 136.5872324240223 0.04307062746277825
18 136.5872324240223 0.05376912244174926
19 136.5872324240223 0.1568423300642338

136.6378378218898
1 0.0 0.04317294979653507
2 37.1584 0.05052373543719826
3 37.1584 0.05052350746551856
7 70.13276757597772 0.015969589795990023
8 70.13276757597772 0.01596818628817769
9 70.13276757597772 0.2564191332615028
11 95.24480000000003 0.02564235347425056
12 95.24480000000003 0.025640105411799317
14 95.24480000000003 0.18487421388571756
18 136.5872324240223 0.30266002049155966

136.63825043493887
1 0.0 0.0431929032824113
3 37.1584 0.05052224919831712
4 37.1584 0.050522558090757515
6 70.13276757597772 0.015934361918016574
7 70.13276757597772 0.18901486254016464
9 70.13276757597772 0.02231793801573573
10 95.24479999999997 0.19659757213474854
11 95.24480000000003 0.07653799860217589
13 95.24480000000003 0.025526570823378576
14 95.24480000000003 0.03584679172597903
16 136.5872324240223 0.2617108698419394
18 136.5872324240223 0.013573974024645864

136.63835929467083
1 0.0 0.043191991364687564
2 37.1584 0.0505218212079124
4 37.1584 0.05052268212097376
6 70.13276757597772 0.0159348151193267
8 70.13276757597772 0.1890139527061438
9 70.13276757597772 0.022317073755938287
10 95.24479999999997 0.19660215070283257
12 95.24480000000003 0.07653798210829327
13 95.24480000000003 0.025527270465596368
14 95.24480000000003 0.03584541833934917
15 136.5872324240223 0.2617093826246334
18 136.5872324240223 0.013573438823524388

138.27684097741633
1 0.0 0.027559297846087988
2 37.1584 0.019285796830782284
4 37.1584 0.05110011560366255
5 70.13276757597772 0.23298971428889503
7 70.13276757597772 0.0581569380438332
8 70.13276757597772 0.04341084191226856
11 95.24480000000003 0.09347167438024753
12 95.24480000000003 0.0697695770642066
15 136.5872324240223 0.026374673441859647
16 136.5872324240223 0.03533233002500009
19 136.5872324240223 0.3057038957576946

138.27707941794617
1 0.0 0.027548887046549314
2 37.1584 0.03332537760617945
3 37.1584 0.0440792659683672
6 70.13276757597772 0.26188040470640084
7 70.13276757597772 0.012150712977165658
8 70.13276757597772 0.026897008802812785
11 95.24480000000003 0.019519224896383344
12 95.24480000000003 0.04322164118749856
13 95.24480000000003 0.16692729449878768
15 136.5872324240223 0.016346078118168336
17 136.5872324240223 0.3232504656354155

139.59149817856644
1 0.0 0.1743539317382818
2 37.1584 0.2846524684134286
3 37.1584 0.10407547264633314
4 37.1584 0.10213220399523322
5 70.13276757597772 0.05398319009674845
6 70.13276757597772 0.010323970871034998
8 70.13276757597772 0.03312688000868759
9 70.13276757597772 0.03195453663769044
12 95.24480000000003 0.049222492086367364
13 95.24480000000003 0.01352940915786718
14 95.24480000000003 0.047284482825918454
15 136.5872324240223 0.022723969648645526
18 136.5872324240223 0.022046491187119818
19 136.5872324240223 0.038351312521929894

139.5915100984033
1 0.0 0.17435515221465928
2 37.1584 0.10408089709074973
3 37.1584 0.28465376575776496
4 37.1584 0.10212623310861513
5 70.13276757597772 0.05397895064933984
6 70.13276757597772 0.01032591062010728
7 70.13276757597772 0.03312592575276304
9 70.13276757597772 0.03195474666224809
11 95.24480000000003 0.049220882290071793
13 95.24480000000003 0.013531535748327288
14 95.24480000000003 0.047285148303127356
16 136.5872324240223 0.022723439081343978
18 136.5872324240223 0.022046406843679502
19 136.5872324240223 0.03834825931100197

139.5980660686813
1 0.0 0.17412733120581128
2 37.1584 0.10315962471682658
3 37.1584 0.10315362382388063
4 37.1584 0.2848598567883274
6 70.13276757597772 0.04540024139719835
7 70.13276757597772 0.02788070387286764
8 70.13276757597772 0.02788334897504556
10 95.24479999999997 0.016131906105236397
11 95.24480000000003 0.04076381568610845
12 95.24480000000003 0.04076784404566786
13 95.24480000000003 0.06149301111814481
15 136.5872324240223 0.01955584663420826
16 136.5872324240223 0.019554095558456632
17 136.5872324240223 0.03499916810816452

140.7996787806026
1 0.0 0.17638720066225735
2 37.1584 0.15162506890666638
3 37.1584 0.15162867670711253
4 37.1584 0.1516525484959685
7 70.13276757597772 0.034529050355247455
8 70.13276757597772 0.0345282500832473
9 70.13276757597772 0.04096971089619386
10 95.24479999999997 0.020720698672502123
11 95.24480000000003 0.050097624116650696
12 95.24480000000003 0.05009644764134246
14 95.24480000000003 0.06045206301028455
15 136.5872324240223 0.02446621809075936
16 136.5872324240223 0.02446677521516921
18 136.5872324240223 0.028377883902132913

141.04791425381504
1 0.0 0.17765160049380357
2 37.1584 0.2637356090678429
3 37.1584 0.07536356675490088
4 37.1584 0.07761593214569384
5 70.13276757597772 0.03238626081648404
6 70.13276757597772 0.054446293066083465
8 70.13276757597772 0.02527301567789869
9 70.13276757597772 0.023786995298113834
12 95.24480000000003 0.03776642627578801
13 95.24480000000003 0.0741685184758922
14 95.24480000000003 0.03541073490019711
15 136.5872324240223 0.017198278916488285
17 136.5872324240223 0.041699431247557435
18 136.5872324240223 0.016274343990082676
19 136.5872324240223 0.023397316521134564

141.0479885157007
1 0.0 0.17765197091146173
2 37.1584 0.07536094884709493
3 37.1584 0.263735727441377
4 37.1584 0.07762105972347086
5 70.13276757597772 0.032387015766609795
6 70.13276757597772 0.05444256948597729
7 70.13276757597772 0.025276859738603316
9 70.13276757597772 0.023783399191734427
11 95.24480000000003 0.037772198758003216
13 95.24480000000003 0.0741623085458872
14 95.24480000000003 0.035406070780592956
16 136.5872324240223 0.017200876600477703
17 136.5872324240223 0.04169731464424689
18 136.5872324240223 0.016271438161636568
19 136.5872324240223 0.02339789625582476

141.0592917837267
1 0.0 0.17726384384394683
2 37.1584 0.07659419388084039
3 37.1584 0.07660262693939814
4 37.1584 0.2640153652328733
5 70.13276757597772 0.1210715518340193
7 70.13276757597772 0.028481717795228196
8 70.13276757597772 0.028479657338283768
11 95.24480000000003 0.04294535624066027
12 95.24480000000003 0.04294217157488969
15 136.5872324240223 0.019132250202839735
16 136.5872324240223 0.019133584061529412
19 136.5872324240223 0.08464421352124497

144.55166112979944
1 0.0 0.25262551117117227
2 37.1584 0.35357210154937485
3 37.1584 0.07886029364295509
4 37.1584 0.07873194383472826
5 70.13276757597772 0.02020285451426402
6 70.13276757597772 0.03379178291715724
8 70.13276757597772 0.014655141957138598
9 70.13276757597772 0.014157953289800277
12 95.24480000000003 0.01895923635071397
13 95.24480000000003 0.042354288732316475
14 95.24480000000003 0.018154699575444536
15 136.5872324240223 0.011873321176329976
17 136.5872324240223 0.02825766715799563
18 136.5872324240223 0.011574777630451156
19 136.5872324240223 0.015408862538959118

144.55170618889824
1 0.0 0.2526063390111738
2 37.1584 0.07885914937496258
3 37.1584 0.35354572959414393
4 37.1584 0.0787249402559125
5 70.13276757597772 0.020201945158485647
6 70.13276757597772 0.03378640731046215
7 70.13276757597772 0.0146562348519007
9 70.13276757597772 0.014158701394692292
11 95.24480000000003 0.018960881257374402
13 95.24480000000003 0.0423476875729408
14 95.24480000000003 0.01815593116425776
16 136.5872324240223 0.01187405729495529
17 136.5872324240223 0.02825308365007973
18 136.5872324240223 0.011575213250184575
19 136.5872324240223 0.015408271155271193

144.55232645221622
1 0.0 0.25261009801864887
2 37.1584 0.07870360734563465
3 37.1584 0.07870700418564132
4 37.1584 0.35371582085571024
5 70.13276757597772 0.0781420174018734
7 70.13276757597772 0.01464818122388052
8 70.13276757597772 0.01464824443054224
11 95.24480000000003 0.01894812296271935
12 95.24480000000003 0.01894831975567733
15 136.5872324240223 0.011869021252640125
16 136.5872324240223 0.011869044385426613
19 136.5872324240223 0.057499505924624564

144.8606702891414
6 70.13276757597772 0.021819315980883894
7 70.13276757597772 0.022482948603276365
8 70.13276757597772 0.02887384926007712
9 70.13276757597772 0.18432261110641227
10 95.24479999999997 0.16823225102843978
11 95.24480000000003 0.03605042231100336
12 95.24480000000003 0.03866510252631787
13 95.24480000000003 0.03464401877446815
14 95.24480000000003 0.2885367756480651
15 136.5872324240223 0.022545569878740648
16 136.5872324240223 0.01371402374894073
17 136.5872324240223 0.013530458563597672
18 136.5872324240223 0.11696694878420218

144.86074506875556
6 70.13276757597772 0.02181394293221536
7 70.13276757597772 0.02887351129266649
8 70.13276757597772 0.022487866853753577
9 70.13276757597772 0.18431809604408878
10 95.24479999999997 0.16824673749942126
11 95.24480000000003 0.038664524749792116
12 95.24480000000003 0.03605832160021619
13 95.24480000000003 0.03463559227200004
14 95.24480000000003 0.2885295108434034
15 136.5872324240223 0.01371701529550654
16 136.5872324240223 0.022545386904673313
17 136.5872324240223 0.013527059022119283
18 136.5872324240223 0.1169642109343832

144.86106958279976
7 70.13276757597772 0.049186605219367935
8 70.13276757597772 0.04917754710638866
10 95.24479999999997 0.6680635893980367
11 95.24480000000003 0.07131692870347826
12 95.24480000000003 0.07130256023915763
15 136.5872324240223 0.03487771636841233
16 136.5872324240223 0.034883342296972784

145.98111698371346
5 70.13276757597772 0.041105051538149105
7 70.13276757597772 0.0675577468301043
8 70.13276757597772 0.06756210646244835
9 70.13276757597772 0.15522017898040946
11 95.24480000000003 0.10837374187156268
12 95.24480000000003 0.10838100145451164
14 95.24480000000003 0.22857390747628842
15 136.5872324240223 0.041180052549304104
16 136.5872324240223 0.041177567212019144
18 136.5872324240223 0.10781022287344708
19 136.5872324240223 0.02834179411881619

145.98125521591658
5 70.13276757597772 0.01027870012090276
6 70.13276757597772 0.08379954180811869
7 70.13276757597772 0.11655337278582284
9 70.13276757597772 0.02686724011782698
10 95.24479999999997 0.25514692929522753
11 95.24480000000003 0.16641632845238863
13 95.24480000000003 0.13078444668314537
14 95.24480000000003 0.04296719201463931
16 136.5872324240223 0.08432596474550622
17 136.5872324240223 0.05343227454726012
18 136.5872324240223 0.01646152484740334

145.98130656348914
5 70.13276757597772 0.0102780425470572
6 70.13276757597772 0.08380528637355707
8 70.13276757597772 0.11654905861237978
9 70.13276757597772 0.02687354785184126
10 95.24479999999997 0.2551246101927635
12 95.24480000000003 0.1664096010853742
13 95.24480000000003 0.1307934110428086
14 95.24480000000003 0.04297727317813611
15 136.5872324240223 0.08432321026648688
17 136.5872324240223 0.05343593809642291
18 136.5872324240223 0.016465393739796257

146.36761275332057
5 70.13276757597772 0.06364460750698334
6 70.13276757597772 0.11640595788807273
7 70.13276757597772 0.0807163874925727
8 70.13276757597772 0.08071653141731057
11 95.24480000000003 0.1297444909981872
12 95.24480000000003 0.12974471582012292
13 95.24480000000003 0.17460530736139424
15 136.5872324240223 0.049028652447777724
16 136.5872324240223 0.04902856080848853
17 136.5872324240223 0.07879057472266299
19 136.5872324240223 0.04674320034029141

149.83929774463707
2 37.1584 0.17425276871455234
3 37.1584 0.4642568195967237
4 37.1584 0.1741073173138454
5 70.13276757597772 0.04893341537578885
6 70.13276757597772 0.01297294370765879
7 70.13276757597772 0.015256606305297021
11 95.24480000000003 0.020629080464060447
13 95.24480000000003 0.013998998001125026
16 136.5872324240223 0.011784270688886283
17 136.5872324240223 0.012309784656114089
19 136.5872324240223 0.03312092005827957

149.839320668673
2 37.1584 0.4642580912517961
3 37.1584 0.17425973342353837
4 37.1584 0.17409780263439953
5 70.13276757597772 0.04893104489363574
6 70.13276757597772 0.012974269526147907
8 70.13276757597772 0.015256896769278362
12 95.24480000000003 0.02062962991802485
13 95.24480000000003 0.014001085985112995
15 136.5872324240223 0.01178439376255249
17 136.5872324240223 0.012310617872064977
19 136.5872324240223 0.03311929066118136

149.84005340908513
2 37.1584 0.1742442136700314
3 37.1584 0.17423774900758945
4 37.1584 0.4641326348627777
6 70.13276757597772 0.0442115829020764
13 95.24480000000003 0.06659811755418837
17 136.5872324240223 0.029742725667324606

150.2912730581627
2 37.1584 0.08728438063912888
3 37.1584 0.206524399294079
4 37.1584 0.5622638715948362
9 70.13276757597772 0.024581965748850645
12 95.24480000000003 0.010934216594460335
14 95.24480000000003 0.03765840067306706
18 136.5872324240223 0.016130408909071522

150.29161866293853
2 37.1584 0.48345082220858315
3 37.1584 0.3642059324227762
7 70.13276757597772 0.015394745476449902
8 70.13276757597772 0.01247189553754958
10 95.24479999999997 0.024916505643861588
11 95.24480000000003 0.022317693627813853
12 95.24480000000003 0.016752546787066006
16 136.5872324240223 0.010920308052244806

151.88042711533197
1 0.0 0.014897684424730412
2 37.1584 0.16422019804732718
3 37.1584 0.5380134571551186
4 37.1584 0.16459953375034833
5 70.13276757597772 0.011088113965057513
6 70.13276757597772 0.01682612233956365
13 95.24480000000003 0.020925455557800204
17 136.5872324240223 0.014176642729875844

151.88048564966098
1 0.0 0.014897733850890674
2 37.1584 0.5380290349145908
3 37.1584 0.16422293278878985
4 37.1584 0.16460913853813397
5 70.13276757597772 0.011089154883094072
6 70.13276757597772 0.016825533808068064
13 95.24480000000003 0.020925008226717154
17 136.5872324240223 0.0141759629377791

151.88149193521622
1 0.0 0.014899955633459612
2 37.1584 0.1644818145286984
3 37.1584 0.1644826112282295
4 37.1584 0.5379021979089913
5 70.13276757597772 0.03709849046424159
19 136.5872324240223 0.027123188654177906

152.10092965110618
6 70.13276757597772 0.018547514100224538
7 70.13276757597772 0.11426597497563604
8 70.13276757597772 0.11428497602977225
9 70.13276757597772 0.011348175835594821
10 95.24479999999997 0.17019536707005145
11 95.24480000000003 0.18344833009509004
12 95.24480000000003 0.18347900540653755
13 95.24480000000003 0.02351806907387422
14 95.24480000000003 0.016846748627359458
15 136.5872324240223 0.06956351520040767
16 136.5872324240223 0.06955205944816763
17 136.5872324240223 0.01533494675075145

152.1012699159217
5 70.13276757597772 0.02460692360565678
6 70.13276757597772 0.11851966119568316
7 70.13276757597772 0.1251823483522247
9 70.13276757597772 0.04007165400220162
10 95.24479999999997 0.04286247657766452
11 95.24480000000003 0.19982519075390348
13 95.24480000000003 0.18893699171159398
14 95.24480000000003 0.06418745968431543
16 136.5872324240223 0.07693921259721935
17 136.5872324240223 0.07300755680256643
18 136.5872324240223 0.024485134921071603
19 136.5872324240223 0.017998454420567273

152.10133426375475
5 70.13276757597772 0.02460181185872816
6 70.13276757597772 0.11854311142387863
8 70.13276757597772 0.1251612816065998
9 70.13276757597772 0.0400786114656381
10 95.24479999999997 0.042841930484798056
12 95.24480000000003 0.1997912495062462
13 95.24480000000003 0.18897366283882644
14 95.24480000000003 0.06419842756860704
15 136.5872324240223 0.07692646689523841
17 136.5872324240223 0.07302246210392745
18 136.5872324240223 0.024489500370705755
19 136.5872324240223 0.017994686722285786

152.89891752669485
5 70.13276757597772 0.04229711934780916
7 70.13276757597772 0.04659771972765716
8 70.13276757597772 0.04657951651570071
9 70.13276757597772 0.20534754001974148
11 95.24480000000003 0.07263160834130775
12 95.24480000000003 0.07260217448556164
14 95.24480000000003 0.19722358430052514
15 136.5872324240223 0.029760561331890086
16 136.5872324240223 0.029771505958086343
18 136.5872324240223 0.21059821223450967
19 136.5872324240223 0.031418075944293536

152.89914367932093
5 70.13276757597772 0.010579347417223639
6 70.13276757597772 0.05671620267717012
7 70.13276757597772 0.2070935419313028
9 70.13276757597772 0.017258150565450964
10 95.24479999999997 0.08943197957867338
11 95.24480000000003 0.20002844941026626
12 95.24480000000003 0.01029150915860585
13 95.24480000000003 0.08452053546364902
14 95.24480000000003 0.025470380074904493
16 136.5872324240223 0.21165985005472443
17 136.5872324240223 0.0387457160499717
18 136.5872324240223 0.01195042526549751

152.89922288889792
5 70.13276757597772 0.010584270545382302
6 70.13276757597772 0.05669195238581339
8 70.13276757597772 0.20711520710728484
9 70.13276757597772 0.017249819728498896
10 95.24479999999997 0.08945511145756571
11 95.24480000000003 0.01029275707608993
12 95.24480000000003 0.20006091321505667
13 95.24480000000003 0.08448239209885972
14 95.24480000000003 0.025457320421787322
15 136.5872324240223 0.21167453586471738
17 136.5872324240223 0.03873044512496943
18 136.5872324240223 0.011945150755352877

154.08014299210805
5 70.13276757597772 0.05121945935113916
6 70.13276757597772 0.23064318137182435
8 70.13276757597772 0.05118547502032644
11 95.24480000000003 0.011091110004112083
12 95.24480000000003 0.07993921528847464
13 95.24480000000003 0.25513904273821075
15 136.5872324240223 0.0326013676821359
17 136.5872324240223 0.21481102483396194
19 136.5872324240223 0.042818818211252455

154.08030723750733
5 70.13276757597772 0.2558323480081335
6 70.13276757597772 0.03891699449956771
7 70.13276757597772 0.07678124276304255
8 70.13276757597772 0.03316089789379455
11 95.24480000000003 0.12205442930850009
12 95.24480000000003 0.05320435754066222
13 95.24480000000003 0.04443915124846132
14 95.24480000000003 0.012691384419077219
15 136.5872324240223 0.020206416075695205
16 136.5872324240223 0.04752029269336698
17 136.5872324240223 0.03534791608393516
19 136.5872324240223 0.23010628766875502

174.2186327268615
1 0.0 0.06504571518566601
2 37.1584 0.10480916747769665
3 37.1584 0.10433427484636083
4 37.1584 0.09437230932642157
5 70.13276757597772 0.10591907331711514
6 70.13276757597772 0.08395067525792778
7 70.13276757597772 0.019303039332223874
8 70.13276757597772 0.019286252122148163
9 70.13276757597772 0.021333873552819103
11 95.24480000000003 0.014816261354885592
12 95.24480000000003 0.014793503373466117
13 95.24480000000003 0.05969365749155889
14 95.24480000000003 0.014921022563177587
15 136.5872324240223 0.02219000391966713
16 136.5872324240223 0.02220293210289938
17 136.5872324240223 0.09962846248388957
18 136.5872324240223 0.025478625158137657
19 136.5872324240223 0.10792111498642758

175.5899872762401
1 0.0 0.06327064368073342
2 37.1584 0.117896240406236
3 37.1584 0.11965157614816915
6 70.13276757597772 0.09193779708522916
9 70.13276757597772 0.14277733634240952
13 95.24480000000003 0.06504199864172201
14 95.24480000000003 0.1107766094449395
17 136.5872324240223 0.1093210801141215
18 136.5872324240223 0.1634600349415021

175.72857370363428
1 0.0 0.0472314165174179
2 37.1584 0.116385954484919
4 37.1584 0.11616729948119811
5 70.13276757597772 0.10009982599729175
6 70.13276757597772 0.025442381489029702
8 70.13276757597772 0.14791733016631078
12 95.24480000000003 0.11523246557010607
13 95.24480000000003 0.019134843172197387
15 136.5872324240223 0.1690422004032087
17 136.5872324240223 0.029519067444547336
19 136.5872324240223 0.10168153873054714

175.72858460322212
1 0.0 0.04723102778147924
3 37.1584 0.1163828912000607
4 37.1584 0.11616940393373269
5 70.13276757597772 0.10010339322152527
6 70.13276757597772 0.025439829760755785
7 70.13276757597772 0.14791772491212513
11 95.24480000000003 0.11523306609027813
13 95.24480000000003 0.019133035645333803
16 136.5872324240223 0.16904246215301222
17 136.5872324240223 0.02951603472427858
19 136.5872324240223 0.10168516403310844

175.9196319169242
1 0.0 0.059614202627711596
2 37.1584 0.07280512375424332
3 37.1584 0.07180856931262791
4 37.1584 0.09192762584484726
5 70.13276757597772 0.10839026495901277
6 70.13276757597772 0.05806602154154178
7 70.13276757597772 0.020801146754632894
8 70.13276757597772 0.021291156170614316
9 70.13276757597772 0.06620535308585664
11 95.24480000000003 0.017980243342550353
12 95.24480000000003 0.018340354370004013
13 95.24480000000003 0.041728386258819423
14 95.24480000000003 0.052171467669560816
15 136.5872324240223 0.023198317356771882
16 136.5872324240223 0.02262435205981826
17 136.5872324240223 0.06862535625469049
18 136.5872324240223 0.07527572899229884
19 136.5872324240223 0.10914576838195125

175.9937829748155
1 0.0 0.050491937775380843
2 37.1584 0.08173913709871108
3 37.1584 0.08163227706696323
4 37.1584 0.07053488480070683
5 70.13276757597772 0.09397090859710697
6 70.13276757597772 0.07325379080543763
7 70.13276757597772 0.0527806383642005
8 70.13276757597772 0.052260302483042656
11 95.24480000000003 0.041437846180193805
12 95.24480000000003 0.04102032698667645
13 95.24480000000003 0.05521438596751757
15 136.5872324240223 0.0595249195086924
16 136.5872324240223 0.06011170783539126
17 136.5872324240223 0.0849130126214026
19 136.5872324240223 0.0945277103812475

176.32864292273382
1 0.0 0.041286680079295805
2 37.1584 0.06162272731601846
3 37.1584 0.08322164064174171
4 37.1584 0.06217857064440006
5 70.13276757597772 0.015035861514355228
6 70.13276757597772 0.030951541922586187
7 70.13276757597772 0.07185754051351971
8 70.13276757597772 0.06392803741362008
9 70.13276757597772 0.07526252317468561
10 95.24479999999997 0.01339686148061222
11 95.24480000000003 0.05661745167667891
12 95.24480000000003 0.05015362434331494
13 95.24480000000003 0.022404476635389296
14 95.24480000000003 0.06212658221798938
15 136.5872324240223 0.07283071124429015
16 136.5872324240223 0.08170750939221717
17 136.5872324240223 0.03647567816512376
18 136.5872324240223 0.08375253993253313
19 136.5872324240223 0.015189441691627323

176.3286803338048
1 0.0 0.04128520495063483
2 37.1584 0.08322029579196387
3 37.1584 0.06162308388507282
4 37.1584 0.062178274572600944
5 70.13276757597772 0.015032447710633143
6 70.13276757597772 0.030952102518088644
7 70.13276757597772 0.06392916876299744
8 70.13276757597772 0.07185865621304936
9 70.13276757597772 0.07526276749855874
10 95.24479999999997 0.013397307902611228
11 95.24480000000003 0.05015466972619445
12 95.24480000000003 0.056618387329087576
13 95.24480000000003 0.022404996306785666
14 95.24480000000003 0.062127170535461816
15 136.5872324240223 0.08170874145973894
16 136.5872324240223 0.07283189815550428
17 136.5872324240223 0.03647626521068013
18 136.5872324240223 0.08375256192658383
19 136.5872324240223 0.015185999543751466

176.33400711859233
1 0.0 0.04124971441083335
2 37.1584 0.061767749706933564
3 37.1584 0.061799595018639734
4 37.1584 0.0832674968437989
5 70.13276757597772 0.05905403450606968
7 70.13276757597772 0.07233798759567496
8 70.13276757597772 0.07234730301883127
9 70.13276757597772 0.06795078696321434
11 95.24480000000003 0.05740146290448647
12 95.24480000000003 0.05741039028102214
14 95.24480000000003 0.056652653411824884
15 136.5872324240223 0.08200132322739975
16 136.5872324240223 0.08199175700208745
18 136.5872324240223 0.07525299268261512
19 136.5872324240223 0.05962056767395618

179.3425385585114
1 0.0 0.4995811152615492
2 37.1584 0.029974255481987296
3 37.1584 0.029974761109526488
4 37.1584 0.12208037978123054
5 70.13276757597772 0.07789801998068804
7 70.13276757597772 0.02359546560085197
8 70.13276757597772 0.02359456993801856
11 95.24480000000003 0.020018458770659525
12 95.24480000000003 0.02001796091051469
15 136.5872324240223 0.025906202631852934
16 136.5872324240223 0.02590735540238067
19 136.5872324240223 0.08677013462929635

179.37266567614006
1 0.0 0.48852726080340925
2 37.1584 0.1201803986050602
3 37.1584 0.02962838255231469
4 37.1584 0.03013706847311552
5 70.13276757597772 0.020414268453686386
6 70.13276757597772 0.05430434124732863
8 70.13276757597772 0.018299939536019397
9 70.13276757597772 0.01691076833544644
11 95.24480000000003 0.013599389322598417
12 95.24480000000003 0.011046117505290741
13 95.24480000000003 0.03977211344060376
15 136.5872324240223 0.022988227250036342
17 136.5872324240223 0.06369680563299254
18 136.5872324240223 0.022180254780535157
19 136.5872324240223 0.022520359779328106

179.37646244905184
1 0.0 0.4864895277818729
2 37.1584 0.029245889093220886
3 37.1584 0.11950967189411485
4 37.1584 0.02990588046339633
5 70.13276757597772 0.020128753769143973
6 70.13276757597772 0.05258477048699285
7 70.13276757597772 0.018316845791333584
9 70.13276757597772 0.019930425966985386
11 95.24480000000003 0.011035820267353261
12 95.24480000000003 0.013549155168671044
13 95.24480000000003 0.03841867358052383
14 95.24480000000003 0.011452380883150906
16 136.5872324240223 0.023022715657580003
17 136.5872324240223 0.06174059727745248
18 136.5872324240223 0.025409953095862296
19 136.5872324240223 0.022245592632708398

180.93567601618352
1 0.0 0.45747872121647465
2 37.1584 0.04471861576120623
3 37.1584 0.044716689785367206
4 37.1584 0.044684286037547004
6 70.13276757597772 0.03941942016890943
7 70.13276757597772 0.04260210465105317
8 70.13276757597772 0.04260346500279862
10 95.24479999999997 0.054285578997010676
11 95.24480000000003 0.01730536105653342
12 95.24480000000003 0.01730619331468567
13 95.24480000000003 0.03408287011238791
15 136.5872324240223 0.05895358877907967
16 136.5872324240223 0.05895188711006808
17 136.5872324240223 0.04286853733214274

180.93709653578514
1 0.0 0.45352634279286597
2 37.1584 0.04445252468511013
3 37.1584 0.044341036570780666
4 37.1584 0.04428543380331486
5 70.13276757597772 0.025749277174917852
7 70.13276757597772 0.054994565291751576
9 70.13276757597772 0.05687276440478264
10 95.24479999999997 0.01345773344017173
11 95.24480000000003 0.037730597960624127
14 95.24480000000003 0.03919501673451184
16 136.5872324240223 0.06615260660994801
18 136.5872324240223 0.06829824008683445
19 136.5872324240223 0.029679435403642505

180.93751280760756
1 0.0 0.4542034693752891
2 37.1584 0.04452730648573853
3 37.1584 0.04467574458188319
4 37.1584 0.044386821950641676
5 70.13276757597772 0.025860341128882407
8 70.13276757597772 0.0550338730256613
9 70.13276757597772 0.05564496649057559
10 95.24479999999997 0.013461829661834188
12 95.24480000000003 0.03775940833248677
14 95.24480000000003 0.03804969942522965
15 136.5872324240223 0.06619869899521903
17 136.5872324240223 0.010361187189805447
18 136.5872324240223 0.06701713333694385
19 136.5872324240223 0.029792244414149332

