translational analysis ortho
#nmax= 4 NR= 11 Ntheta= 11 Nphi= 11
#jmax= 2 Nalpha= 11 Nphi= 11 Nchi= 11
23.592282912822537
1 65.120461299245 0.9282166058983014
2 108.53410216540831 0.026871334419819072
4 108.53410216540833 0.026870996005345545
10 151.94774303157166 0.010381200984689712

23.59228688011981
1 65.120461299245 0.9282158888419364
2 108.53410216540831 0.026871671418242826
3 108.53410216540831 0.026871583319388565
10 151.94774303157166 0.010381074650086171

23.592415959045354
1 65.120461299245 0.9282162417211428
3 108.53410216540831 0.026871585877953325
4 108.53410216540833 0.026871214968544534
10 151.94774303157166 0.010380969230993693

39.705355681391175
1 65.120461299245 0.8390845178400365
3 108.53410216540831 0.0715886691144426
4 108.53410216540833 0.0715871031605687

39.705378949274
1 65.120461299245 0.8390837486124145
2 108.53410216540831 0.07158865532768009
3 108.53410216540831 0.07158820214710947

39.70539769050245
1 65.120461299245 0.839083831543194
2 108.53410216540831 0.07158917258901867
4 108.53410216540833 0.07158731001239181

67.15256371692506
1 65.120461299245 0.35826210330169384
3 108.53410216540831 0.29229594049903795
4 108.53410216540833 0.29229485103441827
9 151.94774303157166 0.01704397328885685

67.1526248696004
1 65.120461299245 0.3582609320232191
2 108.53410216540831 0.29229727966310387
4 108.53410216540833 0.29229466151427314
9 151.94774303157166 0.017043981450858378

67.15284775184212
1 65.120461299245 0.35826326007989046
2 108.53410216540831 0.2922907214672585
3 108.53410216540831 0.29229885793404536
8 151.94774303157163 0.02202699575048454

69.95965650165434
1 65.120461299245 0.3454716109209838
2 108.53410216540831 0.30272150282677535
3 108.53410216540831 0.290403640624858
5 151.94774303157163 0.023999253360517198

69.96004820908541
1 65.120461299245 0.34547282737891777
2 108.53410216540831 0.09377830120880551
3 108.53410216540831 0.10609934387348782
4 108.53410216540833 0.39487297199317273
6 151.94774303157163 0.018233118293403204
7 151.94774303157163 0.018912813769158873
20 195.36138389773498 0.010092340331987255

80.79263843969645
2 108.53410216540831 0.3093908884768894
3 108.53410216540831 0.3093926065607352
4 108.53410216540833 0.3093936755844208
17 195.36138389773492 0.010405471614597681
18 195.36138389773492 0.010405594529789716
20 195.36138389773498 0.01040565837866003

81.46059204423194
1 65.120461299245 0.12480592634744911
3 108.53410216540831 0.3761711922480678
4 108.53410216540833 0.37618010668528395
5 151.94774303157163 0.01310169138248863
6 151.94774303157163 0.013101699900348016
8 151.94774303157163 0.012542682178933543
9 151.94774303157166 0.011397140312085517
10 151.94774303157166 0.04695779902295349

81.46066779100968
1 65.120461299245 0.12480663865933304
2 108.53410216540831 0.37617030390493383
4 108.53410216540833 0.3761802912610226
5 151.94774303157163 0.013101646647800258
7 151.94774303157163 0.013101703680635353
8 151.94774303157163 0.012542656897973552
9 151.94774303157166 0.011397176199291432
10 151.94774303157166 0.046957909583752296

81.46081617287214
1 65.120461299245 0.12480670455337935
2 108.53410216540831 0.37618307530903955
3 108.53410216540831 0.37616760948154215
6 151.94774303157163 0.013101792758498855
7 151.94774303157163 0.013101370028995174
8 151.94774303157163 0.010824035531022175
9 151.94774303157166 0.013115540661485625
10 151.94774303157166 0.0469580104640354

88.30980828762094
1 65.120461299245 0.05291505742423601
2 108.53410216540831 0.3660097350346741
3 108.53410216540831 0.3832875710192045
5 151.94774303157163 0.10625332229423828
6 151.94774303157163 0.025570503345720894
7 151.94774303157163 0.02928739376428287

88.31024196647466
1 65.120461299245 0.0529123241340672
2 108.53410216540831 0.1390344841462621
3 108.53410216540831 0.12175652779722186
4 108.53410216540833 0.49677762372428824
6 151.94774303157163 0.08183380099013719
7 151.94774303157163 0.07811691875062844

89.13932005993946
1 65.120461299245 0.04855504408485562
3 108.53410216540831 0.376839630831346
4 108.53410216540833 0.3768257604057895
5 151.94774303157163 0.025412433563539654
6 151.94774303157163 0.02540963273986316
8 151.94774303157163 0.028829708092036357
9 151.94774303157166 0.08408003998512631

89.13937186751193
1 65.120461299245 0.04855684687876862
2 108.53410216540831 0.3768331866273981
4 108.53410216540833 0.37683125544499113
5 151.94774303157163 0.02541217704150441
7 151.94774303157163 0.025409755328002628
8 151.94774303157163 0.028828613022346346
9 151.94774303157166 0.0840798126652261

89.13953658364952
1 65.120461299245 0.048552357353261605
2 108.53410216540831 0.37682878420395544
3 108.53410216540831 0.37683475909396896
6 151.94774303157163 0.025410039959447957
7 151.94774303157163 0.025410446130514807
8 151.94774303157163 0.11171074596133762

91.26638368986082
1 65.120461299245 0.6253363009433736
3 108.53410216540831 0.1686138735862774
4 108.53410216540833 0.12834597055814084
7 151.94774303157163 0.018875755775775105
10 151.94774303157166 0.027349572863253804

91.26645387425555
1 65.120461299245 0.6253346650684535
2 108.53410216540831 0.19629271486645844
3 108.53410216540831 0.03272101710764241
4 108.53410216540833 0.07299506833852006
5 151.94774303157163 0.013346931719574627
6 151.94774303157163 0.016623715108327854
10 151.94774303157166 0.027349776117000034

93.11461012611464
1 65.120461299245 0.6093126359925396
3 108.53410216540831 0.15335455581264887
4 108.53410216540833 0.1533496608453203
9 151.94774303157166 0.015282318934387272
10 151.94774303157166 0.03330150619624318

93.11468101709046
1 65.120461299245 0.6093094347486008
2 108.53410216540831 0.15334801115188276
3 108.53410216540831 0.15335506580780878
8 151.94774303157163 0.019295050433522965
10 151.94774303157166 0.03330066072749552

93.11473822522673
1 65.120461299245 0.6093138119074685
2 108.53410216540831 0.15335384201141247
4 108.53410216540833 0.15334927349025618
9 151.94774303157166 0.015282433716909783
10 151.94774303157166 0.0333012628088155

94.52021681310858
1 65.120461299245 0.02640905424159634
3 108.53410216540831 0.3661337616509439
4 108.53410216540833 0.36615063618905747
5 151.94774303157163 0.02906518290031643
6 151.94774303157163 0.029064379068942752
8 151.94774303157163 0.031378854995366384
9 151.94774303157166 0.013700664490253167
10 151.94774303157166 0.11128783893491648

94.5202600336795
1 65.120461299245 0.02640812317277796
2 108.53410216540831 0.36614089519352727
4 108.53410216540833 0.3661450127826854
5 151.94774303157163 0.02906578471587836
7 151.94774303157163 0.029063462299593636
8 151.94774303157163 0.03137875613808123
9 151.94774303157166 0.013700365558998428
10 151.94774303157166 0.1112880946732639

94.52038333887717
1 65.120461299245 0.026408508805271808
2 108.53410216540831 0.366145509045832
3 108.53410216540831 0.36614025607739714
6 151.94774303157163 0.029063990169166495
7 151.94774303157163 0.0290635119056368
9 151.94774303157166 0.04021917615453059
10 151.94774303157166 0.1112900822389349

97.93912584730634
2 108.53410216540831 0.31587869005983843
3 108.53410216540831 0.31587763747058634
4 108.53410216540833 0.31588136656840426

117.24938839717504
2 108.53410216540831 0.08530583576155612
3 108.53410216540831 0.15492473602974643
4 108.53410216540833 0.15473689642217703
5 151.94774303157163 0.16255146842069595
6 151.94774303157163 0.16234549843852955
8 151.94774303157163 0.055164057545605404
9 151.94774303157166 0.16235993746176275
19 195.36138389773498 0.01144198444867997

117.24941578562739
2 108.53410216540831 0.15483174047388312
3 108.53410216540831 0.1548316217000114
4 108.53410216540833 0.08530542310160605
6 151.94774303157163 0.16243781871391175
7 151.94774303157163 0.16243748525548876
8 151.94774303157163 0.2161470155317084

117.24946466189544
2 108.53410216540831 0.15490972386709037
3 108.53410216540831 0.08530875577105373
4 108.53410216540833 0.15474855470596913
5 151.94774303157163 0.16254205965390942
7 151.94774303157163 0.162358535777445
8 151.94774303157163 0.05515444073084812
9 151.94774303157166 0.16236656866473115
19 195.36138389773498 0.0114426049868585

118.0630468145578
2 108.53410216540831 0.1419592667011744
3 108.53410216540831 0.1419595658720189
4 108.53410216540833 0.14194415626606643
5 151.94774303157163 0.17031466478841667
6 151.94774303157163 0.1702862511142337
7 151.94774303157163 0.17028827396752058
15 195.36138389773492 0.010387549459408155

119.44324159944236
2 108.53410216540831 0.1451569779844626
3 108.53410216540831 0.13079190301000315
4 108.53410216540833 0.13102721338248985
5 151.94774303157163 0.11989431796243967
6 151.94774303157163 0.12010089085934708
8 151.94774303157163 0.2003454700235305
9 151.94774303157166 0.06735058596823748
10 151.94774303157166 0.023091963789187785
15 195.36138389773492 0.010031859483758704
16 195.36138389773492 0.015115727566047074

119.44331998866689
2 108.53410216540831 0.13080163294390784
3 108.53410216540831 0.1451597828776427
4 108.53410216540833 0.13101504532042033
5 151.94774303157163 0.11990752651271619
7 151.94774303157163 0.12008895927816399
8 151.94774303157163 0.20035333121560409
9 151.94774303157166 0.06734274194086211
10 151.94774303157166 0.02309060790910073
11 195.36138389773492 0.01511616538628133
15 195.36138389773492 0.010031662459764279

119.4443321940385
2 108.53410216540831 0.1309286107521817
3 108.53410216540831 0.1309302486327955
4 108.53410216540833 0.14515483376914307
6 151.94774303157163 0.12000140580168144
7 151.94774303157163 0.12000133215030453
9 151.94774303157166 0.2669718146637331
10 151.94774303157166 0.023102684389998674
13 195.36138389773492 0.01608469395699052
14 195.36138389773492 0.01608464537440921

127.33439691291163
2 108.53410216540831 0.08841129265516684
3 108.53410216540831 0.27068522508427256
4 108.53410216540833 0.08839119318348687
8 151.94774303157163 0.07254296837995872
9 151.94774303157166 0.024237748528919374
10 151.94774303157166 0.384204744419523
17 195.36138389773492 0.010140753611777216
20 195.36138389773498 0.010141845099803084
35 238.77502476389833 0.020166322813127944

127.33440037988403
2 108.53410216540831 0.27068849453429017
3 108.53410216540831 0.08841585794097645
4 108.53410216540833 0.08838369556268877
8 151.94774303157163 0.07254239873308324
9 151.94774303157166 0.024238822493164676
10 151.94774303157166 0.3842049531210553
18 195.36138389773492 0.010141576744265529
20 195.36138389773498 0.01014132983660941
35 238.77502476389833 0.02016615657225084

127.33473187298833
2 108.53410216540831 0.08838888831183989
3 108.53410216540831 0.08838488297693271
4 108.53410216540833 0.2707301561019896
9 151.94774303157166 0.09670391703012297
10 151.94774303157166 0.38419412638292944
17 195.36138389773492 0.010141901479023543
18 195.36138389773492 0.010141701581259573
35 238.77502476389833 0.020165635084145775

130.52036243495598
1 65.120461299245 0.04750706620057198
2 108.53410216540831 0.1648013598946497
3 108.53410216540831 0.15214831764072342
4 108.53410216540833 0.41389877823212134
5 151.94774303157163 0.10613509557996417
6 151.94774303157163 0.02731696759617716
7 151.94774303157163 0.031129536540556158
17 195.36138389773492 0.010758727330154544
18 195.36138389773492 0.010757625922449426
20 195.36138389773498 0.010784615535081166

130.52076033026987
1 65.120461299245 0.0475342003919922
2 108.53410216540831 0.3224377753860457
3 108.53410216540831 0.3350919373329656
4 108.53410216540833 0.07335752062859104
6 151.94774303157163 0.08238322224357739
7 151.94774303157163 0.07857292301143382
17 195.36138389773492 0.010775353673670754
18 195.36138389773492 0.01077668404920799
20 195.36138389773498 0.010748092705095882

130.94489875863823
1 65.120461299245 0.11022857781439002
2 108.53410216540831 0.12043328881498847
3 108.53410216540831 0.12043490560374383
4 108.53410216540833 0.49300587716746014
6 151.94774303157163 0.02970896380191462
7 151.94774303157163 0.029708618816411216
8 151.94774303157163 0.04860794761781032
20 195.36138389773498 0.013739679122668595

130.94498083843717
1 65.120461299245 0.11029527327994858
2 108.53410216540831 0.49300503185594186
3 108.53410216540831 0.12044006342383914
4 108.53410216540833 0.12044216669306566
5 151.94774303157163 0.02969344625132024
6 151.94774303157163 0.02969094481280437
8 151.94774303157163 0.014175033792870382
9 151.94774303157166 0.03710212508282056
17 195.36138389773492 0.013740408526437242

130.94505614035484
1 65.120461299245 0.11028924574232529
2 108.53410216540831 0.12045057437391982
3 108.53410216540831 0.49300081297345316
4 108.53410216540833 0.1204362696303163
5 151.94774303157163 0.029691251721515554
7 151.94774303157163 0.029693433655225723
8 151.94774303157163 0.014174297562731029
9 151.94774303157166 0.037107515655391915
18 195.36138389773492 0.013740255295602948

135.34858338583925
1 65.120461299245 0.42305703158811264
2 108.53410216540831 0.015055279242280976
3 108.53410216540831 0.015055586508546794
6 151.94774303157163 0.07712968441075348
7 151.94774303157163 0.07713282643945339
8 151.94774303157163 0.3069170099834853
11 195.36138389773492 0.013308125935039257
16 195.36138389773492 0.013307798920691236

135.3494238903778
1 65.120461299245 0.42302753368650065
2 108.53410216540831 0.015051748624599374
4 108.53410216540833 0.015044438007309877
5 151.94774303157163 0.07715440131608045
7 151.94774303157163 0.07712095106020729
8 151.94774303157163 0.07679544205671977
9 151.94774303157166 0.23023171662543496
13 195.36138389773492 0.01249864596591166

135.3494841540269
1 65.120461299245 0.4230190118231463
3 108.53410216540831 0.01505233469718624
4 108.53410216540833 0.015045324152661787
5 151.94774303157163 0.07715583386391413
6 151.94774303157163 0.07712384080327632
8 151.94774303157163 0.0767939353444841
9 151.94774303157166 0.23023554099016266
14 195.36138389773492 0.012498831091760755

136.07586306208924
1 65.120461299245 0.5254866961335974
4 108.53410216540833 0.02122009301958945
5 151.94774303157163 0.24520413489300374
6 151.94774303157163 0.06772412164109659
7 151.94774303157163 0.05523147470690469
10 151.94774303157166 0.010087377686113504

136.07713505969775
1 65.120461299245 0.525489143506395
2 108.53410216540831 0.017335409461749492
3 108.53410216540831 0.01645460797434619
6 151.94774303157163 0.177741421796205
7 151.94774303157163 0.190231714383986
10 151.94774303157166 0.01008771526050272

140.44905601207017
2 108.53410216540831 0.06598979241257254
3 108.53410216540831 0.015852812866742397
4 108.53410216540833 0.015563968102738608
5 151.94774303157163 0.1262925453623979
6 151.94774303157163 0.1240852392824665
8 151.94774303157163 0.3567204303755095
9 151.94774303157166 0.11989130978954551
15 195.36138389773492 0.041420727654872695
16 195.36138389773492 0.06940196466321868
19 195.36138389773498 0.03005071518868649

140.44918120715624
2 108.53410216540831 0.015845534927910992
3 108.53410216540831 0.06598923464930453
4 108.53410216540833 0.01556979634559783
5 151.94774303157163 0.12624791997584053
7 151.94774303157163 0.12413090595871136
8 151.94774303157163 0.35667909209008974
9 151.94774303157166 0.11993353079727093
11 195.36138389773492 0.06938789331810014
15 195.36138389773492 0.04142481724372978
19 195.36138389773498 0.030062108947598774

140.45513155378836
2 108.53410216540831 0.015712167792703704
3 108.53410216540831 0.015717450245849012
4 108.53410216540833 0.06601748448035996
6 151.94774303157163 0.1251947842391542
7 151.94774303157163 0.12523110861594106
9 151.94774303157166 0.4731405301894134
13 195.36138389773492 0.07165321983892345
14 195.36138389773492 0.07166432927320915
34 238.77502476389833 0.01108888176021547

141.71953970314885
2 108.53410216540831 0.03152052429258319
3 108.53410216540831 0.03020855323941054
4 108.53410216540833 0.03052092108239632
5 151.94774303157163 0.2193627611879604
6 151.94774303157163 0.22172540124402315
8 151.94774303157163 0.07600665255864715
9 151.94774303157166 0.20840952021275405
12 195.36138389773492 0.04125742953225199
14 195.36138389773492 0.010342580668080244
16 195.36138389773492 0.041345927440828475
19 195.36138389773498 0.04866131142979925

141.71970135764846
2 108.53410216540831 0.030206942780496925
3 108.53410216540831 0.03151293319533385
4 108.53410216540833 0.0305140678849334
5 151.94774303157163 0.21948567881156272
7 151.94774303157163 0.2216759523503647
8 151.94774303157163 0.07608896127490565
9 151.94774303157166 0.20831305055392246
11 195.36138389773492 0.04137569016829065
12 195.36138389773492 0.04126872762944642
13 195.36138389773492 0.010340302584073272
19 195.36138389773498 0.0486580713424373

141.7200975474798
2 108.53410216540831 0.030372651189840744
3 108.53410216540831 0.030374482368299253
4 108.53410216540833 0.03149667955886954
6 151.94774303157163 0.2204520092056482
7 151.94774303157163 0.2203797458738482
8 151.94774303157163 0.2725635672774033
9 151.94774303157166 0.012147834258425184
11 195.36138389773492 0.021586918303278666
12 195.36138389773492 0.041245261570261045
13 195.36138389773492 0.03039486463967615
14 195.36138389773492 0.030384071578495542
16 195.36138389773492 0.021597339258564236

141.9119851718925
2 108.53410216540831 0.06269068985733536
3 108.53410216540831 0.023720245588317868
4 108.53410216540833 0.0626938674093458
5 151.94774303157163 0.18874944429685397
7 151.94774303157163 0.18878103818381745
8 151.94774303157163 0.24540915002784272
9 151.94774303157166 0.0823682132403946
10 151.94774303157166 0.02794658841134224
17 195.36138389773492 0.026228405209457822
20 195.36138389773498 0.026232440257631575

141.91208619822527
2 108.53410216540831 0.023719413528692335
3 108.53410216540831 0.06268809111921614
4 108.53410216540833 0.0626887629729828
5 151.94774303157163 0.18872335144642402
6 151.94774303157163 0.1887831737403135
8 151.94774303157163 0.2454203030258805
9 151.94774303157166 0.08235399071753312
10 151.94774303157166 0.027942946939537045
18 195.36138389773492 0.026226409253044307
20 195.36138389773498 0.02622841060972271

141.91277318241572
2 108.53410216540831 0.06268507210501903
3 108.53410216540831 0.06268542517487162
4 108.53410216540833 0.023706254113651428
6 151.94774303157163 0.18876770013589003
7 151.94774303157163 0.1887228305190281
9 151.94774303157166 0.3269483599126556
10 151.94774303157166 0.027936853470382224
13 195.36138389773492 0.010255432832015455
14 195.36138389773492 0.010257641676360337
17 195.36138389773492 0.026224135569097345
18 195.36138389773492 0.026224123318723248

142.40073729467466
2 108.53410216540831 0.03373433585855788
3 108.53410216540831 0.033732467084426905
4 108.53410216540833 0.03370271568669357
5 151.94774303157163 0.23850892004760524
6 151.94774303157163 0.23813302035336134
7 151.94774303157163 0.238137049537312
11 195.36138389773492 0.017644736980463992
13 195.36138389773492 0.02859140206774706
14 195.36138389773492 0.02859101182313387
15 195.36138389773492 0.045097409040311016
16 195.36138389773492 0.01764652644278405

149.35134159789007
1 65.120461299245 0.010146011448499427
2 108.53410216540831 0.030550155832970875
3 108.53410216540831 0.033346623601561036
4 108.53410216540833 0.03336386373746177
5 151.94774303157163 0.018759910991574036
6 151.94774303157163 0.018736958814633813
10 151.94774303157166 0.6897896261323496
18 195.36138389773492 0.055528515524529726
20 195.36138389773498 0.055557317154732576
35 238.77502476389833 0.025673884990331013

149.3513537040791
1 65.120461299245 0.010146009852073376
2 108.53410216540831 0.033344397345213404
3 108.53410216540831 0.030550028431746465
4 108.53410216540833 0.03336638608667585
5 151.94774303157163 0.018767621099067468
7 151.94774303157163 0.018729016506365662
10 151.94774303157166 0.6897899294873946
17 195.36138389773492 0.0555223411248766
20 195.36138389773498 0.05556450484547389
35 238.77502476389833 0.025673738698004253

149.35149723274762
1 65.120461299245 0.010146165198586963
2 108.53410216540831 0.033351703890853596
3 108.53410216540831 0.03336350858338204
4 108.53410216540833 0.030546492158359084
6 151.94774303157163 0.018767211263847765
7 151.94774303157163 0.018729809400538002
10 151.94774303157166 0.68979518553288
17 195.36138389773492 0.05552753026222487
18 195.36138389773492 0.05556078745624293
35 238.77502476389833 0.02567396073060746

149.88507684251127
2 108.53410216540831 0.023757421050118306
3 108.53410216540831 0.023744521423345644
4 108.53410216540833 0.033589403221679415
6 151.94774303157163 0.13251885871508778
7 151.94774303157163 0.13256275774633625
8 151.94774303157163 0.42275992832663467
11 195.36138389773492 0.03963597028705547
12 195.36138389773492 0.031556281940902826
16 195.36138389773492 0.03963647481007666
17 195.36138389773492 0.03972245716414701
18 195.36138389773492 0.03969226917420867

149.89078498261162
2 108.53410216540831 0.023781265676278383
3 108.53410216540831 0.03355862881520388
4 108.53410216540833 0.023760205008827955
5 151.94774303157163 0.13234849012977815
7 151.94774303157163 0.1323864244899154
8 151.94774303157163 0.10770498461164985
9 151.94774303157166 0.31806891104278995
12 195.36138389773492 0.03153065125778051
13 195.36138389773492 0.041363272081935194
15 195.36138389773492 0.02524446950864425
17 195.36138389773492 0.03974675596662583
19 195.36138389773498 0.01808622975521569
20 195.36138389773498 0.03969935734957562

149.8907928124807
2 108.53410216540831 0.03355909435233753
3 108.53410216540831 0.023778617147472036
4 108.53410216540833 0.023762581979723165
5 151.94774303157163 0.13235984326814954
6 151.94774303157163 0.13237809712237703
8 151.94774303157163 0.10771102013122964
9 151.94774303157166 0.3180595579719616
12 195.36138389773492 0.031531177793756915
14 195.36138389773492 0.04136247081640611
15 195.36138389773492 0.025244266668959816
18 195.36138389773492 0.03974064123232299
19 195.36138389773498 0.018086422530781243
20 195.36138389773498 0.03970574308314823

150.98663086509166
2 108.53410216540831 0.030082589362498538
3 108.53410216540831 0.466301287349442
4 108.53410216540833 0.029984653418350653
5 151.94774303157163 0.07482544528066687
7 151.94774303157163 0.07471720077458636
8 151.94774303157163 0.11514162083977456
9 151.94774303157166 0.038386956875197525
10 151.94774303157166 0.05942905470714933
11 195.36138389773492 0.016273415742896133
15 195.36138389773492 0.010669027744631764
18 195.36138389773492 0.04062892617730155

150.9867278655421
2 108.53410216540831 0.466313653716637
3 108.53410216540831 0.030080747162320932
4 108.53410216540833 0.029986086464768934
5 151.94774303157163 0.07481849511738513
6 151.94774303157163 0.0747165894967262
8 151.94774303157163 0.11514734906766165
9 151.94774303157166 0.03838976698622658
10 151.94774303157166 0.059430482736522655
15 195.36138389773492 0.01066926789837751
16 195.36138389773492 0.01627252963225132
17 195.36138389773492 0.040630157046718685

150.98851240351595
2 108.53410216540831 0.03000281823716483
3 108.53410216540831 0.03000730390556979
4 108.53410216540833 0.46633981413041214
6 151.94774303157163 0.07476102833356642
7 151.94774303157163 0.07476011162676363
9 151.94774303157166 0.15354809597471772
10 151.94774303157166 0.05947456508180905
13 195.36138389773492 0.017238111703406687
14 195.36138389773492 0.01723805733970373
20 195.36138389773498 0.04063604092369973

151.62538891944575
2 108.53410216540831 0.026649628632878695
3 108.53410216540831 0.026668410873179397
4 108.53410216540833 0.029238006993253303
5 151.94774303157163 0.4595115691192404
6 151.94774303157163 0.11898590158435829
7 151.94774303157163 0.11667154395520545
11 195.36138389773492 0.04201544706838452
15 195.36138389773492 0.027590031940128
16 195.36138389773492 0.042013564546927985
17 195.36138389773492 0.034982371890598635
18 195.36138389773492 0.03474662225166541

151.6319410908049
2 108.53410216540831 0.028379104552504177
3 108.53410216540831 0.02837171029637162
4 108.53410216540833 0.025838378088787712
6 151.94774303157163 0.3447192526173123
7 151.94774303157163 0.3470444454346002
13 195.36138389773492 0.0340743852249875
14 195.36138389773492 0.03419707443892728
17 195.36138389773492 0.011509697005703956
18 195.36138389773492 0.011746871232714536
19 195.36138389773498 0.047182433610590865
20 195.36138389773498 0.04649738717383661

152.9097368295615
2 108.53410216540831 0.174114798206727
3 108.53410216540831 0.17410352754512873
4 108.53410216540833 0.17389237057970447
5 151.94774303157163 0.12091047389366978
6 151.94774303157163 0.1208309038806836
7 151.94774303157163 0.12082257795409757
13 195.36138389773492 0.010289895213040865
14 195.36138389773492 0.01028930562540508
15 195.36138389773492 0.014293040875307611
17 195.36138389773492 0.015101189541984679
18 195.36138389773492 0.015100213506474733
20 195.36138389773498 0.0150856749174107

154.04962087946703
1 65.120461299245 0.33860509255324467
2 108.53410216540831 0.0363887637288961
3 108.53410216540831 0.3093147105841669
4 108.53410216540833 0.03642676667018906
5 151.94774303157163 0.07546723577792458
7 151.94774303157163 0.07550218267789158
9 151.94774303157166 0.02691737993546573
10 151.94774303157166 0.02159816442855096
18 195.36138389773492 0.01986351353951106

154.04969457109576
1 65.120461299245 0.3385912040813803
2 108.53410216540831 0.3093305778426739
3 108.53410216540831 0.03638035397506581
4 108.53410216540833 0.03642520101685976
5 151.94774303157163 0.07547999254043966
6 151.94774303157163 0.07550697554599596
9 151.94774303157166 0.02691066514579007
10 151.94774303157166 0.02159704496654482
17 195.36138389773492 0.019864830657054598

154.05000870254753
1 65.120461299245 0.3387735612630659
2 108.53410216540831 0.03644594224843191
3 108.53410216540831 0.03644936912640501
4 108.53410216540833 0.3091699680122184
6 151.94774303157163 0.07541222791455854
7 151.94774303157163 0.07540940421588686
8 151.94774303157163 0.035727565930328165
10 151.94774303157166 0.021608512181114172
20 195.36138389773498 0.019850557903612526

155.081530728969
1 65.120461299245 0.34790104295802926
2 108.53410216540831 0.08334083096132767
3 108.53410216540831 0.09136047719498407
4 108.53410216540833 0.1893713858407733
5 151.94774303157163 0.12548801425926884
6 151.94774303157163 0.03550204736099631
7 151.94774303157163 0.028095385122552143
10 151.94774303157166 0.02313663913815875
17 195.36138389773492 0.014207957156864261
18 195.36138389773492 0.01402235312653505
20 195.36138389773498 0.011787471775199586

155.08272592948694
1 65.120461299245 0.3478773078101554
2 108.53410216540831 0.15929486993838587
3 108.53410216540831 0.15128834723569246
4 108.53410216540833 0.05348309839453138
6 151.94774303157163 0.0906337998564421
7 151.94774303157163 0.09804627835460289
10 151.94774303157166 0.023134154949089745
17 195.36138389773492 0.012466407083347742
18 195.36138389773492 0.012652672408996198
20 195.36138389773498 0.014905070403902513

155.83340132617175
2 108.53410216540831 0.014601338581999973
4 108.53410216540833 0.014602913104802495
5 151.94774303157163 0.2633574535890807
7 151.94774303157163 0.2634004021125571
8 151.94774303157163 0.22050298414143252
9 151.94774303157166 0.07360336844052304
10 151.94774303157166 0.01147068155923503
17 195.36138389773492 0.041355843715063914
20 195.36138389773498 0.041361509602744075

155.83340435118126
3 108.53410216540831 0.015344707068360382
4 108.53410216540833 0.014653317708224905
5 151.94774303157163 0.26291026600824996
6 151.94774303157163 0.2629858342651304
8 151.94774303157163 0.22028719886540976
9 151.94774303157166 0.07349215227596137
10 151.94774303157166 0.011657545770872364
18 195.36138389773492 0.041396657558720164
20 195.36138389773498 0.041309698116508885

155.83343850067337
2 108.53410216540831 0.014750523376967457
3 108.53410216540831 0.016862900535845368
6 151.94774303157163 0.2620432746445742
7 151.94774303157163 0.2620453792128586
9 151.94774303157166 0.29257719011747035
10 151.94774303157166 0.012327028070477867
17 195.36138389773492 0.04118701338942124
18 195.36138389773492 0.04149197355947682

155.84253901373813
1 65.120461299245 0.03188665833139134
2 108.53410216540831 0.2493091234411582
3 108.53410216540831 0.03919261297636856
4 108.53410216540833 0.2180697865226065
5 151.94774303157163 0.035243799057327385
7 151.94774303157163 0.029012279700827318
10 151.94774303157166 0.2608985177781322
17 195.36138389773492 0.04881828645695665
20 195.36138389773498 0.04473733986025171

155.84267458690937
1 65.120461299245 0.03177452774533543
2 108.53410216540831 0.03909149471909401
3 108.53410216540831 0.24595417371268544
4 108.53410216540833 0.21980100883853482
5 151.94774303157163 0.034602050376625296
6 151.94774303157163 0.030349652579185826
10 151.94774303157166 0.26007432725842944
18 195.36138389773492 0.04847387943067356
20 195.36138389773498 0.04491128209376957

155.84313316643093
1 65.120461299245 0.03183455118908928
2 108.53410216540831 0.2326312001740488
3 108.53410216540831 0.23444986658118372
4 108.53410216540833 0.03911104953322398
6 151.94774303157163 0.03210222391512602
7 151.94774303157163 0.03227295163624235
10 151.94774303157166 0.2609398308465816
17 195.36138389773492 0.04665019438920602
18 195.36138389773492 0.04691667964150852

155.86652378147087
1 65.120461299245 0.05318521434377544
2 108.53410216540831 0.22278677712937847
3 108.53410216540831 0.05209453147410958
4 108.53410216540833 0.25409746397661753
5 151.94774303157163 0.06726842668285098
7 151.94774303157163 0.07368031185917612
8 151.94774303157163 0.038989632170379936
9 151.94774303157166 0.11802337973274557
11 195.36138389773492 0.010052991965498234
17 195.36138389773492 0.021533181050861043
19 195.36138389773498 0.015673707876523467
20 195.36138389773498 0.0256115438833073

155.8666989835483
1 65.120461299245 0.053123739215828136
2 108.53410216540831 0.05203096138097109
3 108.53410216540831 0.2238929822785668
4 108.53410216540833 0.25229735196479297
5 151.94774303157163 0.06745599509622865
6 151.94774303157163 0.07368328054918978
8 151.94774303157163 0.039030698263644976
9 151.94774303157166 0.11823358454418233
16 195.36138389773492 0.010068716293373551
18 195.36138389773492 0.02174407468367538
19 195.36138389773498 0.015640384595356903
20 195.36138389773498 0.025383860331493383

155.86690776117564
1 65.120461299245 0.053031869551173394
2 108.53410216540831 0.23949692183306118
3 108.53410216540831 0.23692680881402745
4 108.53410216540833 0.0522164069212902
6 151.94774303157163 0.07104269931169362
7 151.94774303157163 0.07029413109563731
8 151.94774303157163 0.1556278441641431
11 195.36138389773492 0.01129496835111756
16 195.36138389773492 0.011296585256868033
17 195.36138389773492 0.023691847684883797
18 195.36138389773492 0.023389272070373664

174.9415687166066
5 151.94774303157163 0.2179834152178407
6 151.94774303157163 0.05292470904178087
7 151.94774303157163 0.05247240295857338
8 151.94774303157163 0.08078074681671342
9 151.94774303157166 0.07664514554729897
11 195.36138389773492 0.13533222648711363
13 195.36138389773492 0.04219647882007838
14 195.36138389773492 0.04184770328335897
16 195.36138389773492 0.13520044699696537
19 195.36138389773498 0.10082445617198642
21 238.7750247638983 0.01793888683417829

174.97405509101316
6 151.94774303157163 0.1618681351482029
7 151.94774303157163 0.16232305471551117
8 151.94774303157163 0.07878894322969422
9 151.94774303157166 0.07873433173770289
13 195.36138389773492 0.11984175417996919
14 195.36138389773492 0.12019119780148511
15 195.36138389773492 0.19758721853233097

175.40845206229633
5 151.94774303157163 0.13445642947852682
8 151.94774303157163 0.3488158161664978
11 195.36138389773492 0.21439545937627572
16 195.36138389773492 0.21467326843042514
28 238.7750247638983 0.029383507831390022

175.41348591614752
5 151.94774303157163 0.14105907574703405
6 151.94774303157163 0.06611833020829769
7 151.94774303157163 0.12722021661114657
8 151.94774303157163 0.1624715577213569
9 151.94774303157166 0.010555312919861615
11 195.36138389773492 0.1309476027554115
12 195.36138389773492 0.13815252955545188
15 195.36138389773492 0.1422444283241455
27 238.7750247638983 0.014484710565073713

175.41370783682368
5 151.94774303157163 0.14107882605647462
6 151.94774303157163 0.12725889573055438
7 151.94774303157163 0.06610790291097715
8 151.94774303157163 0.16239192989737544
9 151.94774303157166 0.010600289916935316
12 195.36138389773492 0.13818492010355
15 195.36138389773492 0.1421920221224878
16 195.36138389773492 0.13090715340303377
22 238.7750247638983 0.014483449217213076

175.43250617256152
5 151.94774303157163 0.06311053831156671
6 151.94774303157163 0.1406373209377091
7 151.94774303157163 0.14055485210800361
9 151.94774303157166 0.15815186273899806
12 195.36138389773492 0.14501902805724073
13 195.36138389773492 0.13177995409160054
14 195.36138389773492 0.13167335538167257

175.46006002551803
6 151.94774303157163 0.13133579820974672
7 151.94774303157163 0.015349306332293634
8 151.94774303157163 0.05178659644009415
9 151.94774303157166 0.2984993138445996
13 195.36138389773492 0.21037718354382498
15 195.36138389773492 0.026508484494385653
19 195.36138389773498 0.18088309860149485
33 238.77502476389833 0.019882777461368132

175.46009111277044
6 151.94774303157163 0.015309531829969355
7 151.94774303157163 0.13135030563095412
8 151.94774303157163 0.05186829386706923
9 151.94774303157166 0.2984536173989825
14 195.36138389773492 0.21034960006115755
15 195.36138389773492 0.026563330461311825
19 195.36138389773498 0.18085456601395333
33 238.77502476389833 0.019879775545743137

177.70707669309942
5 151.94774303157163 0.07336147831281839
6 151.94774303157163 0.07784339371074613
7 151.94774303157163 0.07783921409675794
8 151.94774303157163 0.14581137232994323
9 151.94774303157166 0.15040766941407238
11 195.36138389773492 0.08509053375342394
13 195.36138389773492 0.054125987617233785
14 195.36138389773492 0.05412458257403845
16 195.36138389773492 0.08484966946491271
19 195.36138389773498 0.14014754054906733
21 238.7750247638983 0.01302422697288356
24 238.7750247638983 0.011772078695172834
25 238.7750247638983 0.011771861219379865

184.55478753385498
2 108.53410216540831 0.20594723076897453
3 108.53410216540831 0.16826152147606255
5 151.94774303157163 0.08963095862820805
6 151.94774303157163 0.04259827392804541
7 151.94774303157163 0.03184431076711094
8 151.94774303157163 0.13764953064781377
9 151.94774303157166 0.13804790149316853
10 151.94774303157166 0.11437642202841004
20 195.36138389773498 0.014993475847604116
35 238.77502476389833 0.012116798421934962

184.5552822661424
2 108.53410216540831 0.04673380492180205
3 108.53410216540831 0.0844156701745405
4 108.53410216540833 0.24785960248645142
5 151.94774303157163 0.0198663590248903
6 151.94774303157163 0.06657122066072328
7 151.94774303157163 0.07732489431202955
8 151.94774303157163 0.13794139543305906
9 151.94774303157166 0.13798641068340167
10 151.94774303157166 0.11446829231957414
17 195.36138389773492 0.013054155559699111
18 195.36138389773492 0.011331046329317569
35 238.77502476389833 0.01212019703882547

184.66009317030372
2 108.53410216540831 0.1027100299471669
3 108.53410216540831 0.10271029365714827
4 108.53410216540833 0.1644282320614305
5 151.94774303157163 0.14064738630870222
6 151.94774303157163 0.027346711126023323
7 151.94774303157163 0.027349219209979753
8 151.94774303157163 0.03368290383235879
9 151.94774303157166 0.04214331092506128
10 151.94774303157166 0.2981460224979676
35 238.77502476389833 0.019995869924504694

184.66050262903235
2 108.53410216540831 0.10276034299542396
3 108.53410216540831 0.16449167024807054
4 108.53410216540833 0.1026831359470728
5 151.94774303157163 0.027416599876988097
6 151.94774303157163 0.1405372590126873
7 151.94774303157163 0.027565185096509404
8 151.94774303157163 0.04001000801650956
9 151.94774303157166 0.035880822126737384
10 151.94774303157166 0.2979204606011571
35 238.77502476389833 0.019991947720434274

184.66057026837768
2 108.53410216540831 0.16449181331189153
3 108.53410216540831 0.10276120762370536
4 108.53410216540833 0.1026829903482373
5 151.94774303157163 0.02742100199228053
6 151.94774303157163 0.027560699580379024
7 151.94774303157163 0.14054120425373584
8 151.94774303157163 0.04001236874206783
9 151.94774303157166 0.03587989841136032
10 151.94774303157166 0.29791601834224596
35 238.77502476389833 0.019991914439811413

185.41962135487634
3 108.53410216540831 0.05057815015082587
5 151.94774303157163 0.0942452353558412
6 151.94774303157163 0.019694822298428845
7 151.94774303157163 0.0950655444378693
8 151.94774303157163 0.21881263879502857
9 151.94774303157166 0.0919274243872445
10 151.94774303157166 0.10957290151564826
12 195.36138389773492 0.03500877849089535
17 195.36138389773492 0.10721702854891615
20 195.36138389773498 0.10727174304796763
32 238.7750247638983 0.01061873061101431
34 238.77502476389833 0.021806654430603502

