23.59 0.0 6.579662463091437e-9
23.59 0.0 1.1031731038204924e-13
23.59 0.0 7.19190891764691e-9
23.59 16.11 0.2360157421903708
23.59 16.11 0.23601913790693485
23.59 16.11 6.055525866155924e-14
23.59 43.56 0.07638919361506498
23.59 43.56 1.6279275179919463e-14
23.59 43.56 0.07638779394472733
23.59 46.37 0.06907748005652979
23.59 46.37 0.02501030821644716
23.59 57.2 0.0009583836925673503
23.59 57.87 0.011816716189488244
23.59 57.87 2.469627376776755e-15
23.59 57.87 0.01181675474027153
23.59 64.72 2.909100508671517e-23
23.59 64.72 1.2663003265536749e-26
23.59 65.55 4.0049401727115564e-8
23.59 65.55 2.1339487167263841e-7
23.59 65.55 1.3937114979355194e-10
23.59 67.67 0.08464864643126921
23.59 67.67 0.015499376185709197
23.59 69.52 0.07051156789135274
23.59 69.52 0.07051008840362984
23.59 69.52 1.6350417156770026e-14
23.59 70.93 8.384674140277012e-8
23.59 70.93 1.577973098468522e-8
23.59 70.93 2.0742125833833163e-9
23.59 74.35 3.653091925409693e-24
23.59 93.66 1.4076251032041106e-8
23.59 93.66 1.606619410417565e-10
23.59 93.66 1.567976783476519e-8
23.59 94.47 1.3289223053212274e-23
23.59 95.85 7.487663052818329e-10
23.59 95.85 1.029551656604248e-9
23.59 95.85 3.5484553454286747e-13
23.59 103.74 5.697398092968158e-8
23.59 103.74 5.45446639270197e-8
23.59 103.74 2.144206499275503e-12
23.59 106.93 3.016452502062725e-23
23.59 106.93 6.531587808502625e-25
23.59 107.35 3.180884112655951e-10
23.59 107.35 3.679936080471222e-8
23.59 107.35 3.815283347191742e-8
23.59 111.76 1.0061704600193445e-9
23.59 111.76 8.32545616703519e-10
23.59 111.76 6.47175686927902e-10
23.59 112.48 1.3352188532696625e-22
23.59 112.48 9.55779288486616e-27
23.59 116.86 2.9922213712954223e-6
23.59 116.86 6.39563266397449e-19
23.59 116.86 2.9860165347769417e-6
23.59 118.13 9.103301026482986e-7
23.59 118.13 2.0264780075694179e-19
23.59 118.13 9.399525863535413e-7
23.59 118.32 1.0455744175292518e-9
23.59 118.32 2.301487184451021e-9
23.59 118.32 3.825126225064941e-10
23.59 118.81 2.523609795240535e-11
23.59 125.76 0.00041317545579866265
23.59 125.76 1.0272787655088203e-16
23.59 125.76 0.0004129934140720042
23.59 126.29 0.0002520902637013986
23.59 126.3 5.612052821445017e-17
23.59 126.3 0.00025189431960153676
23.59 127.39 1.2213957374474162e-8
23.59 127.39 1.1997202735907052e-8
23.59 127.4 1.522850412058169e-11
23.59 128.03 0.00015455781471572288
23.59 128.04 5.2221770868118315e-5
23.59 129.32 3.646593388619155e-24
23.59 130.46 5.935698084762056e-9
23.59 130.46 6.671126082959075e-9
23.59 130.46 3.9710481380887506e-10
23.59 131.49 2.2831280920691374e-24
23.59 131.49 2.695311133271459e-26
23.59 132.24 1.1727851598298623e-18
23.59 132.24 4.3435266715833235e-6
23.59 132.24 4.266701423814279e-6
23.59 132.25 3.042432470312408e-8
23.59 132.25 8.267170222752702e-8
23.59 132.25 3.5963462553216954e-9
23.59 132.27 1.0730924294402243e-8
23.59 132.27 3.037235948879826e-8
23.59 132.27 1.5757450800505352e-9
23.59 151.35 8.42081884322869e-7
23.59 151.38 2.4026586494001186e-6
23.59 151.82 8.783305491622649e-8
23.59 151.82 1.4928426218758226e-18
23.59 151.82 6.26499744155442e-6
23.59 151.84 6.9673876807490225e-6
23.59 151.87 1.5385322149283617e-20
23.59 151.87 7.267193904346322e-7
23.59 154.11 3.311323518261194e-6
23.59 160.96 0.0001469770131621273
23.59 160.96 0.0002983406269394769
23.59 161.07 0.00036848772799191883
23.59 161.07 7.73843082492493e-17
23.59 161.07 0.0003684912937089619
23.59 161.83 9.481156037347031e-20
23.59 0.0 5.470822511920619e-11
23.59 0.0 1.3543896284336152e-21
23.59 16.11 0.2360185877622597
23.59 16.11 5.082148344004891e-14
23.59 16.11 0.23601728518884077
23.59 43.56 0.07638750960532738
23.59 43.56 0.0763874916869919
23.59 43.56 1.4252263588213442e-14
23.59 46.37 3.0765877352114524e-5
23.59 46.37 0.0940571155862916
23.59 57.2 0.0009581744888182837
23.59 57.87 0.011816218717541162
23.59 57.87 0.011816337847222157
23.59 57.87 2.114038600564787e-15
23.59 64.72 1.4049247475139964e-10
23.59 64.72 1.774452168712669e-14
23.59 65.55 7.599766588044922e-21
23.59 65.55 4.270135957116205e-10
23.59 65.55 1.8658287117579214e-10
23.59 67.67 0.06415602847334631
23.59 67.67 0.035992285795651564
23.59 69.52 0.0705116852183641
23.59 69.52 1.4580314064258217e-14
23.59 69.52 0.07051225626771399
23.59 70.93 1.5842047153229554e-20
23.59 70.93 1.671011210683294e-10
23.59 70.93 1.7868679725997645e-9
23.59 74.35 1.7098335274843754e-11
23.59 93.66 2.662000790533188e-21
23.59 93.66 3.9484076987779806e-11
23.59 93.66 2.709051423567932e-10
23.59 94.47 6.122662864802316e-11
23.59 95.85 1.406060243722381e-22
23.59 95.85 2.9568684301787533e-10
23.59 95.85 1.5450904214107111e-12
23.59 103.74 7.850951417403753e-12
23.59 103.74 1.0331254999894002e-20
23.59 103.74 2.6165538641999957e-13
23.59 106.93 1.4100390727375715e-10
23.59 106.93 3.1415378652173702e-12
23.59 107.35 2.106685206442036e-10
23.59 107.35 6.967910346700944e-21
23.59 107.35 3.3061592639049565e-14
23.59 111.76 4.554305695531548e-10
23.59 111.76 1.8822993217710336e-12
23.59 111.76 1.2225320206788858e-22
23.59 112.48 6.236047165040204e-10
23.59 112.48 2.475408456486104e-14
23.59 116.86 2.9698487852844906e-6
23.59 116.86 2.970606719244345e-6
23.59 116.86 5.655512168086795e-19
23.59 118.13 9.382083926364755e-7
23.59 118.13 9.374536283942065e-7
23.59 118.13 1.7876898553122842e-19
23.59 118.32 5.330460495836611e-14
23.59 118.32 4.36050137887472e-22
23.59 118.32 1.0100820973174726e-10
23.59 118.81 6.913910036764338e-15
23.59 125.76 0.000413004760656349
23.59 125.76 0.00041293985475161153
23.59 125.76 7.884744124627041e-17
23.59 126.29 4.7727842129067724e-17
23.59 126.3 0.000252152649733836
23.59 126.3 0.0002521035764022709
23.59 127.39 3.1176016717815922e-9
23.59 127.39 2.2828948601544956e-21
23.59 127.4 3.5149737799066703e-12
23.59 128.03 1.7756153787798672e-9
23.59 128.04 0.00020681724432447426
23.59 129.32 1.6143106082547693e-11
23.59 130.46 4.6842157049233655e-11
23.59 130.46 1.264761191849393e-21
23.59 130.46 1.994688588346705e-12
23.59 131.49 9.845506306546908e-12
23.59 131.49 8.442624274588062e-14
23.59 132.24 4.3443624520303255e-6
23.59 132.24 4.336686299699081e-6
23.59 132.24 8.693031003810005e-19
23.59 132.25 4.216575115139799e-11
23.59 132.25 1.558557904787315e-20
23.59 132.25 3.4369328547969582e-9
23.59 132.27 1.4596302503084728e-10
23.59 132.27 5.7047977550710416e-21
23.59 132.27 4.155381995684979e-9
23.59 151.35 3.17220204909751e-6
23.59 151.38 5.467705784573143e-12
23.59 151.82 1.666527104588967e-20
23.59 151.82 6.9265957990524165e-6
23.59 151.82 6.927620989695095e-6
23.59 151.84 1.3189059798282444e-18
23.59 151.87 7.119217072155772e-8
23.59 151.87 7.065522396770614e-8
23.59 154.11 3.3918133612086093e-6
23.59 160.96 0.00044179217117305
23.59 160.96 3.4822183903235025e-6
23.59 161.07 6.708609695502837e-17
23.59 161.07 0.0003684115781200156
23.59 161.07 0.0003684309515286427
23.59 161.83 4.383406823266585e-7
23.59 0.0 6.334728612148488e-9
23.59 16.11 1.5563300160618653e-15
23.59 16.11 0.23601541309049762
23.59 16.11 0.23601702509528438
23.59 43.56 1.3577282994555824e-16
23.59 43.56 0.07638893737115603
23.59 43.56 0.07638882768095527
23.59 46.37 0.0720240008486991
23.59 46.37 0.022064268536401373
23.59 57.2 0.0009581581454752211
23.59 57.87 6.423076750093028e-17
23.59 57.87 0.0118167064262786
23.59 57.87 0.011816230341987373
23.59 64.72 5.11088038850857e-10
23.59 64.72 9.092203050601958e-12
23.59 65.55 3.890233833886031e-8
23.59 65.55 1.948636298784587e-7
23.59 65.55 2.215561704851574e-22
23.59 67.67 0.0014178226237841624
23.59 67.67 0.09872987952062905
23.59 69.52 1.6571793462279002e-16
23.59 69.52 0.07051246730590253
23.59 69.52 0.07051129457770094
23.59 70.93 8.76683134246369e-8
23.59 70.93 1.2959653120342348e-8
23.59 70.93 1.0383764010996877e-23
23.59 74.35 3.666660181892327e-11
23.59 93.66 1.0113997758309768e-8
23.59 93.66 1.932181338607588e-23
23.59 93.66 8.245117531805018e-9
23.59 94.47 4.580619733418503e-10
23.59 95.85 1.0846337166797352e-11
23.59 95.85 8.804252281529069e-12
23.59 95.85 2.217831160452009e-27
23.59 103.74 5.83821090702853e-8
23.59 103.74 5.8069693620063754e-8
23.59 103.74 4.213886530666831e-25
23.59 106.93 2.4061497275418487e-11
23.59 106.93 1.8255171534128136e-12
23.59 107.35 6.549353302536328e-23
23.59 107.35 3.6938741521298504e-8
23.59 107.35 4.065994957926214e-8
23.59 111.76 7.023992367032319e-25
23.59 111.76 4.956919551997201e-10
23.59 111.76 5.886657766942904e-10
23.59 112.48 1.0730093620564585e-9
23.59 112.48 2.5750689000939204e-13
23.59 116.86 3.416013337778686e-21
23.59 116.86 2.992225011234735e-6
23.59 116.86 2.9852933554567623e-6
23.59 118.13 1.1074799959388426e-21
23.59 118.13 9.111402821372679e-7
23.59 118.13 9.412848447584365e-7
23.59 118.32 1.6414042938800962e-9
23.59 118.32 2.4286320386624276e-9
23.59 118.32 2.026095140957761e-25
23.59 118.81 2.528036696587008e-11
23.59 125.76 1.191297099114186e-17
23.59 125.76 0.0004132474102612428
23.59 125.76 0.000413185863817831
23.59 126.29 0.00025187525358623175
23.59 126.3 0.00025184713101623733
23.59 126.3 2.134030807083376e-18
23.59 127.39 4.5228995404739255e-9
23.59 127.39 1.8538385042174208e-8
23.59 127.4 1.2397948604060281e-26
23.59 128.03 0.00015561055979183779
23.59 128.04 5.1189593436015315e-5
23.59 129.32 6.029623209037604e-10
23.59 130.46 7.60761689224792e-9
23.59 130.46 7.966597737847879e-9
23.59 130.46 1.4312686512861653e-25
23.59 131.49 7.33395280981298e-10
23.59 131.49 1.3032764220195366e-11
23.59 132.24 4.347527127821524e-6
23.59 132.24 1.7357549068391775e-19
23.59 132.24 4.377994013567477e-6
23.59 132.25 2.550032559898028e-8
23.59 132.25 1.3762755749892745e-9
23.59 132.25 4.3043153769980676e-24
23.59 132.27 6.235291270072808e-9
23.59 132.27 5.6316680349858834e-11
23.59 132.27 4.033811650960953e-24
23.59 151.35 8.362656410561283e-7
23.59 151.38 2.4097865335808663e-6
23.59 151.82 9.17012598949487e-8
23.59 151.82 6.262586169975149e-6
23.59 151.82 1.0620415223449358e-20
23.59 151.84 6.962902306007382e-6
23.59 151.87 7.288416276502071e-7
23.59 151.87 1.1038819361337287e-22
23.59 154.11 3.312858863365259e-6
23.59 160.96 7.905924158168152e-5
23.59 160.96 0.00036628494596039636
23.59 161.07 0.00036848136532849807
23.59 161.07 0.00036848684881515744
23.59 161.07 1.106316426890418e-18
23.59 161.83 4.4596281559914044e-7
39.71 0.0 1.0913266443962752e-10
39.71 0.0 1.824356548445656e-24
39.71 0.0 3.1009623336731367e-10
39.71 27.45 5.459653302274024e-12
39.71 27.45 1.3900618891959312e-11
39.71 27.45 3.615496327197486e-23
39.71 30.25 5.5605727971236064e-9
39.71 30.25 3.1284158387485427e-13
39.71 41.09 5.83576737596639e-11
39.71 41.76 3.4628572017545345e-10
39.71 41.76 3.6302353636176933e-10
39.71 41.76 4.388234642290523e-25
39.71 48.6 0.03501016483366473
39.71 48.6 0.012809249998747921
39.71 49.43 1.5274524322676834e-15
39.71 49.43 0.033559029544804116
39.71 49.43 0.033558066780829426
39.71 51.56 2.5121729007554476e-8
39.71 51.56 3.9237116534509705e-8
39.71 53.41 1.8493036241589449e-10
39.71 53.41 6.064826211819613e-23
39.71 53.41 5.680985941096567e-10
39.71 54.81 2.4516238967848444e-18
39.71 54.81 0.0004449492725859983
39.71 54.82 0.00044489466183785615
39.71 58.23 0.013607563423790426
39.71 77.54 1.095384618790752e-18
39.71 77.54 0.00013994772942163393
39.71 77.54 0.00014007313620292838
39.71 78.36 1.182912463642274e-12
39.71 79.74 1.7186632439281747e-19
39.71 79.74 2.030615989965767e-5
39.71 79.74 2.02296806704424e-5
39.71 87.63 0.0015668769758107963
39.71 87.63 3.8921738687463063e-16
39.71 87.63 0.0015671326337590823
39.71 90.82 0.020332894647183967
39.71 90.82 0.007477708274913972
39.71 91.24 0.0343699373496263
39.71 91.24 1.5571019805795038e-16
39.71 91.24 0.03438343949206091
39.71 95.64 0.06121989830175221
39.71 95.64 0.061208670102922594
39.71 95.64 5.491203338505701e-16
39.71 96.37 0.07926171474957301
39.71 96.37 0.02300790289461
39.71 100.74 2.871708475229349e-8
39.71 100.74 6.111911068610706e-9
39.71 100.75 1.2361039939934038e-25
39.71 102.01 2.1701005948239506e-10
39.71 102.01 2.0910659393877972e-8
39.71 102.01 3.2128835691872594e-23
39.71 102.21 2.2953506348322333e-5
39.71 102.21 1.0220149667973304e-19
39.71 102.21 2.2780326115423198e-5
39.71 102.7 6.644181563166774e-11
39.71 109.65 7.849275272312642e-9
39.71 109.65 8.328012490673146e-9
39.71 109.65 1.6215121465320509e-24
39.71 110.18 2.8119562942015883e-24
39.71 110.19 1.5437246817997507e-9
39.71 110.19 2.5852955660520477e-9
39.71 111.28 0.00034175734036560613
39.71 111.28 2.2273132342331135e-18
39.71 111.28 0.0003418964273020556
39.71 111.92 1.943217989130419e-9
39.71 111.93 6.047446684987086e-9
39.71 113.2 3.6786442774433726e-9
39.71 114.34 0.017629682543789753
39.71 114.34 1.3546834364644585e-16
39.71 114.34 0.017642164114643255
39.71 115.38 0.017727607037043548
39.71 115.38 0.005031334309525786
39.71 116.13 1.0216717737145373e-9
39.71 116.13 5.448384265533332e-7
39.71 116.13 6.262186260457567e-20
39.71 116.14 0.001154875191115269
39.71 116.14 7.223932960363388e-18
39.71 116.14 0.001027936865594809
39.71 116.16 0.0028302759461592457
39.71 116.16 1.787755760726121e-17
39.71 116.16 0.0029472816438687937
39.71 135.24 2.2938898805522938e-10
39.71 135.27 5.903930724041251e-10
39.71 135.7 1.5399052375452228e-23
39.71 135.71 3.1797298358619295e-11
39.71 135.71 1.3156412408060542e-13
39.71 135.73 7.713928946053261e-24
39.71 135.75 2.615324453957029e-12
39.71 135.75 8.323832429237467e-12
39.71 138.0 5.621311944357056e-12
39.71 144.85 5.754951927824758e-13
39.71 144.85 6.9226666523278455e-12
39.71 144.95 1.457127899778357e-24
39.71 144.96 6.194655211706153e-11
39.71 144.96 8.530788927368214e-11
39.71 145.71 3.683438042924894e-11
39.71 0.0 1.725321628238378e-11
39.71 0.0 5.456707366779685e-13
39.71 27.45 2.031482230748286e-25
39.71 27.45 8.181686547842948e-12
39.71 27.45 3.6537816543004776e-9
39.71 30.25 2.8622160002575266e-9
39.71 30.25 1.460145916618429e-13
39.71 41.09 1.3917938382770585e-11
39.71 41.76 2.258413947008391e-24
39.71 41.76 6.026038349068101e-12
39.71 41.76 2.4751893925307552e-11
39.71 48.6 1.9915254275017815e-5
39.71 48.6 0.04779855552480747
39.71 49.43 0.033558864893946175
39.71 49.43 0.03355912281703584
39.71 49.43 1.6896033858679235e-16
39.71 51.56 1.9955974265595246e-8
39.71 51.56 3.053553048477996e-8
39.71 53.41 3.415357217928655e-24
39.71 53.41 3.4474579158425487e-9
39.71 53.41 5.179096356497633e-12
39.71 54.81 0.0004448534841505422
39.71 54.81 0.00044492902535614876
39.71 54.82 2.9181357081801898e-18
39.71 58.23 0.013607397552398138
39.71 77.54 0.00014016720737631741
39.71 77.54 1.4004086981213386e-18
39.71 77.54 0.00014013925114126637
39.71 78.36 5.0061648695544056e-15
39.71 79.74 2.0150851900119483e-5
39.71 79.74 2.013922825450729e-5
39.71 79.74 1.494397061123339e-19
39.71 87.63 0.0015679274658587671
39.71 87.63 0.0015686524893398534
39.71 87.63 1.170391777375074e-17
39.71 90.81 1.2779983636018063e-5
39.71 90.82 0.02780531963033572
39.71 91.24 1.1692633326836712e-16
39.71 91.24 0.03438397575661738
39.71 91.24 0.0343831289285748
39.71 95.64 4.1992206176246293e-16
39.71 95.64 0.0612079894033329
39.71 95.64 0.06120628402343539
39.71 96.37 8.83610646050693e-5
39.71 96.37 0.10217641187591986
39.71 100.74 1.37144537227104e-22
39.71 100.74 7.096627944130943e-10
39.71 100.75 5.7928558557030683e-11
39.71 102.01 1.46622195131333e-22
39.71 102.01 1.6241180581320463e-10
39.71 102.01 1.6709706192774841e-9
39.71 102.21 2.2573436884877127e-5
39.71 102.21 2.258194898849361e-5
39.71 102.21 1.6427361770011007e-19
39.71 102.7 2.1585170326890892e-9
39.71 109.65 5.645370375409437e-23
39.71 109.65 7.126204035861505e-12
39.71 109.65 6.73660328060044e-12
39.71 110.18 5.2218171735786395e-11
39.71 110.19 1.9737711870728057e-11
39.71 110.19 1.9923761494100272e-23
39.71 111.28 0.00034155825090375377
39.71 111.28 0.00034154838236307046
39.71 111.28 2.4431207255318374e-18
39.71 111.92 2.3557675493141483e-10
39.71 111.93 9.261191740427654e-9
39.71 113.2 4.036061619345607e-12
39.71 114.34 0.01763541151233714
39.71 114.34 0.0176348872996231
39.71 114.34 1.2696779303127672e-16
39.71 115.38 2.641978111122693e-5
39.71 115.38 0.02273089608603343
39.71 116.13 3.181041590645911e-9
39.71 116.13 2.2723390897488666e-20
39.71 116.13 1.4849941527196341e-7
39.71 116.14 0.0009201617000969523
39.71 116.14 0.000934671726891477
39.71 116.14 7.404688418261566e-18
39.71 116.16 0.0030599221930110395
39.71 116.16 0.003045819417106392
39.71 116.16 1.975362415567464e-17
39.71 135.24 2.6936714384331405e-9
39.71 135.27 9.870509470933132e-12
39.71 135.7 4.866809588757778e-9
39.71 135.71 9.680318519030992e-10
39.71 135.71 9.333464722735496e-26
39.71 135.73 2.424132531034965e-10
39.71 135.75 8.015166914123172e-11
39.71 135.75 6.312540445556892e-26
39.71 138.0 2.3653441479781072e-9
39.71 144.85 1.8671977543111938e-10
39.71 144.85 7.995332878658989e-11
39.71 144.95 1.2178038720204374e-10
39.71 144.96 1.393344313031874e-11
39.71 144.96 7.409425180614064e-25
39.71 145.71 1.1800199153080076e-12
39.71 0.0 2.236208808695583e-10
39.71 27.45 3.1854262817474246e-11
39.71 27.45 2.8047826811278348e-11
39.71 27.45 7.48028615586679e-9
39.71 30.25 3.942412741547269e-23
39.71 30.25 5.714953113926894e-27
39.71 41.09 3.027534444484555e-25
39.71 41.76 3.186596275881518e-10
39.71 41.76 4.5017610703826496e-10
39.71 41.76 9.399889930783797e-11
39.71 48.6 0.036700332160813406
39.71 48.6 0.011119234640828703
39.71 49.43 0.03355881900702148
39.71 49.43 1.4334320531150306e-15
39.71 49.43 0.03355809720294987
39.71 51.56 2.2374009448472573e-22
39.71 51.56 3.471523590986145e-22
39.71 53.41 5.838418165484534e-10
39.71 53.41 1.477183694246085e-8
39.71 53.41 2.2418305376405259e-10
39.71 54.81 0.00044499484903607223
39.71 54.81 4.0475293309679324e-18
39.71 54.81 0.0004450104806428566
39.71 58.23 0.013607571009118283
39.71 77.54 0.00014009287837141887
39.71 77.54 0.00013994749524777334
39.71 77.54 1.0681076388079479e-18
39.71 78.36 2.617128864958844e-12
39.71 79.74 2.0296814434114116e-5
39.71 79.74 2.51320718874297e-19
39.71 79.74 2.0244615240175803e-5
39.71 87.63 3.15293061571308e-16
39.71 87.63 0.0015661366182465524
39.71 87.63 0.00156759967732481
39.71 90.81 0.02136539997567969
39.71 90.82 0.006444144093786517
39.71 91.24 0.0343698939195794
39.71 91.24 0.0343851735726935
39.71 91.24 3.4985973790311465e-16
39.71 95.64 0.061219737786887996
39.71 95.64 7.645553337033032e-16
39.71 95.64 0.06120719089785136
39.71 96.37 0.07405751675338222
39.71 96.37 0.028212887084176692
39.71 100.74 5.05057533437287e-9
39.71 100.74 2.1164883851497413e-8
39.71 100.75 1.843943224584684e-15
39.71 102.01 4.980290104616954e-8
39.71 102.01 1.1511547334859691e-8
39.71 102.01 7.7723978585449e-9
39.71 102.21 1.9078809430860063e-19
39.71 102.21 2.294113475178295e-5
39.71 102.21 2.275741189404178e-5
39.71 102.7 1.4630819724233075e-23
39.71 109.65 7.867233468935621e-9
39.71 109.65 8.4556148044276e-9
39.71 109.65 4.5678711048858114e-10
39.71 110.18 8.034349546706238e-10
39.71 110.19 1.0723430503225857e-9
39.71 110.19 2.887512980725128e-9
39.71 111.28 3.672600546483789e-18
39.71 111.28 0.0003417886694517187
39.71 111.28 0.00034179286007828935
39.71 111.92 8.502821152129063e-24
39.71 111.93 8.38947225633786e-23
39.71 113.2 3.97165886264257e-9
39.71 114.34 2.14019208824458e-16
39.71 114.34 0.01762864076685537
39.71 114.34 0.017642652614107916
39.71 115.38 0.0163853714248494
39.71 115.38 0.006373760671057057
39.71 116.13 4.499835732651835e-10
39.71 116.13 6.345049831941209e-6
39.71 116.13 1.7577359281045573e-5
39.71 116.14 9.65414921183844e-18
39.71 116.14 0.001131542893986305
39.71 116.14 0.0010406905489220523
39.71 116.16 2.9851295399056316e-17
39.71 116.16 0.0028372856598258994
39.71 116.16 0.002928256559321956
39.71 135.24 1.916101715544722e-23
39.71 135.27 2.2015951850452267e-24
39.71 135.7 2.0568467764874769e-10
39.71 135.71 8.040490956570163e-12
39.71 135.71 4.082058366419329e-14
39.71 135.73 2.0778681913949644e-9
39.71 135.75 1.0542891267658178e-12
39.71 135.75 3.983753504760858e-12
39.71 138.0 1.6169078672799382e-23
39.71 144.85 1.2827192523438333e-24
39.71 144.85 5.671609321243798e-25
39.71 144.95 3.100454871127026e-10
39.71 144.96 1.5205610435886437e-11
39.71 144.96 9.454824032388893e-11
39.71 145.71 1.0095266242334088e-13
67.15 0.0 7.12869597235072e-10
67.15 0.0 9.404823940449293e-10
67.15 0.0 5.904178195360199e-24
67.15 2.81 4.7051172157124e-9
67.15 2.81 2.501550696298201e-12
67.15 13.64 6.929671011625833e-11
67.15 14.31 4.354704735065752e-11
67.15 14.31 1.0958537084628494e-11
67.15 14.31 1.6064765372176944e-24
67.15 21.16 0.039183386138862526
67.15 21.16 0.1070864567297111
67.15 21.99 1.1157260351450132e-15
67.15 21.99 0.039406159081201445
67.15 21.99 0.039405733999451326
67.15 24.11 4.8351159804096624e-8
67.15 24.11 7.085608980218569e-8
67.15 25.96 3.889099536851971e-9
67.15 25.96 8.449551012805446e-23
67.15 25.96 1.2702845989728382e-9
67.15 27.37 8.652713165494955e-17
67.15 27.37 0.026587157880674922
67.15 27.37 0.026586724884139216
67.15 30.79 2.1311730958589063e-13
67.15 50.1 1.0807976286814297e-16
67.15 50.1 0.032377790520156526
67.15 50.1 0.032364425969187476
67.15 50.91 0.040843635972105045
67.15 52.29 4.1546971080380806e-17
67.15 52.29 0.019023653924954663
67.15 52.29 0.01900737539246017
67.15 60.18 0.00356855505131338
67.15 60.18 1.0163012046224217e-15
67.15 60.18 0.003569150549724635
67.15 63.37 0.010605817553078122
67.15 63.37 0.028841056048852537
67.15 63.79 0.012948575443173618
67.15 63.79 6.397478571406408e-17
67.15 63.79 0.012945098951999088
67.15 68.2 0.00609506376028811
67.15 68.2 0.006094573931924042
67.15 68.2 1.9821216698570507e-17
67.15 68.92 0.0029524222796767806
67.15 68.92 0.010170558931875549
67.15 73.3 4.247774554758496e-8
67.15 73.3 2.1178590950453706e-9
67.15 73.3 9.033654114541931e-26
67.15 74.57 6.196691391318834e-7
67.15 74.57 4.358927968382567e-10
67.15 74.57 6.292411475941679e-22
67.15 74.76 0.002065456383783861
67.15 74.76 4.4086057643013245e-19
67.15 74.76 0.0020632705104595118
67.15 75.25 2.5384453216804713e-8
67.15 82.2 3.958530197559055e-13
67.15 82.2 1.1167379957815613e-9
67.15 82.2 1.891931158933754e-24
67.15 82.73 3.6700106713759226e-23
67.15 82.74 1.18019463811785e-9
67.15 82.74 5.422981772672575e-9
67.15 83.83 0.010643409456279606
67.15 83.83 1.5045669275556114e-17
67.15 83.84 0.010653474071265817
67.15 84.47 1.6792287117222765e-9
67.15 84.48 2.6968402346934614e-7
67.15 85.76 0.023928006507792178
67.15 86.9 0.013155838805467179
67.15 86.9 3.223007997461017e-17
67.15 86.9 0.013139283832930676
67.15 87.93 0.0031365189491030752
67.15 87.93 0.011028457660661416
67.15 88.68 7.958870446089971e-9
67.15 88.68 2.7793375484743605e-5
67.15 88.68 2.084923746020744e-19
67.15 88.69 0.003320845230966547
67.15 88.69 4.179728577776786e-18
67.15 88.69 0.00383581258464277
67.15 88.71 0.015584361277653381
67.15 88.71 1.5751500960934563e-17
67.15 88.71 0.015047921901546489
67.15 107.79 3.1909092243023084e-8
67.15 107.82 1.4848791157303067e-10
67.15 108.26 8.25596757455525e-23
67.15 108.26 9.960186249862835e-10
67.15 108.26 5.911062914263208e-10
67.15 108.28 1.958480265360806e-25
67.15 108.31 3.8816155261463994e-9
67.15 108.31 7.216150344607043e-9
67.15 110.55 1.6311579195597555e-8
67.15 117.4 3.3566782086975887e-11
67.15 117.4 8.08084618711257e-11
67.15 117.51 1.1677981064513678e-24
67.15 117.51 9.566719639631969e-9
67.15 117.51 1.202672749892612e-8
67.15 118.27 3.130631491262022e-10
67.15 0.0 4.1310196840060233e-10
67.15 0.0 5.220682861276027e-9
67.15 2.81 5.926755275189951e-24
67.15 2.81 1.7147701539389348e-25
67.15 13.64 2.612844571529119e-24
67.15 14.31 9.315291184792386e-11
67.15 14.31 8.661890655512328e-11
67.15 14.31 8.186538445417817e-11
67.15 21.16 0.03401455775751988
67.15 21.16 0.11225510745546877
67.15 21.99 0.03940567185122466
67.15 21.99 1.0787011770358308e-15
67.15 21.99 0.039405297226047006
67.15 24.11 6.075136160474864e-23
67.15 24.11 9.193099598452622e-23
67.15 25.96 7.470155482697785e-11
67.15 25.96 7.695757330697156e-8
67.15 25.96 1.0727739555861213e-9
67.15 27.37 0.026587474809528965
67.15 27.37 9.397437200016234e-17
67.15 27.37 0.02658727182313858
67.15 30.79 1.5872887158753705e-12
67.15 50.1 0.03236214514105977
67.15 50.1 0.032378283214791324
67.15 50.1 4.023423194601587e-17
67.15 50.91 0.04084371044408051
67.15 52.29 0.019026062200770508
67.15 52.29 4.4478608154693207e-17
67.15 52.29 0.019007407556689122
67.15 60.18 8.091202721024175e-16
67.15 60.18 0.0035682431379520547
67.15 60.18 0.003569094067752946
67.15 63.37 0.00914104923832795
67.15 63.37 0.030305494229128642
67.15 63.79 0.012948220975251497
67.15 63.79 0.012945528502100075
67.15 63.79 4.975473758962924e-17
67.15 68.2 0.00609520389316063
67.15 68.2 1.4868285206790336e-17
67.15 68.2 0.006094727030060685
67.15 68.92 0.0036206027750831857
67.15 68.92 0.009502997227750597
67.15 73.3 3.583715416054349e-8
67.15 73.3 2.1280960934412975e-9
67.15 73.3 6.888244490781534e-11
67.15 74.57 6.544824176734871e-7
67.15 74.57 7.297448369759763e-10
67.15 74.57 5.481411685697912e-7
67.15 74.76 5.634372963403718e-19
67.15 74.76 0.0020649846532339346
67.15 74.76 0.002063331669538981
67.15 75.25 3.7783702861758575e-23
67.15 82.2 4.750655552515861e-10
67.15 82.2 1.097110971026678e-9
67.15 82.2 1.2942973007936539e-9
67.15 82.73 3.225735658924853e-8
67.15 82.74 2.3888566026566776e-9
67.15 82.74 2.7420794502528073e-10
67.15 83.83 1.6939339498313843e-17
67.15 83.83 0.010644166307867749
67.15 83.84 0.010653310777370358
67.15 84.47 1.0879494978321053e-23
67.15 84.48 3.445467333580364e-22
67.15 85.76 0.023929138860493155
67.15 86.9 3.668829789595463e-17
67.15 86.9 0.013156845462902958
67.15 86.9 0.013139323258429508
67.15 87.93 0.00397244254495522
67.15 87.93 0.010191385861851962
67.15 88.68 1.251491956100531e-10
67.15 88.68 3.5165192582721673e-6
67.15 88.68 1.8313315480566365e-6
67.15 88.69 4.0026001512032706e-18
67.15 88.69 0.003386369868023902
67.15 88.69 0.003776681222601524
67.15 88.71 1.8536760324602796e-17
67.15 88.71 0.015515419015300893
67.15 88.71 0.015131536367558285
67.15 107.79 1.0684738740724356e-22
67.15 107.82 1.8526798179309434e-25
67.15 108.26 4.389043833593569e-8
67.15 108.26 8.366899891008993e-10
67.15 108.26 8.409359468302899e-9
67.15 108.28 1.7252570191798792e-10
67.15 108.31 4.250607114327709e-9
67.15 108.31 2.051895695569852e-9
67.15 110.55 4.9359300965269077e-23
67.15 117.4 1.1783603072674396e-24
67.15 117.4 1.0723857368446728e-25
67.15 117.51 3.010169396910524e-11
67.15 117.51 1.0691506632872224e-8
67.15 117.51 9.625592025205173e-9
67.15 118.27 1.4756682132290429e-9
67.15 0.0 2.0525548049693386e-9
67.15 2.81 2.391046019696525e-9
67.15 2.81 3.269552483760357e-9
67.15 13.64 5.1284818989247616e-8
67.15 14.31 1.5907786887811854e-23
67.15 14.31 8.065432904157033e-10
67.15 14.31 6.598786817700496e-8
67.15 21.16 0.1462041889219765
67.15 21.16 6.088373779012218e-5
67.15 21.99 0.039406406209268295
67.15 21.99 0.039404325813743604
67.15 21.99 4.5023275930773954e-17
67.15 24.11 1.1532853842428262e-8
67.15 24.11 1.3317196948294234e-7
67.15 25.96 6.817036479947275e-25
67.15 25.96 5.137232360566585e-9
67.15 25.96 1.3403626634176292e-9
67.15 27.37 0.02658591094275518
67.15 27.37 0.026585475392503125
67.15 27.37 4.804911456426783e-18
67.15 30.79 3.757011713786582e-12
67.15 50.1 0.03239885489794763
67.15 50.1 7.209810116234317e-17
67.15 50.1 0.0323971755736853
67.15 50.91 0.040853006880619075
67.15 52.29 0.01898823048417918
67.15 52.29 0.01899062090492672
67.15 52.29 1.4015136820734012e-18
67.15 60.18 0.003566781644673385
67.15 60.18 0.003567081071428523
67.15 60.18 2.994909135552464e-19
67.15 63.37 0.03942505859629704
67.15 63.37 1.8128810663197452e-5
67.15 63.79 1.824716408404792e-17
67.15 63.79 0.012942660053291071
67.15 63.79 0.012943433544472551
67.15 68.2 4.596673925167818e-19
67.15 68.2 0.0060963440042375045
67.15 68.2 0.006096727450177138
67.15 68.92 0.013102682644689357
67.15 68.92 1.1328746236940992e-5
67.15 73.3 2.380806577205096e-24
67.15 73.3 5.1715788972984885e-11
67.15 73.3 1.4423059721100151e-9
67.15 74.57 3.509697355404149e-23
67.15 74.57 1.965223295190742e-10
67.15 74.57 2.3532203612837602e-7
67.15 74.76 0.0020635320333800633
67.15 74.76 0.002063367182147015
67.15 74.76 1.145795170151063e-19
67.15 75.25 1.5605527253781643e-7
67.15 82.2 2.552172526980053e-22
67.15 82.2 8.745963590988507e-9
67.15 82.2 1.7015597632497103e-8
67.15 82.73 3.3229408771292303e-9
67.15 82.74 3.6198391628056248e-9
67.15 82.74 2.4669941537375116e-23
67.15 83.83 0.01066902378720507
67.15 83.83 0.010668811574987613
67.15 83.84 6.882870464181703e-19
67.15 84.47 1.6424841095100498e-7
67.15 84.48 1.256409328414445e-7
67.15 85.76 0.02395460724501024
67.15 86.9 0.013154797036050592
67.15 86.9 0.013157096959914578
67.15 86.9 1.1412611479252664e-18
67.15 87.93 0.01412946521429242
67.15 87.93 1.639146665425581e-5
67.15 88.68 2.6012018655782357e-9
67.15 88.68 5.081132727306492e-19
67.15 88.68 7.310262882349678e-5
67.15 88.69 0.004316842573848328
67.15 88.69 0.004217366567530462
67.15 88.69 1.2271385853974003e-19
67.15 88.71 0.014567133907475176
67.15 88.71 0.014592271284277456
67.15 88.71 1.9290528703658878e-19
67.15 107.79 1.3639246205211842e-6
67.15 107.82 1.0132576819781613e-10
67.15 108.26 1.482875750336584e-6
67.15 108.26 2.4995114858688833e-10
67.15 108.26 3.3560500125507617e-25
67.15 108.28 3.150266110012894e-10
67.15 108.31 3.9880271074120127e-10
67.15 108.31 3.544180610815414e-25
67.15 110.55 5.91322693194515e-7
67.15 117.4 2.2997250758103598e-8
67.15 117.4 1.0976672658584529e-10
67.15 117.51 1.848447313381156e-10
67.15 117.51 6.6378005754907325e-9
67.15 117.51 2.0190392163312184e-23
67.15 118.27 7.667229489768307e-10
69.96 0.0 2.767755068987484e-9
69.96 0.0 4.141582195011514e-9
69.96 10.83 5.091695964563591e-8
69.96 11.5 2.9205976874071903e-10
69.96 11.5 2.0788910686057574e-23
69.96 11.5 7.305990645012471e-8
69.96 18.35 2.834106538181023e-25
69.96 18.35 1.3351313911071377e-25
69.96 19.18 0.03401380283472793
69.96 19.18 0.03855416406822649
69.96 19.18 0.1449847658776485
69.96 21.31 1.171994455419164e-7
69.96 21.31 4.661093210259338e-8
69.96 23.15 7.242999547768777e-10
69.96 23.16 6.68225710519702e-9
69.96 23.16 4.446768051020007e-24
69.96 24.56 0.026270054243859732
69.96 24.56 0.025195671312124482
69.96 24.56 1.1224000146181105e-5
69.96 27.98 1.125112745632005e-26
69.96 47.29 0.012747112766245424
69.96 47.29 0.05426114567229419
69.96 47.29 0.014444529781478354
69.96 48.1 1.1010433555492158e-24
69.96 49.48 0.05722366660938094
69.96 49.48 0.05488338827918223
69.96 49.48 2.443263822380406e-5
69.96 57.37 0.0007873412681652775
69.96 57.37 0.0008208480781191539
69.96 57.38 3.5045868442780063e-7
69.96 60.56 9.463467561052065e-25
69.96 60.56 1.4497728367052269e-24
69.96 60.99 0.02224669493198218
69.96 60.99 0.005218796495194888
69.96 60.99 0.005915923138051494
69.96 65.39 0.01504353006397532
69.96 65.39 0.004002441989170501
69.96 65.39 0.0035310238733910885
69.96 66.12 6.698957196245249e-26
69.96 66.12 2.2607634022452412e-25
69.96 70.49 2.0162626098695454e-11
69.96 70.49 2.4442790847365563e-27
69.96 70.5 1.4258641751265526e-9
69.96 71.76 4.140526257338636e-11
69.96 71.76 2.1384561922901213e-25
69.96 71.76 2.7867228185119865e-8
69.96 71.95 2.2387743006052423e-5
69.96 71.95 2.330251482423875e-5
69.96 71.95 9.875086623314162e-9
69.96 72.44 4.2123880785749315e-9
69.96 79.39 2.7504168464205905e-9
69.96 79.39 9.111696003982077e-23
69.96 79.39 2.175012688101733e-8
69.96 79.93 2.2442118274299276e-8
69.96 79.93 1.2778758939578115e-23
69.96 79.93 1.8960851824983206e-9
69.96 81.03 0.0338416559883773
69.96 81.03 0.0352840739062573
69.96 81.03 1.5032998436117823e-5
69.96 81.67 1.328790124845177e-7
69.96 81.67 5.551223162524644e-7
69.96 82.95 8.306262766585208e-26
69.96 84.09 0.0010906858489383015
69.96 84.09 0.000961674140585685
69.96 84.09 0.004112563695426106
69.96 85.12 1.9539163763573056e-26
69.96 85.12 1.0796420237189271e-25
69.96 85.87 1.3978520590266577e-18
69.96 85.87 3.6975541267652366e-5
69.96 85.87 5.226960102579732e-5
69.96 85.88 0.0031854057326304594
69.96 85.88 0.003216437360066928
69.96 85.88 5.184123574096294e-7
69.96 85.91 0.011068744018697688
69.96 85.91 0.009756120002552673
69.96 85.91 0.0430698094198049
69.96 104.98 1.3282075166389218e-6
69.96 105.01 1.1972625998209167e-13
69.96 105.45 1.376545466353203e-6
69.96 105.45 1.5756742015318702e-26
69.96 105.45 1.448324658287149e-10
69.96 105.47 4.781499075950829e-10
69.96 105.5 3.425085539613393e-26
69.96 105.5 4.39683204637217e-10
69.96 107.75 5.571869692339069e-7
69.96 114.6 2.764202567776235e-8
69.96 114.6 4.3379994336602925e-10
69.96 114.7 1.3386202539230177e-10
69.96 114.7 1.9263424375972188e-23
69.96 114.7 5.400575728125527e-9
69.96 115.46 3.9734042031153346e-25
69.96 0.0 4.2361495588914875e-11
69.96 10.83 2.2788746086305337e-12
69.96 11.5 2.286487956317827e-14
69.96 11.5 2.9220143475297875e-26
69.96 11.5 3.4849589148321397e-11
69.96 18.35 2.2973935757659452e-25
69.96 18.35 8.79713725363542e-26
69.96 19.18 0.11102203548909235
69.96 19.18 0.10648098655358582
69.96 19.18 4.7417530354294244e-5
69.96 21.31 2.2401494887438738e-7
69.96 21.31 3.49436326914267e-7
69.96 23.15 8.999467294360157e-10
69.96 23.15 2.9592536499253616e-7
69.96 23.15 2.1275569132059526e-22
69.96 24.56 0.008047854575650722
69.96 24.56 0.009121910483711651
69.96 24.56 0.034306079717195744
69.96 27.98 2.3465576039584303e-27
69.96 47.29 0.04152734382673823
69.96 47.29 1.773875949841224e-5
69.96 47.29 0.03982897212360836
69.96 48.1 9.459882138226374e-25
69.96 49.48 0.017558959570166337
69.96 49.48 0.01989932379797153
69.96 49.48 0.07476283619866995
69.96 57.37 0.00028530666130535193
69.96 57.37 0.0002518362769976285
69.96 57.37 0.0010736176398510806
69.96 60.56 2.0621690492677843e-24
69.96 60.56 1.1652816781491267e-25
69.96 60.98 7.271269935908176e-6
69.96 60.98 0.017031602064471588
69.96 60.99 0.01633553967837147
69.96 65.39 4.922145311684262e-6
69.96 65.39 0.011056519197766556
69.96 65.39 0.011528330367074282
69.96 66.12 1.5564906266440097e-25
69.96 66.12 9.34386371212396e-26
69.96 70.49 2.0108395199534086e-8
69.96 70.49 1.69186931990984e-24
69.96 70.5 1.5949420179572513e-10
69.96 71.76 3.315322424225806e-8
69.96 71.76 2.739082091375238e-26
69.96 71.76 2.555793820414298e-9
69.96 71.95 8.038345915310154e-6
69.96 71.95 7.09353332099434e-6
69.96 71.95 3.0239547183575407e-5
69.96 72.44 8.400741487426093e-9
69.96 79.39 5.804078759008241e-10
69.96 79.39 1.9677455325247958e-23
69.96 79.39 3.4405881322668204e-9
69.96 79.93 4.700383115822405e-9
69.96 79.93 1.475101595269828e-23
69.96 79.93 2.539256810420966e-9
69.96 81.03 0.012238092044089172
69.96 81.03 0.010796396534286141
69.96 81.03 0.04605742048592555
69.96 81.67 4.404343329277666e-8
69.96 81.67 2.9283402575575297e-7
69.96 82.95 2.4920792013293087e-26
69.96 84.09 0.0030078230289145116
69.96 84.09 0.0031352238024804913
69.96 84.09 1.341816754707859e-6
69.96 85.12 1.252840017879307e-26
69.96 85.12 3.061372676056992e-26
69.96 85.87 1.2878975662729154e-19
69.96 85.87 3.247237271925697e-6
69.96 85.87 3.272188951043169e-5
69.96 85.88 0.0006723145111506245
69.96 85.88 0.0006153883627815509
69.96 85.88 0.0038162989961772393
69.96 85.91 0.032018365417174996
69.96 85.91 0.03327379526714258
69.96 85.91 1.2827226540015328e-5
69.96 104.98 7.13062348676845e-8
69.96 105.01 1.781976773691576e-10
69.96 105.45 1.2898724001352496e-7
69.96 105.45 3.3978661201684054e-26
69.96 105.45 4.1891048460459127e-10
69.96 105.47 5.161858494030153e-9
69.96 105.5 9.653664417121767e-27
69.96 105.5 1.466693988534081e-10
69.96 107.75 3.5613118823042937e-8
69.96 114.59 4.0573173965941004e-10
69.96 114.6 5.39309166484358e-12
69.96 114.7 3.5316656909894194e-9
69.96 114.7 3.052493786474206e-25
69.96 114.7 6.34728591441008e-14
69.96 115.46 2.3134336419059633e-25
80.79 0.0 1.2821139752750265e-10
80.79 0.67 2.1169402124126385e-12
80.79 0.67 6.402884483687591e-26
80.79 0.67 1.839905127102974e-10
80.79 7.52 2.6903934255098054e-24
80.79 7.52 1.8300693813415604e-23
80.79 8.35 1.7160181868697253e-11
80.79 8.35 3.1209236755264015e-13
80.79 8.35 2.7771397059910057e-12
80.79 10.47 4.602666880278023e-9
80.79 10.47 9.657065396770188e-9
80.79 12.32 3.22981306251864e-9
80.79 12.32 1.3930058163579464e-8
80.79 12.32 1.773131312569084e-23
80.79 13.73 0.12898233246808477
80.79 13.73 0.12898102046233895
80.79 13.73 0.12897998145818276
80.79 17.15 4.279060711120609e-23
80.79 36.46 5.528379340159056e-10
80.79 36.46 1.6153425689132756e-12
80.79 36.46 2.784382524204357e-10
80.79 37.27 2.3114241280397983e-25
80.79 38.65 0.008896404561746384
80.79 38.65 0.008895879902743499
80.79 38.65 0.008899708854463593
80.79 46.54 0.11194571713675947
80.79 46.54 0.11194508830767982
80.79 46.54 0.1119457551733867
80.79 49.73 1.6802492517625886e-24
80.79 49.73 9.203907440051175e-24
80.79 50.15 8.49455352502688e-12
80.79 50.15 8.180621370857817e-11
80.79 50.15 3.0832338798963815e-12
80.79 54.56 6.560329685037894e-12
80.79 54.56 4.4107504879049554e-10
80.79 54.56 4.802150509394325e-10
80.79 55.28 4.089112118614741e-25
80.79 55.28 2.6162364216444844e-24
80.79 59.66 6.251097275762105e-8
80.79 59.66 5.279959957271443e-24
80.79 59.66 4.5620870544475324e-10
80.79 60.93 5.376263902971061e-6
80.79 60.93 4.4086828539950853e-23
80.79 60.93 3.896894839676677e-6
80.79 61.12 0.022153757080807013
80.79 61.12 0.02215041126620516
80.79 61.12 0.02214569735204361
80.79 61.61 8.76258363461697e-7
80.79 68.56 7.264754601814217e-12
80.79 68.56 3.390117664202779e-25
80.79 68.56 2.759290752599997e-9
80.79 69.09 3.5329949954160986e-10
80.79 69.1 8.152693961062516e-25
80.79 69.1 1.5055593181490484e-10
80.79 70.19 0.005331892978107865
80.79 70.19 0.005332154428258757
80.79 70.2 0.005337903138758959
80.79 70.83 3.827117736028991e-8
80.79 70.84 1.4267005538074963e-7
80.79 72.12 4.41505750661936e-27
80.79 73.26 3.5249709747796775e-9
80.79 73.26 4.4528906110349675e-9
80.79 73.26 2.8119946483592262e-11
80.79 74.29 4.504989601191673e-24
80.79 74.29 2.7469886779711226e-23
80.79 75.04 1.3810017106315363e-18
80.79 75.04 3.610279735063115e-5
80.79 75.04 0.00016518943951840135
80.79 75.05 0.047295996380801626
80.79 75.05 0.04713925239736664
80.79 75.05 0.04730517662586929
80.79 75.07 5.149712809744453e-5
80.79 75.07 4.2528469822466545e-5
80.79 75.07 3.5172370248483103e-7
80.79 94.15 8.244265368136788e-8
80.79 94.18 3.091592636765004e-9
80.79 94.62 1.1933545630876894e-7
80.79 94.62 4.2578844624042876e-27
80.79 94.62 4.8463890033786376e-11
80.79 94.64 2.3792584781840762e-8
80.79 94.67 9.381169265388166e-27
80.79 94.67 1.2383206066375852e-10
80.79 96.91 4.2391015000786404e-8
80.79 103.76 8.476118138360759e-10
80.79 103.76 2.414130940927473e-9
80.79 103.87 6.026897464009109e-9
80.79 103.87 7.162791194069101e-25
80.79 103.87 3.902057037849654e-11
80.79 104.63 1.0754698908190702e-25
81.46 0.0 5.456124527576194e-9
81.46 0.0 5.8347577926683e-9
81.46 0.0 2.342690925063448e-24
81.46 6.85 0.05082671158863878
81.46 6.85 0.018597401188103123
81.46 7.68 7.05824187834463e-16
81.46 7.68 0.05186469962488881
81.46 7.68 0.05186458812965761
81.46 9.81 1.1041850317217959e-7
81.46 9.81 1.5759746794216216e-7
81.46 11.65 1.9416497907911125e-9
81.46 11.65 6.443607502670011e-22
81.46 11.65 5.913397791064547e-11
81.46 13.06 6.045350572956997e-16
81.46 13.06 0.06871073233695975
81.46 13.06 0.06870883899695526
81.46 16.48 0.14601330450446048
81.46 35.79 1.6376676158477995e-18
81.46 35.79 0.00023681303801582088
81.46 35.79 0.00023651774544708397
81.46 36.6 4.238059829446852e-13
81.46 37.98 4.165914826879143e-18
81.46 37.98 0.0016513814985721254
81.46 37.98 0.0016515199033485595
81.46 45.87 0.02736153924882381
81.46 45.87 9.356394751659575e-15
81.46 45.87 0.02736062999954514
81.46 49.06 0.02836487217011872
81.46 49.06 0.010426420995902665
81.46 49.48 0.022497359767354716
81.46 49.48 2.3313394251620003e-16
81.46 49.48 0.02249311520897107
81.46 53.89 0.007928565153074316
81.46 53.89 0.007935725324538732
81.46 53.89 3.826883502054386e-17
81.46 54.62 0.008022848558413571
81.46 54.62 0.0023307323250844362
81.46 58.99 5.204078086961999e-8
81.46 58.99 5.048972003434225e-10
81.46 58.99 1.3012348612668542e-25
81.46 60.26 9.210382906010044e-7
81.46 60.26 8.792671529209121e-9
81.46 60.26 8.73617792487269e-22
81.46 60.45 0.0022445813805836634
81.46 60.45 7.876029028442378e-18
81.46 60.45 0.002245640883427357
81.46 60.94 1.5339870802586575e-7
81.46 67.89 2.665259841186462e-8
81.46 67.89 3.02850177410853e-8
81.46 67.89 1.1774982900952e-24
81.46 68.42 5.54019528655329e-23
81.46 68.43 3.705819653829302e-9
81.46 68.43 7.494674787844142e-9
81.46 69.53 0.0042104859578631325
81.46 69.53 1.3754074269643375e-17
81.46 69.53 0.004214540816503617
81.46 70.16 3.161880090870521e-9
81.46 70.17 1.061665519764361e-7
81.46 71.45 1.2998223793654718e-8
81.46 72.59 0.07410062899948001
81.46 72.59 2.946069612419465e-16
81.46 72.59 0.07411209660112755
81.46 73.62 0.08270398276831567
81.46 73.62 0.02347337948998805
81.46 74.37 6.014701184173176e-9
81.46 74.37 5.0029608333692615e-5
81.46 74.37 3.7730916178501044e-19
81.46 74.38 0.01858938011448272
81.46 74.38 5.216028176278941e-17
81.46 74.38 0.019640059326504054
81.46 74.41 0.012416557173835078
81.46 74.41 3.528290041802581e-17
81.46 74.41 0.011301008464163091
81.46 93.48 1.4418862705236746e-9
81.46 93.51 4.63846021397226e-12
81.46 93.95 3.969533684494234e-23
81.46 93.95 3.94887195418373e-9
81.46 93.95 1.0653583825676193e-8
81.46 93.97 1.1675479892678254e-23
81.46 94.0 6.368629946415277e-9
81.46 94.0 4.984332417145001e-9
81.46 96.25 9.53782456313062e-10
81.46 103.09 5.7990297474113756e-11
81.46 103.09 2.366857873529175e-10
81.46 103.2 9.55438409496879e-24
81.46 103.2 2.535979254876047e-8
81.46 103.2 2.4092775097957624e-8
81.46 103.96 4.968814667195754e-9
81.46 0.0 6.765965335468704e-9
81.46 0.0 2.470480556993249e-12
81.46 6.85 0.053280023722049194
81.46 6.85 0.016143765563477346
81.46 7.68 0.051863888130311314
81.46 7.68 6.823107592911081e-16
81.46 7.68 0.051863494777637326
81.46 9.81 3.1502173770629084e-22
81.46 9.81 4.340122146123769e-22
81.46 11.65 1.407170367921981e-9
81.46 11.65 2.2826289091255786e-7
81.46 11.65 9.350407298405525e-12
81.46 13.06 0.06871204502536023
81.46 13.06 5.965586027251104e-16
81.46 13.06 0.06870933519578377
81.46 16.48 0.14601269844688178
81.46 35.79 0.00023649243782095124
81.46 35.79 0.00023680339588238845
81.46 35.79 1.3501727020887962e-18
81.46 36.6 4.697424964612421e-13
81.46 37.98 0.0016514784779810671
81.46 37.98 4.671437156733155e-18
81.46 37.98 0.0016514085251807308
81.46 45.87 7.669189464404385e-15
81.46 45.87 0.02736048272785539
81.46 45.87 0.027360638814699842
81.46 49.06 0.02980583216984388
81.46 49.06 0.00898650379067829
81.46 49.48 0.02249663981437839
81.46 49.48 0.022494372127605387
81.46 49.48 1.8059662712212355e-16
81.46 53.89 0.007929079534437547
81.46 53.89 2.8990866165737085e-17
81.46 53.89 0.007935595469551656
81.46 54.62 0.0074956137874859574
81.46 54.62 0.002857468091664997
81.46 58.99 1.147394945507811e-7
81.46 58.99 9.685906319029e-9
81.46 58.99 1.2890388842297184e-13
81.46 60.26 6.601791921379756e-7
81.46 60.26 2.419897076943813e-9
81.46 60.26 2.8537299580310664e-7
81.46 60.45 8.136066160914421e-18
81.46 60.45 0.002244416869365099
81.46 60.45 0.0022456738103010395
81.46 60.94 4.38340946785109e-22
81.46 67.89 2.624452213807063e-8
81.46 67.89 3.0686020926168464e-8
81.46 67.89 4.130764556227055e-11
81.46 68.42 2.0372619323445166e-8
81.46 68.43 2.7443581838655424e-9
81.46 68.43 6.851270614596517e-9
81.46 69.53 1.4165990514845027e-17
81.46 69.53 0.004210576043667761
81.46 69.53 0.004215779713042493
81.46 70.16 2.2735716459339895e-23
81.46 70.17 3.220022788150656e-22
81.46 71.45 1.4092098742090366e-8
81.46 72.59 3.1784703098386675e-16
81.46 72.59 0.07409965081443426
81.46 72.59 0.07410799849798312
81.46 73.62 0.07644130429061564
81.46 73.62 0.02973620436295401
81.46 74.37 2.199140424228529e-9
81.46 74.37 4.5570412696121836e-7
81.46 74.37 1.4204024682845011e-5
81.46 74.38 5.5225124557410676e-17
81.46 74.38 0.018683211855145078
81.46 74.38 0.019530248608450936
81.46 74.41 3.5716846167960005e-17
81.46 74.41 0.012309307814523683
81.46 74.41 0.011464024297685808
81.46 93.48 3.5244453854318524e-23
81.46 93.51 2.9868486148067914e-24
81.46 93.95 2.390780884324793e-9
81.46 93.95 1.7289673315838543e-10
81.46 93.95 7.184216249702227e-10
81.46 93.97 4.5065709455759196e-11
81.46 94.0 7.79222016413661e-9
81.46 94.0 1.0462722150578574e-8
81.46 96.25 1.8947943997701428e-23
81.46 103.09 2.697197974068277e-25
81.46 103.09 8.425795354124873e-25
81.46 103.2 1.808668430044419e-10
81.46 103.2 2.6999030856842527e-8
81.46 103.2 2.970139257325539e-8
81.46 103.96 2.040551181915964e-9
81.46 0.0 4.26175099257922e-10
81.46 6.85 2.8874560717823743e-5
81.46 6.85 0.06939616466322883
81.46 7.68 0.05186426460610911
81.46 7.68 0.05186499554707968
81.46 7.68 9.698258928283617e-17
81.46 9.81 1.890258819186876e-10
81.46 9.81 6.133843580655894e-12
81.46 11.65 2.943464202102794e-23
81.46 11.65 1.5201682206753052e-7
81.46 11.65 3.018070570323104e-11
81.46 13.06 0.06870612800509342
81.46 13.06 0.06871038065258592
81.46 13.06 1.6526122286366538e-17
81.46 16.48 0.1460107859776451
81.46 35.79 0.0002371510887502124
81.46 35.79 4.7118604875669335e-19
81.46 35.79 0.00023717528635512804
81.46 36.6 7.956371113168481e-12
81.46 37.98 0.0016503322776772562
81.46 37.98 0.001650480944308517
81.46 37.98 8.034700252016878e-19
81.46 45.87 0.027362126947278544
81.46 45.87 0.02736331439209671
81.46 45.87 1.4183828795218257e-17
81.46 49.06 1.7864979676848153e-5
81.46 49.06 0.03877486401770295
81.46 49.48 6.255945406728221e-17
81.46 49.48 0.022491805442991987
81.46 49.48 0.022492657819427803
81.46 53.89 4.623716186224725e-18
81.46 53.89 0.007935858846306378
81.46 53.89 0.00793608884989952
81.46 54.62 8.970907767245286e-6
81.46 54.62 0.010349668292781725
81.46 58.99 4.7326575608975495e-23
81.46 58.99 1.5425254588334546e-8
81.46 58.99 5.998982631543007e-10
81.46 60.26 4.1724924364247117e-22
81.46 60.26 6.889156947897032e-9
81.46 60.26 5.795807438121306e-7
81.46 60.45 0.002247424298651164
81.46 60.45 0.0022469609059087353
81.46 60.45 1.0750259741798242e-18
81.46 60.94 3.25438922615612e-8
81.46 67.89 1.4598668173510196e-23
81.46 67.89 1.7946074542562267e-11
81.46 67.89 3.6206040548409374e-9
81.46 68.42 1.623180692734071e-12
81.46 68.43 7.228049440993717e-14
81.46 68.43 3.920368984329119e-24
81.46 69.53 0.004213751782726291
81.46 69.53 0.004214008102167853
81.46 69.53 2.255138800063676e-18
81.46 70.16 4.95594111299831e-8
81.46 70.17 8.029424388726607e-8
81.46 71.45 5.622595480439087e-11
81.46 72.59 0.07405338248988998
81.46 72.59 0.07404793668607192
81.46 72.59 4.57057191702276e-17
81.46 73.62 0.0001232951319017967
81.46 73.62 0.1060494779263152
81.46 74.37 1.3847107442505289e-8
81.46 74.37 1.059733653755186e-18
81.46 74.37 0.00016339138474104253
81.46 74.38 0.020601067124365175
81.46 74.38 0.02036962775428808
81.46 74.38 6.723232966853742e-18
81.46 74.41 0.010446608876464187
81.46 74.41 0.010520102020959576
81.46 74.41 5.971585236824981e-18
81.46 93.48 1.1413704740409019e-7
81.46 93.51 1.0831390684013739e-8
81.46 93.95 1.625127212857956e-7
81.46 93.95 1.049471343520224e-8
81.46 93.95 3.5335604751060726e-24
81.46 93.97 5.636435145748622e-8
81.46 94.0 4.3215552205554174e-10
81.46 94.0 4.380647313607247e-24
81.46 96.25 5.970592075786083e-8
81.46 103.09 4.491296302233911e-10
81.46 103.09 8.635003072811745e-10
81.46 103.2 1.9619907983493436e-8
81.46 103.2 1.641218153735262e-10
81.46 103.2 1.8096990507102182e-23
81.46 103.96 1.6648952358513074e-10
88.31 0.0 3.74453908559634e-9
88.31 0.0 3.0404716080665634e-11
88.31 0.83 4.291841922758825e-8
88.31 0.83 9.086199222212827e-22
88.31 0.83 2.8873091252632678e-9
88.31 2.96 8.469747749937189e-26
88.31 2.96 9.162769568798332e-27
88.31 4.8 0.012317875047352721
88.31 4.8 0.04596037558345359
88.31 4.8 0.01069303303213084
88.31 6.21 4.5453089986303384e-8
88.31 6.21 7.719268918461269e-23
88.31 6.21 1.468431014773514e-11
88.31 9.63 5.846388586070327e-10
88.31 28.94 2.759493505089843e-11
88.31 28.94 5.142223542067245e-11
88.31 28.94 3.4815462257128484e-26
88.31 29.75 1.8915604864492167e-10
88.31 31.13 4.3724297957241227e-10
88.31 31.13 7.217295838849714e-26
88.31 31.13 7.574466110108799e-9
88.31 39.02 5.684897688762855e-22
88.31 39.02 2.468784961647764e-9
88.31 39.02 1.1241894989612905e-8
88.31 42.21 1.7308252470956877e-11
88.31 42.21 3.07224698675212e-9
88.31 42.64 1.5963626991319107e-11
88.31 42.64 7.553063267532245e-9
88.31 42.64 1.0659824426160857e-23
88.31 47.04 1.5444077266721834e-9
88.31 47.04 3.33966218868715e-23
88.31 47.04 5.60560004464324e-9
88.31 47.77 1.1720048573651061e-9
88.31 47.77 1.0236718798053035e-9
88.31 52.14 0.048089810456836066
88.31 52.14 0.05039136740114767
88.31 52.15 2.7400108774779472e-5
88.31 53.41 0.009587341718417892
88.31 53.41 0.008319333430293157
88.31 53.41 0.0363661214204901
88.31 53.6 3.450619190428945e-21
88.31 53.6 6.583443803479609e-6
88.31 53.6 5.440034591052802e-6
88.31 54.09 5.816554825028498e-26
88.31 61.04 0.0014647756368250957
88.31 61.04 0.001535458426951824
88.31 61.04 8.447155683379885e-7
88.31 61.58 0.002137906138857876
88.31 61.58 0.0005002899752347524
88.31 61.58 0.0005761075273155383
88.31 62.68 6.784166737915018e-26
88.31 62.68 3.3071554769724963e-9
88.31 62.68 6.15660868705225e-10
88.31 63.32 7.133851900049218e-27
88.31 63.32 7.219787382656301e-27
88.31 64.6 1.7697616333680632e-10
88.31 65.74 1.6468798989871552e-25
88.31 65.74 3.3966758669189726e-10
88.31 65.74 5.198168570539316e-10
88.31 66.77 1.9726812637155192e-9
88.31 66.77 2.0156787398714454e-9
88.31 67.52 0.0076925135806016525
88.31 67.52 0.007325565546992425
88.31 67.52 4.141000197159532e-6
88.31 67.53 2.4169150299868097e-22
88.31 67.53 1.8298088142998337e-8
88.31 67.53 6.5308445445830365e-6
88.31 67.56 5.775627215409909e-23
88.31 67.56 1.9376983812261255e-8
88.31 67.56 6.2477687557739365e-6
88.31 86.63 3.4432932547587904e-27
88.31 86.66 4.410693078546587e-27
88.31 87.1 5.083310739711857e-8
88.31 87.1 9.925359960508168e-5
88.31 87.1 0.00011111266352190916
88.31 87.12 0.00032729796615352263
88.31 87.15 4.2014185223759346e-5
88.31 87.15 3.7883597244260554e-5
88.31 89.4 2.932419734217707e-28
88.31 96.24 4.8162297591623805e-25
88.31 96.25 8.42876009253947e-25
88.31 96.35 0.04059404217495229
88.31 96.35 0.009451711969133688
88.31 96.35 0.010888296111415842
88.31 97.11 3.181180937180484e-5
88.31 0.0 1.2416007907282981e-11
88.31 0.83 3.6481543876626505e-12
88.31 0.83 1.0944436477573933e-25
88.31 0.83 1.5821058969671142e-11
88.31 2.96 4.760331368826782e-26
88.31 2.96 4.498073919196844e-26
88.31 4.8 0.0336646433419662
88.31 4.8 1.913066492153185e-5
88.31 4.8 0.03528934383672721
88.31 6.21 2.709136274900091e-12
88.31 6.21 2.123493128625739e-24
88.31 6.21 5.648244384543501e-10
88.31 9.63 2.979934204818922e-12
88.31 28.94 7.765911571365298e-9
88.31 28.94 1.6419981133549267e-9
88.31 28.94 4.3042483621889655e-24
88.31 29.75 3.07914892912601e-9
88.31 31.13 1.2568717556597751e-8
88.31 31.13 2.4539985282374752e-24
88.31 31.13 3.1863708454444636e-11
88.31 39.02 1.8112190670531072e-22
88.31 39.02 7.853373555236356e-10
88.31 39.02 8.410412689577316e-11
88.31 42.21 8.650228771152849e-9
88.31 42.21 2.6859420964264896e-11
88.31 42.63 1.1483905797592122e-8
88.31 42.63 5.293582336046806e-10
88.31 42.63 2.481969002315434e-24
88.31 47.04 3.903701169308203e-9
88.31 47.04 8.918532571330367e-25
88.31 47.04 1.556037631733732e-10
88.31 47.77 5.799477904125626e-9
88.31 47.77 1.1334557887525327e-10
88.31 52.14 0.017396003808565284
88.31 52.14 0.015094576183979193
88.31 52.14 0.06547287663780106
88.31 53.41 0.026782878615412876
88.31 53.41 0.02806028369647459
88.31 53.41 1.5261185439559208e-5
88.31 53.6 2.5863088385947273e-23
88.31 53.6 7.49103489373665e-9
88.31 53.6 5.306889782593401e-6
88.31 54.09 7.267602419520864e-25
88.31 61.04 0.0005366501408819794
88.31 61.04 0.00046597942383811943
88.31 61.04 0.002001164422999396
88.31 61.57 9.086164181349243e-7
88.31 61.58 0.0016493816738479914
88.31 61.58 0.0015734732534121935
88.31 62.68 3.279932525164236e-25
88.31 62.68 1.511064280260164e-8
88.31 62.68 3.524756294583207e-11
88.31 63.32 5.530931755922847e-27
88.31 63.32 6.662771229685347e-27
88.31 64.6 9.45945031347035e-10
88.31 65.74 2.199608825493565e-24
88.31 65.74 7.2854341727247845e-9
88.31 65.74 7.105480040572958e-9
88.31 66.77 4.447347496552126e-9
88.31 66.77 3.0551591503520005e-10
88.31 67.52 0.002330931632395335
88.31 67.52 0.0026807537562615075
88.31 67.52 0.009968572528831699
88.31 67.53 9.320536183717182e-23
88.31 67.53 3.601361565330668e-5
88.31 67.53 2.072544749402633e-6
88.31 67.56 2.919546271281091e-23
88.31 67.56 1.4974043887779493e-5
88.31 67.56 2.3117927843728945e-6
88.31 86.63 3.4222736598601565e-27
88.31 86.66 3.4972564153943715e-27
88.31 87.1 9.556484716041439e-5
88.31 87.1 0.0002067106130775536
88.31 87.1 0.00019493878873968432
88.31 87.12 1.4556253639773488e-7
88.31 87.15 6.416158219335104e-5
88.31 87.15 6.824961750095192e-5
88.31 89.4 2.5790684780905964e-28
88.31 96.24 2.214144346640391e-25
88.31 96.25 1.611638020708467e-24
88.31 96.35 1.689617903772079e-5
88.31 96.35 0.03117184999537612
88.31 96.35 0.02973555678769707
88.31 97.11 0.00010436339912844334
89.14 0.0 4.5009303668696874e-8
89.14 0.0 9.78271314776327e-8
89.14 0.0 3.714249277432219e-21
89.14 2.13 0.04202169346753705
89.14 2.13 0.000603255346570608
89.14 3.98 2.674995976435157e-16
89.14 3.98 0.012032494075596985
89.14 3.98 0.012031139231917695
89.14 5.38 3.2142267404842422e-9
89.14 5.38 2.0363690002272804e-8
89.14 5.38 2.9382700853139956e-23
89.14 8.8 1.9983378002598652e-17
89.14 28.11 7.114258135039751e-9
89.14 28.11 2.165953103521923e-21
89.14 28.11 2.113429431094789e-8
89.14 28.92 9.503807826741423e-9
89.14 30.3 2.5416181977374468e-9
89.14 30.3 1.7879824908025072e-8
89.14 30.31 1.3905678437341387e-23
89.14 38.2 6.448880444868887e-9
89.14 38.2 2.5471612704858638e-9
89.14 38.2 1.2611199648877739e-24
89.14 41.38 9.830709530509314e-8
89.14 41.38 2.1828750110074732e-10
89.14 41.81 7.683882527054706e-21
89.14 41.81 5.510461145603246e-8
89.14 41.81 6.602690888959742e-8
89.14 46.21 3.760014996147205e-21
89.14 46.21 2.5953823492883963e-10
89.14 46.21 8.865138011152539e-10
89.14 46.94 7.432002256235594e-8
89.14 46.94 2.1809985333314083e-10
89.14 51.31 6.48394949579153e-16
89.14 51.31 0.026367181337211304
89.14 51.32 0.02658149269379242
89.14 52.58 8.680628099838798e-16
89.14 52.58 0.03715992695639584
89.14 52.58 0.03692658147945263
89.14 52.77 1.453298019326405e-6
89.14 52.77 6.4542426540219796e-6
89.14 52.77 1.7138970590477758e-19
89.14 53.26 0.03692430342671236
89.14 60.21 1.0953593975429962e-17
89.14 60.21 0.00017344405517769493
89.14 60.21 0.00017333706429817618
89.14 60.75 0.001942335804258074
89.14 60.75 0.0019328243831346625
89.14 60.75 4.2858388098854594e-17
89.14 61.85 7.711541497956587e-8
89.14 61.85 4.2362828006647635e-9
89.14 61.85 4.46484382752612e-25
89.14 62.49 0.0010761747747288616
89.14 62.49 0.0032531057457551205
89.14 63.77 8.848345514073117e-9
89.14 64.91 1.5982941418536597e-10
89.14 64.91 1.7988082064827151e-9
89.14 64.91 2.9819940363510637e-21
89.14 65.94 2.5840334115088774e-8
89.14 65.94 6.886519077104038e-10
89.14 66.69 0.0033233901063419247
89.14 66.69 4.5922354446839304e-17
89.14 66.69 0.0033074367477746057
89.14 66.7 3.3432499524323784e-9
89.14 66.7 1.1666080107975324e-5
89.14 66.7 6.070496770681968e-20
89.14 66.73 1.8333507687495234e-8
89.14 66.73 4.675736852507534e-6
89.14 66.73 6.242587821091099e-20
89.14 85.8 1.7462017777597424e-5
89.14 85.83 5.858029886284836e-6
89.14 86.27 6.587764594102484e-5
89.14 86.27 5.4806405515463506e-6
89.14 86.27 1.1491716526773138e-19
89.14 86.29 1.7400317063890848e-5
89.14 86.32 7.858424077092915e-5
89.14 86.32 2.1640221101048555e-18
89.14 88.57 1.5408741048915834e-8
89.14 95.42 0.026191766978615156
89.14 95.42 0.00565513579744831
89.14 95.52 0.0011944469472683272
89.14 95.52 0.0011991963212696919
89.14 95.52 4.025536858764163e-17
89.14 96.28 0.010617380034809113
89.14 0.0 1.2835033140372596e-7
89.14 0.0 1.520137249772387e-7
89.14 2.13 0.006596652596050478
89.14 2.13 0.036027976847999243
89.14 3.98 0.012031274420116787
89.14 3.98 0.012031497706126541
89.14 3.98 2.409716167864424e-16
89.14 5.38 5.119067308009577e-8
89.14 5.38 1.011291587863695e-7
89.14 5.38 1.0438562793283894e-9
89.14 8.8 5.1180404775699765e-25
89.14 28.11 2.7610546636188926e-8
89.14 28.11 9.072333484208575e-8
89.14 28.11 3.987041485537778e-8
89.14 28.92 2.0045685785145973e-22
89.14 30.3 6.437372657682399e-8
89.14 30.3 1.235677870351133e-7
89.14 30.3 5.549445469091337e-10
89.14 38.2 3.490172871693826e-9
89.14 38.2 1.1493120344098746e-9
89.14 38.2 5.224841557226692e-11
89.14 41.38 2.072955257287002e-21
89.14 41.38 8.167064091117377e-24
89.14 41.81 3.2006597012013063e-7
89.14 41.81 1.3027049310347503e-7
89.14 41.81 9.872473214013971e-8
89.14 46.21 1.5842773576226553e-7
89.14 46.21 4.282059797658022e-9
89.14 46.21 6.570912962371591e-9
89.14 46.94 1.5660544208756134e-21
89.14 46.94 5.237407859194902e-24
89.14 51.31 0.02635757225704738
89.14 51.31 6.081964472430568e-16
89.14 51.32 0.026574112846764513
89.14 52.58 0.037162066206673415
89.14 52.58 8.175015946995932e-16
89.14 52.58 0.03693318337546665
89.14 52.77 1.3185093782925515e-6
89.14 52.77 6.931777253597371e-6
89.14 52.77 7.25398349372448e-6
89.14 53.26 0.036924341869829624
89.14 60.21 0.00017329247594875035
89.14 60.21 1.1169487511787101e-17
89.14 60.21 0.00017288646163584606
89.14 60.75 0.001942875178463324
89.14 60.75 4.183210240471666e-17
89.14 60.75 0.001932969582688846
89.14 61.85 4.0154314445073027e-7
89.14 61.85 5.003638977868328e-8
89.14 61.85 1.1635525003736791e-11
89.14 62.49 0.001098152887826434
89.14 62.49 0.0032309771897473995
89.14 63.77 1.8773799740352813e-22
89.14 64.91 1.2054138834594243e-8
89.14 64.91 1.970746775042253e-8
89.14 64.91 1.258207505481615e-7
89.14 65.94 5.471566311459774e-22
89.14 65.94 2.3247003472674162e-23
89.14 66.69 3.5833446439405636e-17
89.14 66.69 0.0033180586274156754
89.14 66.69 0.0033066901038714407
89.14 66.7 1.390163333525217e-10
89.14 66.7 1.2063261369469487e-5
89.14 66.7 2.5576457242763095e-6
89.14 66.73 3.645210127498029e-9
89.14 66.73 4.995815239350638e-6
89.14 66.73 2.6234922959481793e-6
89.14 85.8 1.7406731276031004e-5
89.14 85.83 5.904923765001404e-6
89.14 86.27 6.566256914762274e-5
89.14 86.27 1.3342767569242731e-19
89.14 86.27 5.498347568262002e-6
89.14 86.29 1.7571601840425276e-5
89.14 86.32 1.8865487119470598e-18
89.14 86.32 7.857217266898198e-5
89.14 88.57 1.5177122939282465e-8
89.14 95.42 0.021334400921799265
89.14 95.42 0.010513512787103928
89.14 95.52 0.0011947538528357946
89.14 95.52 3.977791581317451e-17
89.14 95.52 0.0011991422539126468
89.14 96.28 1.975443249613381e-16
89.14 0.0 3.50814967574867e-9
89.14 2.13 0.015318809753165527
89.14 2.13 0.027305714694652258
89.14 3.98 0.012032680672548349
89.14 3.98 2.979947460400367e-18
89.14 3.98 0.01203215535333698
89.14 5.38 6.616875436792393e-23
89.14 5.38 5.9532981996392495e-9
89.14 5.38 1.3184060195676991e-9
89.14 8.8 3.628071926798899e-10
89.14 28.11 3.1946422070734536e-23
89.14 28.11 2.59597646956534e-10
89.14 28.11 5.4119439224872955e-11
89.14 28.92 7.037652059392768e-11
89.14 30.3 7.335717109657655e-23
89.14 30.3 1.526282774852432e-10
89.14 30.3 7.901081300831724e-9
89.14 38.19 1.946750354520819e-9
89.14 38.19 5.590431108009274e-22
89.14 38.2 1.0144599114202582e-8
89.14 41.38 5.816862869023625e-11
89.14 41.38 3.223872098106476e-9
89.14 41.81 8.775675418800771e-11
89.14 41.81 1.591515698130877e-22
89.14 41.81 6.09570499715529e-9
89.14 46.21 1.2813108188472472e-10
89.14 46.21 6.953275105087085e-9
89.14 46.21 5.901822881857457e-23
89.14 46.94 5.767250658875323e-10
89.14 46.94 6.04714600519299e-10
89.14 51.31 0.02678679193138135
89.14 51.31 0.026777518779433466
89.14 51.32 3.0570217905846664e-17
89.14 52.58 0.036706860435249566
89.14 52.58 0.036728954935966535
89.14 52.58 3.781253658809128e-17
89.14 52.77 1.3983035290002901e-6
89.14 52.77 8.830268134954726e-21
89.14 52.77 1.3802171586305334e-5
89.14 53.26 0.036941326336960935
89.14 60.21 0.00017330489079747085
89.14 60.21 0.00017320205852963948
89.14 60.21 1.9621570085837375e-19
89.14 60.75 2.2422112548551764e-18
89.14 60.75 0.0019319847200273096
89.14 60.75 0.00193182705510204
89.14 61.85 9.390028079957712e-9
89.14 61.85 5.795263327647414e-23
89.14 61.85 2.614473457538548e-9
89.14 62.49 0.004308602841817192
89.14 62.49 3.6684377941107865e-8
89.14 63.77 1.1140318181862338e-9
89.14 64.91 2.9549068692038176e-9
89.14 64.91 2.2985827950973745e-23
89.14 64.91 1.3500704358046454e-11
89.14 65.94 1.0439524619997241e-9
89.14 65.94 9.465145569164177e-9
89.14 66.69 0.0033251700045172036
89.14 66.69 0.003320329655055558
89.14 66.69 2.293773101999168e-17
89.14 66.7 2.3677125026545366e-9
89.14 66.7 1.3232112045595148e-20
89.14 66.7 1.952067883994657e-6
89.14 66.73 6.198769228407137e-9
89.14 66.73 6.227486395113785e-21
89.14 66.73 2.792396989443581e-6
89.14 85.8 3.111078283548166e-11
89.14 85.83 2.439120349028015e-5
89.14 86.27 7.670525101935764e-20
89.14 86.27 2.963303121009474e-5
89.14 86.27 2.9632971142038125e-5
89.14 86.29 2.057778340633718e-20
89.14 86.32 4.908738557899551e-5
89.14 86.32 4.912431527805074e-5
89.14 88.57 1.224212348989611e-12
89.14 95.42 0.0002490849488867197
89.14 95.42 0.03160566962989414
89.14 95.52 2.2224744560736333e-18
89.14 95.52 0.0011962959757617186
89.14 95.52 0.0011960899251793207
89.14 96.28 0.010613100879004217
91.27 0.0 2.2096266062147641e-7
91.27 0.0 2.1446988776969706e-9
91.27 1.85 6.499285129978196e-8
91.27 1.85 9.90353389010636e-8
91.27 1.85 6.902570448235617e-23
91.27 3.25 0.0006829700782858525
91.27 3.25 0.040781924924812626
91.27 3.25 0.03090806066469176
91.27 6.67 9.118382852090949e-27
91.27 25.98 0.03318386333535932
91.27 25.98 0.012096006318589805
91.27 25.98 0.005201296193004013
91.27 26.8 5.185723000689041e-25
91.27 28.18 0.0004476165442060096
91.27 28.18 0.026931815966479627
91.27 28.18 0.02040473541224776
91.27 36.07 0.004685602713806873
91.27 36.07 7.811407209107465e-5
91.27 36.07 0.0035527148933013324
91.27 39.25 1.3552351090317965e-24
91.27 39.25 1.6986290499492697e-24
91.27 39.68 0.02513830349062583
91.27 39.68 0.06897614709270017
91.27 39.68 0.010827494985915637
91.27 44.08 0.012996185765005192
91.27 44.08 0.005593598401651053
91.27 44.08 0.0356330786137608
91.27 44.81 2.429472363146374e-25
91.27 44.81 2.604380061085533e-25
91.27 49.18 5.5587038173993126e-8
91.27 49.18 4.255484191712937e-24
91.27 49.19 1.5196747288765773e-8
91.27 50.45 4.291651142345562e-8
91.27 50.45 3.5685939088169116e-25
91.27 50.45 5.3189125855154886e-8
91.27 50.65 1.5517609877667398e-5
91.27 50.65 2.393371410539184e-7
91.27 50.65 1.1682709256758779e-5
91.27 51.13 5.4834625405385645e-8
91.27 58.08 7.365336305189164e-9
91.27 58.08 2.4604370917989897e-22
91.27 58.09 2.051653031467491e-8
91.27 58.62 1.055203356148535e-8
91.27 58.62 1.5413262615003393e-24
91.27 58.62 2.933540400340423e-10
91.27 59.72 0.021244413425590136
91.27 59.72 0.0003575009105819743
91.27 59.72 0.0161055036103239
91.27 60.36 9.043449716054159e-8
91.27 60.37 5.826000238637188e-7
91.27 61.64 1.9980460083652059e-25
91.27 62.78 0.004953768987601013
91.27 62.78 0.031528721998118375
91.27 62.78 0.011491659709287269
91.27 63.82 6.512232960653403e-26
91.27 63.82 1.5650519505971642e-25
91.27 64.57 1.827154754954645e-21
91.27 64.57 3.821267211071896e-8
91.27 64.57 1.941115741062061e-6
91.27 64.58 0.0004273117767904572
91.27 64.58 2.0701207780155063e-6
91.27 64.58 0.0003042136767663689
91.27 64.6 0.0002725333901452192
91.27 64.6 0.0018723823996738963
91.27 64.6 0.0006868280884160563
91.27 83.68 9.82201039712831e-8
91.27 83.71 9.259916156503084e-10
91.27 84.14 3.218018530402708e-7
91.27 84.15 2.446666205463633e-25
91.27 84.15 3.1195658807023794e-9
91.27 84.17 8.506401305469077e-10
91.27 84.19 1.2071010539537187e-26
91.27 84.19 1.284347581363233e-10
91.27 86.44 3.0862672264472146e-8
91.27 93.29 6.372864783245902e-8
91.27 93.29 3.428766679151313e-8
91.27 93.39 1.005368383550157e-8
91.27 93.39 6.796532810904334e-24
91.27 93.39 1.7545070268215984e-9
91.27 94.15 9.276009035929216e-24
91.27 0.0 3.632323402407773e-7
91.27 1.85 6.771520892652435e-8
91.27 1.85 9.419801034445593e-8
91.27 1.85 7.565452241895164e-23
91.27 3.25 0.04756589690656794
91.27 3.25 0.007467746555744696
91.27 3.25 0.017340757678862173
91.27 6.67 4.77973813126314e-27
91.27 25.98 0.00047366294107979755
91.27 25.98 0.02156151527609497
91.27 25.98 0.028455458236211498
91.27 26.8 4.166980262967636e-25
91.27 28.18 0.03140418944896383
91.27 28.18 0.004920325768886177
91.27 28.18 0.011447501034159369
91.27 36.07 0.000857241539574184
91.27 36.07 0.005465417546422985
91.27 36.07 0.001992525172476147
91.27 39.25 7.179488420431462e-24
91.27 39.25 2.847449467092285e-24
91.27 39.68 0.044809489794362126
91.27 39.68 0.0009901679489487595
91.27 39.68 0.05913825830302322
91.27 44.08 0.02316588145396317
91.27 44.08 0.030552540205192488
91.27 44.08 0.0005114904954518399
91.27 44.81 1.7681973128526205e-25
91.27 44.81 3.825163417182673e-25
91.27 49.18 6.160898156650961e-8
91.27 49.18 5.71432132555796e-24
91.27 49.19 1.86296657214081e-8
91.27 50.45 1.548975152316458e-7
91.27 50.45 7.706862016213696e-25
91.27 50.45 1.1962700312339608e-7
91.27 50.65 2.7804366696032383e-6
91.27 50.65 1.8003526496134393e-5
91.27 50.65 6.510419371711367e-6
91.27 51.13 8.409596261855443e-8
91.27 58.08 5.386066311092227e-9
91.27 58.08 1.8015806643818611e-22
91.27 58.09 4.716668026247958e-8
91.27 58.62 8.098980703184395e-11
91.27 58.62 3.0008112846802564e-24
91.27 58.62 4.92142367974457e-10
91.27 59.72 0.0038957369672785445
91.27 59.72 0.02478380597728052
91.27 59.72 0.009035472832216177
91.27 60.36 7.116888871593633e-8
91.27 60.37 1.1983136034603391e-7
91.27 61.64 3.710913156744835e-26
91.27 62.78 0.027027934685302103
91.27 62.78 0.000454107962371241
91.27 62.78 0.020482502020856108
91.27 63.82 4.4747075433644967e-26
91.27 63.82 2.1586159462058282e-26
91.27 64.57 6.369392915103639e-20
91.27 64.57 1.6839133352104336e-6
91.27 64.57 2.84019106143109e-6
91.27 64.58 5.3597521437696165e-5
91.27 64.58 0.00047614307598588615
91.27 64.58 0.0001736715194093712
91.27 64.6 0.0016235991160594562
91.27 64.6 2.0812442782197484e-5
91.27 64.6 0.001217526100133146
91.27 83.68 4.4395611743321565e-7
91.27 83.71 1.7760822261589121e-9
91.27 84.14 2.129756268511529e-7
91.27 84.15 1.691327495773885e-26
91.27 84.15 2.1655597743614845e-10
91.27 84.17 5.955791350709611e-9
91.27 84.19 6.544528930020475e-26
91.27 84.19 9.070288288157007e-10
91.27 86.44 1.7117002605300267e-7
91.27 93.29 9.79344718544322e-8
91.27 93.29 5.42963785617395e-8
91.27 93.39 2.7800754191140495e-8
91.27 93.39 2.6650538585836064e-23
91.27 93.39 6.756126032461544e-9
91.27 94.15 1.60050555442832e-23
93.11 0.0 1.512006407988929e-8
93.11 0.0 1.5196468943805584e-23
93.11 0.0 8.016950529710413e-10
93.11 1.41 9.045340543476442e-17
93.11 1.41 0.03795130016738779
93.11 1.41 0.037952256658590824
93.11 4.82 1.461020632543132e-12
93.11 24.13 3.023201138206929e-17
93.11 24.13 0.017587722542807698
93.11 24.13 0.01757787939430484
93.11 24.95 0.02294226138270084
93.11 26.33 4.633662637864855e-18
93.11 26.33 0.013836155404046112
93.11 26.33 0.013827298589827498
93.11 34.22 1.101471843355388e-5
93.11 34.22 3.2339056338314334e-18
93.11 34.22 1.0990518118078285e-5
93.11 37.41 0.017665195767235523
93.11 37.41 0.04805646203656658
93.11 37.83 0.026443256927983976
93.11 37.83 1.054214966550571e-16
93.11 37.83 0.026447254167111866
93.11 42.23 0.0071923952763367945
93.11 42.23 0.007191419858128513
93.11 42.23 4.972532398989105e-17
93.11 42.96 0.01211384786219135
93.11 42.96 0.04172725069291579
93.11 47.33 1.4401445543909924e-8
93.11 47.33 4.780875991787733e-9
93.11 47.34 3.831176732434742e-25
93.11 48.6 3.5618270995642634e-7
93.11 48.61 4.870515982266136e-9
93.11 48.61 1.2781727211473229e-23
93.11 48.8 0.0007370677148022168
93.11 48.8 5.36253166355589e-19
93.11 48.8 0.0007369031138361393
93.11 49.29 1.1233687033264879e-8
93.11 56.24 1.1678634524886846e-8
93.11 56.24 4.815134320669213e-9
93.11 56.24 1.885132193167182e-23
93.11 56.77 5.509874088961994e-24
93.11 56.78 4.213280333133919e-10
93.11 56.78 2.476896062668755e-10
93.11 57.87 0.0022980033119847456
93.11 57.87 6.087262160777475e-19
93.11 57.87 0.0022999099965550877
93.11 58.51 7.022047868382294e-10
93.11 58.52 6.555451371521943e-8
93.11 59.8 0.009985226069227707
93.11 60.94 0.0012782587421844207
93.11 60.94 7.649331345609372e-19
93.11 60.94 0.001282570101932661
93.11 61.97 0.004711633982817939
93.11 61.97 0.016613878296510003
93.11 62.72 3.071238852723195e-11
93.11 62.72 3.656435807398994e-5
93.11 62.72 1.1990973677341306e-19
93.11 62.73 0.007630776631449645
93.11 62.73 2.1670634141267604e-18
93.11 62.73 0.008385800758102822
93.11 62.75 0.015042174526651218
93.11 62.75 5.470371584078234e-18
93.11 62.75 0.01424645273774943
93.11 81.83 7.360449090330542e-10
93.11 81.86 1.2342245777555042e-10
93.11 82.29 1.4869703600281083e-22
93.11 82.3 4.07548004991336e-9
93.11 82.3 3.502235081805594e-12
93.11 82.32 1.741416515891203e-24
93.11 82.35 2.0327388926295395e-10
93.11 82.35 1.3524501537872591e-9
93.11 84.59 1.6504990625253333e-10
93.11 91.44 1.5292547512848937e-9
93.11 91.44 1.4865180809127581e-9
93.11 91.55 2.2113562997176948e-23
93.11 91.55 1.3114487623458294e-10
93.11 91.55 5.921296997764635e-9
93.11 92.31 3.751148612051364e-10
93.11 0.0 9.692587645796716e-8
93.11 0.0 1.4325655934969748e-7
93.11 1.41 0.0379514000632113
93.11 1.41 0.03795043355552038
93.11 1.41 4.2621536161476886e-17
93.11 4.82 1.0999369214409587e-11
93.11 24.13 0.01759951316304432
93.11 24.13 2.652128542905282e-17
93.11 24.13 0.017598490205132784
93.11 24.95 0.022947126224218004
93.11 26.33 0.01381591784778838
93.11 26.33 0.013817480474609529
93.11 26.33 1.3727364216784456e-17
93.11 34.22 1.1033249784701951e-5
93.11 34.22 1.0993128156520123e-5
93.11 34.22 1.2120858161694142e-20
93.11 37.41 0.06567868156561131
93.11 37.41 3.0245015693814726e-5
93.11 37.83 7.662590924453101e-17
93.11 37.83 0.026445099907810913
93.11 37.83 0.02644461406908006
93.11 42.23 8.505236029669616e-18
93.11 42.23 0.007190501480881192
93.11 42.23 0.0071906871482903655
93.11 42.96 0.053807212447177635
93.11 42.96 4.656914769674217e-5
93.11 47.33 5.840262200231603e-23
93.11 47.33 2.9581643188219686e-8
93.11 47.34 2.400233026812933e-9
93.11 48.6 2.243522167288628e-22
93.11 48.61 7.596994455387231e-8
93.11 48.61 2.5638572750394698e-8
93.11 48.8 0.0007373831310208649
93.11 48.8 0.0007375185203220728
93.11 48.8 7.308886255576237e-19
93.11 49.29 1.6684472007699688e-7
93.11 56.24 2.150828323102523e-21
93.11 56.24 7.307420216619626e-8
93.11 56.24 1.0833020516578892e-7
93.11 56.77 2.6922051965338e-8
93.11 56.78 1.0809469393862916e-8
93.11 56.78 7.422020115873793e-23
93.11 57.87 0.0023046984981196466
93.11 57.87 0.0023045047507501857
93.11 57.87 2.2540563835002025e-18
93.11 58.51 1.8935206670938574e-9
93.11 58.52 4.500275859542522e-8
93.11 59.8 0.009965589731942018
93.11 60.93 0.0012761592596512588
93.11 60.94 0.0012757689917833471
93.11 60.94 1.2609959467931097e-18
93.11 61.97 0.02131771033867888
93.11 61.97 2.4832724915771662e-5
93.11 62.72 5.0386519169679605e-11
93.11 62.72 5.510569654294487e-19
93.11 62.72 0.00010198274951042956
93.11 62.73 0.00907957106711984
93.11 62.73 0.008931279464063357
93.11 62.73 6.6816192269911655e-18
93.11 62.75 0.013589147573251645
93.11 62.75 0.013637819598859008
93.11 62.75 1.5375356948852746e-17
93.11 81.83 8.416551377651301e-7
93.11 81.86 3.081305025936707e-9
93.11 82.29 8.957856385709709e-7
93.11 82.3 1.324388482435393e-10
93.11 82.3 9.517658338991696e-25
93.11 82.32 1.0325063969963443e-8
93.11 82.35 1.1933933479258082e-9
93.11 82.35 7.655622444441365e-25
93.11 84.59 3.4779222012582026e-7
93.11 91.44 4.038978168642789e-8
93.11 91.44 1.0959619632844774e-7
93.11 91.55 1.0885396270495456e-7
93.11 91.55 1.1869144436635409e-8
93.11 91.55 4.394503220811179e-23
93.11 92.3 7.116971944696997e-9
93.11 0.0 4.037427771587776e-9
93.11 1.41 0.03795157943512522
93.11 1.41 1.1274167873621518e-16
93.11 1.41 0.03795178357412725
93.11 4.82 7.920047064587668e-12
93.11 24.13 0.017576201477758412
93.11 24.13 0.017587838936889217
93.11 24.13 2.0431518698847003e-17
93.11 24.95 0.022942125358293358
93.11 26.33 0.013837870876176226
93.11 26.33 1.3113424175397861e-17
93.11 26.33 0.01382704113990012
93.11 34.22 2.61046660756551e-18
93.11 34.22 1.106536518753223e-5
93.11 34.22 1.0968126965769398e-5
93.11 37.41 0.015225506941632936
93.11 37.41 0.050497758713692636
93.11 37.83 0.0264433213056826
93.11 37.83 0.026447550763022656
93.11 37.83 6.482916123734935e-17
93.11 42.23 0.007192564875052125
93.11 42.23 4.6013697748110474e-17
93.11 42.23 0.007190860409991371
93.11 42.96 0.014853339233359832
93.11 42.96 0.038986604457090915
93.11 47.33 6.312187553979745e-8
93.11 47.33 3.2823249411051885e-9
93.11 47.34 4.147072860847833e-11
93.11 48.6 2.1703677419615953e-7
93.11 48.6 5.270698315905331e-9
93.11 48.61 1.8828732778813125e-7
93.11 48.8 9.276612206180815e-19
93.11 48.8 0.0007369031647941408
93.11 48.8 0.0007369838973655303
93.11 49.29 1.1794030135026775e-22
93.11 56.24 3.3331131371638316e-9
93.11 56.24 8.387430591375803e-9
93.11 56.24 5.399565599439009e-10
93.11 56.77 9.078161188331948e-9
93.11 56.78 2.63959474851489e-11
93.11 56.78 1.1050733755337536e-9
93.11 57.87 1.8369289051668146e-18
93.11 57.87 0.002298176178557331
93.11 57.87 0.0022995479800789584
93.11 58.51 1.4895951486145018e-24
93.11 58.52 3.000295476191189e-23
93.11 59.79 0.009984434571134902
93.11 60.93 1.4282622072741338e-18
93.11 60.93 0.001277978570519524
93.11 60.94 0.00128240779234469
93.11 61.97 0.00596897734172214
93.11 61.97 0.015357101026001747
93.11 62.72 8.000221997498973e-9
93.11 62.72 9.857603836750344e-7
93.11 62.72 2.1475816094513947e-7
93.11 62.73 5.038143257554099e-18
93.11 62.73 0.007717892815676767
93.11 62.73 0.008302433894089906
93.11 62.75 9.014236402612007e-18
93.11 62.75 0.01495470586054315
93.11 62.75 0.0143663009682784
93.11 81.83 5.961320106929737e-22
93.11 81.86 2.224078264735737e-24
93.11 82.29 8.778777896594204e-10
93.11 82.3 1.4635624367883211e-9
93.11 82.3 1.0678708899935633e-9
93.11 82.32 3.6104448937866263e-10
93.11 82.35 1.4680081163439916e-9
93.11 82.35 4.0948774769494966e-10
93.11 84.59 2.4718788733087165e-22
93.11 91.44 2.863246074381243e-23
93.11 91.44 8.514905874076833e-23
93.11 91.55 5.379016136957174e-10
93.11 91.55 1.778029310194464e-9
93.11 91.55 1.4728289932477136e-9
93.11 92.3 2.63730571368397e-10
94.52 0.0 2.0508708705413185e-7
94.52 0.0 8.490699184239114e-8
94.52 0.0 3.4443361819573076e-23
94.52 3.42 2.2924202038899334e-11
94.52 22.73 4.710310880780248e-8
94.52 22.73 8.98785543199716e-23
94.52 22.73 2.472612313218659e-8
94.52 23.54 1.669767009740933e-8
94.52 24.92 3.018441572300176e-8
94.52 24.92 8.572637652640069e-9
94.52 24.92 1.4568378043472574e-25
94.52 32.81 1.1830797489132326e-8
94.52 32.81 7.931639380178227e-9
94.52 32.81 3.5258966248887933e-25
94.52 36.0 1.2344935067458324e-7
94.52 36.0 2.312867402647863e-11
94.52 36.42 6.629372458735106e-23
94.52 36.42 6.97207619681446e-9
94.52 36.42 4.425626599805903e-9
94.52 40.83 7.575251291592257e-24
94.52 40.83 1.0008146061403069e-8
94.52 40.83 1.2617820995446912e-8
94.52 41.56 5.844471140956709e-8
94.52 41.56 3.008336019151986e-14
94.52 45.93 5.100308492018592e-19
94.52 45.93 0.0004315651126922899
94.52 45.93 0.00043149400371265853
94.52 47.2 2.691494282374664e-20
94.52 47.2 1.565761460032954e-5
94.52 47.2 1.667681016181004e-5
94.52 47.39 2.2172911473671803e-9
94.52 47.39 2.6223219249772396e-9
94.52 47.39 2.3661869194648025e-23
94.52 47.88 2.1661488693239276e-9
94.52 54.83 8.237379358586866e-16
94.52 54.83 0.0380836064401369
94.52 54.83 0.03808039163864749
94.52 55.36 0.01730594069528962
94.52 55.37 0.017311030572989126
94.52 55.37 1.211766322548751e-16
94.52 56.47 3.688712959803119e-7
94.52 56.47 9.214995030380961e-8
94.52 56.47 3.327616908126864e-24
94.52 57.11 0.017268037902265342
94.52 57.11 0.005680559181988683
94.52 58.39 3.233254846165874e-8
94.52 59.53 2.0692371453495296e-8
94.52 59.53 2.2457769579169257e-9
94.52 59.53 2.9910233251494075e-24
94.52 60.56 5.160215266415222e-10
94.52 60.56 1.4290435398576666e-10
94.52 61.31 0.004419963535325197
94.52 61.31 2.1100554345745898e-16
94.52 61.31 0.0044006139864481205
94.52 61.32 9.894732606320897e-9
94.52 61.32 1.4769284205838412e-5
94.52 61.32 5.684653403245455e-21
94.52 61.35 4.5697274851504e-9
94.52 61.35 5.887007594257036e-6
94.52 61.35 6.905006602697335e-21
94.52 80.42 8.286088742613852e-5
94.52 80.45 0.0002580322671144514
94.52 80.89 7.835358146558744e-6
94.52 80.89 0.0002807770715293511
94.52 80.89 6.395892696947394e-19
94.52 80.91 0.0003195063381058912
94.52 80.94 4.274734903422204e-5
94.52 80.94 2.893788871038798e-20
94.52 83.19 4.065900764292643e-5
94.52 90.03 0.015235834507787174
94.52 90.04 0.07055051517061627
94.52 90.14 0.06386689318721667
94.52 90.14 0.06387730207881223
94.52 90.14 6.52622566352636e-17
94.52 90.9 0.0038439324784727163
94.52 0.0 3.374177796405372e-8
94.52 0.0 1.0148752202043468e-9
94.52 3.42 4.792464215296098e-26
94.52 22.73 4.727416785405078e-10
94.52 22.73 3.5133277803164768e-9
94.52 22.73 1.5721022943098162e-9
94.52 23.54 2.8667603315998124e-23
94.52 24.92 8.005428999435546e-9
94.52 24.92 2.5900156481505495e-10
94.52 24.92 6.959697421093893e-12
94.52 32.81 1.3032315516883387e-8
94.52 32.81 1.8251462460868957e-8
94.52 32.81 1.615635635024825e-10
94.52 36.0 2.0600642254038063e-22
94.52 36.0 3.388498698172674e-24
94.52 36.42 3.38769712312423e-8
94.52 36.42 2.166285871451737e-9
94.52 36.42 2.3889127447752797e-9
94.52 40.83 4.34219870282962e-9
94.52 40.83 1.6374039340265788e-9
94.52 40.83 3.896857280433665e-9
94.52 41.56 9.839730521552008e-23
94.52 41.56 2.6614025015125176e-24
94.52 45.93 0.00043154836113764504
94.52 45.93 6.370014788921735e-19
94.52 45.93 0.0004315089315834612
94.52 47.2 1.5612885272341187e-5
94.52 47.2 3.120884638722723e-20
94.52 47.2 1.664591210658004e-5
94.52 47.39 1.7292779215802054e-9
94.52 47.39 4.390369354625285e-10
94.52 47.39 1.4433575502562902e-8
94.52 47.88 2.3232651887268175e-9
94.52 54.83 0.03808040751058142
94.52 54.83 9.519339368970266e-16
94.52 54.83 0.03806291075990776
94.52 55.36 0.0173237007184621
94.52 55.37 1.1747421330119624e-16
94.52 55.37 0.017315206265264158
94.52 56.47 2.3936221004170654e-9
94.52 56.47 2.9552779973308443e-8
94.52 56.47 1.738298582061314e-9
94.52 57.11 0.017151558088987807
94.52 57.11 0.005797073004594023
94.52 58.39 5.37835999394821e-23
94.52 59.53 2.425134100850467e-8
94.52 59.53 3.546322553308229e-8
94.52 59.53 2.0147011367235436e-9
94.52 60.56 1.306546626391924e-24
94.52 60.56 6.873959477425498e-25
94.52 61.31 2.0709340435676613e-16
94.52 61.31 0.004412376418351115
94.52 61.31 0.004398566474378351
94.52 61.32 1.2222710530521347e-10
94.52 61.32 1.6055275434170085e-5
94.52 61.32 3.399196094082494e-6
94.52 61.35 1.4496154611976604e-9
94.52 61.35 6.333994424125609e-6
94.52 61.35 4.110628361982895e-6
94.52 80.42 8.358615403589336e-5
94.52 80.45 0.00025732455171795254
94.52 80.89 7.553223239880744e-6
94.52 80.89 7.237503818187304e-19
94.52 80.89 0.00028087179058528195
94.52 80.91 0.00031976081448719534
94.52 80.94 4.4534349136468185e-20
94.52 80.94 4.263387959775429e-5
94.52 83.19 4.068066853608573e-5
94.52 90.03 0.0283237341344792
94.52 90.04 0.05746298354666974
94.52 90.14 0.06386640119948646
94.52 90.14 9.369263738353331e-17
94.52 90.14 0.06387771376029736
94.52 90.9 1.006535344795731e-17
94.52 0.0 3.863801256484006e-9
94.52 3.42 8.695473179052886e-12
94.52 22.73 7.895238293831907e-24
94.52 22.73 3.555719945748799e-9
94.52 22.73 6.542580748382455e-9
94.52 23.54 7.472043761461884e-10
94.52 24.92 5.9138165142314064e-24
94.52 24.92 1.8162986970680525e-8
94.52 24.92 3.158562002879084e-10
94.52 32.81 1.455129143132969e-10
94.52 32.81 4.787772725732044e-23
94.52 32.81 1.8190726858163677e-11
94.52 36.0 1.6398356753448008e-9
94.52 36.0 1.3951252264056111e-9
94.52 36.42 9.317701936623118e-9
94.52 36.42 1.583776951438711e-23
94.52 36.42 6.526531579113211e-11
94.52 40.83 2.508987508915944e-10
94.52 40.83 1.4306917869423635e-9
94.52 40.83 1.0959222581234078e-23
94.52 41.56 8.49883578149977e-14
94.52 41.56 1.016454318335535e-9
94.52 45.93 0.0004310543021350847
94.52 45.93 0.0004310240325013826
94.52 45.93 1.4350118839340409e-19
94.52 47.2 1.686633127371491e-5
94.52 47.2 1.6834913717674678e-5
94.52 47.2 5.14743715071373e-21
94.52 47.39 3.3246112981676454e-9
94.52 47.39 1.9349570979598086e-24
94.52 47.39 4.64824217436576e-11
94.52 47.88 6.30417405892004e-13
94.52 54.83 0.038065288866640234
94.52 54.83 0.0380614802288186
94.52 54.83 1.6209353796465656e-17
94.52 55.36 5.7005379089632696e-18
94.52 55.37 0.017332671147565214
94.52 55.37 0.017328841295831857
94.52 56.47 6.006847005351603e-7
94.52 56.47 2.0099921030719284e-23
94.52 56.47 1.1235767414625805e-10
94.52 57.11 1.9648195238496823e-7
94.52 57.11 0.022955084280240335
94.52 58.39 2.0243395281818837e-9
94.52 59.53 5.856541379566427e-11
94.52 59.53 1.1637359657010642e-23
94.52 59.53 7.430588311414199e-10
94.52 60.56 4.198126475138931e-11
94.52 60.56 6.049534432784317e-11
94.52 61.31 0.004421629297213281
94.52 61.31 0.0044142887054669155
94.52 61.31 3.2589271866436864e-17
94.52 61.32 4.716742661073675e-10
94.52 61.32 5.9082351801685424e-21
94.52 61.32 3.3861351112768634e-6
94.52 61.35 5.488789831633656e-11
94.52 61.35 2.299812134897511e-21
94.52 61.35 4.037724631411065e-6
94.52 80.42 0.00033959861789258474
94.52 80.45 4.737717697080477e-10
94.52 80.89 2.6668753748770862e-21
94.52 80.89 0.0003214692710140549
94.52 80.89 0.0003214733146630273
94.52 80.91 1.0780300902678723e-19
94.52 80.94 1.1204595443392573e-6
94.52 80.94 1.1017166278039146e-6
94.52 83.19 3.448683860513438e-5
94.52 90.03 0.08511184594940217
94.52 90.03 0.0006707615338190698
94.52 90.14 2.2371036551161947e-17
94.52 90.14 0.06387551334147804
94.52 90.14 0.06387526780823191
94.52 90.9 0.003841962686884032
97.94 0.0 1.5078161569599687e-12
97.94 19.31 5.949630373249872e-9
97.94 19.31 1.155626540129422e-9
97.94 19.31 3.390486865102165e-24
97.94 20.12 8.301013187511812e-10
97.94 21.5 9.130520196870202e-9
97.94 21.5 1.8684207179158036e-24
97.94 21.51 1.2662772005424228e-11
97.94 29.4 8.998167659413488e-23
97.94 29.4 3.9145954765460255e-10
97.94 29.4 1.8641732904371926e-11
97.94 32.58 8.273141098621444e-12
97.94 32.58 1.9772132398818327e-13
97.94 33.01 1.8704353999379683e-10
97.94 33.01 8.027750402009281e-11
97.94 33.01 1.4693050590380612e-25
97.94 37.41 1.7150373694923128e-10
97.94 37.41 6.094594435307876e-25
97.94 37.41 1.0374018227133842e-10
97.94 38.14 3.3061779449784713e-10
97.94 38.14 1.7623587751387458e-10
97.94 42.51 0.00022580944726562874
97.94 42.51 0.00022584843328977443
97.94 42.52 0.0002259109319825394
97.94 43.78 2.772134359739155e-9
97.94 43.78 2.4393695231152697e-9
97.94 43.78 9.701267279301405e-12
97.94 43.97 2.5756368296609195e-25
97.94 43.97 5.274513697358693e-10
97.94 43.97 1.7481346906846837e-9
97.94 44.46 6.205118084808813e-27
97.94 51.41 0.03224679979558093
97.94 51.41 0.0322467456684657
97.94 51.41 0.03224663595865957
97.94 51.95 9.017581042256162e-10
97.94 51.95 1.7882253156862551e-9
97.94 51.95 8.606577126313409e-10
97.94 53.05 4.1168884283483918e-25
97.94 53.05 1.6202808921050423e-8
97.94 53.05 1.790723616281358e-10
97.94 53.69 1.4557066401517848e-26
97.94 53.69 1.412353314748308e-26
97.94 54.97 6.679276402712827e-9
97.94 56.11 1.2460107208028283e-25
97.94 56.11 3.0113669331176466e-10
97.94 56.11 6.193822722004117e-11
97.94 57.14 7.107186242829832e-11
97.94 57.14 2.1207016925532094e-10
97.94 57.89 0.0016415729549737552
97.94 57.89 0.0016388701899086216
97.94 57.89 0.001632897686558728
97.94 57.9 5.15850944398915e-23
97.94 57.9 5.9773803920175825e-6
97.94 57.9 1.2684677755267047e-6
97.94 57.93 1.3973831837448332e-23
97.94 57.93 2.6231866965239315e-6
97.94 57.93 1.3720225556085215e-6
97.94 77.0 2.5584250009439806e-28
97.94 77.03 7.44029305610978e-28
97.94 77.47 7.559141098162074e-6
97.94 77.47 3.3264270450997377e-7
97.94 77.47 3.3107062047898145e-7
97.94 77.49 1.1746917424987612e-11
97.94 77.52 7.348692427445204e-6
97.94 77.52 7.348280720221121e-6
97.94 79.77 4.3302880828956133e-29
97.94 86.62 6.606792562932313e-27
97.94 86.62 4.536214715304052e-27
97.94 86.72 1.276344165738438e-12
97.94 86.72 6.155208729895455e-12
97.94 86.72 1.0509907670345806e-11
97.94 87.48 1.1393683062010889e-10
