translational analysis para
#nmax= 4 NR= 11 Ntheta= 11 Nphi= 11
#jmax= 2 Nalpha= 11 Nphi= 11 Nchi= 11
0.0
1 65.120461299245 0.9342887816302028
2 108.53410216540831 0.017714925363897373
3 108.53410216540831 0.01771487465125148
4 108.53410216540833 0.017714551818851832
10 151.94774303157166 0.010763765388444528

32.36086956365413
1 65.120461299245 0.721938686446915
2 108.53410216540831 0.2487195639262208

32.3609225074868
1 65.120461299245 0.7219371943802512
3 108.53410216540831 0.24872092882019167

32.36099273951323
1 65.120461299245 0.7219397169091429
4 108.53410216540833 0.24871875959277864

60.50551473872892
1 65.120461299245 0.23626163569676623
4 108.53410216540833 0.6627843406770603
6 151.94774303157163 0.015717729838793614
7 151.94774303157163 0.015717589148628502
9 151.94774303157166 0.019070064078786197
10 151.94774303157166 0.028732138716387204
20 195.36138389773498 0.015582010215088843

60.505590494730754
1 65.120461299245 0.23626369342756162
3 108.53410216540831 0.6627815046865072
5 151.94774303157163 0.015717979643882815
7 151.94774303157163 0.01571750858342154
8 151.94774303157163 0.014304657626790368
10 151.94774303157166 0.028732049936434426
18 195.36138389773492 0.015581796903469239

60.5056114892879
1 65.120461299245 0.23626225997727165
2 108.53410216540831 0.6627830123838535
5 151.94774303157163 0.015717958683096906
6 151.94774303157163 0.015717482672210455
8 151.94774303157163 0.014304591373705901
10 151.94774303157166 0.028732098931165795
17 195.36138389773492 0.01558186066932733

68.35249825289839
1 65.120461299245 0.6869391551063436
2 108.53410216540831 0.017483138277236
3 108.53410216540831 0.09197881329659814
4 108.53410216540833 0.13990689649412483
9 151.94774303157166 0.04426442577016343

68.3527508758942
1 65.120461299245 0.686939854259912
2 108.53410216540831 0.14876085517942603
3 108.53410216540831 0.07426710568389155
4 108.53410216540833 0.02633944479817812
8 151.94774303157163 0.04426412616849211

68.90914154705833
1 65.120461299245 0.7816370845273772
2 108.53410216540831 0.07775015824497647
3 108.53410216540831 0.07775078314439192
4 108.53410216540833 0.01591047619342548
5 151.94774303157163 0.031891739814110164

68.90941722304677
1 65.120461299245 0.781656938202703
2 108.53410216540831 0.07774344324444878
3 108.53410216540831 0.015911527492868522
4 108.53410216540833 0.07774254220916982
6 151.94774303157163 0.03188638761850134

68.90944294538309
1 65.120461299245 0.7816578675000391
2 108.53410216540831 0.01591168741685263
3 108.53410216540831 0.07774237824821525
4 108.53410216540833 0.07774280561934464
7 151.94774303157163 0.03188613694389046

83.58983233640947
1 65.120461299245 0.18920095259267533
2 108.53410216540831 0.256968592260159
3 108.53410216540831 0.25697105060908815
4 108.53410216540833 0.010634877017078707
5 151.94774303157163 0.2414553086501116
10 151.94774303157166 0.010468830575921894

83.59043295313496
1 65.120461299245 0.18918027965507156
2 108.53410216540831 0.010634446153291281
3 108.53410216540831 0.25698682264223754
4 108.53410216540833 0.25698319115729806
7 151.94774303157163 0.24145231748412768
10 151.94774303157166 0.010468177166542147

83.59043800664446
1 65.120461299245 0.18918124313250126
2 108.53410216540831 0.2569798433247105
3 108.53410216540831 0.01063434527740598
4 108.53410216540833 0.2569899028172486
6 151.94774303157163 0.24145178182434768
10 151.94774303157166 0.010468250534777554

84.424812262849
1 65.120461299245 0.01683918417496934
2 108.53410216540831 0.2030918686975577
3 108.53410216540831 0.20307237176981463
4 108.53410216540833 0.20314148910052482
10 151.94774303157166 0.32777070266370856
35 238.77502476389833 0.01578783184915453

85.42109419276909
1 65.120461299245 0.2742364463344603
2 108.53410216540831 0.15652407925789785
3 108.53410216540831 0.25497882527560467
4 108.53410216540833 0.025742871899035652
8 151.94774303157163 0.22741604057782958
9 151.94774303157166 0.015697603378315647
10 151.94774303157166 0.016319676226808785

85.42140569719203
1 65.120461299245 0.27424563686772224
2 108.53410216540831 0.134985830832242
3 108.53410216540831 0.03654780045762048
4 108.53410216540833 0.2657264339732758
8 151.94774303157163 0.015698977602868872
9 151.94774303157166 0.22739871685090987
10 151.94774303157166 0.01632063988654589

91.05627317027178
1 65.120461299245 0.8227302303066366
2 108.53410216540831 0.08545657256367442
3 108.53410216540831 0.0767860515609996

91.05650898572915
1 65.120461299245 0.8227328522359829
2 108.53410216540831 0.022859557804133106
3 108.53410216540831 0.031529224758073515
4 108.53410216540833 0.10808306279800478

93.22404533791112
2 108.53410216540831 0.46702484592104804
3 108.53410216540831 0.4670213978368249
5 151.94774303157163 0.01687505419562961
8 151.94774303157163 0.011163473743144409
17 195.36138389773492 0.0149692991051008
18 195.36138389773492 0.014969280773918793

93.22424754202217
2 108.53410216540831 0.4670288478936583
4 108.53410216540833 0.4670181469523941
6 151.94774303157163 0.016875018766650263
17 195.36138389773492 0.01496959971644203
20 195.36138389773498 0.01496938427384469

93.22427992409553
3 108.53410216540831 0.4670222935728483
4 108.53410216540833 0.46702435162596984
7 151.94774303157163 0.01687482615100427
18 195.36138389773492 0.014969477845749103
20 195.36138389773498 0.014969485458980603

94.418772785519
1 65.120461299245 0.8195094771960693
2 108.53410216540831 0.02249240561986377
3 108.53410216540831 0.022492696005164986
4 108.53410216540833 0.11921992388603012

94.41881588961749
1 65.120461299245 0.8195101641722009
2 108.53410216540831 0.11922128412639585
3 108.53410216540831 0.022491669041916046
4 108.53410216540833 0.02249136913155938

94.41889919154333
1 65.120461299245 0.819508521568691
2 108.53410216540831 0.022492006333982035
3 108.53410216540831 0.11922281873222661
4 108.53410216540833 0.022491207075073395

118.34954063422171
1 65.120461299245 0.09013748817292586
2 108.53410216540831 0.10617108998134306
3 108.53410216540831 0.10442101768807177
4 108.53410216540833 0.012395430308072795
8 151.94774303157163 0.578273286427468
11 195.36138389773492 0.01850325554856894
15 195.36138389773492 0.013632692776128922
16 195.36138389773492 0.018520826210336804
17 195.36138389773492 0.01731361417933394
18 195.36138389773492 0.016994394938724667
32 238.7750247638983 0.015257026493650567

118.35151938427872
1 65.120461299245 0.09014442501251618
2 108.53410216540831 0.04248235629431112
3 108.53410216540831 0.044235160054378525
4 108.53410216540833 0.13624714669238108
9 151.94774303157166 0.5783387685488748
13 195.36138389773492 0.015503426785838425
14 195.36138389773492 0.015631633514071895
19 195.36138389773498 0.021430152801924382
20 195.36138389773498 0.022800997891515053
34 238.77502476389833 0.015261760639236455

119.39433940026885
2 108.53410216540831 0.09585742425005243
3 108.53410216540831 0.41282270081621913
4 108.53410216540833 0.0949462121260336
5 151.94774303157163 0.058834748866836935
7 151.94774303157163 0.05838588881958056
8 151.94774303157163 0.14335334070729389
9 151.94774303157166 0.04780731204650645
14 195.36138389773492 0.02132077283979386
16 195.36138389773492 0.03533000333845991

119.39452347714126
2 108.53410216540831 0.41281710173792585
3 108.53410216540831 0.09585694441990125
4 108.53410216540833 0.09495882333569525
5 151.94774303157163 0.05883108853670916
6 151.94774303157163 0.05839152863497757
8 151.94774303157163 0.14334616311153908
9 151.94774303157166 0.04780893559703476
11 195.36138389773492 0.03532688562519179
13 195.36138389773492 0.021321926024392097

119.39690665874281
2 108.53410216540831 0.09542855404067112
3 108.53410216540831 0.09542902773828087
4 108.53410216540833 0.41295142285237607
6 151.94774303157163 0.05859997182709741
7 151.94774303157163 0.058600996258664474
9 151.94774303157166 0.1907240511965006
19 195.36138389773498 0.05576660069263585

119.86576888072744
2 108.53410216540831 0.22216212678648015
3 108.53410216540831 0.22216127770598323
4 108.53410216540833 0.22217566481306367
5 151.94774303157163 0.0804620320450808
6 151.94774303157163 0.0804908507480885
7 151.94774303157163 0.08046377666468708
8 151.94774303157163 0.013164373774949443
9 151.94774303157166 0.013164379656366028
12 195.36138389773492 0.04179691498971905

120.03667724815767
1 65.120461299245 0.11529697624608148
2 108.53410216540831 0.09297735069434639
3 108.53410216540831 0.0929775656752225
4 108.53410216540833 0.01727002940063034
5 151.94774303157163 0.5722999174068318
11 195.36138389773492 0.018421375512584624
12 195.36138389773492 0.012881925394238568
16 195.36138389773492 0.018421136247693138
17 195.36138389773492 0.016497900136220225
18 195.36138389773492 0.016497901504876115
29 238.7750247638983 0.017521486072713012

120.03889311050231
1 65.120461299245 0.11530992356242083
2 108.53410216540831 0.017275158423093684
3 108.53410216540831 0.09296920604961786
4 108.53410216540833 0.09297026825126824
7 151.94774303157163 0.572347518697314
12 195.36138389773492 0.012883569991829128
14 195.36138389773492 0.019531323168588396
15 195.36138389773492 0.012032062406664712
18 195.36138389773492 0.01649789190703229
20 195.36138389773498 0.01649755046304345
31 238.7750247638983 0.01752634354248306

120.03894156425103
1 65.120461299245 0.11530588402500208
2 108.53410216540831 0.09297497292202143
3 108.53410216540831 0.017284119545588776
4 108.53410216540833 0.09297553956040033
6 151.94774303157163 0.5723256710574478
12 195.36138389773492 0.012884839713854937
13 195.36138389773492 0.01953046257942294
15 195.36138389773492 0.012031348395224168
17 195.36138389773492 0.016497282575511543
20 195.36138389773498 0.016497186730097632
30 238.7750247638983 0.017525690318186574

120.55455084527458
2 108.53410216540831 0.23782562734753782
3 108.53410216540831 0.21503916403441833
4 108.53410216540833 0.2388678143178474
5 151.94774303157163 0.07759920351447801
6 151.94774303157163 0.01144361710118922
7 151.94774303157163 0.07798224925342914
8 151.94774303157163 0.021993178583417778
9 151.94774303157166 0.04993617932565746
14 195.36138389773492 0.02594933267810778
16 195.36138389773492 0.01572400647085785

120.55455295824855
2 108.53410216540831 0.21504094979565866
3 108.53410216540831 0.23783416326236673
4 108.53410216540833 0.23885883538574612
5 151.94774303157163 0.07760222233615237
6 151.94774303157163 0.07797899221959277
7 151.94774303157163 0.01144362032921779
8 151.94774303157163 0.021994434137874788
9 151.94774303157166 0.04993401380119496
11 195.36138389773492 0.01572479215487289
13 195.36138389773492 0.0259484824510267

120.55589389892933
2 108.53410216540831 0.23839366862744182
3 108.53410216540831 0.23839621553703386
4 108.53410216540833 0.21506693054310924
5 151.94774303157163 0.011448025123704538
6 151.94774303157163 0.07776742730497918
7 151.94774303157163 0.07777115756178404
8 151.94774303157163 0.0635856413268643
15 195.36138389773492 0.041055820964675936

125.61000940217923
1 65.120461299245 0.04548334084996903
2 108.53410216540831 0.08349822140165104
3 108.53410216540831 0.08349739794400993
4 108.53410216540833 0.08349650848338508
10 151.94774303157166 0.5422291295145936
17 195.36138389773492 0.04154864127218616
18 195.36138389773492 0.041548489970416935
20 195.36138389773498 0.04154840774956353
35 238.77502476389833 0.021613783064411547

126.73729416263527
2 108.53410216540831 0.2826163058460133
3 108.53410216540831 0.19874517951162218
4 108.53410216540833 0.28264895611783025
10 151.94774303157166 0.16016737623730956
18 195.36138389773492 0.031678021634099454

126.737337237195
2 108.53410216540831 0.1987566397783468
3 108.53410216540831 0.28261497843407707
4 108.53410216540833 0.28263920354017075
10 151.94774303157166 0.16016763385738653
17 195.36138389773492 0.03167754737255476

126.73748561713231
2 108.53410216540831 0.28263180107683533
3 108.53410216540831 0.28263987072842134
4 108.53410216540833 0.1987384588853444
10 151.94774303157166 0.16016929956402443
20 195.36138389773498 0.03167811151875199

129.16660116114667
1 65.120461299245 0.1332206698978024
2 108.53410216540831 0.017682941653603977
3 108.53410216540831 0.27144155954151533
4 108.53410216540833 0.42766845405297893
5 151.94774303157163 0.03781223032305175
6 151.94774303157163 0.026224699781016703
10 151.94774303157166 0.03795600184258127

129.16667662625647
1 65.120461299245 0.13322317734720443
2 108.53410216540831 0.460184588874201
3 108.53410216540831 0.20642187836641193
4 108.53410216540833 0.050185786141318516
6 151.94774303157163 0.021404999574401815
7 151.94774303157163 0.04021963911411408
10 151.94774303157166 0.03795672732199501
17 195.36138389773492 0.010546729416508617

129.24682856859357
1 65.120461299245 0.12994286062179136
2 108.53410216540831 0.4136735038079856
3 108.53410216540831 0.13899332444021212
4 108.53410216540833 0.13895331037156292
5 151.94774303157163 0.03371839584535319
6 151.94774303157163 0.033710450873608126
7 151.94774303157163 0.01198435337135383
8 151.94774303157163 0.014497949993078059
9 151.94774303157166 0.029084545110663673
10 151.94774303157166 0.029309196803652442

129.24690778288436
1 65.120461299245 0.12994588092018122
2 108.53410216540831 0.13895377564783412
3 108.53410216540831 0.13894280132790468
4 108.53410216540833 0.41372686490700894
5 151.94774303157163 0.011982563416437865
6 151.94774303157163 0.03371189175657517
7 151.94774303157163 0.03371201578345207
8 151.94774303157163 0.03638068783705774
10 151.94774303157166 0.02931060176093922

129.24693385723378
1 65.120461299245 0.12994474867092404
2 108.53410216540831 0.13899683147342257
3 108.53410216540831 0.4136708774704133
4 108.53410216540833 0.1389489108426681
5 151.94774303157163 0.03371721404037869
6 151.94774303157163 0.011984473381993925
7 151.94774303157163 0.03371290158482408
8 151.94774303157163 0.014497808801335636
9 151.94774303157166 0.02908481487894006
10 151.94774303157166 0.02930940889987991

136.6378378218898
1 65.120461299245 0.41141428871185065
2 108.53410216540831 0.08806785648616981
3 108.53410216540831 0.08807224917762889
4 108.53410216540833 0.25819865737834
5 151.94774303157163 0.04982182228587824
9 151.94774303157166 0.01780181341738472
10 151.94774303157166 0.049431589280584234

136.63825043493887
1 65.120461299245 0.4113923099102477
2 108.53410216540831 0.08807089366436534
3 108.53410216540831 0.2582128823333662
4 108.53410216540833 0.08806356988714929
6 151.94774303157163 0.04983944856641459
8 151.94774303157163 0.01335279738620088
10 151.94774303157166 0.049429810353846367

136.63835929467083
1 65.120461299245 0.41138858255154676
2 108.53410216540831 0.25821489340416554
3 108.53410216540831 0.08807210102998403
4 108.53410216540833 0.08806389839240238
7 151.94774303157163 0.049838842817801515
8 151.94774303157163 0.013352785983415676
10 151.94774303157166 0.0494302529840824

138.27684097741633
1 65.120461299245 0.4792464414412785
2 108.53410216540831 0.18837717554922978
3 108.53410216540831 0.15337944140729612
4 108.53410216540833 0.04982982558769916
9 151.94774303157166 0.03372469386731099
10 151.94774303157166 0.0570146900272436

138.27707941794617
1 65.120461299245 0.4792377364983704
2 108.53410216540831 0.07267736678269304
3 108.53410216540831 0.10767459232786314
4 108.53410216540833 0.21124409617192696
8 151.94774303157163 0.03371459525093939
10 151.94774303157166 0.057016824170947576

139.59149817856644
2 108.53410216540831 0.08001973720144315
3 108.53410216540831 0.11253637666219554
4 108.53410216540833 0.07822509760631699
5 151.94774303157163 0.0987187985836203
6 151.94774303157163 0.015625746272001254
7 151.94774303157163 0.0968425763269952
8 151.94774303157163 0.0830433778328705
9 151.94774303157166 0.21004802385485385
14 195.36138389773492 0.1096091699843779
16 195.36138389773492 0.06947204176365497

139.5915100984033
2 108.53410216540831 0.11253415124918315
3 108.53410216540831 0.0800221723579057
4 108.53410216540833 0.07822293570153592
5 151.94774303157163 0.09872580624519885
6 151.94774303157163 0.09683702238893088
7 151.94774303157163 0.015625742468095543
8 151.94774303157163 0.08305145163153493
9 151.94774303157166 0.21003875522157392
11 195.36138389773492 0.06948067756981496
13 195.36138389773492 0.10960269524051887

139.5980660686813
2 108.53410216540831 0.07911632463762923
3 108.53410216540831 0.07912428290949342
4 108.53410216540833 0.11245103112685699
5 151.94774303157163 0.015633314954752085
6 151.94774303157163 0.09783958275182109
7 151.94774303157163 0.09784533309244271
8 151.94774303157163 0.2763047270460299
9 151.94774303157166 0.01700724775747118
15 195.36138389773492 0.17439683983820764

140.7996787806026
2 108.53410216540831 0.09793531324795733
3 108.53410216540831 0.0979376876819662
4 108.53410216540833 0.09793172666726728
5 151.94774303157163 0.14557495001182577
6 151.94774303157163 0.14554755680370293
7 151.94774303157163 0.14555103392960086
8 151.94774303157163 0.01996234449004789
9 151.94774303157166 0.01995933083786653
12 195.36138389773492 0.176387193387411

141.04791425381504
2 108.53410216540831 0.0680719731424843
3 108.53410216540831 0.19056814562088523
4 108.53410216540833 0.06989247886275292
5 151.94774303157163 0.08626061677749167
7 151.94774303157163 0.08849211134232345
8 151.94774303157163 0.1663608818288624
9 151.94774303157166 0.06017238414823579
10 151.94774303157166 0.030685604350771535
14 195.36138389773492 0.07069498964813671
16 195.36138389773492 0.11213657072351269
18 195.36138389773492 0.014816002967514227

141.0479885157007
2 108.53410216540831 0.19055727162308636
3 108.53410216540831 0.06806607625185325
4 108.53410216540833 0.06990478900912846
5 151.94774303157163 0.08626136407842801
6 151.94774303157163 0.08849750860256164
8 151.94774303157163 0.16634387186784674
9 151.94774303157166 0.06018208380612328
10 151.94774303157166 0.03068911367378552
11 195.36138389773492 0.11213073340702738
13 195.36138389773492 0.0707003826974245
17 195.36138389773492 0.01481587772925283

141.0592917837267
2 108.53410216540831 0.06902329887298975
3 108.53410216540831 0.06901677223317317
4 108.53410216540833 0.19038257177246212
6 151.94774303157163 0.08751164463059787
7 151.94774303157163 0.08750371866630481
9 151.94774303157166 0.22261950902212285
10 151.94774303157166 0.030767804501103006
19 195.36138389773498 0.17777140125912833
20 195.36138389773498 0.014825633792096301

144.55166112979944
1 65.120461299245 0.012489813683560787
2 108.53410216540831 0.033969258440310006
3 108.53410216540831 0.1260903344047262
4 108.53410216540833 0.033930514638101344
5 151.94774303157163 0.08082542282875875
7 151.94774303157163 0.08069634815911153
8 151.94774303157163 0.10677509896277824
9 151.94774303157166 0.0370738537412554
10 151.94774303157166 0.1975054466769426
18 195.36138389773492 0.25049973664506014

144.55170618889824
1 65.120461299245 0.012488741316947298
2 108.53410216540831 0.12608249083504983
3 108.53410216540831 0.03397391703878572
4 108.53410216540833 0.033974206300787006
5 151.94774303157163 0.08082601607673537
6 151.94774303157163 0.08069621662939307
8 151.94774303157163 0.10675892222806696
9 151.94774303157166 0.03707598926024568
10 151.94774303157166 0.1974932209418064
17 195.36138389773492 0.2504801118346103

144.55232645221622
1 65.120461299245 0.012489138560060214
2 108.53410216540831 0.033910924744658434
3 108.53410216540831 0.03391076819252026
4 108.53410216540833 0.12621993797052322
6 151.94774303157163 0.08067727916834398
7 151.94774303157163 0.08067373548266292
9 151.94774303157166 0.141845258517492
10 151.94774303157166 0.19747864171484675
19 195.36138389773498 0.01154158721691416
20 195.36138389773498 0.2504901178584901

144.8606702891414
2 108.53410216540831 0.06563711456538586
3 108.53410216540831 0.6510161612683167
4 108.53410216540833 0.06565975518157022
5 151.94774303157163 0.08490715797034061
6 151.94774303157163 0.011554906332000023
7 151.94774303157163 0.08489905241283409
18 195.36138389773492 0.015588655205602795

144.86074506875556
2 108.53410216540831 0.6510155064449685
3 108.53410216540831 0.06562192788437224
4 108.53410216540833 0.06567524270796404
5 151.94774303157163 0.08490597484791139
6 151.94774303157163 0.08489992955117026
7 151.94774303157163 0.011554722532676866
17 195.36138389773492 0.015588718561952701

144.86106958279976
2 108.53410216540831 0.06564148024334962
3 108.53410216540831 0.06564822831916252
4 108.53410216540833 0.6509792982318514
5 151.94774303157163 0.011551870724943365
6 151.94774303157163 0.084900609378117
7 151.94774303157163 0.0848940015365007
20 195.36138389773498 0.015588519779630128

145.98111698371346
1 65.120461299245 0.03599448913711144
2 108.53410216540831 0.2103131397192031
3 108.53410216540831 0.21029705555227987
4 108.53410216540833 0.3310124412505108
5 151.94774303157163 0.0673648982075169
9 151.94774303157166 0.10615562621869776

145.98125521591658
1 65.120461299245 0.03600259133943072
2 108.53410216540831 0.2103218939400538
3 108.53410216540831 0.3309949041549385
4 108.53410216540833 0.21029756802148278
6 151.94774303157163 0.06736167193717578
8 151.94774303157163 0.07962211745909953
9 151.94774303157166 0.026537226586590672

145.98130656348914
1 65.120461299245 0.03600147955910209
2 108.53410216540831 0.33099216791790725
3 108.53410216540831 0.21033752245727586
4 108.53410216540833 0.21028487478932165
7 151.94774303157163 0.06736263674498687
8 151.94774303157163 0.07962378670540164
9 151.94774303157166 0.026535920864962884

146.36761275332057
2 108.53410216540831 0.2516172078736264
3 108.53410216540831 0.2516177589403094
4 108.53410216540833 0.2516075450550194
8 151.94774303157163 0.1066182246409296
9 151.94774303157166 0.10660894391937219

149.83929774463707
1 65.120461299245 0.013344703192641666
2 108.53410216540831 0.09509904236078497
5 151.94774303157163 0.1693811628731375
6 151.94774303157163 0.16924216411210696
8 151.94774303157163 0.11623553750419892
9 151.94774303157166 0.3343198119882391
10 151.94774303157166 0.014726499971727485
13 195.36138389773492 0.013050783328306727
34 238.77502476389833 0.01546345229912852

149.839320668673
1 65.120461299245 0.0133451336683331
3 108.53410216540831 0.09509898969689308
5 151.94774303157163 0.16938735060206106
7 151.94774303157163 0.1692333593044694
8 151.94774303157163 0.116238033093656
9 151.94774303157166 0.3343188695423499
10 151.94774303157166 0.014726984582930583
14 195.36138389773492 0.0130501155600393
34 238.77502476389833 0.015463338128424124

149.84005340908513
1 65.120461299245 0.013343966124927959
4 108.53410216540833 0.09512346680963837
6 151.94774303157163 0.16936667423868465
7 151.94774303157163 0.16937311579984393
8 151.94774303157163 0.44348775438675436
10 151.94774303157166 0.014726510816714567
15 195.36138389773492 0.017796338618113517
32 238.7750247638983 0.02054416484639046

150.2912730581627
2 108.53410216540831 0.018451958197634503
4 108.53410216540833 0.05025510596478439
5 151.94774303157163 0.5365032066200379
6 151.94774303157163 0.08593086161339678
7 151.94774303157163 0.19904384690893026
10 151.94774303157166 0.013190891096841753
12 195.36138389773492 0.013719955666511635
29 238.7750247638983 0.025805714633969315

150.29161866293853
2 108.53410216540831 0.03254809643406509
3 108.53410216540831 0.04320185851727446
5 151.94774303157163 0.011126493026774075
6 151.94774303157163 0.46174022518263147
7 151.94774303157163 0.3486225817573472
10 151.94774303157166 0.013191097975012308
12 195.36138389773492 0.013720470074982047
15 195.36138389773492 0.01065655984140468
30 238.7750247638983 0.022197067277566148
31 238.7750247638983 0.01673744603061987

151.88042711533197
2 108.53410216540831 0.05884667466811696
3 108.53410216540831 0.010767318082440164
4 108.53410216540833 0.010761286845633251
5 151.94774303157163 0.16055223130441107
6 151.94774303157163 0.16091147836579642
8 151.94774303157163 0.10532994633272086
9 151.94774303157166 0.036541547605103294
10 151.94774303157166 0.3597494661230114
17 195.36138389773492 0.012072299286327534
35 238.77502476389833 0.02570372117930444

151.88048564966098
2 108.53410216540831 0.0107584833263824
3 108.53410216540831 0.058836217179179855
4 108.53410216540833 0.010756426857380619
5 151.94774303157163 0.16055245207916738
7 151.94774303157163 0.16092072483983863
8 151.94774303157163 0.1053246970644607
9 151.94774303157166 0.03654795538934364
10 151.94774303157166 0.359762443205817
18 195.36138389773492 0.012072519849570527
35 238.77502476389833 0.025704616795386513

151.88149193521622
2 108.53410216540831 0.010747450384984706
3 108.53410216540831 0.010746491129169946
4 108.53410216540833 0.05885971566457727
6 151.94774303157163 0.16080387379066008
7 151.94774303157163 0.16080332563193966
9 151.94774303157166 0.13979203281990413
10 151.94774303157166 0.35970310598324184
20 195.36138389773498 0.012078300602885296
35 238.77502476389833 0.025703261657629987

152.10092965110618
2 108.53410216540831 0.3553533122733014
3 108.53410216540831 0.35528560659859065
4 108.53410216540833 0.16384147878220748
5 151.94774303157163 0.054361737025819555
8 151.94774303157163 0.03384058286053895
17 195.36138389773492 0.011183164187906207
18 195.36138389773492 0.011181264598324678

152.1012699159217
2 108.53410216540831 0.35528169139491017
3 108.53410216540831 0.1638595897882937
4 108.53410216540833 0.35536526884940733
6 151.94774303157163 0.054349566169935186
9 151.94774303157166 0.025380886051932557
17 195.36138389773492 0.011181383761649125
20 195.36138389773498 0.01118314864852828

152.10133426375475
2 108.53410216540831 0.1638599154375933
3 108.53410216540831 0.3553469024780147
4 108.53410216540833 0.355298513144169
7 151.94774303157163 0.05434947941762175
9 151.94774303157166 0.02538432898000492
18 195.36138389773492 0.01118260182597785
20 195.36138389773498 0.011181801075536013

152.89891752669485
1 65.120461299245 0.3943303600031477
2 108.53410216540831 0.12703070857649584
3 108.53410216540831 0.12708911474635273
4 108.53410216540833 0.11878529593403805
5 151.94774303157163 0.07416898516978505
6 151.94774303157163 0.023353362726473797
7 151.94774303157163 0.02335251202869982
9 151.94774303157166 0.01471015803684055
10 151.94774303157166 0.08145609033429987

152.89914367932093
1 65.120461299245 0.3943333647708106
2 108.53410216540831 0.12709836776150546
3 108.53410216540831 0.11877733838031626
4 108.53410216540833 0.12702862355144673
5 151.94774303157163 0.023351454574293447
6 151.94774303157163 0.07416691234858128
7 151.94774303157163 0.023355505282489954
8 151.94774303157163 0.011030982147743104
10 151.94774303157166 0.08145626539981146

152.89922288889792
1 65.120461299245 0.3943391526587332
2 108.53410216540831 0.11877739035896936
3 108.53410216540831 0.12703026091930975
4 108.53410216540833 0.12709128041950776
5 151.94774303157163 0.023354612948172163
6 151.94774303157163 0.023352433392572425
7 151.94774303157163 0.07416662144402676
8 151.94774303157163 0.01103414393364249
10 151.94774303157166 0.08145592267105223

154.08014299210805
1 65.120461299245 0.39389600359949395
2 108.53410216540831 0.014715687439761347
3 108.53410216540831 0.13500515056458381
4 108.53410216540833 0.2134439119065049
6 151.94774303157163 0.013085224742658143
7 151.94774303157163 0.02857427918328179
8 151.94774303157163 0.045323529035848256
9 151.94774303157166 0.04358346885259224
10 151.94774303157166 0.09266608177679561

154.08030723750733
1 65.120461299245 0.3938799392288654
2 108.53410216540831 0.22739992402120968
3 108.53410216540831 0.1071064872110907
4 108.53410216540833 0.02866862553535066
5 151.94774303157163 0.026775709930996067
6 151.94774303157163 0.016678667519912184
8 151.94774303157163 0.043587995099109066
9 151.94774303157166 0.04532174877297578
10 151.94774303157166 0.09266938978579989

174.2186327268615
5 151.94774303157163 0.05912008132628986
6 151.94774303157163 0.049636992804719116
7 151.94774303157163 0.04966357275256535
8 151.94774303157163 0.23317856361189337
9 151.94774303157166 0.20907958904153784
11 195.36138389773492 0.06665256734905094
13 195.36138389773492 0.03752488324410859
14 195.36138389773492 0.03759587504383621
16 195.36138389773492 0.07091414561449576
19 195.36138389773498 0.09106326323471349
28 238.7750247638983 0.026928218919964927
33 238.77502476389833 0.031661548367536936

175.5899872762401
5 151.94774303157163 0.25543451677935636
8 151.94774303157163 0.3978957735195554
11 195.36138389773492 0.13415146176820447
16 195.36138389773492 0.11947441427678564
21 238.7750247638983 0.050437685557544756
32 238.7750247638983 0.013438337723936374

175.72857370363428
7 151.94774303157163 0.2633640370939293
8 151.94774303157163 0.10419453846283373
9 151.94774303157166 0.3093258944193125
14 195.36138389773492 0.11408875563160141
15 195.36138389773492 0.04770155447124091
19 195.36138389773498 0.07339143314199796
25 238.7750247638983 0.04236300172221414

175.72858460322212
6 151.94774303157163 0.26336448358995285
8 151.94774303157163 0.10418732407154672
9 151.94774303157166 0.3093337719501102
13 195.36138389773492 0.1140919343751493
15 195.36138389773492 0.04769767930465054
19 195.36138389773498 0.07339243962767839
24 238.7750247638983 0.042363878208416736

175.9196319169242
5 151.94774303157163 0.17911580562740922
6 151.94774303157163 0.050925313084478015
7 151.94774303157163 0.052446581306970975
8 151.94774303157163 0.16347089401028214
9 151.94774303157166 0.20011426270166147
10 151.94774303157166 0.011535415652276618
11 195.36138389773492 0.05831400621907851
13 195.36138389773492 0.015578140621872521
14 195.36138389773492 0.016322188419128726
16 195.36138389773492 0.06640668564604922
19 195.36138389773498 0.07750306365131367
20 195.36138389773498 0.013868417945363897
28 238.7750247638983 0.024985658832011787
33 238.77502476389833 0.020540032730016238

175.9937829748155
6 151.94774303157163 0.1444704527215251
7 151.94774303157163 0.14306803976804217
8 151.94774303157163 0.18583732110488
9 151.94774303157166 0.18489658435642847
10 151.94774303157166 0.011859779745569381
11 195.36138389773492 0.013265126495409202
13 195.36138389773492 0.0611012919029701
14 195.36138389773492 0.060681168887946155
15 195.36138389773492 0.07053327183608944
16 195.36138389773492 0.013638181184160521
17 195.36138389773492 0.010165857094678139
18 195.36138389773492 0.010266031376800487
26 238.7750247638983 0.04331020892005552

176.32864292273382
5 151.94774303157163 0.2033447876800735
6 151.94774303157163 0.2032639482321663
7 151.94774303157163 0.11499961943981865
8 151.94774303157163 0.13373944751465303
9 151.94774303157166 0.04563565070558917
11 195.36138389773492 0.011508168606424035
12 195.36138389773492 0.08322169568247499
13 195.36138389773492 0.010855594319973818
14 195.36138389773492 0.014801216947289716
15 195.36138389773492 0.05124406731572402
16 195.36138389773492 0.04848104836624389
19 195.36138389773498 0.011566951659110284
27 238.7750247638983 0.036043376316688004

176.3286803338048
5 151.94774303157163 0.20334827160345348
6 151.94774303157163 0.11499512925431954
7 151.94774303157163 0.20326439579637307
8 151.94774303157163 0.13374981142880693
9 151.94774303157166 0.04562863671780613
11 195.36138389773492 0.04848349948599921
12 195.36138389773492 0.08322039947249513
13 195.36138389773492 0.014798759406345792
14 195.36138389773492 0.010855593047400938
15 195.36138389773492 0.05124515988768537
16 195.36138389773492 0.011508360063969244
19 195.36138389773498 0.011564572386194344
22 238.7750247638983 0.03604389697730586

176.33400711859233
5 151.94774303157163 0.1151968658035017
6 151.94774303157163 0.20336952418020893
7 151.94774303157163 0.20334818866391677
9 151.94774303157166 0.17929893060925645
12 195.36138389773492 0.08326744228323824
13 195.36138389773492 0.058428825501895536
14 195.36138389773492 0.05842976948651655
19 195.36138389773498 0.01251884343679811
23 238.7750247638983 0.04125514048798755

179.3425385585114
2 108.53410216540831 0.04088865604309906
3 108.53410216540831 0.04088641748717946
4 108.53410216540833 0.15933049226324605
6 151.94774303157163 0.03303861642897956
7 151.94774303157163 0.033038208684130134
9 151.94774303157166 0.057499701135657395
19 195.36138389773498 0.49131598152270145
20 195.36138389773498 0.013602741188387203
24 238.7750247638983 0.01908215119927149
25 238.7750247638983 0.01908181899404571
33 238.77502476389833 0.025442968887245124
34 238.77502476389833 0.03609658092952601

179.37266567614006
2 108.53410216540831 0.03824612162092318
3 108.53410216540831 0.1559722124136412
4 108.53410216540833 0.04184357448130654
5 151.94774303157163 0.03832495239839408
7 151.94774303157163 0.032771183963416814
8 151.94774303157163 0.05461139820053775
9 151.94774303157166 0.020887883566354855
14 195.36138389773492 0.1873603070345989
16 195.36138389773492 0.2950820951815266
18 195.36138389773492 0.013586248556892598
21 238.7750247638983 0.015350509789327232
25 238.7750247638983 0.010177955909275907
28 238.7750247638983 0.013113767888410139
32 238.7750247638983 0.026497217638610952

179.37646244905184
2 108.53410216540831 0.1553962106152872
3 108.53410216540831 0.037874098200553215
4 108.53410216540833 0.04193176693502523
5 151.94774303157163 0.038796963674805264
6 151.94774303157163 0.03265434287984093
8 151.94774303157163 0.058370952087024794
9 151.94774303157166 0.020624042575518496
11 195.36138389773492 0.2931781806966084
13 195.36138389773492 0.1874554469262081
17 195.36138389773492 0.013309316747610716
21 238.7750247638983 0.015278398818651463
24 238.7750247638983 0.01018097803770053
28 238.7750247638983 0.01297194106827503
32 238.7750247638983 0.026707726241412676

180.93567601618352
2 108.53410216540831 0.11196646098639247
3 108.53410216540831 0.11196967695326344
4 108.53410216540833 0.06979343926655535
5 151.94774303157163 0.05296054957783581
6 151.94774303157163 0.014396087124868718
7 151.94774303157163 0.014397590627925594
8 151.94774303157163 0.01230626611900522
9 151.94774303157166 0.03972711056773602
15 195.36138389773492 0.4574828713846422
22 238.7750247638983 0.016957208375638154
26 238.7750247638983 0.020240168659512756
27 238.7750247638983 0.01695715075378808
30 238.7750247638983 0.011663783385415327
31 238.7750247638983 0.01166445496505278
32 238.7750247638983 0.012137746565137258

180.93709653578514
2 108.53410216540831 0.06918793345874676
3 108.53410216540831 0.11121150223079805
4 108.53410216540833 0.1108456922060587
5 151.94774303157163 0.016334246837283017
6 151.94774303157163 0.014303578339523415
7 151.94774303157163 0.0525428163715592
8 151.94774303157163 0.03832297903392012
9 151.94774303157166 0.018945945040126488
11 195.36138389773492 0.17196810078050104
13 195.36138389773492 0.2835729639378351
23 238.7750247638983 0.011240595344402105
24 238.7750247638983 0.013902850336810933
29 238.7750247638983 0.011652503302860271
30 238.7750247638983 0.011549823877900746

180.93751280760756
2 108.53410216540831 0.11140437175692319
3 108.53410216540831 0.06927612281459301
4 108.53410216540833 0.1109339493481347
5 151.94774303157163 0.01634802265566407
6 151.94774303157163 0.0525970805845177
7 151.94774303157163 0.014257160303280239
8 151.94774303157163 0.03672664271346874
9 151.94774303157166 0.018999928763208253
14 195.36138389773492 0.2837956757556387
16 195.36138389773492 0.17237706414459394
23 238.7750247638983 0.011253348601854046
25 238.7750247638983 0.013912717342315755
29 238.7750247638983 0.011710669470303985
31 238.7750247638983 0.011557989475641468

