0.0 0.0 3.0369306812953646e-8
0.0 32.36 0.005015215609996068
0.0 32.36 0.004411535457955845
0.0 32.36 0.004296883672271087
0.0 60.51 0.0013990673429332041
0.0 60.51 0.0014180044972137071
0.0 60.51 0.000794747804335523
0.0 68.35 0.0019103840757863813
0.0 68.35 3.90170655251462e-5
0.0 68.91 2.5748302423144363e-5
0.0 68.91 1.8859790833639877e-5
0.0 68.91 9.295388564535819e-9
0.0 83.59 1.2139766883288192e-5
0.0 83.59 0.00022540870709041624
0.0 83.59 6.887741053517721e-5
0.0 84.42 2.562847232400446e-7
0.0 85.42 0.0006514279193376729
0.0 85.42 0.0020710519897102213
0.0 91.06 2.253445961589559e-7
0.0 91.06 4.27058103945102e-5
0.0 93.22 1.3401010340236904e-8
0.0 93.22 2.8643733892516684e-5
0.0 93.22 7.107454461443529e-5
0.0 94.42 0.003228049934768021
0.0 94.42 7.64556341624875e-6
0.0 94.42 0.023407189896671003
0.0 118.35 0.00047864866358894175
0.0 118.35 0.003620397367612149
0.0 119.39 0.012802922792823834
0.0 119.39 0.00017435325400370127
0.0 119.4 0.007665454015749368
0.0 119.87 1.4635997580238963e-6
0.0 120.04 8.955169415823136e-6
0.0 120.04 6.961484165688083e-6
0.0 120.04 2.5438725599065308e-5
0.0 120.55 0.032039027541099836
0.0 120.55 0.00041913720132655046
0.0 120.56 0.020131324321415876
0.0 125.61 1.1164974075580376e-7
0.0 126.74 0.008975769487006867
0.0 126.74 0.0004106738476177893
0.0 126.74 0.025863811878173885
0.0 129.17 3.567456132331706e-6
0.0 129.17 5.412303229503916e-7
0.0 129.25 0.00020120026924066317
0.0 129.25 0.013019708002553273
0.0 129.25 0.05628030230001333
0.0 136.64 4.203823129880576e-6
0.0 136.64 7.642163989911645e-5
0.0 136.64 0.0009453381369885385
0.0 138.28 0.028754251470951127
0.0 138.28 0.006860355379875804
0.0 139.59 0.019523261404214072
0.0 139.59 1.1310206817152698e-5
0.0 139.6 0.012172180440513158
0.0 140.8 4.2598499930610845e-6
0.0 141.05 0.017666356437309592
0.0 141.05 1.4649546118715581e-5
0.0 141.06 0.010519549901908943
0.0 144.55 0.005271385988200627
0.0 144.55 7.701634264220486e-5
0.0 144.55 0.005296781596030326
0.0 144.86 6.241506648344052e-5
0.0 144.86 0.012090269038459766
0.0 144.86 1.4560789612858676e-6
0.0 145.98 2.507484007717869e-6
0.0 145.98 8.840663148236321e-7
0.0 145.98 0.00027775880441823864
0.0 146.37 0.03918586533864553
0.0 149.84 9.608535234072019e-6
0.0 149.84 0.015469651342110707
0.0 149.84 0.0007916808120358809
0.0 150.29 2.0916518985100186e-5
0.0 150.29 7.343845971258773e-7
0.0 151.88 1.8457235999461655e-5
0.0 151.88 0.0074120192021365555
0.0 151.88 0.0016739331763657487
0.0 152.1 3.423897999018657e-7
0.0 152.1 9.4338931247252e-7
0.0 152.1 6.796733621517401e-5
0.0 152.9 1.0889900156638226e-5
0.0 152.9 1.5616885911025895e-5
0.0 152.9 0.0029231937006891245
0.0 154.08 0.0016418938650296527
0.0 154.08 0.03546586033001172
0.0 174.22 0.00019244598930602663
0.0 175.59 3.486916344107946e-7
0.0 175.73 0.00010696717662969733
0.0 175.73 5.746928745311246e-6
0.0 175.92 0.0009354250315373186
0.0 175.99 0.00014398605276552166
0.0 176.33 0.024256643110054796
0.0 176.33 0.0005676825709178103
0.0 176.33 2.9044391040762097e-6
0.0 179.34 0.0020556617123811357
0.0 179.37 0.005716578544621566
0.0 179.38 0.0001078447212804371
0.0 180.94 0.005102586564300496
0.0 180.94 0.00032648534950352676
0.0 180.94 0.01068457764081182
32.36 0.0 2.4741095186044362e-5
32.36 0.0 3.4703612245687812e-9
32.36 0.0 8.364636479322016e-9
32.36 28.14 5.4437258349059143e-8
32.36 28.14 3.941601318452091e-9
32.36 28.14 2.2061485081303865e-6
32.36 35.99 0.0003262757282138648
32.36 35.99 0.0002244652188902696
32.36 36.55 0.0004982502781402415
32.36 36.55 0.000994138692007602
32.36 36.55 0.000335293468399344
32.36 51.23 0.0003298248138822692
32.36 51.23 0.0001541187038912486
32.36 51.23 0.0005763086141151382
32.36 52.06 0.004186440198084528
32.36 53.06 0.00014182661646443943
32.36 53.06 4.443240405374018e-5
32.36 58.7 4.049285460622369e-6
32.36 58.7 6.786695329566305e-5
32.36 60.86 8.965458077308037e-6
32.36 60.86 2.6948088000503237e-6
32.36 60.86 0.00017330413231044994
32.36 62.06 0.0005290857218386017
32.36 62.06 0.0008292369339106784
32.36 62.06 7.18170805328234e-6
32.36 85.99 3.396411163553482e-5
32.36 85.99 3.800301477077113e-5
32.36 87.03 1.8070908258807145e-5
32.36 87.03 0.005284655843201248
32.36 87.04 3.3752160649520194e-6
32.36 87.5 4.611283303556846e-5
32.36 87.68 0.0019190848021680403
32.36 87.68 0.00013242509951959328
32.36 87.68 0.0012170623118966607
32.36 88.19 4.331933055591401e-5
32.36 88.19 0.0009039472282738725
32.36 88.2 1.3137927924432436e-6
32.36 93.25 0.010720594956002824
32.36 94.38 0.00010746535783170614
32.36 94.38 0.0027057291393625775
32.36 94.38 1.538893039149266e-6
32.36 96.81 0.0003374721958065319
32.36 96.81 2.8185466458955377e-5
32.36 96.89 0.001818431074159808
32.36 96.89 7.024754010630836e-5
32.36 96.89 2.8980204777714564e-5
32.36 104.28 0.00024060723613374097
32.36 104.28 0.013056013194271071
32.36 104.28 0.00044171639153575833
32.36 105.92 0.000384369980386263
32.36 105.92 5.282371577322088e-5
32.36 107.23 2.6415008287608142e-5
32.36 107.23 0.0008903456502574136
32.36 107.24 7.78787540788569e-6
32.36 108.44 3.827573414652561e-5
32.36 108.69 4.22759877372978e-5
32.36 108.69 0.004443748596854084
32.36 108.7 6.996604150737737e-6
32.36 112.19 1.637872777064513e-5
32.36 112.19 0.0025918980559584115
32.36 112.19 2.6726572087436323e-6
32.36 112.5 0.010143322422626506
32.36 112.5 4.572011519520173e-5
32.36 112.5 0.004961487144964904
32.36 113.62 0.00018580621703641255
32.36 113.62 0.02021746387912064
32.36 113.62 9.007422479178328e-5
32.36 114.01 1.801076293022363e-6
32.36 117.48 0.0008181247339724533
32.36 117.48 1.7182619418123178e-6
32.36 117.48 1.3862064238439145e-5
32.36 117.93 0.00016662005702077626
32.36 117.93 1.6464693587143548e-6
32.36 119.52 0.0012236080660035255
32.36 119.52 4.962531413943659e-7
32.36 119.52 1.2318603343839595e-6
32.36 119.74 0.00025689688050179935
32.36 119.74 0.016064368959693306
32.36 119.74 0.0002826396566475597
32.36 120.54 0.0018295196033683387
32.36 120.54 0.009320685057820015
32.36 120.54 0.0010034044069424813
32.36 121.72 0.00025628087051537854
32.36 121.72 0.00016997541306916638
32.36 141.86 1.2069772354626255e-5
32.36 143.23 0.00011756100348975077
32.36 143.37 0.0014848464726959312
32.36 143.37 0.0004347315723898656
32.36 143.56 9.778876290323345e-6
32.36 143.63 0.00011701505649879348
32.36 143.97 0.00217440962368976
32.36 143.97 0.00016665029760767525
32.36 143.97 0.01910478712460416
32.36 146.98 1.3317093046425617e-5
32.36 147.01 6.505431360377259e-6
32.36 147.02 0.001583145704095767
32.36 148.57 1.1932637523791621e-6
32.36 148.58 0.0002468459670269328
32.36 148.58 1.0545711381769565e-5
32.36 0.0 2.055283807419353e-7
32.36 0.0 0.0163492596555183
32.36 28.14 0.044677778206874366
32.36 28.14 4.4356775001579276e-7
32.36 28.14 8.150963557507389e-7
32.36 35.99 0.0003598730252892168
32.36 35.99 0.000730093174534779
32.36 36.55 0.0008772335264348321
32.36 36.55 0.0001470876087984949
32.36 36.55 4.328437578523812e-6
32.36 51.23 0.000184050365479456
32.36 51.23 0.00014086500166480734
32.36 51.23 6.571135952702157e-5
32.36 52.06 0.004161484099777859
32.36 53.06 0.00014566881002603404
32.36 53.06 0.001503089086832349
32.36 58.7 0.0034904968889793875
32.36 58.7 0.0013912502539643987
32.36 60.86 3.0293358871512765e-6
32.36 60.86 6.452703279428115e-5
32.36 60.86 0.00017253784248199316
32.36 62.06 0.0005132159494144376
32.36 62.06 5.563987313709494e-7
32.36 62.06 1.7794953914542968e-6
32.36 85.99 6.43921895153898e-5
32.36 85.99 4.598197086550923e-5
32.36 87.03 2.84599712302694e-5
32.36 87.03 3.394305425520981e-5
32.36 87.04 3.5830740043972828e-6
32.36 87.5 0.006377671283062032
32.36 87.68 3.596898337573081e-5
32.36 87.68 4.719556690680856e-5
32.36 87.68 3.464686017982514e-5
32.36 88.19 4.1072442937211244e-5
32.36 88.19 0.00010259253508901888
32.36 88.19 5.47300769208976e-5
32.36 93.25 0.01072424137509726
32.36 94.38 7.204522602233623e-5
32.36 94.38 7.743568463582482e-5
32.36 94.38 0.0006662240340901673
32.36 96.81 0.008297582432739252
32.36 96.81 0.006437549623630489
32.36 96.89 5.822507605344251e-5
32.36 96.89 0.00012282004507230268
32.36 96.89 7.100344263833038e-5
32.36 104.28 0.0005505530674744017
32.36 104.28 0.0004647191844869677
32.36 104.28 6.409624613992583e-6
32.36 105.92 0.00416622000894631
32.36 105.92 0.0006052795396226709
32.36 107.23 2.9833293498162145e-5
32.36 107.23 7.496304275024767e-5
32.36 107.24 3.157270799780781e-5
32.36 108.44 0.005060204351677774
32.36 108.69 4.260348066212342e-5
32.36 108.69 0.00015289177473778754
32.36 108.7 6.717830717131576e-6
32.36 112.19 2.7279253002924144e-5
32.36 112.19 4.5177904689250134e-5
32.36 112.19 0.0009745720930562377
32.36 112.5 0.0002908257024884141
32.36 112.5 0.00013182191450102377
32.36 112.5 0.0038855452123341843
32.36 113.62 0.00790792584545831
32.36 113.62 0.0011178255537836143
32.36 113.62 0.0002434562783659293
32.36 114.01 0.00010146579008992208
32.36 117.48 5.82935416742672e-5
32.36 117.48 1.1983389050866894e-5
32.36 117.48 1.0415417810810371e-5
32.36 117.93 0.0004200634811950202
32.36 117.93 0.002228524184886069
32.36 119.52 3.545021226070237e-8
32.36 119.52 1.5007099753310877e-5
32.36 119.52 0.0006598078182183688
32.36 119.74 0.019293046980070578
32.36 119.74 0.0036759416417879048
32.36 119.74 0.0003632270231133359
32.36 120.54 0.006551045280367139
32.36 120.54 0.0014099796908398634
32.36 120.54 0.0003769737060267413
32.36 121.72 0.0005019987839384941
32.36 121.72 0.0002141480651011419
32.36 141.86 1.22724533461054e-5
32.36 143.23 1.9375533560296213e-5
32.36 143.37 0.0014966341133806028
32.36 143.37 0.0031173344660005275
32.36 143.56 0.000551369263200973
32.36 143.63 6.279558636422073e-5
32.36 143.97 0.0022211704099656146
32.36 143.97 0.0009891399243539972
32.36 143.97 8.936796470723132e-5
32.36 146.98 0.00011474443887205047
32.36 147.01 2.8178413877625724e-5
32.36 147.02 5.003179595400435e-5
32.36 148.57 1.7957040008101335e-5
32.36 148.58 2.5447463192403854e-5
32.36 148.58 1.965003362344682e-5
32.36 0.0 0.00012762920924251595
32.36 28.14 0.0006131691508907868
32.36 28.14 2.086709337328243e-6
32.36 28.14 7.562449812311737e-8
32.36 35.99 0.0003616289005911098
32.36 35.99 0.0014750508286554955
32.36 36.55 5.96922043606328e-5
32.36 36.55 0.00048620334278885735
32.36 36.55 0.000836987118316748
32.36 51.23 0.0003943062920689504
32.36 51.23 8.08679151111645e-5
32.36 51.23 2.486888704374718e-5
32.36 52.06 0.00449882095879664
32.36 53.06 0.00016681456434680404
32.36 53.06 0.003141852198043603
32.36 58.7 3.428706746734918e-5
32.36 58.7 2.81977624378364e-5
32.36 60.86 4.993625287495353e-7
32.36 60.86 1.932304563641705e-7
32.36 60.86 0.0008799776073941914
32.36 62.06 0.001205521382045002
32.36 62.06 1.1815639145580916e-5
32.36 62.06 0.0007223794684736666
32.36 85.99 5.607326381620738e-5
32.36 85.99 0.00035399781601155395
32.36 87.03 0.003411740963666778
32.36 87.03 6.581611304389572e-5
32.36 87.04 0.0019275146135238508
32.36 87.5 2.7302423227253865e-5
32.36 87.68 0.0018367679394320116
32.36 87.68 3.29112203349738e-5
32.36 87.68 0.0001013468943796483
32.36 88.19 0.005010899913658769
32.36 88.19 2.188700270733548e-5
32.36 88.19 0.003782848725521144
32.36 93.25 0.010039668889010415
32.36 94.38 0.011618303455506424
32.36 94.38 3.445990780506e-5
32.36 94.38 0.0057441110201361225
32.36 96.81 0.0001597365136173916
32.36 96.81 6.11940294341895e-5
32.36 96.89 2.7192901114854142e-5
32.36 96.89 0.003278056129299743
32.36 96.89 0.003644787919638079
32.36 104.28 0.00014589239169110664
32.36 104.28 0.0005389690658005875
32.36 104.28 0.0025406987234972028
32.36 105.92 0.00010985374023975584
32.36 105.92 0.0008162656611989902
32.36 107.23 0.003073887163887051
32.36 107.23 2.2350702782043892e-5
32.36 107.24 0.003850597215512851
32.36 108.44 2.5568745576919657e-5
32.36 108.69 0.004906352207355273
32.36 108.69 5.696120327337357e-5
32.36 108.7 0.0027974634344237652
32.36 112.19 0.002540360070689154
32.36 112.19 3.792080650935466e-5
32.36 112.19 0.0010404580397275545
32.36 112.5 3.7866216063421474e-5
32.36 112.5 0.028115112808894754
32.36 112.5 0.0003314967684900403
32.36 113.62 0.0001141549925429374
32.36 113.62 0.00011919872582861514
32.36 113.62 0.012340134529874418
32.36 114.01 0.008652248415542926
32.36 117.48 1.2758824868496013e-5
32.36 117.48 0.00025929331356811214
32.36 117.48 0.0002507617688343494
32.36 117.93 2.291976728542276e-5
32.36 117.93 2.8637014794488907e-5
32.36 119.52 1.552854399552797e-5
32.36 119.52 0.0006685781174022458
32.36 119.52 0.0006073442885217063
32.36 119.74 0.00015031190237790174
32.36 119.74 0.00015581903385763842
32.36 119.74 0.005327433032649142
32.36 120.54 0.00016335383523611972
32.36 120.54 0.00037615267823837403
32.36 120.54 0.0005351042335027611
32.36 121.72 0.007074028879056773
32.36 121.72 0.003226032145921856
32.36 141.86 0.0008272718184115202
32.36 143.23 2.5565253723538926e-6
32.36 143.37 0.008713019082924621
32.36 143.37 4.426612286204778e-5
32.36 143.56 0.001115594784253657
32.36 143.63 0.0017729431834211285
32.36 143.97 0.008649159859939233
32.36 143.97 1.943652639444094e-5
32.36 143.97 0.012755650237975005
32.36 146.98 0.0013416556950205697
32.36 147.01 0.0009430549724049127
32.36 147.02 2.173079836773283e-5
32.36 148.57 0.0002814027996498265
32.36 148.58 1.1363581779141183e-5
32.36 148.58 0.0013447338426563363
60.51 0.0 9.241382818548744e-5
60.51 0.0 5.439163733329819e-6
60.51 0.0 4.61720196553901e-6
60.51 7.85 0.00030018255002543684
60.51 7.85 0.0058817012423541225
60.51 8.4 3.1974580798137654e-5
60.51 8.4 0.002043752705593983
60.51 8.4 0.0020251326215108287
60.51 23.08 0.0001392087173209867
60.51 23.08 0.0008807989211930814
60.51 23.08 8.90837470404429e-5
60.51 23.92 0.0008967820378383091
60.51 24.92 0.0020107991106100343
60.51 24.92 0.0006763600841348232
60.51 30.55 8.357512243911552e-6
60.51 30.55 1.9803422823117298e-5
60.51 32.72 1.1104766968392438e-6
60.51 32.72 7.021153431710848e-7
60.51 32.72 0.0001230387326111761
60.51 33.91 0.006630983377692431
60.51 33.91 1.556020718311261e-5
60.51 33.91 0.0012589928997577317
60.51 57.84 0.00031577321500598967
60.51 57.85 0.0010879334289414701
60.51 58.89 0.006239578117564082
60.51 58.89 3.3934505410673386e-5
60.51 58.89 0.006654994237310175
60.51 59.36 0.0001319740996927348
60.51 59.53 0.0006168916920703772
60.51 59.53 0.0007888214133800163
60.51 59.53 0.0004469452400986714
60.51 60.05 0.009332448883952883
60.51 60.05 2.020512545300517e-5
60.51 60.05 0.012387698025544153
60.51 65.1 0.0048034641693781134
60.51 66.23 0.02148841989879608
60.51 66.23 3.973940733068805e-5
60.51 66.23 0.01827115134960902
60.51 68.66 0.00010574780893934992
60.51 68.66 5.6669315312091564e-5
60.51 68.74 2.7050756206659405e-5
60.51 68.74 0.011347702411436816
60.51 68.74 0.007313265644947145
60.51 76.13 0.0002443826911346596
60.51 76.13 0.0021695472074275295
60.51 76.13 0.007069456483602582
60.51 77.77 0.027312616301702782
60.51 77.77 0.004287361096459915
60.51 79.09 0.005816686259241752
60.51 79.09 3.077438429826815e-5
60.51 79.09 0.01403747770021641
60.51 80.29 0.00012936493684622704
60.51 80.54 0.009310244470648267
60.51 80.54 4.21165151112043e-5
60.51 80.55 0.00989277902989004
60.51 84.05 0.004863468405971266
60.51 84.05 2.7959515792276482e-5
60.51 84.05 0.004700508629883027
60.51 84.36 4.6755478753381445e-6
60.51 84.36 0.0436733439935559
60.51 84.36 0.0003961993840254492
60.51 85.48 2.0801299223465995e-5
60.51 85.48 0.00014111096429726406
60.51 85.48 0.006562161927917816
60.51 85.86 0.02932736996243822
60.51 89.33 2.2862904676140342e-5
60.51 89.33 0.0005823745707864475
60.51 89.33 0.0008388802972863656
60.51 89.79 3.299118015509696e-5
60.51 89.79 1.9237138001060183e-5
60.51 91.37 0.00011004115112969472
60.51 91.37 0.0011464885268104301
60.51 91.38 0.0016428745873898261
60.51 91.6 4.7649578406108996e-5
60.51 91.6 3.657977993300442e-5
60.51 91.6 0.01877258803209222
60.51 92.39 0.0004752603322697716
60.51 92.39 0.0013671176229101613
60.51 92.39 0.004950324226282511
60.51 93.57 0.024985185001175362
60.51 93.57 0.009084845551177126
60.51 113.71 0.0027545850892195536
60.51 115.08 7.480596739210835e-6
60.51 115.22 0.0006706138026088619
60.51 115.22 0.0002988682683252024
60.51 115.41 0.004041338327098579
60.51 115.49 0.006001153271292756
60.51 115.82 0.0035196972361126017
60.51 115.82 6.178862028178211e-5
60.51 115.83 0.0033456127209446707
60.51 118.84 0.004645264382549312
60.51 118.87 0.0016910920625258206
60.51 118.87 1.203240027896161e-5
60.51 120.43 0.0005798142859222287
60.51 120.43 2.8385194150760136e-5
60.51 120.43 0.0024938627310353537
60.51 0.0 1.2106463369662412e-6
60.51 0.0 2.3639671625666556e-6
60.51 7.85 0.001914313691321072
60.51 7.85 0.0030941594238683146
60.51 8.4 0.00291186262053369
60.51 8.4 0.0005269950036662001
60.51 8.4 1.4195651965851686e-5
60.51 23.08 0.0005023488490197624
60.51 23.08 2.335161835958691e-5
60.51 23.08 9.85856033577931e-5
60.51 23.92 0.0011884521361389972
60.51 24.92 0.0013202181607448345
60.51 24.92 0.0004338736506291939
60.51 30.55 0.007058008008083136
60.51 30.55 0.0024891076857723716
60.51 32.72 6.582094761809041e-6
60.51 32.72 0.0002627273458397282
60.51 32.72 7.053144694099373e-5
60.51 33.91 0.003923363327870343
60.51 33.91 1.0856911067208546e-7
60.51 33.91 2.0122996876380344e-5
60.51 57.84 0.0004603733042050544
60.51 57.85 0.0001955997482896694
60.51 58.89 1.844686679811429e-5
60.51 58.89 0.00011638675594774931
60.51 58.89 0.00014383333527474398
60.51 59.36 0.011405839454364575
60.51 59.53 1.186224677728642e-5
60.51 59.53 5.7570352029533324e-5
60.51 59.53 0.00011690703436416783
60.51 60.05 2.5303698554135182e-5
60.51 60.05 0.0003597580958444607
60.51 60.05 2.3032297936219704e-5
60.51 65.1 0.003828172041957195
60.51 66.23 8.245796647964377e-5
60.51 66.23 0.00023321789789533905
60.51 66.23 0.0009034358201265628
60.51 68.66 0.015583088470028157
60.51 68.66 0.013509494162135295
60.51 68.74 0.00016856376683228657
60.51 68.74 0.0006708754997717984
60.51 68.74 3.272140277338213e-5
60.51 76.13 0.0005717804037113499
60.51 76.13 0.0010833061270440834
60.51 76.13 0.00017182601824290573
60.51 77.77 0.0030752856028734353
60.51 77.77 0.0022254235616863257
60.51 79.09 1.5750199541980734e-5
60.51 79.09 0.00020539400013208398
60.51 79.09 3.488864377234773e-5
60.51 80.29 0.009014336663658144
60.51 80.54 1.1405310485150826e-5
60.51 80.54 0.0002838185082043131
60.51 80.55 0.0001895156583689064
60.51 84.05 7.833937118030385e-6
60.51 84.05 6.47431896480847e-5
60.51 84.05 0.0044783453062736305
60.51 84.36 0.0018059845368878862
60.51 84.36 5.344192721353182e-5
60.51 84.36 0.007954126892153135
60.51 85.48 0.012962599349448493
60.51 85.48 0.00439418532328097
60.51 85.48 5.6280302257565415e-5
60.51 85.86 3.230671458802797e-5
60.51 89.33 1.4068760323235488e-5
60.51 89.33 3.042270323187272e-5
60.51 89.33 0.00010113279834414453
60.51 89.79 0.0007258214465357386
60.51 89.79 0.004688073450342816
60.51 91.37 3.888885772166789e-6
60.51 91.37 2.8255658601208122e-6
60.51 91.38 0.0016562508209733518
60.51 91.6 0.03783957778755685
60.51 91.6 0.0075764088315555984
60.51 91.6 0.0001802200861988027
60.51 92.39 0.016886227371505424
60.51 92.39 0.0033998851478191823
60.51 92.39 0.0006951037206498213
60.51 93.57 0.001708657408457083
60.51 93.57 0.0020497700177553113
60.51 113.71 3.179528467969122e-5
60.51 115.08 6.541959188517847e-5
60.51 115.22 0.0011093816158890405
60.51 115.22 0.02238465312911222
60.51 115.41 0.00011125056433943215
60.51 115.49 0.00029176554952402485
60.51 115.82 0.000585558466023664
60.51 115.82 0.005327332949704989
60.51 115.83 0.0013030043746665877
60.51 118.84 0.00020939171874311568
60.51 118.87 6.837245535985609e-6
60.51 118.87 3.199568637280387e-5
60.51 120.43 7.992215891484649e-6
60.51 120.43 3.056038298378012e-5
60.51 120.43 4.749740556198931e-6
60.51 0.0 9.663937056065557e-6
60.51 7.85 0.0017094609902130213
60.51 7.85 0.0017287888100961369
60.51 8.4 0.0018365754661301887
60.51 8.4 0.003559163211014383
60.51 8.4 0.0016953969754592427
60.51 23.08 0.00046439543781174415
60.51 23.08 0.00010313507861230615
60.51 23.08 0.0018351387991178555
60.51 23.92 0.0011645965127372194
60.51 24.92 0.001094888385500126
60.51 24.92 0.00025259125556141885
60.51 30.55 2.1839137555638e-5
60.51 30.55 3.001708885087972e-5
60.51 32.72 1.9049429175728695e-5
60.51 32.72 1.0611434868790672e-5
60.51 32.72 6.911802043125356e-5
60.51 33.91 0.0037588732345736468
60.51 33.91 0.0028266577625827194
60.51 33.91 2.9874090138922276e-6
60.51 57.84 0.000263888942229225
60.51 57.85 0.00019748411404172354
60.51 58.89 3.123817509188959e-5
60.51 58.89 0.017936382153037087
60.51 58.89 9.3915525640032e-6
60.51 59.36 5.886884265525153e-5
60.51 59.53 0.0007344691314449155
60.51 59.53 0.00036742282893985015
60.51 59.53 0.004233485238710359
60.51 60.05 1.7292069589217076e-5
60.51 60.05 0.0030504631799005257
60.51 60.05 6.416490027905681e-6
60.51 65.1 0.0038549726206916386
60.51 66.23 2.9717687062122914e-5
60.51 66.23 0.009165464232083552
60.51 66.23 4.65959382889746e-6
60.51 68.66 0.00017738901757097293
60.51 68.66 0.0002592578735165372
60.51 68.74 0.006202812458105942
60.51 68.74 0.0007773637458339907
60.51 68.74 1.2565040848472383e-5
60.51 76.13 0.0003266366056486665
60.51 76.13 0.04867859556128721
60.51 76.13 0.001794152164614243
60.51 77.77 0.0019333540398958466
60.51 77.77 0.0005122384938415599
60.51 79.09 9.182802236390912e-6
60.51 79.09 0.002960055649970458
60.51 79.09 1.2851386570520041e-5
60.51 80.29 4.623170653246783e-5
60.51 80.54 9.11382769935034e-6
60.51 80.54 0.014666217739739732
60.51 80.55 2.9399175124369552e-5
60.51 84.05 1.1237200000581976e-5
60.51 84.05 0.008893004378951554
60.51 84.05 1.2404906803121292e-5
60.51 84.36 0.04122608272899078
60.51 84.36 7.974441660158582e-5
60.51 84.36 0.011125413191279557
60.51 85.48 6.154341499178651e-6
60.51 85.48 0.0850432138764606
60.51 85.48 0.00019685308395042965
60.51 85.86 1.5828643740184254e-5
60.51 89.33 0.002708041194955038
60.51 89.33 1.145906015746553e-6
60.51 89.33 0.0004236113837863135
60.51 89.79 0.0002285766294089364
60.51 89.79 4.473998540758398e-5
60.51 91.37 0.004277969524354842
60.51 91.37 5.996812431112241e-5
60.51 91.38 1.7030611960835646e-6
60.51 91.6 0.0006342961358365774
60.51 91.6 0.04912524340448925
60.51 91.6 0.0003456382169655654
60.51 92.39 0.0054200398371845385
60.51 92.39 0.03351316143533603
60.51 92.39 0.0011771455536423578
60.51 93.57 0.0012790922716428112
60.51 93.57 0.0009765931799134932
60.51 113.71 5.8345459793574415e-5
60.51 115.08 0.000416033986579383
60.51 115.22 0.0010229539918140366
60.51 115.22 0.0004313007835750554
60.51 115.41 2.9559077287085748e-5
60.51 115.49 0.000407087394116503
60.51 115.82 0.0006481891879178726
60.51 115.82 0.0001933319029226013
60.51 115.83 0.018855734167794617
60.51 118.84 3.85759787699861e-5
60.51 118.87 3.80590088682209e-6
60.51 118.87 0.0053252641990026465
60.51 120.43 3.7685697894579524e-6
60.51 120.43 0.0007043322748201614
60.51 120.43 4.049160187306289e-6
68.35 0.0 0.0001327482796044807
68.35 0.0 0.0001362349717107882
68.35 0.56 0.0006572304720314163
68.35 0.56 0.0013970411827846114
68.35 0.56 2.8789085558415606e-5
68.35 15.24 0.0035038709420387474
68.35 15.24 0.00018545966479543183
68.35 15.24 0.004415935904863523
68.35 16.07 6.894717747756483e-6
68.35 17.07 0.0007560299095210374
68.35 17.07 0.000131630425145603
68.35 22.7 0.00016467874421543542
68.35 22.7 0.0003527627627602433
68.35 24.87 3.9318233905713505e-6
68.35 24.87 0.008979403237156486
68.35 24.87 2.7891392762593188e-5
68.35 26.07 0.0007398557720424907
68.35 26.07 6.48225871301672e-5
68.35 26.07 0.0034472235549279284
68.35 50.0 0.0001799124873346804
68.35 50.0 0.0005981487702296468
68.35 51.04 0.0024390547935710335
68.35 51.04 0.00025540541539723055
68.35 51.04 0.0019352459911989137
68.35 51.51 3.3017169009710136e-5
68.35 51.68 0.008031022823442726
68.35 51.69 0.0002489315120950089
68.35 51.69 0.0016914587297897285
68.35 52.2 0.004474817645790974
68.35 52.2 0.0004633767537740086
68.35 52.2 0.0052440786709279565
68.35 57.26 6.314199758173732e-7
68.35 58.38 0.0018516080053019017
68.35 58.38 5.4011103637942604e-5
68.35 58.38 0.006454835454766102
68.35 60.81 5.87550381923161e-5
68.35 60.81 7.536555645979099e-5
68.35 60.89 6.001312676872421e-5
68.35 60.89 0.0033879460579905978
68.35 60.89 0.008207952626161816
68.35 68.29 0.000596979859621941
68.35 68.29 0.0018795079770457584
68.35 68.29 7.188712550286836e-5
68.35 69.92 0.005211474673856254
68.35 69.92 0.0001407907678990563
68.35 71.24 0.003121964047927836
68.35 71.24 0.00018467577949088986
68.35 71.25 0.0020928733941402125
68.35 72.45 7.223029937072228e-5
68.35 72.7 0.002441666510409587
68.35 72.7 0.00022252177001086894
68.35 72.71 0.002791651861724005
68.35 76.2 0.0012711953953986957
68.35 76.2 0.0008604027652273056
68.35 76.2 0.0014335161874980237
68.35 76.51 0.00023597116629339398
68.35 76.51 5.018085235986357e-5
68.35 76.51 1.1929262774507536e-5
68.35 77.63 2.1569957651986895e-5
68.35 77.63 2.8041553200244102e-5
68.35 77.63 0.0004638153011843569
68.35 78.02 0.010396543606005807
68.35 81.49 0.0005589301058654077
68.35 81.49 0.0025204995150002922
68.35 81.49 3.5840055880279186e-5
68.35 81.94 9.641889941671148e-5
68.35 81.94 0.00011639949791722368
68.35 83.53 4.113905037029754e-5
68.35 83.53 0.001174420131601898
68.35 83.53 0.00045154818579950953
68.35 83.75 8.234290981381853e-5
68.35 83.75 7.601860651194906e-7
68.35 83.75 3.214079694194433e-5
68.35 84.55 0.00019594708336525773
68.35 84.55 0.00017932898372717679
68.35 84.55 0.00046055375495842167
68.35 85.73 0.0003684304266322266
68.35 85.73 0.009524421830547034
68.35 105.87 0.002183652088499714
68.35 107.24 0.00017322312584284614
68.35 107.38 0.0006137180224556159
68.35 107.38 0.00013505140147226978
68.35 107.57 0.00180107899405203
68.35 107.64 0.0004930213558503211
68.35 107.98 0.0020626786321691227
68.35 107.98 0.00044769967779560526
68.35 107.98 5.638612406509589e-6
68.35 110.99 0.0006843965142845537
68.35 111.02 0.0007892999216756829
68.35 111.02 1.7824969875702683e-5
68.35 112.58 0.001181801984396231
68.35 112.58 0.0004333389068593438
68.35 112.59 0.0014481554965195562
68.35 0.0 0.00011212163364357442
68.35 0.56 9.68579694433921e-5
68.35 0.56 0.00011347427345050777
68.35 0.56 2.6203480695476716e-5
68.35 15.24 0.00021931441094511411
68.35 15.24 6.21216225996005e-5
68.35 15.24 0.00025115922310242877
68.35 16.07 2.0299633991033274e-6
68.35 17.07 0.00012458958818710529
68.35 17.07 0.00025053307939706314
68.35 22.7 1.3857722646692078e-6
68.35 22.7 0.00014154243313102373
68.35 24.87 2.2945530088909919e-7
68.35 24.87 0.0005237516840919679
68.35 24.87 9.72522632613905e-5
68.35 26.07 0.00042262089284180013
68.35 26.07 0.00010196319237456136
68.35 26.07 0.002715725171067205
68.35 50.0 9.226255851577628e-6
68.35 50.0 0.000494735500219478
68.35 51.04 0.002161472631965207
68.35 51.04 0.0010806738519217231
68.35 51.04 0.0001954749509639313
68.35 51.51 1.8820943391337237e-5
68.35 51.68 0.00046605606561815686
68.35 51.69 0.0001577855742680283
68.35 51.69 0.0011788931255876092
68.35 52.2 0.004476719369583499
68.35 52.2 0.0016547727480733109
68.35 52.2 0.0007868285182340812
68.35 57.26 1.1285596133382169e-6
68.35 58.38 0.0021362868910269075
68.35 58.38 2.5784894399515944e-6
68.35 58.38 0.0005628062484629386
68.35 60.81 1.5933165031721722e-5
68.35 60.81 5.844326456476509e-6
68.35 60.89 0.00041311561113725536
68.35 60.89 0.0005844643283509386
68.35 60.89 0.006970839696531555
68.35 68.29 4.405952801524493e-5
68.35 68.29 0.0003735934322989797
68.35 68.29 0.00038784827798791924
68.35 69.92 0.0011789099092349383
68.35 69.92 0.0008178801166495621
68.35 71.24 0.002653691700188645
68.35 71.24 0.001310901558336793
68.35 71.25 0.00022297112137487446
68.35 72.45 3.4860344583291224e-5
68.35 72.7 0.00181747913727505
68.35 72.7 0.001254127431873323
68.35 72.71 0.00014991211851653053
68.35 76.2 0.0007361600726971782
68.35 76.2 0.0022000973846814423
68.35 76.2 0.0007694584393927387
68.35 76.51 0.00030081306432844495
68.35 76.51 0.0070031451093584725
68.35 76.51 3.064929716079349e-6
68.35 77.63 4.382016845146844e-6
68.35 77.63 1.9526931408810646e-5
68.35 77.63 7.44904083917295e-5
68.35 78.01 0.000314632419147073
68.35 81.49 0.0026637108261497195
68.35 81.49 0.0021040754624726547
68.35 81.49 1.7585145598959117e-5
68.35 81.94 6.70258180325433e-5
68.35 81.94 2.8514124595183358e-5
68.35 83.53 0.001320169573005434
68.35 83.53 0.0007655691586669285
68.35 83.53 0.0003850779581156454
68.35 83.75 3.5947714502103685e-6
68.35 83.75 2.4199169059099297e-5
68.35 83.75 3.4913792711744664e-5
68.35 84.55 3.63028376129958e-5
68.35 84.55 0.00018472370598192572
68.35 84.55 0.0020913890743317993
68.35 85.73 0.0001944934993869573
68.35 85.73 0.001626679368971058
68.35 105.87 0.0005593792144033478
68.35 107.24 8.178640957260752e-6
68.35 107.38 0.00022672757738249652
68.35 107.38 0.00014438349560774125
68.35 107.57 0.000905612478304231
68.35 107.64 0.0006546034575409775
68.35 107.98 0.008855077772860428
68.35 107.98 0.002613388437912449
68.35 107.98 9.70912519855081e-6
68.35 110.99 9.227551929263524e-5
68.35 111.02 0.0013125106738442092
68.35 111.02 5.112909811966357e-5
68.35 112.58 6.60180050489237e-5
68.35 112.58 9.992480754168219e-5
68.35 112.58 0.0014428827153238645
68.91 0.0 2.982104602206206e-5
68.91 0.0 3.2198197659818206e-5
68.91 0.0 0.00013635493470173467
68.91 14.68 2.5162737156269783e-5
68.91 14.68 0.00020097128515934962
68.91 14.68 3.197168516525158e-5
68.91 15.52 0.001713168371298475
68.91 16.51 0.0001524239252015489
68.91 16.51 0.0024412420120284647
68.91 22.15 2.2639660327792384e-6
68.91 22.15 7.624764848355367e-5
68.91 24.31 1.5225739900432327e-6
68.91 24.32 3.9913855607750776e-5
68.91 24.32 6.416566002436405e-5
68.91 25.51 0.0001910923447391431
68.91 25.51 3.1786256052207015e-5
68.91 25.51 0.004850522839513861
68.91 49.44 8.97118805370883e-6
68.91 49.44 0.001745555837254734
68.91 50.49 0.003493434896210044
68.91 50.49 0.0003437159272431653
68.91 50.49 1.7396116139713668e-5
68.91 50.96 8.607181286527507e-5
68.91 51.13 3.5153479570822555e-5
68.91 51.13 9.782641456791467e-7
68.91 51.13 1.907731231109843e-5
68.91 51.65 0.006034683126217762
68.91 51.65 0.00010326649903803115
68.91 51.65 2.23651336700254e-6
68.91 56.7 0.0007132750829220196
68.91 57.83 0.0020908177732633254
68.91 57.83 6.606830649904895e-5
68.91 57.83 5.4294490600753096e-5
68.91 60.26 0.00046635209471873953
68.91 60.26 8.707716890263112e-5
68.91 60.34 0.0001445776934323975
68.91 60.34 3.7893966899060584e-5
68.91 60.34 0.010636785038697152
68.91 67.73 1.5656014864053002e-5
68.91 67.73 4.125922042483997e-5
68.91 67.73 0.0004242753871657787
68.91 69.37 0.00040945903576539356
68.91 69.37 4.206641150155808e-5
68.91 70.68 0.0061266173118284285
68.91 70.68 0.00018655968999258432
68.91 70.69 4.545346679418896e-6
68.91 71.89 0.0002144754165282421
68.91 72.14 0.005480065039947858
68.91 72.14 0.00018725474765628896
68.91 72.15 4.915581030304044e-6
68.91 75.64 0.0012281250559744374
68.91 75.64 0.0001999783201872672
68.91 75.64 0.00032611465068843945
68.91 75.95 0.0002909646477872969
68.91 75.95 0.004164745305727901
68.91 75.95 3.4792522152011854e-6
68.91 77.07 9.518669270244362e-6
68.91 77.07 2.0358606587735767e-5
68.91 77.07 0.0017477502974902097
68.91 77.46 1.278822585978502e-5
68.91 80.93 0.0005117465278338631
68.91 80.93 0.004634516506562908
68.91 80.93 7.135962097831142e-6
68.91 81.38 3.864982855309945e-5
68.91 81.38 4.377673886220634e-6
68.91 82.97 0.0006548571175413164
68.91 82.97 0.0020447817206601165
68.91 82.97 0.0001562853065481632
68.91 83.19 2.6293728086971986e-5
68.91 83.19 1.4677942253600177e-5
68.91 83.19 0.001685904963747855
68.91 83.99 1.6617795155556637e-5
68.91 83.99 2.1005549434460903e-5
68.91 83.99 4.952639547807981e-5
68.91 85.17 5.078790306547885e-5
68.91 85.17 5.3145881888233406e-5
68.91 105.31 0.0014236550756988682
68.91 106.68 0.0002921462275077026
68.91 106.82 1.6500212527172098e-5
68.91 106.82 0.00010810461433919876
68.91 107.01 0.0005754998680763461
68.91 107.08 5.593473640204603e-6
68.91 107.42 0.0031058591615349225
68.91 107.42 0.0007392575503137203
68.91 107.42 4.18787690953653e-6
68.91 110.43 5.810959976054796e-6
68.91 110.46 0.0019321868541293267
68.91 110.47 0.0025069402406849924
68.91 112.03 1.2160535739053704e-5
68.91 112.03 0.0006270204452022427
68.91 112.03 0.003072042959513276
68.91 0.0 3.712971522728898e-5
68.91 0.0 0.001106976315362982
68.91 14.68 2.5571475737808424e-5
68.91 14.68 0.00455401421841115
68.91 14.68 0.00018178512183857564
68.91 15.52 1.0124379646848752e-5
68.91 16.51 0.00029935455437820485
68.91 16.51 0.0005322613621318213
68.91 22.15 1.0333347871211302e-6
68.91 22.15 0.00016118905209765082
68.91 24.31 2.1078845942208414e-6
68.91 24.31 7.764238274933471e-5
68.91 24.31 0.005537958729581933
68.91 25.51 0.0008015267859238875
68.91 25.51 0.00010778385976676903
68.91 25.51 0.00011731373190181673
68.91 49.44 0.00012243720232785223
68.91 49.44 0.0006533525335915373
68.91 50.48 3.440471710338555e-5
68.91 50.49 0.0001508095860827997
68.91 50.49 6.764042745471542e-5
68.91 50.96 4.350964847614623e-5
68.91 51.13 7.865111246300558e-6
68.91 51.13 0.00048542161994772725
68.91 51.13 0.00016078134846266625
68.91 51.65 0.00019751763461881776
68.91 51.65 0.0004357337466489915
68.91 51.65 0.004874997011195726
68.91 56.7 4.3025468328474755e-6
68.91 57.83 0.00021034412674954533
68.91 57.83 0.000702594889517593
68.91 57.83 0.005451419184904885
68.91 60.26 0.00017603674428641686
68.91 60.26 6.10902080165214e-5
68.91 60.34 0.00032431311364515433
68.91 60.34 0.0023165832013838077
68.91 60.34 0.00031978635407218923
68.91 67.73 3.1602492390506803e-6
68.91 67.73 0.0002931421991337241
68.91 67.73 0.00048000777822336993
68.91 69.37 0.006096851613626802
68.91 69.37 0.000998111828154639
68.91 70.68 0.00029356500090789293
68.91 70.68 0.0007647417993280107
68.91 70.69 0.001509289219361402
68.91 71.89 0.00010571032628353481
68.91 72.14 5.099322013712626e-5
68.91 72.14 0.0006734020535449159
68.91 72.15 0.010108861504391602
68.91 75.64 0.00044185487402065987
68.91 75.64 0.00020030795882774305
68.91 75.64 0.0012967139380340872
68.91 75.95 0.0022242142430198984
68.91 75.95 0.002481607353120452
68.91 75.95 0.0004299256269751097
68.91 77.07 2.3554844123473962e-5
68.91 77.07 0.00036985721453122787
68.91 77.07 0.00033948183686525096
68.91 77.46 0.0073624517243377095
68.91 80.93 0.0002649253510489109
68.91 80.93 4.4537814176517625e-5
68.91 80.93 0.0002846733079868942
68.91 81.38 0.00013433074108969338
68.91 81.38 3.736379279110437e-6
68.91 82.97 0.0003097889046282207
68.91 82.97 0.00024207816659986952
68.91 82.97 0.00017409043343769511
68.91 83.19 3.327035670890687e-5
68.91 83.19 0.0005288483777038146
68.91 83.19 3.91041520770758e-5
68.91 83.99 0.0002974957803884399
68.91 83.99 0.000159240727410116
68.91 83.99 0.0009094623547258242
68.91 85.17 0.0002985173194711444
68.91 85.17 0.006639951595177732
68.91 105.31 3.141107452000051e-5
68.91 106.68 6.56723377492818e-5
68.91 106.82 0.00012515028643269346
68.91 106.82 0.00011756666633147638
68.91 107.01 1.4092424105296719e-5
68.91 107.08 0.00013896423370765617
68.91 107.42 0.008311917382457065
68.91 107.42 0.0032010886488977415
68.91 107.42 0.000672363279080681
68.91 110.43 0.003574908844952569
68.91 110.46 8.224797648563316e-5
68.91 110.47 0.0013364309669805425
68.91 112.03 0.0006639781550925875
68.91 112.03 0.0014968542648322943
68.91 112.03 0.0012154752743231403
68.91 0.0 4.55972247212317e-5
68.91 14.68 4.810238195749718e-5
68.91 14.68 2.024244563005734e-5
68.91 14.68 7.982340329996632e-5
68.91 15.52 9.497803296575428e-6
68.91 16.51 1.0285919180810722e-5
68.91 16.51 0.0004660944118259467
68.91 22.15 9.669691040462611e-5
68.91 22.15 0.00025466572659141876
68.91 24.31 8.477301398900946e-7
68.91 24.31 3.7451610617589706e-5
68.91 24.31 5.436646745293449e-6
68.91 25.51 0.0006910947881290082
68.91 25.51 6.735240468664911e-6
68.91 25.51 0.004841586969087125
68.91 49.44 9.01502232361844e-5
68.91 49.44 0.00037014501180438435
68.91 50.48 0.0031754449089593435
68.91 50.49 4.45023965740777e-5
68.91 50.49 0.00711255343519695
68.91 50.96 0.0009879118261294595
68.91 51.13 1.4282558517478533e-5
68.91 51.13 5.177320458261415e-6
68.91 51.13 1.0262820151097375e-5
68.91 51.65 0.005989317547660033
68.91 51.65 6.70494728553005e-5
68.91 51.65 0.00445157642433149
68.91 56.7 4.617263756112971e-6
68.91 57.83 0.001826939790204341
68.91 57.83 9.661900847520138e-5
68.91 57.83 0.006052155453428624
68.91 60.26 0.000275461673159242
68.91 60.26 5.432447029218889e-5
68.91 60.34 0.00012170135059678827
68.91 60.34 0.0029112951363269787
68.91 60.34 0.01136080050548144
68.91 67.73 1.089100735443227e-5
68.91 67.73 0.0006973459000236229
68.91 67.73 3.189150632757745e-5
68.91 69.37 0.006805786380648253
68.91 69.37 0.0033292236730952224
68.91 70.68 0.004189382287155455
68.91 70.68 0.00015503427633112386
68.91 70.69 0.0026390280907640715
68.91 71.89 0.0018008774713715143
68.91 72.14 0.003139941640114258
68.91 72.14 0.0003006514995218681
68.91 72.15 0.000266154811698308
68.91 75.64 0.0013484396460649564
68.91 75.64 0.0002647402612173212
68.91 75.64 0.001765938225681988
68.91 75.95 0.00028271627455818497
68.91 75.95 7.1290948687213575e-6
68.91 75.95 2.9083459395478567e-6
68.91 77.07 1.8883423350629396e-5
68.91 77.07 0.0002264482870118851
68.91 77.07 0.0001424054306269703
68.91 77.46 0.008884831836234931
68.91 80.93 7.347100031867278e-5
68.91 80.93 0.0030576013255198715
68.91 80.93 0.00015423140258495908
68.91 81.38 0.006954980986461631
68.91 81.38 8.908789228604075e-5
68.91 82.97 0.0002273537127545203
68.91 82.97 0.0018257011378497573
68.91 82.97 0.0006164966030626018
68.91 83.19 1.7659745076937038e-6
68.91 83.19 2.708080137036503e-5
68.91 83.19 2.6697065804468742e-5
68.91 83.99 8.465807218034627e-5
68.91 83.99 0.00033974233622632963
68.91 83.99 8.69653655897784e-5
68.91 85.17 0.0006176264386873047
68.91 85.17 0.007079983731719703
68.91 105.31 3.106799891148167e-5
68.91 106.68 3.6846839401156614e-5
68.91 106.82 0.00011820282443778332
68.91 106.82 0.0001531239691020849
68.91 107.01 0.0001507366727153236
68.91 107.08 3.497789830323562e-5
68.91 107.42 0.00010527017814595621
68.91 107.42 0.0013288633886767692
68.91 107.42 4.563583923610546e-6
68.91 110.43 0.013500929849060145
68.91 110.46 0.0011011679426612374
68.91 110.47 0.0013395271089309698
68.91 112.03 0.0013044118706903478
68.91 112.03 0.00034331383716216493
68.91 112.03 0.001195422184308487
83.59 0.0 0.00023091520341515822
83.59 0.0 0.0007347998168441994
83.59 0.0 0.00021840652061141326
83.59 0.83 0.013083864575317215
83.59 1.83 0.00112659256878972
83.59 1.83 0.017575364611072553
83.59 7.47 0.00010752276313862624
83.59 7.47 0.0005351180391493445
83.59 9.63 1.5676169732924888e-6
83.59 9.63 0.00017829348429608037
83.59 9.63 0.0002907424706593245
83.59 10.83 0.0004064987725199025
83.59 10.83 0.00042880006937773003
83.59 10.83 0.0018927407950318433
83.59 34.76 3.1226546383463244e-6
83.59 34.76 0.010699877937254534
83.59 35.8 0.006938225869632183
83.59 35.8 6.78808520697262e-5
83.59 35.81 0.00013529741416807155
83.59 36.28 3.41175268674942e-5
83.59 36.45 0.00025589667997423185
83.59 36.45 6.233843433951185e-5
83.59 36.45 9.809814246722113e-5
83.59 36.96 0.00200057841167264
83.59 36.96 8.571845687962573e-5
83.59 36.97 4.189232637017963e-6
83.59 42.02 0.005390564502751556
83.59 43.15 0.004254920301657194
83.59 43.15 0.00012607112970006444
83.59 43.15 0.00021457743137723266
83.59 45.58 0.0001386443309859291
83.59 45.58 2.0845341100778334e-5
83.59 45.66 0.00035165222234109783
83.59 45.66 9.878695504102066e-5
83.59 45.66 0.005133107757285428
83.59 53.05 4.8861056063384524e-5
83.59 53.05 0.0002147611457898986
83.59 53.05 0.004349095582192165
83.59 54.69 0.003075394740471949
83.59 54.69 7.366801014558243e-5
83.59 56.0 0.002094125066619747
83.59 56.0 0.0003270181369223049
83.59 56.01 1.297641893303875e-5
83.59 57.21 7.927455891757378e-5
83.59 57.46 0.006569468158037852
83.59 57.46 0.00025326709483270186
83.59 57.47 1.2356445068969628e-5
83.59 60.96 0.0042617499972737
83.59 60.96 0.0006967780191991126
83.59 60.96 0.0011429275179278473
83.59 61.27 0.001019818276252822
83.59 61.27 0.0012991940367834828
83.59 61.27 5.0898502298101836e-6
83.59 62.39 3.117277865735964e-5
83.59 62.39 6.160074658306674e-5
83.59 62.39 0.009887236157823102
83.59 62.78 1.3015912347343192e-5
83.59 66.25 0.00023495035416488974
83.59 66.25 0.001731310641859643
83.59 66.25 1.707860615997149e-5
83.59 66.7 0.0008452384847493256
83.59 66.7 3.5720220814888974e-5
83.59 68.29 0.0007678986118709556
83.59 68.29 0.0015224765444452702
83.59 68.29 0.0005475614076407974
83.59 68.51 1.0550620705263998e-5
83.59 68.51 8.33313500417974e-5
83.59 68.51 0.015115049138278446
83.59 69.31 0.00012299153750128637
83.59 69.31 1.4384295718198265e-5
83.59 69.31 0.007811499877892206
83.59 70.49 0.00016883906560481254
83.59 70.49 0.0003875940994319914
83.59 90.63 0.0038991649203915517
83.59 92.0 2.053414014726866e-5
83.59 92.14 0.0001424167617075272
83.59 92.14 0.0004248851029991108
83.59 92.33 0.0023773479063897455
83.59 92.4 6.021840981009456e-5
83.59 92.74 0.00042659240455959145
83.59 92.74 0.003518268328091859
83.59 92.74 5.745327470998305e-6
83.59 95.75 4.81526149496593e-5
83.59 95.78 0.0026758407075695868
83.59 95.79 0.001415398809323459
83.59 97.35 7.349284721848003e-6
83.59 97.35 0.0008135203520669945
83.59 97.35 0.001997366067086843
83.59 0.0 0.00017894993411889085
83.59 0.0 0.00028844494208631174
83.59 0.83 9.613300897382563e-5
83.59 1.83 0.0005745749979896373
83.59 1.83 0.00024926903815072573
83.59 7.47 0.0011146241305376532
83.59 7.47 0.0006644375937525824
83.59 9.63 4.780348585546398e-6
83.59 9.63 2.126286943732347e-5
83.59 9.63 2.7937661721870936e-5
83.59 10.83 2.965812742568571e-5
83.59 10.83 1.4802382777641846e-5
83.59 10.83 0.0008650873596572574
83.59 34.76 2.2894667962682725e-5
83.59 34.76 7.413664887704886e-5
83.59 35.8 0.0003441878590961886
83.59 35.8 0.0010047333838527192
83.59 35.81 0.020075553787775258
83.59 36.28 0.007409478850164907
83.59 36.45 6.70841562743511e-5
83.59 36.45 6.336755842161894e-5
83.59 36.45 3.975921141267241e-5
83.59 36.96 0.0008782418616053915
83.59 36.96 0.0001726620706858674
83.59 36.97 0.00010284043572999421
83.59 42.02 3.849092346666122e-5
83.59 43.15 0.0001789331838162183
83.59 43.15 0.00017247030347276396
83.59 43.15 0.008276897667752053
83.59 45.58 0.0022191440100179684
83.59 45.58 0.00034283403858744664
83.59 45.66 0.00019487525257248453
83.59 45.66 0.00010470751708396123
83.59 45.66 0.0010203797140994502
83.59 53.05 4.96289030692463e-6
83.59 53.05 0.0021334398344618178
83.59 53.05 0.00019825093548726165
83.59 54.69 2.8045858387247875e-5
83.59 54.69 0.0013049894357313456
83.59 56.0 8.126078180888401e-5
83.59 56.0 0.00042439977275615957
83.59 56.01 0.0003143429966367022
83.59 57.21 0.012680542340157528
83.59 57.46 0.0011932754121146908
83.59 57.46 0.0005941453654454786
83.59 57.47 0.01205355079040023
83.59 60.96 0.0014666347198039598
83.59 60.96 0.0010060772209898967
83.59 60.96 0.0009019060390430488
83.59 61.27 0.0007767788845863073
83.59 61.27 2.431462631475296e-5
83.59 61.27 1.0549060667314046e-5
83.59 62.39 2.2345004281500464e-5
83.59 62.39 0.001840345929967994
83.59 62.39 0.0004950169246593021
83.59 62.78 0.0004998933961110216
83.59 66.25 0.00025035711606900785
83.59 66.25 0.00012579890681263712
83.59 66.25 8.551288046160001e-5
83.59 66.7 0.04921231752530321
83.59 66.7 0.0005755048398992273
83.59 68.29 0.0004874585418196584
83.59 68.29 0.0008407094822671239
83.59 68.29 3.29848029054472e-5
83.59 68.51 1.1981223497568969e-5
83.59 68.51 0.00029170424666086344
83.59 68.51 0.00013718063504847177
83.59 69.31 0.00035592586997600854
83.59 69.31 0.0016113428280890955
83.59 69.31 0.00025392953932941426
83.59 70.49 1.3143062524938099e-5
83.59 70.49 0.0005885071633276754
83.59 90.63 6.674505041786099e-5
83.59 92.0 1.0254750282423497e-6
83.59 92.14 0.0004923316450814566
83.59 92.14 0.0005173517773391101
83.59 92.33 0.00011353035317424418
83.59 92.4 0.0004867061475240431
83.59 92.74 0.00039621394418004304
83.59 92.74 0.005114112852228117
83.59 92.74 3.252442934778346e-5
83.59 95.75 0.030649011807915547
83.59 95.78 0.00026028814369434794
83.59 95.79 0.00034989352545285494
83.59 97.35 0.00010797781769826949
83.59 97.35 0.0006317820617661553
83.59 97.35 2.6278263622132497e-5
83.59 0.0 0.000861115635719577
83.59 0.83 8.583954523567721e-5
83.59 1.83 0.0009125747537871318
83.59 1.83 0.00028982090499496134
83.59 7.47 1.257333177892792e-5
83.59 7.47 0.00027535726781466416
83.59 9.63 1.1786765074674961e-5
83.59 9.63 0.0002770981071345477
83.59 9.63 0.03911902024966117
83.59 10.83 0.0004674644087854139
83.59 10.83 0.0009848287810282368
83.59 10.83 0.0008263901356780945
83.59 34.76 0.00040634985033701236
83.59 34.76 0.000834706837394457
83.59 35.8 0.00011826699480358533
83.59 35.8 0.0023139231626259724
83.59 35.81 0.005559260032321704
83.59 36.28 4.226867869501465e-5
83.59 36.45 4.4305248329377015e-6
83.59 36.45 0.003964297656633907
83.59 36.45 0.0008479683339869073
83.59 36.96 6.815260349143947e-5
83.59 36.96 0.004709254940439687
83.59 36.97 1.798813385673306e-5
83.59 42.02 3.5929683505824464e-5
83.59 43.15 0.0004396958549325794
83.59 43.15 0.005901863189349332
83.59 43.15 0.00039106235280711226
83.59 45.58 0.00019236068930704488
83.59 45.58 0.00023924085376481524
83.59 45.66 0.0037685062124462407
83.59 45.66 0.00039229945506629084
83.59 45.66 8.012319630351155e-5
83.59 53.05 0.0001140805553300265
83.59 53.05 0.0022485180755759957
83.59 53.05 0.004931154976225205
83.59 54.69 0.0001741010142991929
83.59 54.69 0.0001848569299941312
83.59 56.0 4.666111676178594e-5
83.59 56.0 0.0021266312884536853
83.59 56.01 0.0009931082123649274
83.59 57.21 3.1771421852935164e-5
83.59 57.46 0.0001145774764471352
83.59 57.46 0.001900875255676123
83.59 57.47 0.010506127205313324
83.59 60.96 0.001392925938001571
83.59 60.96 0.000960995531764128
83.59 60.96 0.0010644559338042286
83.59 61.27 0.016016528028906626
83.59 61.27 4.032839916469592e-5
83.59 61.27 0.003101095485958879
83.59 62.39 6.810893561581192e-5
83.59 62.39 0.003212943163859535
83.59 62.39 0.0007425420609479422
83.59 62.78 0.0002209485997498692
83.59 66.25 7.390935012745313e-5
83.59 66.25 1.925736965454052e-5
83.59 66.25 0.00021797173978481025
83.59 66.7 0.0007436900942827355
83.59 66.7 2.6466450597882785e-5
83.59 68.29 0.00014335292154071903
83.59 68.29 0.0007356919858178471
83.59 68.29 0.001785523065129035
83.59 68.51 7.118608029819544e-5
83.59 68.51 0.003687009139235651
83.59 68.51 0.00029932733360114666
83.59 69.31 0.001672951459852904
83.59 69.31 0.0011042037888921124
83.59 69.31 0.000877072648900519
83.59 70.49 0.00010110428229206384
83.59 70.49 0.0007658432273113655
83.59 90.63 7.963588236698265e-6
83.59 92.0 0.00018332429551315573
83.59 92.14 0.00033921185703519077
83.59 92.14 4.226916392973826e-5
83.59 92.33 3.6230015057102254e-6
83.59 92.4 8.320063564397133e-5
83.59 92.74 0.0025735499789491896
83.59 92.74 0.009898253379479902
83.59 92.74 0.0048550407773245464
83.59 95.75 0.026288718815550064
83.59 95.78 0.000478816397331904
83.59 95.79 7.613369514555089e-5
83.59 97.35 0.0001605455926326862
83.59 97.35 0.0010901731884822513
83.59 97.35 0.00015579699411315717
84.42 0.0 3.1938344641307055e-6
84.42 1.0 0.0018211706627904944
84.42 1.0 0.024521642999075277
84.42 6.63 0.00018834748122790657
84.42 6.63 0.00010871456170776545
84.42 8.8 1.5020685276820126e-5
84.42 8.8 0.0008373415979788077
84.42 8.8 0.00046118927694345285
84.42 9.99 6.158783304584692e-5
84.42 9.99 0.0002471134503352796
84.42 9.99 0.000813188025648611
84.42 33.92 1.002824580415759e-5
84.42 33.93 0.06400526169499529
84.42 34.97 0.003710405867630953
84.42 34.97 0.005000402926438849
84.42 34.97 0.0003620548671831881
84.42 35.44 0.000732804295170942
84.42 35.61 0.0002554120315805118
84.42 35.61 0.00031640528656808525
84.42 35.61 0.00012443572324626916
84.42 36.13 0.012820438981598136
84.42 36.13 0.012216829161388075
84.42 36.13 0.00030863776857052976
84.42 41.19 2.862507150488109e-6
84.42 42.31 0.001000117094666149
84.42 42.31 0.013162605283567908
84.42 42.31 0.0007109128107101866
84.42 44.74 0.0006489761802835453
84.42 44.74 0.00032612262115526896
84.42 44.82 0.006022165309306428
84.42 44.82 0.00023888653547996205
84.42 44.82 0.007958067865764744
84.42 52.21 0.00015537863886729534
84.42 52.21 0.0006853857645610608
84.42 52.21 0.00018294460088210087
84.42 53.85 0.0032743566877696767
84.42 53.85 0.0009412419450171183
84.42 55.17 0.007694335909666254
84.42 55.17 0.000110951556033219
84.42 55.17 0.0002972857069670202
84.42 56.37 1.7889722249302636e-5
84.42 56.62 0.010973887467401479
84.42 56.62 0.00036815675895979683
84.42 56.63 0.00020612882453504685
84.42 60.13 0.006698507868846609
84.42 60.13 0.0011416221346913387
84.42 60.13 0.0009811758914811306
84.42 60.44 0.0006064410857803451
84.42 60.44 6.175342573386239e-5
84.42 60.44 0.00011369557546461246
84.42 61.56 0.0005128081986500642
84.42 61.56 0.00010685681684294537
84.42 61.56 0.0013314377381918332
84.42 61.94 0.0007224682009850851
84.42 65.41 0.0003793477864388812
84.42 65.41 0.01343624577136836
84.42 65.42 2.8829020753434166e-5
84.42 65.87 0.00040351028765290187
84.42 65.87 6.395435445768295e-5
84.42 67.46 1.613458286323283e-5
84.42 67.46 0.019696157620352994
84.42 67.46 0.0004803281444915262
84.42 67.68 0.0009714306183793203
84.42 67.68 7.389665248205578e-5
84.42 67.68 0.0005213488370613909
84.42 68.47 0.0004987287737567469
84.42 68.47 0.0005590506089355019
84.42 68.47 0.0013810502310464595
84.42 69.66 4.841737273015764e-6
84.42 69.66 0.0007968956202879417
84.42 89.79 0.0055948008668653786
84.42 91.17 8.688999475067373e-6
84.42 91.3 0.0008993482958049523
84.42 91.3 0.0001282671883457907
84.42 91.49 0.0032310272285682364
84.42 91.57 0.00019766591022154608
84.42 91.9 0.005959245847230756
84.42 91.9 0.005187386642446055
84.42 91.91 0.0005602169435589326
84.42 94.92 0.00012966101977860997
84.42 94.95 0.0020453841426961274
84.42 94.95 0.0033342633471174286
84.42 96.51 0.00012069345989531773
84.42 96.51 0.00867825197131595
84.42 96.51 0.0016293082422524055
85.42 0.0 0.0005847370405579637
85.42 0.0 0.0007885856113438645
85.42 5.64 0.000298090096428801
85.42 5.64 0.0006590909680816524
85.42 7.8 2.8665916162631662e-6
85.42 7.8 0.0014631211894493995
85.42 7.8 0.00022605882248741537
85.42 9.0 0.00028706612276726157
85.42 9.0 0.000467718979999471
85.42 9.0 0.000878448147929232
85.42 32.93 9.954204050013987e-6
85.42 32.93 0.0018628313286126405
85.42 33.97 0.0027951616223166136
85.42 33.97 0.005875073078834793
85.42 33.98 3.651084453961615e-5
85.42 34.44 2.389258413969625e-5
85.42 34.62 0.0038070387491624213
85.42 34.62 2.2053841428467128e-5
85.42 34.62 2.676078756886625e-5
85.42 35.13 0.00892154324259494
85.42 35.13 0.00912821213039024
85.42 35.13 0.00023689161720351945
85.42 40.19 6.882769772886083e-6
85.42 41.32 0.00819262031240809
85.42 41.32 1.917551776469816e-5
85.42 41.32 0.00016555340119019161
85.42 43.75 0.00010692566192963232
85.42 43.75 6.653322024867994e-5
85.42 43.83 0.002683728156609852
85.42 43.83 0.0002243393721927521
85.42 43.83 0.007096897615615001
85.42 51.22 0.0003050798771747348
85.42 51.22 0.00021270907073279985
85.42 51.22 0.0001707571629823549
85.42 52.86 0.0008896787873601936
85.42 52.86 0.0016757574114070533
85.42 54.17 0.00108889955836697
85.42 54.17 0.00794622398814484
85.42 54.18 0.0005106059601504841
85.42 55.38 4.2651692901455493e-5
85.42 55.63 0.001522357710675563
85.42 55.63 0.007277099473225443
85.42 55.64 5.257763296748926e-5
85.42 59.13 0.00028261159534478974
85.42 59.13 0.011287631423970313
85.42 59.13 0.0005883056761595768
85.42 59.44 0.0007823606380258485
85.42 59.44 0.0019418849721479165
85.42 59.44 1.2080720072894984e-5
85.42 60.56 3.0026223773910616e-5
85.42 60.56 3.940463116929491e-5
85.42 60.56 8.472148519546641e-5
85.42 60.95 5.298005636827977e-6
85.42 64.42 0.015026207651063243
85.42 64.42 0.00022759766489381645
85.42 64.42 0.00011890736192585004
85.42 64.87 7.02459374281543e-5
85.42 64.87 2.9932511492038327e-5
85.42 66.46 0.008558307182153379
85.42 66.46 0.0006986295625786962
85.42 66.46 0.0002926881104988353
85.42 66.68 2.3380033709312464e-5
85.42 66.68 1.1212598130819591e-5
85.42 66.68 1.7311348119746795e-5
85.42 67.48 0.00022164791838854338
85.42 67.48 0.0007168096137253243
85.42 67.48 0.0006259411831660192
85.42 68.66 7.363870140968275e-5
85.42 68.66 0.0002671357397427854
85.42 88.8 0.004451102401469142
85.42 90.17 9.856363278949818e-5
85.42 90.31 0.00031229562589987883
85.42 90.31 0.00018029110798999746
85.42 90.5 0.0036289188680188366
85.42 90.57 0.00012628701247496815
85.42 90.91 0.005863912792087872
85.42 90.91 0.004146862749374992
85.42 90.91 7.004962239580493e-5
85.42 93.92 2.68882548929277e-5
85.42 93.95 0.0013845126921645126
85.42 93.96 0.00016208904315826003
85.42 95.51 0.00025672634583423856
85.42 95.52 0.0004535028902312514
85.42 95.52 0.007816340225116493
85.42 0.0 0.0008750802502065901
85.42 5.63 0.0007671011076076
85.42 5.64 0.0004947923411747814
85.42 7.8 7.817374716176931e-6
85.42 7.8 0.0437123253571233
85.42 7.8 1.7635169071489396e-5
85.42 9.0 0.00014575707614875258
85.42 9.0 0.0005297464553368306
85.42 9.0 8.211947755472755e-5
85.42 32.93 0.00016150045956234748
85.42 32.93 0.001112177281680022
85.42 33.97 0.000263570021198705
85.42 33.97 0.00019922810161557178
85.42 33.98 0.000664737992830305
85.42 34.44 0.00021016548160007436
85.42 34.62 0.03601412300763522
85.42 34.62 0.00043842096688714
85.42 34.62 0.010800061321458741
85.42 35.13 0.0005316515290355536
85.42 35.13 0.0004604795658595173
85.42 35.13 0.00014852081751203349
85.42 40.19 5.8721783692155174e-6
85.42 41.32 4.3721068577151875e-5
85.42 41.32 0.00026793831114683866
85.42 41.32 0.001143775662158928
85.42 43.75 7.626808713009689e-5
85.42 43.75 0.000210560720960142
85.42 43.83 0.0003988122220760264
85.42 43.83 0.0004498796705419195
85.42 43.83 0.0003865408861057283
85.42 51.22 0.0026353430210322463
85.42 51.22 0.006660159454951808
85.42 51.22 5.868257570165745e-5
85.42 52.86 0.0018804798892067926
85.42 52.86 0.0007914404872192773
85.42 54.17 0.0002855209310093756
85.42 54.17 0.0005126755790105654
85.42 54.18 0.0014084629982249344
85.42 55.38 0.00037268903671551414
85.42 55.63 0.0004307674880994135
85.42 55.63 0.0002780274528852541
85.42 55.64 0.0007518087132066746
85.42 59.13 0.0011973021484031725
85.42 59.13 6.706496899724238e-5
85.42 59.13 0.0011752964455192445
85.42 59.44 0.00014243630807859282
85.42 59.44 0.00013129122487722983
85.42 59.44 6.049741410658933e-6
85.42 60.56 3.346572101353664e-5
85.42 60.56 6.80466455538419e-5
85.42 60.56 0.0004742891843573607
85.42 60.95 0.0014033224698959165
85.42 64.42 0.00019949847461459794
85.42 64.42 3.433737998938435e-5
85.42 64.42 0.0009912472389913534
85.42 64.87 0.0005884010760167254
85.42 64.87 0.0008399104376431103
85.42 66.46 0.0005795818695297231
85.42 66.46 0.0005056017643091178
85.42 66.46 0.0006598980455105835
85.42 66.68 3.6764299152007374e-5
85.42 66.68 1.7931285896244777e-5
85.42 66.68 0.00010676712799913916
85.42 67.48 0.00047528538114482185
85.42 67.48 0.0005669274075552487
85.42 67.48 0.0007975384241468495
85.42 68.66 0.000994416041154544
85.42 68.66 0.0008650596422782829
85.42 88.8 0.002786017685820049
85.42 90.17 8.35759814392293e-5
85.42 90.31 0.0011568930036674292
85.42 90.31 0.00010571059354366398
85.42 90.5 0.0022953522779429964
85.42 90.57 0.0031059589755961397
85.42 90.91 0.0035124119999304375
85.42 90.91 0.002492964823246604
85.42 90.91 1.5526806874929708e-5
85.42 93.92 0.0010394813366429493
85.42 93.95 0.0010083632075412318
85.42 93.96 0.0003812762665908709
85.42 95.51 0.00023262026136283917
85.42 95.52 0.0012544686252641917
85.42 95.52 0.0012718087034484322
91.06 0.0 1.0775891516859745e-6
91.06 0.0 9.020426208522748e-8
91.06 2.17 8.94969248752246e-6
91.06 2.17 1.7703762413293689e-6
91.06 2.17 2.741137944998582e-7
91.06 3.36 4.177143384438972e-6
91.06 3.36 3.1290666175188256e-5
91.06 3.36 1.0027416134425684e-6
91.06 27.29 7.975242814342608e-6
91.06 27.3 8.195915724904059e-8
91.06 28.34 5.39178355896364e-6
91.06 28.34 0.0001225183142096795
91.06 28.34 3.5962689677910457e-7
91.06 28.81 1.722523767000773e-6
91.06 28.98 2.254279279465251e-6
91.06 28.98 2.0087192834835314e-6
91.06 28.98 3.6513003679694435e-5
91.06 29.5 9.214789754441326e-6
91.06 29.5 0.00019264939068436708
91.06 29.5 1.484661642247776e-7
91.06 34.55 2.0787925779597524e-7
91.06 35.68 1.197670851198822e-5
91.06 35.68 0.00015280861851631324
91.06 35.68 1.056169049857601e-5
91.06 38.11 3.894688555606681e-6
91.06 38.11 8.689857531587266e-6
91.06 38.19 8.900735517304604e-5
91.06 38.19 6.738008279259304e-6
91.06 38.19 5.223287565469467e-6
91.06 45.58 1.0751215607670141e-6
91.06 45.58 0.0004578205013723466
91.06 45.58 4.385669021119464e-6
91.06 47.22 2.061618032753681e-6
91.06 47.22 2.0392199204043615e-5
91.06 48.54 3.9295817728859075e-6
91.06 48.54 0.00014808441354225295
91.06 48.54 9.861349229212615e-6
91.06 49.74 2.7547811546126423e-6
91.06 49.99 1.0215900483712974e-5
91.06 49.99 0.00046556341033609876
91.06 50.0 2.3517071154350895e-7
91.06 53.5 5.74368651709015e-6
91.06 53.5 0.00010202460557325322
91.06 53.5 2.289343738456846e-5
91.06 53.8 0.0006336856508454518
91.06 53.8 5.60252676180963e-6
91.06 53.8 1.1735445319554171e-5
91.06 54.92 3.474525713751759e-6
91.06 54.92 0.0013442645604757474
91.06 54.93 5.695146266831067e-6
91.06 55.31 3.8090215848428137e-6
91.06 58.78 4.728472436639183e-6
91.06 58.78 2.32612215496191e-6
91.06 58.78 3.4199463944790043e-6
91.06 59.23 6.966599381487762e-7
91.06 59.24 3.567722064434437e-6
91.06 60.82 2.0622119678108295e-5
91.06 60.82 2.184387966900709e-6
91.06 60.83 5.2516706809049694e-5
91.06 61.04 0.00022325124510458533
91.06 61.04 0.000465559279696367
91.06 61.05 1.6530488834257936e-5
91.06 61.84 3.933876164783111e-6
91.06 61.84 0.00026975480974132367
91.06 61.84 1.5681088533974752e-5
91.06 63.02 4.6787078032925646e-6
91.06 63.02 2.1169800131267784e-6
91.06 83.16 1.4006273454720997e-6
91.06 84.53 0.0002221131404119502
91.06 84.67 3.582376702028536e-6
91.06 84.67 0.00018716101121562108
91.06 84.86 2.70427383354556e-6
91.06 84.94 1.9481783304817565e-6
91.06 85.27 4.388992952766195e-6
91.06 85.27 4.145794822059864e-5
91.06 85.28 8.767353148228004e-6
91.06 88.29 9.934111844144475e-7
91.06 88.32 1.787683024869724e-5
91.06 88.32 0.0002182133865940946
91.06 89.88 2.0424633980001492e-5
91.06 89.88 0.001496944680766599
91.06 89.88 1.3197135264072401e-5
91.06 0.0 2.745633687783864e-5
91.06 2.17 3.092043352376434e-6
91.06 2.17 1.0631417436877157e-6
91.06 2.17 2.608993053708327e-6
91.06 3.36 5.474448663320241e-5
91.06 3.36 6.019621358408878e-6
91.06 3.36 8.822495257397009e-7
91.06 27.29 1.9364253789144247e-6
91.06 27.3 1.801549524731955e-5
91.06 28.34 2.5571516843755675e-6
91.06 28.34 0.000615770862484026
91.06 28.34 9.174177193657379e-5
91.06 28.81 0.0001194204923202256
91.06 28.98 7.958915310910393e-6
91.06 28.98 3.5447282234519434e-6
91.06 28.98 1.4003603938285171e-5
91.06 29.5 4.128841460062668e-6
91.06 29.5 7.173264833846071e-5
91.06 29.5 0.00016938556363485627
91.06 34.55 6.70012542956694e-8
91.06 35.68 6.759328233478076e-6
91.06 35.68 4.2009115224847266e-5
91.06 35.68 0.00020639326146004226
91.06 38.11 0.0005706508493100096
91.06 38.11 7.118352274191604e-5
91.06 38.19 0.00011354490839131187
91.06 38.19 0.0002132048287141766
91.06 38.19 3.940607888973361e-6
91.06 45.58 3.2995580291109196e-5
91.06 45.58 0.0001595646934355859
91.06 45.58 2.0030213501289416e-6
91.06 47.22 0.0002665418691443191
91.06 47.22 7.920800040027555e-5
91.06 48.53 2.695917820409163e-6
91.06 48.54 0.00043480532182155093
91.06 48.54 0.00011466647543857384
91.06 49.74 0.00030260436446223014
91.06 49.99 3.1235799952720124e-6
91.06 49.99 0.00040605241524409004
91.06 50.0 0.00013875795755122322
91.06 53.5 7.947463742000916e-6
91.06 53.5 5.895098857175902e-5
91.06 53.5 0.00015584105338668612
91.06 53.8 6.756368550485755e-5
91.06 53.8 8.614258464535652e-6
91.06 53.8 3.994972077109163e-5
91.06 54.92 4.901789510075643e-5
91.06 54.92 0.00016500958096821438
91.06 54.92 1.054379261509241e-5
91.06 55.31 0.0005424973221216979
91.06 58.78 0.0009286909178619996
91.06 58.78 1.5938345021115181e-6
91.06 58.78 2.5843868376078947e-5
91.06 59.23 7.718587013001527e-5
91.06 59.24 2.3723834291794933e-6
91.06 60.82 0.0009192477757409721
91.06 60.82 2.2459948868564623e-5
91.06 60.82 8.555074006299219e-6
91.06 61.04 3.218868566157188e-5
91.06 61.04 0.0002706947987159042
91.06 61.04 8.642031426383297e-6
91.06 61.84 1.3246137541823464e-6
91.06 61.84 0.0001493888702220916
91.06 61.84 9.850710043198658e-6
91.06 63.02 0.00023456294102966062
91.06 63.02 0.00021756564572665115
91.06 83.16 4.335849009001476e-5
91.06 84.53 0.0003239405516197776
91.06 84.67 1.9533559192457036e-5
91.06 84.67 0.00010994027658103601
91.06 84.86 3.32151341715409e-5
91.06 84.94 7.984249412594788e-5
91.06 85.27 1.2112577528729382e-5
91.06 85.27 6.201475619354294e-5
91.06 85.28 1.5187948703272215e-5
91.06 88.29 5.9618334185905535e-5
91.06 88.32 1.1136576394187858e-5
91.06 88.32 0.005097446964592393
91.06 89.88 2.207828675674365e-5
91.06 89.88 0.0009514801382476575
91.06 89.88 4.036683973520418e-6
93.22 0.0 3.942683016698597e-7
93.22 0.0 0.0001229584231978869
93.22 0.0 0.00040547903943992207
93.22 1.19 0.0020492195236089606
93.22 1.19 2.1759446350372674e-5
93.22 1.19 3.6545227658487897e-5
93.22 25.13 0.00010513818800551796
93.22 25.13 0.002060657754017721
93.22 26.17 0.0002540043362690723
93.22 26.17 0.000417462077709705
93.22 26.17 0.00013988552204402129
93.22 26.64 1.5589465292646078e-7
93.22 26.81 5.2187624695680764e-5
93.22 26.81 3.545019479880711e-5
93.22 26.81 7.000912826300146e-5
93.22 27.33 6.052243807992225e-5
93.22 27.33 0.0006661201902637861
93.22 27.33 6.475368155346575e-6
93.22 32.39 1.6142653960956912e-5
93.22 33.51 0.0001293028018190948
93.22 33.51 0.00022494796636005727
93.22 33.51 0.00034954844808866907
93.22 35.94 4.241913343250392e-5
93.22 35.94 5.868577484943091e-6
93.22 36.02 5.820290435723952e-5
93.22 36.02 0.0003165560959882206
93.22 36.02 8.627669914678895e-5
93.22 43.41 1.06429146472613e-5
93.22 43.41 0.00017448264718973833
93.22 43.41 0.003136942845769343
93.22 45.05 0.00019521691990972658
93.22 45.05 0.00023936573141219555
93.22 46.37 8.355211302978073e-5
93.22 46.37 2.2801759095512354e-5
93.22 46.37 8.130165544620662e-6
93.22 47.58 2.0780893192847992e-7
93.22 47.82 0.0001277685854123892
93.22 47.82 0.0001472599118248092
93.22 47.84 3.0437923198190394e-5
93.22 51.33 8.040024441606593e-5
93.22 51.33 0.0019931735178573533
93.22 51.33 0.001940390404254926
93.22 51.64 0.001781061485200425
93.22 51.64 0.00011755872462909811
93.22 51.64 4.387668051631625e-7
93.22 52.76 6.290333433683439e-7
93.22 52.76 2.1619173892618117e-5
93.22 52.76 0.00015769015486827176
93.22 53.14 2.0621261069472282e-5
93.22 56.62 0.0005178964328635745
93.22 56.62 2.7329461029075307e-5
93.22 56.62 3.616365703404907e-5
93.22 57.07 0.001101716707129495
93.22 57.07 1.6687082436368937e-5
93.22 58.66 0.00027930638743265237
93.22 58.66 2.8136396101624075e-5
93.22 58.66 0.0009489431966013538
93.22 58.88 1.9725298427624442e-6
93.22 58.88 8.943194722657762e-5
93.22 58.88 0.00040053369587202267
93.22 59.67 3.1895145493537856e-6
93.22 59.68 0.00046129144066043166
93.22 59.68 6.789834495143273e-5
93.22 60.86 0.00046889793320510365
93.22 60.86 7.218251399968307e-5
93.22 80.99 0.013043460117601852
93.22 82.37 0.00034704296097317255
93.22 82.5 2.775532732126988e-5
93.22 82.5 0.00027308998492424406
93.22 82.7 0.008072565607425072
93.22 82.77 2.5285000134689795e-5
93.22 83.1 0.000130111635968161
93.22 83.1 0.004838494970028359
93.22 83.11 3.1170652862077294e-5
93.22 86.12 8.285100974166849e-5
93.22 86.15 5.20004308573149e-5
93.22 86.15 1.656531436217355e-6
93.22 87.71 6.868942221500546e-6
93.22 87.71 0.00036468048204116456
93.22 87.71 8.484164069249324e-5
93.22 0.0 0.0010066731562866052
93.22 0.0 0.0013081699610023906
93.22 1.19 0.0019706609708874663
93.22 1.19 3.822563565922371e-7
93.22 1.19 5.098054064846098e-5
93.22 25.13 0.0001063135165023962
93.22 25.13 8.317164787077071e-5
93.22 26.17 0.0005717872178965612
93.22 26.17 3.0927425870555316e-5
93.22 26.17 0.0056178612349833635
93.22 26.64 6.514405020361607e-5
93.22 26.81 0.00016210222390550358
93.22 26.81 0.0026934834798764107
93.22 26.81 0.0022483367432153986
93.22 27.33 6.237806176170947e-5
93.22 27.33 0.00015695478432508172
93.22 27.33 2.374342800526404e-5
93.22 32.39 4.6929520703403014e-5
93.22 33.51 0.00021754184090348977
93.22 33.51 1.718248428240112e-5
93.22 33.51 0.0003301187239640926
93.22 35.94 0.00020830345773090896
93.22 35.94 5.129146345849771e-5
93.22 36.02 2.948481477188976e-6
93.22 36.02 0.00039842035487687845
93.22 36.02 0.0002273408706098319
93.22 43.41 0.00013125366301045135
93.22 43.41 0.000256556890042144
93.22 43.41 0.0035555512270854066
93.22 45.05 3.0538099147624245e-5
93.22 45.05 0.00017830955446480968
93.22 46.37 2.2500650788087206e-5
93.22 46.37 0.0003120895541891621
93.22 46.37 4.860852869010706e-6
93.22 47.58 0.00012334904047553642
93.22 47.82 0.00021314874260234152
93.22 47.82 0.0002134091379378381
93.22 47.84 0.017295564501625622
93.22 51.33 0.002627307852673495
93.22 51.33 8.036112759424067e-6
93.22 51.33 0.002284333043711695
93.22 51.64 0.0015536781680958265
93.22 51.64 0.00013932675973038472
93.22 51.64 0.0001207361436756454
93.22 52.76 8.718572249064531e-5
93.22 52.76 5.761014853960837e-5
93.22 52.76 0.001007090559853734
93.22 53.14 3.0475568465293814e-6
93.22 56.62 7.417852885388753e-6
93.22 56.62 4.75671856867972e-5
93.22 56.62 8.570563002618085e-5
93.22 57.07 0.0006433663571282703
93.22 57.07 3.663473071902348e-5
93.22 58.66 3.2891430741184844e-6
93.22 58.66 0.001463541398213634
93.22 58.66 0.0014172127897620875
93.22 58.88 1.435215483734462e-6
93.22 58.88 4.258650838222017e-5
93.22 58.88 0.0004477082622006642
93.22 59.67 0.0007163032810821102
93.22 59.67 0.0006210136405271244
93.22 59.67 0.0009665475939526503
93.22 60.86 0.000595576590828812
93.22 60.86 0.00012007432563466161
93.22 80.99 1.2977090423056424e-5
93.22 82.37 0.00029966255748098045
93.22 82.5 0.000745386970747774
93.22 82.5 4.2303208622528966e-5
93.22 82.7 2.048301952783819e-5
93.22 82.77 8.742201453865852e-5
93.22 83.1 0.010464012337600075
93.22 83.1 0.020809892798667642
93.22 83.11 0.00017243627614977494
93.22 86.12 0.04521331033133296
93.22 86.15 0.0004057991551582768
93.22 86.15 0.0006389130583750402
93.22 87.71 3.0869648208403853e-7
93.22 87.71 0.0006737056824007508
93.22 87.71 5.9833116831159243e-5
93.22 0.0 6.207672892784551e-6
93.22 1.19 3.660237729080662e-7
93.22 1.19 3.38652545012852e-5
93.22 1.19 5.384351258522512e-6
93.22 25.13 5.387065260607928e-5
93.22 25.13 8.868080684508289e-5
93.22 26.17 0.00016156007269338304
93.22 26.17 5.9569817520139785e-5
93.22 26.17 0.0056253935226319605
93.22 26.64 0.0002527666238510241
93.22 26.81 0.0009993573757624559
93.22 26.81 1.0136367286742994e-5
93.22 26.81 0.00015694495613139715
93.22 27.33 8.068066425610674e-5
93.22 27.33 0.00023293007851749733
93.22 27.33 1.741074259781628e-7
93.22 32.39 5.665755176709906e-5
93.22 33.51 0.0008936225498652412
93.22 33.51 0.0008042350731535631
93.22 33.51 0.0002826128436953571
93.22 35.94 9.690228542800811e-5
93.22 35.94 3.7912604216586986e-5
93.22 36.02 0.0006931567769997496
93.22 36.02 4.227517995686936e-6
93.22 36.02 3.367867156772449e-5
93.22 43.41 0.00021343094572229835
93.22 43.41 0.0015049920489677102
93.22 43.41 0.00011849694363661532
93.22 45.05 0.00011416456189718312
93.22 45.05 0.0035130626747924606
93.22 46.37 1.246652278072483e-5
93.22 46.37 0.001029687150798973
93.22 46.37 5.0538863900949625e-6
93.22 47.58 0.0004662925918311451
93.22 47.82 0.00014169725634481298
93.22 47.82 0.0003141441779172058
93.22 47.84 0.015643554911137954
93.22 51.33 0.002739998264488435
93.22 51.33 0.002141790724566479
93.22 51.33 0.0004095359054778612
93.22 51.64 0.003980251978189787
93.22 51.64 5.442854164846467e-5
93.22 51.64 2.975521892269098e-5
93.22 52.76 8.957585223373537e-5
93.22 52.76 5.2506061542953895e-5
93.22 52.76 0.0008515829814631711
93.22 53.14 3.760023965337811e-6
93.22 56.62 7.535811320928309e-6
93.22 56.62 4.796486450233844e-5
93.22 56.62 1.0872220284660325e-5
93.22 57.07 0.0029444035204814105
93.22 57.07 8.069373889664773e-5
93.22 58.66 0.001100967118836045
93.22 58.66 0.00140914117048236
93.22 58.66 0.00016354331264960566
93.22 58.88 5.02250167820923e-6
93.22 58.88 3.908257853083118e-5
93.22 58.88 0.00027999212438590014
93.22 59.67 0.000559318001752883
93.22 59.67 0.001046464093454726
93.22 59.67 0.0007408865014872834
93.22 60.86 6.254844346529393e-5
93.22 60.86 6.892472308398968e-5
93.22 80.99 0.0013662186097558216
93.22 82.37 2.0782967070939108e-5
93.22 82.5 0.0004859939018755725
93.22 82.5 0.00042906149449263304
93.22 82.7 0.0009147543871359306
93.22 82.77 0.0005962371339187371
93.22 83.1 0.0006310948953827703
93.22 83.1 0.006596910939908464
93.22 83.11 3.670933867415353e-5
93.22 86.12 0.046178763825671564
93.22 86.15 0.000796382629259458
93.22 86.15 9.059133805563614e-5
93.22 87.71 1.3920458993664022e-6
93.22 87.71 0.0026554318214219216
93.22 87.71 5.239094501841169e-5
94.42 0.0 3.070320999062804e-5
94.42 0.0 4.895283637280627e-6
94.42 0.0 1.2848513071258353e-6
94.42 23.93 1.285232363675597e-6
94.42 23.93 1.6720392181081615e-5
94.42 24.98 2.9216775763904503e-6
94.42 24.98 7.731817380443847e-5
94.42 24.98 0.0001307102759705199
94.42 25.45 2.5664874748775104e-5
94.42 25.62 1.9229745378401527e-5
94.42 25.62 2.186235286254181e-5
94.42 25.62 6.865869831052765e-5
94.42 26.14 4.858754419120063e-6
94.42 26.14 3.1916552869598163e-6
94.42 26.14 0.00041037863634179445
94.42 31.19 1.3729794707848153e-6
94.42 32.32 9.1465384185521e-6
94.42 32.32 1.586797719236137e-5
94.42 32.32 0.0003162977647377318
94.42 34.75 2.540354750714714e-5
94.42 34.75 3.4305405104398795e-5
94.42 34.83 5.3377526888989614e-6
94.42 34.83 0.00014095623649245558
94.42 34.83 2.0757069084448405e-6
94.42 42.22 2.4154599283120276e-5
94.42 42.22 8.525231943899976e-6
94.42 42.22 5.6260907559903504e-5
94.42 43.86 0.0003200028528353541
94.42 43.86 7.628503810751613e-5
94.42 45.17 3.960904687066423e-5
94.42 45.17 0.00016256191169503674
94.42 45.18 0.00018439626228403084
94.42 46.38 2.2272535805610017e-5
94.42 46.63 3.956361185102662e-5
94.42 46.63 9.902757743879523e-6
94.42 46.64 0.00018319722487316419
94.42 50.13 1.6437529709834977e-6
94.42 50.13 1.6055241904732134e-5
94.42 50.13 0.00013027296420448366
94.42 50.44 7.945889090194289e-6
94.42 50.44 8.640160672252682e-6
94.42 50.44 2.005460439352533e-5
94.42 51.56 3.18557094314957e-6
94.42 51.56 5.064994888187314e-5
94.42 51.56 8.236441547606431e-6
94.42 51.95 0.0005831685915579827
94.42 55.42 1.3623467634854905e-5
94.42 55.42 3.64362479699869e-6
94.42 55.42 3.402953965199736e-5
94.42 55.87 4.5625341427768013e-7
94.42 55.87 1.0595140014090585e-5
94.42 57.46 9.468075759176035e-6
94.42 57.46 1.4612914316718121e-6
94.42 57.46 1.1879182205409495e-5
94.42 57.68 9.903147158292765e-5
94.42 57.68 9.429163649011675e-5
94.42 57.68 4.301158087145082e-6
94.42 58.48 5.094728806222506e-5
94.42 58.48 3.525454328367522e-5
94.42 58.48 2.962133198802229e-5
94.42 59.66 0.0006791331807624349
94.42 59.66 0.00017449598503844674
94.42 79.8 0.0001480803285736627
94.42 81.17 4.1641722338284486e-5
94.42 81.31 1.2341061111701317e-5
94.42 81.31 0.00047261668848548735
94.42 81.5 0.0002043235296066107
94.42 81.58 0.0004700681736773214
94.42 81.91 1.4057961417292658e-5
94.42 81.91 0.00012020018634658213
94.42 81.92 4.763569299200811e-6
94.42 84.92 8.145416173378645e-5
94.42 84.95 0.00010520615798617405
94.42 84.96 0.000253133462861336
94.42 86.52 0.00036314472372803104
94.42 86.52 0.0003856853852236463
94.42 86.52 7.970855917856396e-6
94.42 0.0 5.2870513675564514e-5
94.42 0.0 3.2026606828568773e-6
94.42 23.93 3.6980568692179025e-6
94.42 23.93 6.679812524648287e-6
94.42 24.98 1.08985769713221e-5
94.42 24.98 0.000362898147226466
94.42 24.98 3.112724497336114e-6
94.42 25.45 6.38900545264209e-5
94.42 25.62 2.157467939067765e-6
94.42 25.62 1.4253427982022759e-5
94.42 25.62 8.970370941101321e-5
94.42 26.14 6.614643787821668e-5
94.42 26.14 0.000172404821392585
94.42 26.14 8.44567316399668e-6
94.42 31.19 7.481154441282213e-7
94.42 32.32 6.104235901915669e-5
94.42 32.32 0.0001941505552804751
94.42 32.32 2.910175736743963e-6
94.42 34.75 0.00020903260006167553
94.42 34.75 4.4498503581038285e-5
94.42 34.83 0.000170082997791658
94.42 34.83 2.5204487940059544e-5
94.42 34.83 1.0623721763531842e-5
94.42 42.22 1.6403744986376454e-5
94.42 42.22 0.0008285339595944934
94.42 42.22 5.020263189689273e-5
94.42 43.86 5.981883921332325e-5
94.42 43.86 1.1395159704165184e-5
94.42 45.17 3.240575597016864e-5
94.42 45.17 7.822765231372316e-5
94.42 45.18 2.202384120423216e-5
94.42 46.38 0.00011553320820800443
94.42 46.63 2.9421587623706362e-5
94.42 46.63 0.0005082235589190869
94.42 46.64 4.856219091373198e-6
94.42 50.13 8.928581933386287e-6
94.42 50.13 0.00016031427998878305
94.42 50.13 8.238113657399887e-6
94.42 50.44 0.0008681630495348481
94.42 50.44 0.00012495989688707072
94.42 50.44 3.4175991289996205e-5
94.42 51.56 3.577701266335789e-5
94.42 51.56 0.001582248598820702
94.42 51.56 1.6915027704790793e-5
94.42 51.95 5.750724247860431e-5
94.42 55.42 0.00024820638200519354
94.42 55.42 5.314807358898132e-6
94.42 55.42 1.028248918340005e-5
94.42 55.87 2.7279676312611238e-5
94.42 55.87 1.0826253116758708e-5
94.42 57.46 0.00026975965891855937
94.42 57.46 8.248126049487098e-6
94.42 57.46 1.4294641209401815e-6
94.42 57.68 0.00015687039476710316
94.42 57.68 0.0008388933359767001
94.42 57.68 4.393854394005664e-5
94.42 58.48 1.498433280276636e-5
94.42 58.48 0.0005717828470329975
94.42 58.48 5.3197069968661594e-5
94.42 59.66 4.946672712624434e-5
94.42 59.66 5.828843386377226e-5
94.42 79.8 9.794233184726775e-6
94.42 81.17 0.00010809373139678231
94.42 81.31 1.7761929945809e-5
94.42 81.31 0.00010646404346905251
94.42 81.5 1.0324354214309554e-5
94.42 81.57 5.944494596010609e-5
94.42 81.91 5.164052408601482e-5
94.42 81.91 7.947247900881686e-6
94.42 81.92 3.029427062862561e-5
94.42 84.92 6.504289720917347e-6
94.42 84.95 7.639021795121703e-5
94.42 84.96 0.0011818808596606688
94.42 86.52 2.9356751704682805e-5
94.42 86.52 0.0006913824243300873
94.42 86.52 0.0003198998177062746
94.42 0.0 4.6929000093360585e-6
94.42 23.93 2.9700580645349636e-5
94.42 23.93 8.165341193830907e-6
94.42 24.98 1.5883304726666925e-5
94.42 24.98 0.00012057408125198046
94.42 24.98 4.952542135208535e-5
94.42 25.45 5.3051339663436724e-5
94.42 25.62 3.0043299162995997e-6
94.42 25.62 2.2392782216823392e-6
94.42 25.62 1.6720107122509982e-5
94.42 26.14 3.1914522297472036e-5
94.42 26.14 2.3246787492088507e-5
94.42 26.14 4.1337468952518664e-5
94.42 31.19 1.7470032185242081e-7
94.42 32.32 6.346882392740135e-5
94.42 32.32 1.145114996335329e-5
94.42 32.32 8.449598687078855e-7
94.42 34.75 0.00019500078245872772
94.42 34.75 2.4038650886982132e-5
94.42 34.83 2.18157639334843e-5
94.42 34.83 5.197107629866583e-6
94.42 34.83 5.021861458792839e-6
94.42 42.22 3.289851390787902e-6
94.42 42.22 4.6341929458533646e-5
94.42 42.22 1.527819913745808e-5
94.42 43.86 7.649158074678222e-5
94.42 43.86 0.00018993204891238746
94.42 45.17 7.557576914452556e-6
94.42 45.17 8.438060787803751e-5
94.42 45.18 5.1274546443263886e-5
94.42 46.38 0.00011609965586414739
94.42 46.63 3.544565396451873e-5
94.42 46.63 0.00010532383452162165
94.42 46.64 5.710484579626473e-5
94.42 50.13 5.0375213284247005e-6
94.42 50.13 2.0146023441217368e-5
94.42 50.13 8.389301403808908e-5
94.42 50.44 0.00015758336335905979
94.42 50.44 0.00010409881171006183
94.42 50.44 1.4404044319704512e-5
94.42 51.56 1.3454268794981003e-6
94.42 51.56 0.0004096497095294768
94.42 51.56 2.4158828073522538e-5
94.42 51.95 0.0001054936254851577
94.42 55.42 0.00022593174633678284
94.42 55.42 9.03379889325966e-7
94.42 55.42 6.728264840798536e-6
94.42 55.87 2.9041547541696057e-5
94.42 55.87 8.909187830571854e-7
94.42 57.46 0.00021530223677997004
94.42 57.46 2.2258133827393276e-6
94.42 57.46 5.3013706615235287e-5
94.42 57.68 1.1364423324066087e-6
94.42 57.68 7.774124408883257e-5
94.42 57.68 3.632837262863907e-5
94.42 58.48 4.266243237732061e-6
94.42 58.48 2.7227819387928522e-5
94.42 58.48 2.2080259548014674e-5
94.42 59.66 2.397512002347221e-5
94.42 59.66 7.333096277245995e-5
94.42 79.8 4.15952241470239e-5
94.42 81.17 4.565064566833684e-5
94.42 81.31 2.9985466962083816e-5
94.42 81.31 0.0005373458435245445
94.42 81.5 6.850756149551196e-5
94.42 81.57 0.00010047175730651509
94.42 81.91 5.626167314267151e-5
94.42 81.91 0.00011306981155824176
94.42 81.92 5.3713147480089046e-5
94.42 84.92 1.126169981934465e-6
94.42 84.95 1.11782342970555e-5
94.42 84.96 0.0013179700695342327
94.42 86.52 3.130196075066088e-5
94.42 86.52 0.00011324676449124316
94.42 86.52 8.514821305076966e-5
