#nmax= 2 NR= 11 Ntheta= 11 Nphi= 11
#jmax= 2 Nalpha= 11 Nphi= 11 Nchi= 11
#Ntrans= 10
#Nrot= 16

119.37841 23.50322 109.31018
119.39346 23.51827 109.32522
119.42127 23.54608 109.35303
135.51937 39.64418 125.45114
135.54433 39.66914 125.4761
135.62058 39.74539 125.55234
166.69829 70.8231 156.63005
166.73442 70.85923 156.66619
166.74603 70.87084 156.6778
166.75697 70.88178 156.68874
166.76745 70.89226 156.69922
182.23202 86.35683 172.16379
185.1453 89.27011 175.07707
185.16208 89.28689 175.09385
185.17751 89.30232 175.10928
190.97567 95.10048 180.90744
190.99871 95.12352 180.93047
191.00488 95.12969 180.93665
191.01851 95.14332 180.95028
191.02854 95.15335 180.96031
193.08096 97.20577 183.01273
193.10223 97.22704 183.03399
193.13897 97.26378 183.07073
193.15708 97.28189 183.08884
193.16183 97.28664 183.09359
198.03477 102.15958 187.96654
198.08966 102.21447 188.02143
198.11286 102.23767 188.04463
201.99228 106.11709 191.92405
225.65509 129.7799 215.58685
225.70163 129.82644 215.63339
225.7286 129.85341 215.66037
225.73068 129.85549 215.66244
225.75143 129.87624 215.6832
225.75749 129.8823 215.68925
225.78818 129.91299 215.71995
232.09267 136.21748 222.02444
232.10646 136.23127 222.03823
232.142 136.26681 222.07377
232.15503 136.27984 222.0868
232.17566 136.30047 222.10743
232.86586 136.99067 222.79763
232.91057 137.03538 222.84234
232.9146 137.03941 222.84637
243.34571 147.47052 233.27748
243.37712 147.50193 233.30888
243.38041 147.50522 233.31218
243.38955 147.51436 233.32132
243.40381 147.52862 233.33558
254.53177 158.65658 244.46353
254.56997 158.69478 244.50173
254.63284 158.75765 244.56461
257.50625 161.63106 247.43802
257.51695 161.64176 247.44872
257.51756 161.64237 247.44933
257.54124 161.66605 247.47301
257.56907 161.69388 247.50084
257.57133 161.69614 247.50309
257.59289 161.7177 247.52466
262.24427 166.36908 252.17603
262.25121 166.37602 252.18298
262.2785 166.40331 252.21027
263.43282 167.55763 253.36459
263.48602 167.61083 253.41779
263.49819 167.623 253.42995
264.38334 168.50815 254.31511
264.41679 168.5416 254.34856
264.42094 168.54575 254.35271
264.43924 168.56405 254.37101
264.46 168.58481 254.39177
264.57553 168.70034 254.5073
264.62295 168.74776 254.55471
264.62399 168.7488 254.55575
264.65006 168.77487 254.58183
264.67973 168.80454 254.6115
264.70458 168.82939 254.63635
264.71165 168.83646 254.64342
268.26149 172.38629 258.19325
268.30902 172.43383 258.24079
268.30908 172.43389 258.24085
268.33674 172.46155 258.26851
268.34924 172.47405 258.281
271.36061 175.48542 261.29238
271.41587 175.54068 261.34763
271.47229 175.5971 261.40406
291.19466 195.31947 281.12643
291.2081 195.33291 281.13987
291.24062 195.36543 281.17239
291.25114 195.37595 281.18291
291.30766 195.43247 281.23943
295.67306 199.79787 285.60483
295.68103 199.80584 285.61279
295.7074 199.83221 285.63917
295.73735 199.86216 285.66912
295.74392 199.86873 285.67569
295.75659 199.8814 285.68836
295.783 199.90781 285.71477
299.74904 203.87385 289.68081
299.75296 203.87777 289.68473
299.79186 203.91667 289.72363
