#nmax= 2 NR= 11 Ntheta= 11 Nphi= 11
#jmax= 2 Nalpha= 11 Nphi= 11 Nchi= 11
#Ntrans= 10
#Nrot= 19

95.86548083330607 0.0 85.79724769822965
128.75404708634508 32.88856625303903 118.6858139512687
128.7540470863451 32.88856625303905 118.68581395126871
128.75404708634557 32.88856625303951 118.68581395126918
163.1350444263495 67.26956359304344 153.0668112912731
163.1350444263497 67.26956359304366 153.06681129127332
163.1350444263516 67.26956359304556 153.06681129127523
165.6374721810076 69.77199134770154 155.56923904593123
165.63747218100877 69.7719913477027 155.56923904593236
165.6374721810097 69.77199134770365 155.5692390459333
165.63747218100974 69.77199134770369 155.56923904593336
165.63747218101057 69.7719913477045 155.56923904593415
187.40908389473316 91.54360306142705 177.3408507596567
187.40908389473358 91.54360306142749 177.34085075965712
187.40908389473373 91.54360306142767 177.34085075965737
187.40908389473472 91.54360306142867 177.34085075965834
187.4090838947352 91.54360306142915 177.34085075965882
189.37235177608943 93.50687094278338 179.30411864101308
189.37235177608983 93.50687094278376 179.30411864101342
189.3723517760906 93.50687094278454 179.3041186410142
189.372351776091 93.5068709427849 179.30411864101453
189.372351776091 93.5068709427849 179.30411864101453
190.0084358314734 94.14295499816735 179.94020269639702
196.02767420224748 100.16219336894142 185.9594410671711
196.02767420224748 100.16219336894144 185.9594410671711
196.0276742022484 100.16219336894234 185.959441067172
224.88117900362153 129.0156981703155 214.81294586854514
224.881179003622 129.01569817031597 214.81294586854563
224.8811790036223 129.01569817031626 214.8129458685459
224.8811790036225 129.01569817031643 214.8129458685461
224.88117900362292 129.01569817031685 214.81294586854654
224.8811790036232 129.01569817031714 214.81294586854685
224.8811790036236 129.01569817031753 214.8129458685472
229.2946570486272 133.42917621532112 219.2264239135508
229.2946570486281 133.42917621532203 219.2264239135517
229.29465704862852 133.42917621532246 219.22642391355214
229.29465704862858 133.4291762153225 219.2264239135522
229.29465704862884 133.42917621532274 219.22642391355242
230.64107963987425 134.77559880656818 220.57284650479784
230.64107963987448 134.7755988065684 220.5728465047981
230.6410796398752 134.77559880656912 220.5728465047988
233.5475314895123 137.68205065620626 223.4792983544359
233.5475314895132 137.68205065620714 223.47929835443682
233.5475314895136 137.68205065620754 223.4792983544372
233.5475314895144 137.68205065620833 223.47929835443801
233.54753148951573 137.68205065620967 223.47929835443932
235.42587932205632 139.56039848875025 225.35764618697996
240.02199872470985 144.1565178914038 229.95376558963346
240.02199872471 144.15651789140395 229.9537655896336
240.02199872471004 144.15651789140398 229.95376558963366
240.0219987247104 144.15651789140438 229.95376558963403
240.02199872471107 144.15651789140497 229.95376558963466
249.45891951258434 153.5934386792783 239.39068637750793
249.45891951258446 153.5934386792784 239.39068637750805
249.45891951258474 153.59343867927868 239.39068637750833
249.45891951258554 153.5934386792795 239.39068637750916
249.45891951258616 153.5934386792801 239.39068637750978
249.458919512587 153.59343867928092 239.39068637751058
249.45891951258722 153.59343867928115 239.39068637751083
254.9892137306013 159.12373289729524 244.92098059552492
254.98921373060145 159.12373289729538 244.92098059552507
254.98921373060284 159.12373289729678 244.92098059552643
256.5041402513246 160.63865941801853 246.43590711624822
256.5041402513252 160.63865941801916 246.4359071162488
256.50414025132534 160.6386594180193 246.43590711624896
256.5041402513258 160.63865941801973 246.43590711624938
256.50414025132625 160.6386594180202 246.43590711624987
258.50656859230656 162.6410877590005 248.43833545723015
258.5065685923075 162.6410877590014 248.4383354572311
258.5065685923078 162.64108775900172 248.4383354572314
258.5065685923082 162.64108775900215 248.43833545723183
258.50656859230827 162.6410877590022 248.4383354572319
258.5065685923089 162.64108775900283 248.43833545723248
258.5065685923094 162.64108775900334 248.43833545723302
261.10739994056837 165.24191910726233 251.039166805492
261.1073999405693 165.24191910726324 251.0391668054929
261.10739994057104 165.241919107265 251.03916680549466
261.1831637994253 165.31768296611924 251.1149306643489
261.1831637994256 165.31768296611952 251.11493066434917
261.1831637994258 165.31768296611975 251.1149306643494
261.1831637994267 165.31768296612066 251.1149306643503
261.1831637994271 165.31768296612103 251.1149306643507
268.98903621399734 173.12355538069124 258.9208030789209
268.98903621399757 173.1235553806915 258.92080307892115
268.98903621399853 173.1235553806925 258.9208030789222
295.0875461873595 199.22206535405346 285.0193130522831
295.0875461873598 199.22206535405374 285.0193130522834
295.0875461873599 199.22206535405383 285.0193130522835
295.0875461873599 199.22206535405383 285.0193130522835
295.08754618736003 199.22206535405397 285.0193130522836
295.0875461873601 199.22206535405402 285.0193130522837
295.0875461873607 199.22206535405465 285.0193130522843
295.0875461873609 199.22206535405485 285.01931305228453
295.0875461873619 199.22206535405584 285.0193130522855
295.3211805680385 199.45569973473246 285.2529474329621
295.32118056803887 199.4556997347328 285.25294743296246
295.3211805680401 199.45569973473408 285.25294743296377
295.32118056804023 199.45569973473417 285.2529474329638
295.3211805680407 199.45569973473465 285.25294743296433
296.78349948487363 200.9180186515676 286.7152663497973
