#nmax= 2 NR= 11 Ntheta= 11 Nphi= 11
#jmax= 2 Nalpha= 11 Nphi= 11 Nchi= 11
#Ntrans= 10
#Nrot= 35
#Npara= 19
#Nportho= 16

0.1  0.0  0.0  0.0
0.2  0.0  0.0  5.78121286360934e-285
0.3  0.0  -4.076617059942106e-11  2.0832969953096056e-189
0.4  0.0  -2.2930970962174352e-11  1.0551910207775781e-141
0.5  0.0  1.4675821415791585e-11  4.001156001416942e-113
0.6  0.0  -1.019154264985527e-11  4.222852783828258e-94
0.7  0.0  7.487663987648767e-12  1.5595018604048798e-80
0.8  0.0  1.7198228221630764e-11  2.2540168302603197e-70
0.9  0.0  7.700276668779535e-11  1.7500951921503292e-62
1.0  0.0  1.1814036239712226e-9  3.511351775400191e-56
1.1  0.0  1.1146347009183856e-8  4.94406668350066e-51
1.2  0.0  7.11344198103273e-8  9.506120665877033e-47
1.3  0.0  3.370641060938439e-7  3.9562481426148385e-43
1.4  0.0  1.264808713129642e-6  4.9516109077979814e-40
1.5  -3.261293647953685e-12  3.94115922827435e-6  2.371782013317958e-37
1.6  8.599114110815382e-12  1.0565754438929823e-5  5.208830107991699e-35
1.7  4.4433715359230576e-11  2.5037789228258645e-5  6.021714215215336e-33
1.8  2.321406936911477e-10  5.3557275694943046e-5  4.079809912488614e-31
1.9  9.954963349562227e-10  0.00010513309142283623  1.7631541207881055e-29
2.0  3.6620760626592443e-9  0.0001919027120420545  5.201022978595629e-28
2.1  1.1864203588429472e-8  0.00032920286200677337  1.1062098670216584e-26
2.2  3.4391529127187006e-8  0.0005353735505954781  1.7741938812980453e-25
2.3  9.051430764127108e-8  0.0008313178056364756  2.2266431733310004e-24
2.4  2.1896624928926385e-7  0.001239868088667589  2.255132263007205e-23
2.5  4.919206191344879e-7  0.001785025976885372  1.8914881836507367e-22
2.6  1.0352372730993244e-6  0.002491144740125774  1.3429196074156895e-21
2.7  2.055938640540161e-6  0.0033821181400784175  8.22249276378654e-21
2.8  3.877471586686439e-6  0.004480627171095308  4.41160718411719e-20
2.9  6.982564092906161e-6  0.005807482187202529  2.102826670067979e-19
3.0  1.2062938170924049e-5  0.007381083513453166  9.011514289319515e-19
3.1  2.00742873902487e-5  0.00921701123543297  3.508198234682248e-18
3.2  3.2294554020814285e-5  0.011327744480358741  1.2519928781999505e-17
3.3  5.038298773323968e-5  0.013722502986413539  4.1286783012429877e-17
3.4  7.64373265695076e-5  0.016407198652756284  1.2669606651615138e-16
3.5  0.00011304645771354822  0.019384481743263505  3.6404867352969345e-16
3.6  0.00016333603561791753  0.022653865172120497  9.849177700764505e-16
3.7  0.00023100499466346125  0.026211910611022113  2.521297627894498e-15
3.8  0.0003203512457780203  0.03005246050260457  6.1340192046114974e-15
3.9  0.0004362854437628668  0.03416690232211431  1.4238989744890142e-14
4.0  0.0005843322402944786  0.038544452496291265  3.1649730621546215e-14
4.1  0.0007706189504937108  0.04317244974909817  6.757874344171496e-14
4.2  0.0010018521276428654  0.04803664932041416  1.3901404449841546e-13
4.3  0.0012852828246711114  0.05312151122653837  2.762213468153318e-13
4.4  0.0016286617825026209  0.05841047735024579  5.314262840281633e-13
4.5  0.0020401859790872734  0.06388623348696346  9.921118557681307e-13
4.6  0.0025284380832061187  0.06953095360149023  1.8008274426940685e-12
4.7  0.0031023205677453737  0.07532652464434522  3.18394613039231e-12
4.8  0.0037709860860471833  0.08125475079341551  5.492420046958023e-12
4.9  0.004543765782247988  0.08729753705262826  9.258256397448565e-12
5.0  0.005430097030912994  0.09343705206331579  1.527115142740836e-11
5.1  0.006439452041646438  0.09965587091445732  2.4680451859089322e-11
5.2  0.007581268452381691  0.10593709863406635  3.9128335210494874e-11
5.3  0.008864883093410979  0.11226447533288066  6.092078056897607e-11
5.4  0.01029946965190033  0.11862246420678242  9.324350715379215e-11
5.5  0.011893980980238864  0.12499632354326454  1.4043055700045185e-10
5.6  0.013657096570747145  0.13137216395076362  2.0829356006942294e-10
5.7  0.015597175477410226  0.13773699210776189  3.0451991851362505e-10
5.8  0.017722214929110042  0.14407874220023667  4.391481604050417e-10
5.9  0.020039814674295952  0.1503862962370456  6.251285268874981e-10
6.0  0.022557147022344962  0.1566494944517382  8.789764624982589e-10
6.1  0.025280932403632658  0.16285913677507896  1.221526075689841e-9
6.2  0.028217420280151104  0.16900697648314794  1.6787898321544395e-9
6.3  0.031372375054601276  0.17508570694271397  2.28292975115144e-9
6.4  0.03475106670684293  0.1810889424030651  3.0733442146886173e-9
6.5  0.03835826575855577  0.18701119361508053  4.097873196468139e-9
6.6  0.04219824218348018  0.19284783905954123  5.41412330155855e-9
6.7  0.04627476788698186  0.19859509257319735  7.090912511358282e-9
6.8  0.05059112234677469  0.20424996793521666  9.209832985873946e-9
6.9  0.0551501010090621  0.20981024105016624  1.186692872144087e-8
7.0  0.05995402611194795  0.21527441027269606  1.5174483330881843e-8
7.1  0.06500475951202637  0.22064165539345373  1.9262911737166917e-8
7.2  0.070303717219568  0.22591179568832695  2.4282748180709687e-8
7.3  0.0758518853176415  0.2310852474301519  3.040672166104936e-8
7.4  0.08164983695758282  0.2361629812652143  3.783190878846165e-8
7.5  0.0876977501748254  0.24114647973985423  4.678195302846546e-8
7.6  0.09399542627799864  0.24603769524369634  5.75093384962808e-8
7.7  0.10054230859932838  0.25083900864332787  7.029770580861128e-8
7.8  0.10733750142982391  0.2555531887905696  8.546419703195108e-8
7.9  0.11437978891962391  0.260183353110018  1.0336181648100941e-7
8.0  0.12166765387918543  0.2647329293961752  1.243817940152042e-7
8.1  0.12919929626898452  0.2692056189586363  1.4895593754929654e-7
8.2  0.13697265134247613  0.2736053612140955  1.7755896172713819e-7
8.3  0.14498540731619633  0.27793629982813195  2.1071078009352693e-7
8.4  0.15323502251806193  0.28220275042047355  2.4897874862472916e-7
8.5  0.1617187419328312  0.28640916993365806  2.929798491282131e-7
8.6  0.170433613129607  0.29056012766370715  3.433828017802808e-7
8.7  0.17937650153193194  0.2946602779634649  4.0091009691969883e-7
8.8  0.18854410499364813  0.2987143346376219  4.6633993713912205e-7
8.9  0.1979329676856582  0.3027270470251171  5.405080816969391e-7
9.0  0.2075394933001003  0.30670317770226146  6.243095862937135e-7
9.1  0.21735995753899795  0.31064748185235846  7.187004323036921e-7
9.2  0.22739051994027576  0.3145646882071439  8.246990406081241e-7
9.3  0.23762723501134997  0.3184594815385266  9.433876662293636e-7
9.4  0.24806606273727716  0.3223364866671886  1.0759136710004107e-6
9.5  0.2587028784230617  0.32620025391639224  1.2234906725124787e-6
9.6  0.269533481951815  0.33005524596068275  1.3873995685531004e-6
9.7  0.2805536064526925  0.3339058260305206  1.5689894371712318e-6
9.8  0.2917589263913341  0.3377562473864277  1.7696783133759765e-6
9.9  0.3031450651597062  0.3416106440186855  1.990953844286683e-6
10.0  0.3147076021371348  0.345473022506102  2.2343738252995244e-6
10.1  0.3264420792772889  0.34934725498218794  2.5015666205156033e-6
10.2  0.3383440072605658  0.3532370731171576  2.794231471287349e-6
10.3  0.3504088712053348  0.3571460630906853  3.114138697279862e-6
10.4  0.3626321359954304  0.3610776614837081  3.463129794915339e-6
10.5  0.37500925123053386  0.36503515199292813  3.84311743846834e-6
10.6  0.38753565583626604  0.3690216629781461  4.2560853894132005e-6
10.7  0.4002067823457613  0.3730401657285902  4.7040883198904765e-6
10.8  0.4130180608876931  0.3770934734132416  5.189251556362907e-6
10.9  0.42596492289366794  0.3811842406634202  5.713770749673556e-6
11.0  0.4390428045494268  0.3853149637406143  6.279911477805412e-6
11.1  0.4522471500058404  0.3894879812237763  6.890008787673435e-6
11.2  0.46557341437337346  0.39370547518571597  7.546466682264413e-6
11.3  0.47901706651298687  0.39796947280858663  8.251757559379227e-6
11.4  0.49257359163591075  0.40228184838340314  9.008421608128278e-6
11.5  0.5062384937364135  0.4066443256834171  9.81906616919394e-6
11.6  0.520007297864623  0.411058480629723  1.0686365064701314e-5
11.7  0.5338755522479557  0.415525744255162  1.1613057903339159e-5
11.8  0.5478388302873188  0.4200474059041086  1.2601949366149056e-5
11.9  0.5618927324166818  0.4246246166457584  1.3655908478154328e-5
12.0  0.5760328878671692  0.42925839287906215  1.4777867870741028e-5
12.1  0.5902549563010568  0.43394962007648114  1.597082303942361e-5
12.2  0.60455462937433  0.4386990566729654  1.7237831601345475e-5
12.3  0.6189276321863972  0.4435073380483235  1.858201255656809e-5
12.4  0.6333697246672626  0.4483749805999903  2.0006545556904842e-5
12.5  0.6478767028655354  0.45330238586880656  2.1514670185757402e-5
12.6  0.662444400187148  0.4582898447117041  2.310968525210764e-5
12.7  0.677068688549613  0.46333754149739753  2.47949481015241e-5
12.8  0.6917454794779465  0.46844555830943857  2.6573873946746194e-5
12.9  0.7064707251478975  0.47361387914610487  2.844993522012223e-5
13.0  0.7212404193644228  0.47884239409432056  3.0426660949894553e-5
13.1  0.7360505984922135  0.4841309034793073  3.250763616205623e-5
13.2  0.7508973423355237  0.48947912196406496  3.469650130923816e-5
13.3  0.7657767749670538  0.4948866825971815  3.699695172783215e-5
13.4  0.78068506551823  0.5003531408105443  3.9412737124320134e-5
13.5  0.7956184289123984  0.5058779783273883  4.194766109154304e-5
13.6  0.8105731265733495  0.5114606070153762  4.460558065543222e-5
13.7  0.8255454670710146  0.5171003726427965  4.739040585251509e-5
13.8  0.8405318067483412  0.5227965585610819  5.030609933832147e-5
13.9  0.8555285502923045  0.528548389284276  5.335667602663508e-5
14.0  0.8705321512757552  0.5343550339794546  5.654620275936376e-5
14.1  0.8855391126582172  0.5402156098634391  5.987879800665572e-5
14.2  0.9005459872524934  0.5461291854941503  6.335863159674208e-5
14.3  0.9155493781491503  0.5520947839598856  6.698992447485925e-5
14.4  0.9305459391138257  0.5581113859716867  7.077694849048428e-5
14.5  0.945532374940795  0.5641779328487715  7.472402621201669e-5
14.6  0.96050544177822  0.5702933293952347  7.883553076793533e-5
14.7  0.9754619474141026  0.5764564466838739  8.311588571338314e-5
14.8  0.990398751534197  0.5826661247214567  8.756956492105641e-5
14.9  1.005312765937596  0.5889211750294232  9.22010924952106e-5
15.0  1.0202009547303748  0.5952203831045626  9.70150427075349e-5
15.1  1.0350603344760647  0.6015625107914903  0.00010201603995360985
15.2  1.049887974321646  0.6079462985487785  0.00010720875872862091
15.3  1.0646809960887342  0.6143704676206379  0.00011259792362096738
15.4  1.0794365743327126  0.6208337221153714  0.0001181883093223877
15.5  1.0941519363723802  0.627334750980994  0.0001239847406531978
15.6  1.1088243622914995  0.6338722298994767  0.00012999209260125148
15.7  1.12345118490622  0.6404448230891585  0.00013621529037318773
15.8  1.1380297897106517  0.6470511850060465  0.0001426593094565735
15.9  1.152557614783127  0.6536899619899302  0.00014932917569153306
16.0  1.1670321506796844  0.6603597937953696  0.00015622996535045853
16.1  1.1814509402865043  0.6670593150640656  0.00016336680522444744
16.2  1.1958115786552084  0.6737871567190983  0.00017074487271506877
16.3  1.2101117128098968  0.6805419472657444  0.00017836939593015915
16.4  1.224349041529754  0.6873223140497163  0.00018624565378230567
16.5  1.2385213151084065  0.6941268844179848  0.00019437897608872324
16.6  1.252626335087851  0.7009542868310966  0.00020277474367130015
16.7  1.266661953975156  0.7078031519034602  0.000211438388455542
16.8  1.280626074933398  0.7146721133814954  0.0002203753935672491
16.9  1.2945166514546929  0.7215598090673015  0.00022959129342575284
17.0  1.308331687012729  0.7284648816808091  0.0002390916738325834
17.1  1.3220692346978566  0.7353859796673969  0.0002488821720544951
17.2  1.3357273968343433  0.7423217579611663  0.00025896847689976804
17.3  1.3493043245781449  0.7492708786873236  0.0002693563287868146
17.4  1.3627982175042446  0.756232011823074  0.000280051519804069
17.5  1.3762073231756597  0.763203835817031  0.0002910598937602522
17.6  1.389529936695471  0.7701850381592509  0.0003023873462241194
17.7  1.4027644002560022  0.7771743159118195  0.0003140398245527905
17.8  1.4159091026637074  0.7841703762047647  0.0003260233279078854
17.9  1.4289624788593482  0.7911719366900452  0.0003383439072586677
18.0  1.441923009430717  0.7981777259643957  0.000351007665371427
18.1  1.4547892201067463  0.8051864839584421  0.0003640207567844319
18.2  1.4675596812534513  0.8121969622902175  0.00037738938776775524
18.3  1.4802330073526346  0.819207924600236  0.00039111981626734364
18.4  1.4928078564818525  0.8262181468420217  0.0004052183518327395
18.5  1.5052829297825614  0.8332264175683242  0.0004196913555278847
18.6  1.5176569709250387  0.8402315381698546  0.0004345452398244888
18.7  1.5299287655686744  0.8472323231085768  0.00044978646847745375
18.8  1.5420971408184108  0.8542276001155835  0.00046542155638189226
18.9  1.554160964678443  0.8612162103845472  0.0004814570694113529
19.0  1.56611914550237  0.8681970087300511  0.0004978996242367878
19.1  1.5779706314413193  0.8751688637378356  0.0005147558881259464
19.2  1.589714409892996  0.8821306578933042  0.0005320325787228663
19.3  1.6013495069481976  0.889081287700285  0.0005497364638071091
19.4  1.6128749868386836  0.8960196637802174  0.0005678743610325079
19.5  1.6242899513840332  0.9029447109561846  0.0005864531376451684
19.6  1.6355935394402863  0.909855368333211  0.00060547971018049
19.7  1.6467849263519758  0.9167505893582716  0.0006249610441390231
19.8  1.6578633234027031  0.923629341872273  0.0006449041536410022
19.9  1.6688279772714478  0.9304906081529054  0.0006653161010593838
20.0  1.6796781694882656  0.9373333849481491  0.0006862039966313089
20.1  1.690413215897715  0.9441566835012118  0.0007075749980478666
20.2  1.7010324661227954  0.950959529565601  0.0007294363100220892
20.3  1.71153530303165  0.9577409634160156  0.0007517951838351563
20.4  1.7219211422135086  0.9645000398493344  0.0007746589168607465
20.5  1.7321894314524013  0.9712358281843653  0.0007980348520675454
20.6  1.7423396502124477  0.9779474122504549  0.0008219303774999537
20.7  1.7523713091219808  0.9846338903737433  0.0008463529257369422
20.8  1.7622839494688367  0.9912943753591321  0.000871309973329256
20.9  1.7720771426944562  0.9979279944660773  0.0008968090402148467
21.0  1.7817504898986611  1.0045338893847933  0.0009228576891128429
21.1  1.7913036213489593  1.0111112162008304  0.0009494635248959774
21.2  1.800736195993258  1.0176591453671164  0.0009766341939416992
21.3  1.8100479009806092  1.0241768616616356  0.0010043773834621144
21.4  1.819238451188308  1.0306635641535637  0.0010327008208128484
21.5  1.8283075887528977  1.0371184661574167  0.0010616122727811167
21.6  1.8372550826075733  1.0435407951900426  0.0010911195448530682
21.7  1.8460807280284495  1.0499297929276963  0.0011212304804606931
21.8  1.8547843461823874  1.0562847151542683  0.0011519529602084912
21.9  1.8633657836846318  1.0626048317157115  0.0011832949010801526
22.0  1.8718249121613046  1.0688894264638433  0.0012152642556254448
22.1  1.8801616278148583  1.0751377972113625  0.0012478690111276298
22.2  1.8883758510014912  1.0813492556721485  0.001281117188751652
22.3  1.896467525809471  1.0875231274103538  0.0013150168426734055
22.4  1.9044366196434552  1.0936587517828014  0.0013495760591903324
22.5  1.9122831228194181  1.0997554818829214  0.0013848029558137282
22.6  1.920007048158279  1.105812684483956  0.0014207056803430037
22.7  1.9276084305913193  1.1118297399788946  0.001457292409922314
22.8  1.9350873267655277  1.1178060423214415  0.0014945713500798075
22.9  1.9424438146601675  1.1237409989693117  0.0015325507337499156
23.0  1.9496779932026687  1.1296340308175887  0.0015712388202790454
23.1  1.9567899818951764  1.1354845721406588  0.0016106438944149344
23.2  1.9637799204407498  1.1412920705298564  0.0016507742652802516
23.3  1.9706479683794926  1.1470559868303312  0.0016916382653305781
23.4  1.9773943047256732  1.1527757950759523  0.0017332442492974407
23.5  1.9840191276121033  1.1584509824257183  0.0017756005931165103
23.6  1.9905226539365466  1.1640810490972953  0.001818715692841633
23.7  1.9969051190160632  1.1696655083044911  0.0018625979635449482
23.8  2.0031667762414727  1.1752038861867549  0.0019072558382035344
23.9  2.009307896738768  1.1806957217426908  0.001952697766573153
24.0  2.015328769034369  1.186140566762201  0.0019989322140492923
24.1  2.0212296987236007  1.191537985757595  0.0020459676605161536
24.2  2.0270110081424377  1.1968875558929113  0.0020938125991839017
24.3  2.0326730360440473  1.2021888669131855  0.0021424755354147495
24.4  2.0382161372794085  1.2074415210734666  0.0021919649855381617
24.5  2.043640682479188  1.2126451330645278  0.002242289475655831
24.6  2.0489470577403037  1.217799329941286  0.0022934575404366495
24.7  2.0541356643163065  1.2229037510469374  0.0023454777219025116
24.8  2.059206918310736  1.2279580479382435  0.002398358568204896
24.9  2.064161250370727  1.2329618843075536  0.0024521086323933193
25.0  2.0689991053885506  1.2379149359072295  0.0025067364711754687
25.1  2.07372094220121  1.2428168904692334  0.0025622506436700798
25.2  2.0783272332951386  1.247667447627013  0.002618659710152696
25.3  2.0828184645142005  1.2524663188334415  0.002675972230794812
25.4  2.087195134768438  1.257213227279167  0.002734196764397082
25.5  2.0914577557455636  1.261907907810163  0.0027933418671168076
25.6  2.095606851626844  1.2665501068431728  0.002853416091190369
25.7  2.0996429588022787  1.2711395822794629  0.0029144279836510445
25.8  2.1035666255910273  1.2756761034199862  0.002976386085042603
25.9  2.107378411961771  1.2801594508768106  0.0030392989281293158
26.0  2.1110788892567323  1.284589416482696  0.0031031750366027366
26.1  2.1146686399166494  1.2889658032042757  0.003168022923785711
26.2  2.1181482572089885  1.2932884250481231  0.0032338510913342273
26.3  2.1215183449570914  1.2975571069685967  0.0033006680279374753
26.4  2.1247795172720205  1.3017716847748777  0.0033684822080165527
26.5  2.127932398285853  1.3059320050349381  0.003437302090422491
26.6  2.1309776218875234  1.3100379249809055  0.0035071361171337295
26.7  2.1339158314594084  1.3140893124099646  0.003577992711953835
26.8  2.1367476796178035  1.3180860455872763  0.003649880279209792
26.9  2.1394738279525747  1.32202801314511  0.0037228072024511746
27.0  2.1420949467702837  1.325915113982191  0.003796781843151074
27.1  2.1446117148395247  1.3297472571626772  0.0038718125394085466
27.2  2.147024819136816  1.3335243618110202  0.003947907604653948
27.3  2.149334954594878  1.3372463570096595  0.004025075326356565
27.4  2.1515428238525875  1.3409131816919921  0.004103323964735949
27.5  2.1536491370070094  1.3445247845360961  0.004182661751476592
27.6  2.1556546113667747  1.3480811238585446  0.004263096888447012
27.7  2.1575599712075797  1.3515821675032762  0.004344637546423131
27.8  2.159365947529336  1.355027892734184  0.004427291863816768
27.9  2.1610732778150643  1.35841828612352  0.004511067945409385
28.0  2.1626827057920135  1.3617533434396085  0.004595973861091804
28.1  2.1641949811937065  1.3650330695357742  0.004682017644609801
28.2  2.165610859525375  1.3682574782354993  0.004769207292316581
28.3  2.166931101829504  1.3714265922185542  0.00485755076193195
28.4  2.1681564744546598  1.374540442906358  0.00494705597130897
28.5  2.1692877488253317  1.3775990703456094  0.005037730797208343
28.6  2.170325701214015  1.3806025230904484  0.005129583074080789
28.7  2.1712711125155972  1.3835508580868396  0.00522262059285788
28.8  2.17212476802396  1.3864441405534689  0.005316851099751771
28.9  2.1728874572082693  1.3892824438627185  0.005412282295063896
29.0  2.173559973495421  1.392065849421308  0.005508921832003409
29.1  2.1741431140499254  1.3947944465505357  0.005606777315515122
29.2  2.174637679560556  1.3974683323655164  0.0057058563011179635
29.3  2.1750444740247237  1.4000876116540035  0.00580616629375352
29.4  2.175364304537891  1.4026523967549718  0.005907714746645624
29.5  2.1755979810846595  1.4051628074365774  0.006010509060170948
29.6  2.1757463163317308  1.407618970773907  0.006114556580740934
29.7  2.175810125421418  1.4100210210257795  0.006219864599695471
29.8  2.1757902257718587  1.4123690995129532  0.006326440352208359
29.9  2.1756874368743495  1.4146633544934726  0.006434291016205259
30.0  2.175502580097143  1.416903941040577  0.006543423711293829
