1.0 0.0038813371419034485
1.134 0.004489531906692264
1.268 0.005124094424509082
1.4020000000000001 0.005786111979444656
1.536 0.006475300780715692
1.67 0.0071892000024064906
1.804 0.007922694475365472
1.9380000000000002 0.008668520257746634
2.072 0.009419154293625692
2.206 0.010169554845706663
2.34 0.010919274245184211
2.474 0.011672652734146024
2.608 0.012437179611687733
2.742 0.013221281066488955
2.8760000000000003 0.014032723157905352
3.0100000000000002 0.014877992616149428
3.144 0.015762395017127225
3.278 0.016690475759836128
3.412 0.017666492647097288
3.5460000000000003 0.018694814268356705
3.68 0.01978020080574361
3.814 0.02092794399971476
3.9480000000000004 0.02214382104962288
4.082000000000001 0.02343377154387311
4.216 0.024803161872713423
4.35 0.02625551513403149
4.484 0.02779077226451727
4.618 0.029403645489965824
4.752000000000001 0.03108332871795672
4.886 0.03281597299032011
5.0200000000000005 0.03458967756976541
5.154 0.036398546535231106
5.288 0.038241094567778106
5.422000000000001 0.04011213985436797
5.556 0.041993668371905
5.69 0.04385302601258568
5.824 0.045653256549984436
5.958 0.047371589155504795
6.0920000000000005 0.049013891383970054
6.226 0.05061455240007031
6.36 0.052223146161128046
6.494000000000001 0.05388853424933202
6.628 0.0556491918758989
6.7620000000000005 0.05753116192490341
6.896000000000001 0.05955047797359713
7.03 0.06171668920685263
7.164000000000001 0.06403575973978479
7.298 0.06651200616369138
7.432 0.06914930316535442
7.566000000000001 0.0719518268015041
7.7 0.074924508757532
7.8340000000000005 0.07807330578634308
7.968 0.08140535474964952
8.102 0.08492906377147633
8.236 0.08865417441583816
8.370000000000001 0.09259181742844187
8.504000000000001 0.09675457575854965
8.638000000000002 0.10115656295846137
8.772 0.10581352185109485
8.906 0.11074294676439532
9.040000000000001 0.11596423205123972
9.174000000000001 0.12149884965129636
9.308 0.12737055887550716
9.442 0.1336056522824222
9.576 0.14023324241559385
9.71 0.14728559527287394
9.844000000000001 0.1547985176991884
9.978 0.16281180746956359
10.112 0.17136977670568537
10.246 0.1805218614984092
10.38 0.19032333323502587
10.514000000000001 0.20083613017012622
10.648 0.21212983117778658
10.782 0.22428279717145216
10.916 0.2373835088558074
11.05 0.2515321311593403
11.184000000000001 0.2668423326445481
11.318000000000001 0.2834433781639689
11.452 0.3014824874232615
11.586 0.3211273982266998
11.72 0.34256897215241594
11.854000000000001 0.36602351077790457
11.988000000000001 0.3917342076233254
12.122 0.41997091631962485
12.256 0.45102745212863754
12.39 0.4852166535179048
12.524000000000001 0.5228664972436817
12.658000000000001 0.5643260726715581
12.792000000000002 0.6099948793036181
12.926 0.6603837381916211
13.06 0.716194461209631
13.194 0.7783835669905526
13.328000000000001 0.848183455386095
13.462000000000002 0.9270925161381954
13.596 1.0168719330721963
13.73 1.1195775007285325
13.864 1.2376308406592047
13.998000000000001 1.3739213665182843
14.132000000000001 1.531930199940443
14.266 1.7158703608790953
14.4 1.9308367602806542
14.534 2.1829513099888302
14.668000000000001 2.4794692993010234
14.802000000000001 2.828776687593226
14.936 3.2401438654558903
15.07 3.7229974761467903
15.204 4.285323951051302
15.338000000000001 4.930661895728942
15.472000000000001 5.653122097587945
15.606000000000002 6.430360466112505
15.74 7.216016581921835
15.874 7.9361049053538135
16.008000000000003 8.496589669672222
16.142000000000003 8.807043644550395
16.276000000000003 8.813879724567284
16.41 8.523463470696521
16.544 7.997977038554153
16.678 7.327733182762985
16.812 6.600022972215137
16.946 5.880531624355463
17.080000000000002 5.209430936960162
17.214000000000002 4.606012834769647
17.348000000000003 4.075624513726028
17.482 3.6156375200311373
17.616 3.219572328515998
17.75 2.8795922922046366
17.884 2.587855303977712
18.018 2.337158426228158
18.152 2.1211815568148085
18.286 1.9345215033390206
18.42 1.7726273168438842
18.554000000000002 1.6316972309452642
18.688000000000002 1.5085680062900777
18.822000000000003 1.4006110639705769
18.956 1.3056410853854343
19.09 1.2218383794628307
19.224 1.1476842859266814
19.358 1.0819080748889653
19.492 1.023443604653129
19.626 0.971394083914693
19.76 0.9250034822816255
19.894000000000002 0.8836333603159116
20.028000000000002 0.8467441083805528
20.162000000000003 0.813879776991404
20.296 0.7846558461839479
20.43 0.7587494190376914
20.564 0.7358914385744438
20.698 0.7158606219987067
20.832 0.6984788857908801
20.966 0.6836081031327726
21.1 0.6711480944999032
21.234 0.6610358050381002
21.368000000000002 0.653245669222781
21.502000000000002 0.6477912026460575
21.636000000000003 0.6447278868369573
21.77 0.6441574124835432
21.904 0.6462332921592278
22.038 0.6511676937131343
22.172 0.6592389849111693
22.306 0.6707987535767956
22.44 0.6862757081034547
22.574 0.7061714905481329
22.708000000000002 0.731039652305452
22.842000000000002 0.7614338633465034
22.976000000000003 0.797806435425855
23.110000000000003 0.8403388168337562
23.244 0.8887029821066348
23.378 0.94179849876208
23.512 0.9975733939190047
23.646 1.05305015794992
23.78 1.1045575317946053
23.914 1.1480028477121784
24.048000000000002 1.1791229008556496
24.182000000000002 1.1940395481246406
24.316000000000003 1.1904347012235432
24.450000000000003 1.1688473381177582
24.584000000000003 1.1329674575474435
24.718 1.0884714244763354
24.852 1.041196932253467
24.986 0.9957787075967934
25.12 0.955185490617185
25.254 0.9209188858180359
25.388 0.8934614597524576
25.522000000000002 0.8727036068477586
25.656000000000002 0.8582509716010357
25.790000000000003 0.8496104195247715
25.924000000000003 0.8462835410821911
26.058 0.8477965174753506
26.192 0.8536869554971103
26.326 0.8634637539287559
26.46 0.8765612164386002
26.594 0.8923234761046059
26.728 0.9100651406120943
26.862000000000002 0.9292265733057723
26.996000000000002 0.9495636193154965
27.130000000000003 0.9712463579270229
27.264000000000003 0.9947885969985485
27.398000000000003 1.020862872037982
27.532 1.0501263542392443
27.666 1.0831343105632087
27.8 1.1203364791365709
27.934 1.1621156627361608
28.068 1.2088346851547631
28.202 1.2608762067281905
28.336000000000002 1.3186725725162711
28.470000000000002 1.3827281196660701
28.604000000000003 1.4536373996082903
28.738000000000003 1.5321022659841546
28.872 1.6189500421836367
29.006 1.7151544434715271
29.14 1.821860651392079
29.274 1.9404158775763474
29.408 2.0724068535689892
29.542 2.2197058982612323
29.676000000000002 2.384527509462594
29.810000000000002 2.5694977622681963
29.944000000000003 2.777739115151174
30.078000000000003 3.012973426905758
30.212000000000003 3.2796459255361046
30.346 3.583072379512016
30.48 3.929610793492965
30.614 4.326858213050115
30.748 4.783874841672996
30.882 5.311445938466297
31.016000000000002 5.92241010710175
31.150000000000002 6.632099091906205
31.284000000000002 7.458900700599685
31.418000000000003 8.424797580096431
31.552000000000003 9.55544242543189
31.686000000000003 10.87904006354368
31.82 12.423121215478258
31.954 14.208066588001435
32.088 16.23589830008714
32.222 18.47302559729319
32.356 20.827864180000503
32.49 23.13042014457559
32.624 25.13064219365433
32.758 26.537547785856987
32.892 27.105395014830464
33.026 26.732065684279572
33.160000000000004 25.504857789959782
33.294000000000004 23.658515131322513
33.428000000000004 21.47882634040343
33.562000000000005 19.216128882328857
33.696000000000005 17.044454718535075
33.830000000000005 15.061267439575676
33.964 13.306496592487546
34.098 11.784160946810774
34.232 10.479251497122297
34.366 9.368692284971322
34.5 8.427613706606447
34.634 7.632549425253567
34.768 6.962828755875574
34.902 6.400999566462296
35.036 5.932776403806896
35.17 5.546784861343639
35.304 5.234236663084371
35.438 4.98858688510418
35.572 4.8051687593290815
35.706 4.6807537474191925
35.84 4.612933053842578
35.974000000000004 4.599160479433528
36.108000000000004 4.63526066792904
36.242000000000004 4.713273436526971
36.376000000000005 4.818841067669915
36.510000000000005 4.92913289900043
36.644000000000005 5.01337289321881
36.778 5.038259673858154
36.912 4.978137774365622
37.046 4.825032067365749
37.18 4.591534534117573
37.314 4.3043248837714065
37.448 3.9933771738758117
37.582 3.6836038581071024
37.716 3.391634977981393
37.85 3.126419269930624
37.984 2.891324212944411
38.118 2.686239692387761
38.252 2.509141151300459
38.386 2.35706952559557
38.52 2.2266586279837375
38.654 2.1143849683427636
38.788000000000004 2.016725107879655
38.922000000000004 1.930380888201876
39.056000000000004 1.852621361741004
39.190000000000005 1.7816010685324633
39.324000000000005 1.716417749430456
39.458000000000006 1.6568300237017688
39.592 1.6028225640668177
39.726 1.55428567988194
39.86 1.5109302887067066
39.994 1.4723783482083976
40.128 1.4382868230636754
40.262 1.4083975029583022
40.396 1.3825060845446846
40.53 1.3604185347177102
40.664 1.3419509316472462
40.798 1.3269656280076978
40.932 1.3153980360577464
41.066 1.3072468756255962
41.2 1.302541491124347
41.334 1.3013144819559737
41.468 1.303592987588671
41.602000000000004 1.3094046434859885
41.736000000000004 1.318789090196427
41.870000000000005 1.3318089310983847
42.004000000000005 1.348558062644244
42.138000000000005 1.3691675602125182
42.272000000000006 1.3938099950858918
42.406000000000006 1.4227030118383523
42.54 1.4561127824225524
42.674 1.494357875141202
42.808 1.537814306110237
42.942 1.58692309389907
43.076 1.6422020856928548
43.21 1.7042631378264348
43.344 1.7738333458336182
43.478 1.851776834379157
43.612 1.9391149931791714
43.746 2.0370475697364894
43.88 2.1469799045964035
44.014 2.2705605159666917
44.148 2.409730880608975
44.282000000000004 2.566788389462708
44.416000000000004 2.744464181037767
44.550000000000004 2.946018833505246
44.684000000000005 3.175360085615611
44.818000000000005 3.437187703354904
44.952000000000005 3.7371712487450717
45.086000000000006 4.082166574728047
45.220000000000006 4.480475700665065
45.354 4.942150975850678
45.488 5.479335598942439
45.622 6.106614031993963
45.756 6.841309311089098
45.89 7.70359494537139
46.024 8.71616256453455
46.158 9.90296934467002
46.292 11.28625590158553
46.426 12.880610385721527
46.56 14.682573318782259
46.694 16.654758521735147
46.828 18.70599250596994
46.962 20.67502492111765
47.096000000000004 22.333879534689878
47.230000000000004 23.429401005841306
47.364000000000004 23.7635493948068
47.498000000000005 23.27544533592694
47.632000000000005 22.06873583734522
47.766000000000005 20.36313249881364
47.900000000000006 18.407819799229713
48.034000000000006 16.411630276867395
48.168000000000006 14.514458148891118
48.302 12.791265236333988
48.436 11.269906023642893
48.57 9.949601699900143
48.704 8.814829142746046
48.838 7.844127533823103
48.972 7.01503369637834
49.106 6.30652601996054
49.24 5.700024993824726
49.374 5.179624810846
49.508 4.73194964719274
49.642 4.345847247975583
49.776 4.012025378665857
49.910000000000004 3.7226782647365
50.044000000000004 3.471124151244626
50.178000000000004 3.251473964788445
50.312000000000005 3.058371632782033
50.446000000000005 2.886879494676441
50.580000000000005 2.732588432052092
50.714000000000006 2.5919406142440895
50.848000000000006 2.462562842387992
50.982000000000006 2.343314286823275
51.116 2.233946328155393
51.25 2.134583491495126
51.384 2.0453167262042458
51.518 1.9660313147407464
51.652 1.896415424642216
51.786 1.8360450356111488
51.92 1.7844739766577744
52.054 1.7413015567743526
52.188 1.7062158113754973
52.322 1.6790193737122487
52.456 1.6596457613786018
52.59 1.6481720926446635
52.724000000000004 1.64483234545138
52.858000000000004 1.650033917302759
52.992000000000004 1.6643794310046465
53.126000000000005 1.6886952621251936
53.260000000000005 1.7240679010135505
53.394000000000005 1.771888722715999
53.528000000000006 1.8339066165700821
53.662000000000006 1.9122855521347741
53.79600000000001 2.009659364135208
53.93 2.1291668288514773
54.064 2.274433231355754
54.198 2.4494353636409745
54.332 2.658139983568114
54.466 2.903740207698953
54.6 3.187247992034799
54.734 3.5052034361868936
54.868 3.8465028034150914
55.002 4.189094314904833
55.136 4.498647777296706
55.27 4.732473894513541
55.404 4.850709995012096
55.538000000000004 4.831428344451113
55.672000000000004 4.6805131504855275
55.806000000000004 4.428850027498522
55.940000000000005 4.119118764032886
56.074000000000005 3.7915952416150396
56.208000000000006 3.476053823651521
56.342000000000006 3.190412606819142
56.476000000000006 2.9431631552574404
56.61000000000001 2.736718782513706
56.744 2.570221433922642
56.878 2.4414437823199684
57.012 2.3479133286758254
57.146 2.2874938593900676
57.28 2.258614566801312
57.414 2.2602568163214163
57.548 2.2917364859085394
57.682 2.352271198442212
57.816 2.440310787647856
57.95 2.5526541833089254
58.084 2.6834785639269585
58.218 2.823531614077077
58.352000000000004 2.9598563412887477
58.486000000000004 3.0765498811775847
58.620000000000005 3.157024711128011
58.754000000000005 3.1875382661309137
58.888000000000005 3.160601535919908
59.022000000000006 3.076723969799894
59.156000000000006 2.944095415243492
59.290000000000006 2.7765865346263428
59.42400000000001 2.5905406469008456
59.55800000000001 2.4012787667289106
59.692 2.2205931616153562
59.826 2.0559009405472093
59.96 1.9107560643416919
60.094 1.7859711062749137
60.228 1.6807350290665912
60.362 1.5934347068334478
60.496 1.5221316234303308
60.63 1.4647636382102127
60.764 1.4191782576471101
60.898 1.3831131436104092
61.032000000000004 1.354248808291996
61.166000000000004 1.330435413354565
61.300000000000004 1.3100751972684015
61.434000000000005 1.292455805351855
61.568000000000005 1.2777785713101812
61.702000000000005 1.2668366639573734
61.836000000000006 1.2605573809234591
61.970000000000006 1.2596486284264041
62.104000000000006 1.2644258894092084
62.23800000000001 1.2747660991506717
62.37200000000001 1.2901287314386807
62.506 1.309646045360462
62.64 1.3323305117750357
62.774 1.3574174546121478
62.908 1.3847448323109324
63.042 1.4149657533054654
63.176 1.4494519249300963
63.31 1.4899701077194552
63.444 1.5383611939420803
63.578 1.5963832142181054
63.712 1.6657248675974583
63.846000000000004 1.7481139822442093
63.980000000000004 1.8454499250391976
64.114 1.9599217491777183
64.248 2.094095776689699
64.382 2.2509596908446117
64.516 2.433899079236102
64.65 2.6465603591522773
64.784 2.8925230125982715
64.918 3.1746703486871963
65.052 3.4941402873541763
65.186 3.848837640770166
65.32000000000001 4.231833541151032
65.45400000000001 4.630623599214691
65.58800000000001 5.028801426555171
65.72200000000001 5.411187288237032
65.85600000000001 5.770953558354817
65.99000000000001 6.114354620707545
66.12400000000001 6.4592017314155665
66.25800000000001 6.82788268673677
66.39200000000001 7.2392254478346665
66.52600000000001 7.701999901668127
66.66000000000001 8.209354223214092
66.794 8.732880396463953
66.928 9.218350144204988
67.062 9.589425653680888
67.196 9.765516878682757
67.33 9.691102161082256
67.464 9.360626083923579
67.598 8.82098079092373
67.732 8.150048631976807
67.866 7.4277859492294755
68.0 6.716701514192469
68.134 6.056217040984998
68.268 5.466002121150896
68.402 4.9521454679075925
68.536 4.512726540410373
68.67 4.141791652771227
68.804 3.831854062516113
68.938 3.5753182727122197
69.072 3.365204138612048
69.206 3.195451714103311
69.34 3.0609951753207922
69.474 2.957721963923994
69.608 2.8823834157575456
69.742 2.832491832132131
69.876 2.8062212494025935
70.01 2.802320571170327
70.144 2.82004392104609
70.278 2.859098830344616
70.412 2.9196040561912646
70.546 3.00204117039231
70.68 3.1071971139191175
70.81400000000001 3.236138848478422
70.94800000000001 3.390303711635765
71.08200000000001 3.57176673095017
71.21600000000001 3.7836361100221576
71.35000000000001 4.030421138147403
71.48400000000001 4.318249191750053
71.61800000000001 4.654951695502784
71.75200000000001 5.0501144161692695
71.88600000000001 5.515153818596673
72.02000000000001 6.063449623962012
72.15400000000001 6.710550855524102
72.28800000000001 7.474388662730218
72.42200000000001 8.37522827680827
72.556 9.434806877008969
72.69 10.673804951621666
72.824 12.10653753590815
72.958 13.73159496906304
73.092 15.517525752314727
73.226 17.384693899917615
73.36 19.189661396913262
73.494 20.72626299065067
73.628 21.76078955567761
73.762 22.10401299351088
73.896 21.68875741835322
74.03 20.600613635839952
74.164 19.037906017252542
74.298 17.23219890652117
74.432 15.381026898597826
74.566 13.618530152906251
74.7 12.017660685933413
74.834 10.60645187657288
74.968 9.385457181658865
75.102 8.34102414197134
75.236 7.453758317672601
75.37 6.703273297197737
75.504 6.0705238906121135
75.638 5.5387059831988745
75.772 5.093339493978379
75.906 4.72187227152192
76.04 4.412976903126334
76.174 4.155667002823687
76.308 3.938450646454519
76.44200000000001 3.7489380932698517
76.57600000000001 3.5744363329989115
76.71000000000001 3.4037333939094703
76.84400000000001 3.229399935841197
76.97800000000001 3.049214142808182
77.11200000000001 2.865701985743581
77.24600000000001 2.6840941180960614
77.38000000000001 2.5099591145887916
77.51400000000001 2.3476106279657016
77.64800000000001 2.1995635164282663
77.78200000000001 2.0666957392912124
77.91600000000001 1.948675967151801
78.05000000000001 1.8444030643170737
78.184 1.752386169776661
78.318 1.6710656822103278
78.452 1.5990463965248956
78.586 1.535163889451416
78.72 1.4783388200104342
78.854 1.4272996450563213
78.988 1.3803637286285528
79.122 1.3354778805130176
79.256 1.2906149021202222
79.39 1.244392593682408
79.524 1.1965383583670135
79.658 1.1478553976698662
79.792 1.0997263653970462
79.926 1.053520711804988
80.06 1.0102242873984597
80.194 0.9703509659034714
80.328 0.93402767125811
80.462 0.9011295641978974
80.596 0.8713904419981321
80.73 0.8444593438105529
80.864 0.8199096548968591
80.998 0.7972347381325957
81.132 0.7758752138085234
81.266 0.7553039997979853
81.4 0.7351450633503908
81.534 0.7152556071784968
81.668 0.6957149469152253
81.802 0.6767328533474917
81.936 0.658540198438672
82.07000000000001 0.6413139987171615
82.20400000000001 0.6251501702046842
82.33800000000001 0.6100705255608236
82.47200000000001 0.5960444353437498
82.60600000000001 0.5830112437969446
82.74000000000001 0.5708973282518913
82.87400000000001 0.5596269209430074
83.00800000000001 0.5491280154522681
83.14200000000001 0.5393350519488772
83.27600000000001 0.5301897349131194
83.41000000000001 0.5216408793761906
83.54400000000001 0.513643817048817
83.67800000000001 0.5061596527104221
83.81200000000001 0.49915451724789617
83.946 0.49259888336171115
84.08 0.4864669676079965
84.214 0.48073622153643597
84.348 0.47538690533952144
84.482 0.4704017340597483
84.616 0.46576558595878154
84.75 0.46146526352572814
84.884 0.4574892989699082
85.018 0.4538277975091705
85.152 0.4504723131489806
85.286 0.4474157528784663
85.42 0.4446523062580224
85.554 0.4421773982116998
85.688 0.43998766340362655
85.822 0.4380809407282469
85.956 0.4364562858816015
86.09 0.4351139981305622
86.224 0.4340556532013677
86.358 0.43328412581376385
86.492 0.4328035697415636
86.626 0.432619295885159
86.76 0.43273744451873275
86.894 0.4331642850247526
87.028 0.4339049102777726
87.162 0.43496108598620403
87.296 0.4363282247632819
87.43 0.43799213909856977
87.56400000000001 0.4399275223791893
87.69800000000001 0.4421013366822145
87.83200000000001 0.4444833423906089
87.96600000000001 0.4470610253937759
88.10000000000001 0.44985019593598546
88.23400000000001 0.45289338512390237
88.36800000000001 0.45624743108016946
88.50200000000001 0.45996931047134293
88.63600000000001 0.4641076871788553
88.77000000000001 0.4687012894037969
88.90400000000001 0.47378131946615265
89.03800000000001 0.479374973849577
89.17200000000001 0.4855085210033703
89.30600000000001 0.49220952208409635
89.44000000000001 0.4995083116766415
89.57400000000001 0.5074389897359212
89.708 0.5160401475490074
89.842 0.5253554858460545
89.976 0.5354344282419699
90.11 0.5463327970259171
90.244 0.5581135979283081
90.378 0.570847950832315
90.512 0.5846162002575443
90.646 0.5995092397320898
90.78 0.6156300853665685
90.914 0.6330957334070388
91.048 0.6520393307535179
91.182 0.6726126710875839
91.316 0.6949889936085512
91.45 0.7193659896862987
91.584 0.7459687787059266
91.718 0.7750523248898747
91.852 0.8069022305012601
91.986 0.8418320329820921
92.12 0.8801743208349087
92.254 0.9222629034890264
92.388 0.9684051566285317
92.522 1.0188487852629808
92.656 1.0737547141827006
92.79 1.1331913591846698
92.924 1.1971582087254242
93.058 1.2656391882564513
93.19200000000001 1.338703979767739
93.32600000000001 1.416696620268865
93.46000000000001 1.5004945226310145
93.59400000000001 1.5917015267894834
93.72800000000001 1.6926300959273426
93.86200000000001 1.8060980886738047
93.99600000000001 1.9352166254111474
94.13000000000001 2.083314048690375
94.26400000000001 2.2540148978806935
94.39800000000001 2.4514172252874107
94.53200000000001 2.680310682713479
94.66600000000001 2.946403684813901
94.80000000000001 3.256544536245715
94.93400000000001 3.618918866662551
95.06800000000001 4.043183417802794
95.20200000000001 4.540450126883084
95.33600000000001 5.12295274393379
95.47 5.803092840933534
95.604 6.591363113402461
95.738 7.4924268376741585
95.872 8.49858295453742
96.006 9.580432986988667
96.14 10.676564575219846
96.274 11.687964707020738
96.408 12.486861676663388
96.542 12.947531600050992
96.676 12.99202236891348
96.81 12.62464217916225
96.944 11.929518822956899
97.078 11.033182014318003
97.212 10.059540204859143
97.346 9.101661059622753
97.48 8.215039330665327
97.614 7.423972287665477
97.748 6.73196098670173
97.882 6.1314712500025985
98.016 5.611578780295441
98.15 5.162874902281906
98.284 4.779322631399655
98.418 4.457721120019822
98.552 4.196288783366533
98.686 3.99363257289476
98.82000000000001 3.848465334048174
98.95400000000001 3.7598051205455976
99.08800000000001 3.7272814672820536
99.22200000000001 3.7512969479844225
99.35600000000001 3.8328925175411492
99.49000000000001 3.973169999336465
99.62400000000001 4.1720628165536615
99.75800000000001 4.426191279442677
99.89200000000001 4.7256370203714395
100.02600000000001 5.049981993023388
100.16000000000001 5.365154046299128
100.29400000000001 5.624260744206661
100.42800000000001 5.776000722471348
100.56200000000001 5.780640375354069
100.69600000000001 5.626176224732529
100.83000000000001 5.333542411032528
100.96400000000001 4.946741191214584
101.098 4.515449488991937
101.232 4.0810656084648
101.366 3.671067868669762
101.5 3.299913126827059
101.634 2.972677910294371
101.768 2.688791628516908
101.902 2.4448224077040406
102.036 2.23623064040346
102.17 2.0583435022169123
102.304 1.906831996411307
102.438 1.7779020899286784
102.572 1.6683351859796118
102.706 1.5754567322486892
102.84 1.497076147223826
102.974 1.431420999730347
103.108 1.3770777502575284
103.242 1.3329450516886443
103.376 1.298198859353757
103.51 1.2722599882150458
103.644 1.2547488814426806
103.778 1.2454139423158046
103.912 1.244024439276404
104.046 1.2502202975779322
104.18 1.2633171766885525
104.31400000000001 1.282098265523153
104.44800000000001 1.3046987255546656
104.58200000000001 1.3287707615822455
104.71600000000001 1.3520848258267788
104.85000000000001 1.3734453434960443
104.98400000000001 1.3934161966779575
105.11800000000001 1.4143342344482828
105.25200000000001 1.4396200879522294
105.38600000000001 1.4729157616357138
105.52000000000001 1.517545832690715
105.65400000000001 1.5764144844754595
105.78800000000001 1.6521797209727784
105.92200000000001 1.7475154040250993
106.05600000000001 1.86535040231347
106.19000000000001 2.009045720509497
106.32400000000001 2.182503091597308
106.45800000000001 2.3901958528284633
106.59200000000001 2.6370708164907235
106.72600000000001 2.9281735708757832
106.86 3.267712135163868
106.994 3.657171780881035
107.128 4.092147537850766
107.262 4.5579379204267845
107.396 5.02493661457254
107.53 5.446645292840492
107.664 5.764743689171455
107.798 5.924107197997988
107.932 5.893515046490402
108.066 5.679671795629076
108.2 5.323980583844601
108.334 4.88467825207746
108.468 4.417128794647122
108.602 3.9623248914584215
108.736 3.544771836009951
108.87 3.1757483887503164
109.004 2.8579285066779483
109.138 2.5892749707316147
109.272 2.3656702949947763
109.406 2.1824658255905525
109.54 2.035298174242259
109.674 1.9204660501379032
109.808 1.8350576465638264
109.94200000000001 1.7769315160187398
110.07600000000001 1.7445896399021017
110.21000000000001 1.736931631047553
110.34400000000001 1.7528371913709542
110.47800000000001 1.7904959152551045
110.61200000000001 1.8464212739813595
110.74600000000001 1.914221659465128
110.88000000000001 1.983545544803125
111.01400000000001 2.0401272607688195
111.14800000000001 2.0680664718573936
111.28200000000001 2.054509439202186
111.41600000000001 1.9946793984093074
111.55000000000001 1.8938378048529705
111.68400000000001 1.764632807205722
111.81800000000001 1.6218912291099554
111.95200000000001 1.4782271081237666
112.08600000000001 1.3421324409157678
112.22000000000001 1.2181274185690147
112.35400000000001 1.107824116801004
112.488 1.0110628064815657
112.622 0.9267746166305956
112.756 0.853530022062817
112.89 0.7898458707830108
113.024 0.7343367081673197
113.158 0.685776039200101
113.292 0.6431098984140489
113.426 0.6054475548608454
113.56 0.5720429241598977
113.694 0.5422736394454336
113.828 0.5156210576899185
113.962 0.4916525329920372
114.096 0.4700063113714481
114.23 0.4503789458789076
114.364 0.43251494590559286
114.498 0.41619832416938823
114.632 0.4012457167866476
114.766 0.3875007889987412
114.9 0.3748296832036261
115.034 0.3631173084976319
115.168 0.35226430855643553
115.302 0.34218457644942835
115.436 0.33280321110029715
115.57000000000001 0.32405483124747403
115.70400000000001 0.31588217971325244
115.83800000000001 0.30823496432139696
115.97200000000001 0.3010688925799726
116.10600000000001 0.2943448658311452
116.24000000000001 0.2880283054203015
116.37400000000001 0.28208858891755456
116.50800000000001 0.2764985788171938
116.64200000000001 0.27123422965157984
116.77600000000001 0.2662742622156985
116.91000000000001 0.26159989564663005
117.04400000000001 0.25719462935113
117.17800000000001 0.2530440669363994
117.31200000000001 0.24913577275330298
117.44600000000001 0.24545914723689757
117.58000000000001 0.2420052978885589
117.71400000000001 0.2387668652508108
117.84800000000001 0.2357377331922198
117.98200000000001 0.23291250641153868
118.11600000000001 0.23028557861597396
118.25 0.22784957060709157
118.384 0.22559297682948815
118.518 0.22349720686067315
118.652 0.22153406780259668
118.786 0.21966599016307595
118.92 0.21785178086519316
119.054 0.21605825224922373
119.188 0.21427258421478973
119.322 0.21250700465698152
119.456 0.21079211691859412
119.59 0.20916405589441645
119.724 0.2076537650938832
119.858 0.20628240827999694
119.992 0.20506181804569532
120.126 0.20399715586375108
120.26 0.20308973173530362
120.394 0.2023391469997394
120.528 0.20174466872730606
120.662 0.2013060175911057
120.796 0.20102378100481466
120.93 0.2008996133008041
121.06400000000001 0.20093632761780583
121.19800000000001 0.2011379413482878
121.33200000000001 0.20150970967105922
121.46600000000001 0.20205816576948346
121.60000000000001 0.20279117766567334
121.73400000000001 0.20371802722279259
121.86800000000001 0.2048495149301013
122.00200000000001 0.20619809351547766
122.13600000000001 0.207778033638264
122.27000000000001 0.20960562559691007
122.40400000000001 0.2116994220000668
122.53800000000001 0.21408052765044883
122.67200000000001 0.21677294448910422
122.80600000000001 0.2198039813934048
122.94000000000001 0.22320474099468798
123.07400000000001 0.22701069858863365
123.20800000000001 0.23126239178876878
123.34200000000001 0.23600624398691877
123.47600000000001 0.24129555012949586
123.61000000000001 0.24719166001454698
123.74400000000001 0.2537654024850724
123.87800000000001 0.2610988037197342
124.012 0.26928716433954786
124.146 0.27844157294982436
124.28 0.288691946980861
124.414 0.3001907028027283
124.548 0.3131171609250772
124.682 0.32768277884845154
124.816 0.344137256535822
124.95 0.3627754500633362
125.084 0.3839448215931831
125.218 0.40805282155271966
125.352 0.43557318907844295
125.486 0.46704995419251094
125.62 0.5030987399856249
125.754 0.5444083073610199
125.888 0.5917524161537074
126.022 0.6460301369182592
126.156 0.7083493413028735
126.29 0.7801365620706905
126.424 0.8632040438195349
126.558 0.9596784744653535
126.69200000000001 1.0717239556519034
126.82600000000001 1.2010239711161859
126.96000000000001 1.3479695458459664
127.09400000000001 1.5104877313627034
127.22800000000001 1.68258102645503
127.36200000000001 1.8530679255392917
127.49600000000001 2.0056548307172624
127.63000000000001 2.121742447599194
127.76400000000001 2.186200921195992
127.89800000000001 2.193614147514299
128.032 2.1507469478666645
128.166 2.0731730803940978
128.3 1.9784184383421546
128.43400000000003 1.8798373878578465
128.568 1.7837084465892616
128.702 1.6896796312382114
128.836 1.593598823799559
128.97000000000003 1.4913237130471424
129.104 1.381694266287987
129.238 1.2672123477770982
129.372 1.1525478372784814
129.506 1.0423988163116142
129.64000000000001 0.9401154641128237
129.774 0.8474179300382897
129.90800000000002 0.7647654250735557
130.042 0.6918524011490041
130.17600000000002 0.6279742654545387
130.31 0.5722422004009106
130.44400000000002 0.5237071199249234
130.578 0.4814372530992556
130.71200000000002 0.4445665140305807
130.846 0.4123200887991609
130.98000000000002 0.38402287162771764
131.114 0.35909676885926567
131.24800000000002 0.3370520175631749
131.382 0.31747611243403684
131.51600000000002 0.30002248007958787
131.65 0.2843999923989075
131.78400000000002 0.27036376414852314
131.918 0.25770732406350033
132.05200000000002 0.24625607487514348
132.186 0.23586188639648326
132.32000000000002 0.22639864803165666
132.454 0.21775861394767243
132.588 0.20984939012526402
132.722 0.2025914299820284
132.856 0.19591592246813858
132.99 0.18976297802485012
133.124 0.18408005598218363
133.258 0.17882064757024718
133.392 0.17394332407310803
133.526 0.16941129655647605
133.66 0.16519245605965735
133.794 0.16125945183252927
133.928 0.1575890968644249
134.062 0.15416071712714927
134.196 0.15095378178726054
134.33 0.1479456436407262
134.464 0.1451103866958743
134.598 0.14241984469515692
134.732 0.13984737858361238
134.866 0.13737326009123574
