state: 1 E_state =23.79931696873192
n_rot n_trans E_rot      E_trans    |<state|n_rot n_trans>|^2
1     1       23.8       92.09      0.09      
2     1       23.8       92.09      0.22      
3     1       23.8       92.09      0.19      
4     1       42.4       92.09      0.19      
5     1       42.4       92.09      0.22      
6     1       42.4       92.09      0.09      

state: 2 E_state =23.799316968732015
n_rot n_trans E_rot      E_trans    |<state|n_rot n_trans>|^2
1     1       23.8       92.09      0.24      
2     1       23.8       92.09      0.21      
3     1       23.8       92.09      0.05      
4     1       42.4       92.09      0.05      
5     1       42.4       92.09      0.21      
6     1       42.4       92.09      0.24      

state: 3 E_state =23.799316968732132
n_rot n_trans E_rot      E_trans    |<state|n_rot n_trans>|^2
1     1       23.8       92.09      0.21      
2     1       23.8       92.09      0.05      
3     1       23.8       92.09      0.25      
4     1       42.4       92.09      0.25      
5     1       42.4       92.09      0.05      
6     1       42.4       92.09      0.21      

state: 4 E_state =42.402121708730974
n_rot n_trans E_rot      E_trans    |<state|n_rot n_trans>|^2
1     1       23.8       92.09      0.22      
2     1       23.8       92.09      0.26      
3     1       23.8       92.09      0.02      
4     1       42.4       92.09      0.02      
5     1       42.4       92.09      0.26      
6     1       42.4       92.09      0.22      

state: 5 E_state =42.40212170873218
n_rot n_trans E_rot      E_trans    |<state|n_rot n_trans>|^2
1     1       23.8       92.09      0.18      
2     1       23.8       92.09      0.23      
3     1       23.8       92.09      0.09      
4     1       42.4       92.09      0.09      
5     1       42.4       92.09      0.23      
6     1       42.4       92.09      0.18      

state: 6 E_state =42.40212170873235
n_rot n_trans E_rot      E_trans    |<state|n_rot n_trans>|^2
1     1       23.8       92.09      0.12      
2     1       23.8       92.09      0.02      
3     1       23.8       92.09      0.36      
4     1       42.4       92.09      0.36      
5     1       42.4       92.09      0.02      
6     1       42.4       92.09      0.12      

state: 7 E_state =79.51367074873131
n_rot n_trans E_rot      E_trans    |<state|n_rot n_trans>|^2
7     1       79.51      92.09      0.3       
8     1       79.51      92.09      0.1       
10    1       79.51      92.09      0.07      
11    1       79.51      92.09      0.02      
12    1       135.32     92.09      0.3       
13    1       135.32     92.09      0.07      
14    1       135.32     92.09      0.1       
15    1       135.32     92.09      0.02      

state: 8 E_state =79.51367074873156
n_rot n_trans E_rot      E_trans    |<state|n_rot n_trans>|^2
8     1       79.51      92.09      0.05      
9     1       79.51      92.09      0.3       
10    1       79.51      92.09      0.04      
11    1       79.51      92.09      0.1       
13    1       135.32     92.09      0.04      
14    1       135.32     92.09      0.05      
15    1       135.32     92.09      0.1       
16    1       135.32     92.09      0.3       

state: 9 E_state =79.5136707487325
n_rot n_trans E_rot      E_trans    |<state|n_rot n_trans>|^2
8     1       79.51      92.09      0.02      
9     1       79.51      92.09      0.15      
10    1       79.51      92.09      0.02      
11    1       79.51      92.09      0.31      
13    1       135.32     92.09      0.02      
14    1       135.32     92.09      0.02      
15    1       135.32     92.09      0.31      
16    1       135.32     92.09      0.15      

state: 10 E_state =79.51367074873258
n_rot n_trans E_rot      E_trans    |<state|n_rot n_trans>|^2
8     1       79.51      92.09      0.15      
9     1       79.51      92.09      0.05      
10    1       79.51      92.09      0.28      
11    1       79.51      92.09      0.02      
13    1       135.32     92.09      0.28      
14    1       135.32     92.09      0.15      
15    1       135.32     92.09      0.02      
16    1       135.32     92.09      0.05      

state: 11 E_state =79.51367074873278
n_rot n_trans E_rot      E_trans    |<state|n_rot n_trans>|^2
7     1       79.51      92.09      0.18      
8     1       79.51      92.09      0.16      
10    1       79.51      92.09      0.1       
11    1       79.51      92.09      0.05      
12    1       135.32     92.09      0.18      
13    1       135.32     92.09      0.1       
14    1       135.32     92.09      0.16      
15    1       135.32     92.09      0.05      

state: 12 E_state =85.19547667365406
n_rot n_trans E_rot      E_trans    |<state|n_rot n_trans>|^2
1     2       23.8       153.49     0.04      
1     3       23.8       153.49     0.11      
2     2       23.8       153.49     0.11      
2     3       23.8       153.49     0.12      
2     4       23.8       153.49     0.01      
3     2       23.8       153.49     0.07      
3     3       23.8       153.49     0.03      
4     2       42.4       153.49     0.07      
4     3       42.4       153.49     0.03      
5     2       42.4       153.49     0.11      
5     3       42.4       153.49     0.12      
5     4       42.4       153.49     0.01      
6     2       42.4       153.49     0.04      
6     3       42.4       153.49     0.11      

state: 13 E_state =85.19547667365448
n_rot n_trans E_rot      E_trans    |<state|n_rot n_trans>|^2
1     3       23.8       153.49     0.15      
1     4       23.8       153.49     0.04      
2     3       23.8       153.49     0.12      
2     4       23.8       153.49     0.11      
3     2       23.8       153.49     0.02      
3     3       23.8       153.49     0.02      
3     4       23.8       153.49     0.03      
4     2       42.4       153.49     0.02      
4     3       42.4       153.49     0.02      
4     4       42.4       153.49     0.03      
5     3       42.4       153.49     0.12      
5     4       42.4       153.49     0.11      
6     3       42.4       153.49     0.15      
6     4       42.4       153.49     0.04      

state: 14 E_state =85.1954766736546
n_rot n_trans E_rot      E_trans    |<state|n_rot n_trans>|^2
1     2       23.8       153.49     0.01      
1     3       23.8       153.49     0.08      
1     4       23.8       153.49     0.04      
2     2       23.8       153.49     0.06      
2     4       23.8       153.49     0.03      
3     2       23.8       153.49     0.05      
3     3       23.8       153.49     0.15      
3     4       23.8       153.49     0.07      
4     2       42.4       153.49     0.05      
4     3       42.4       153.49     0.15      
4     4       42.4       153.49     0.07      
5     2       42.4       153.49     0.06      
5     4       42.4       153.49     0.03      
6     2       42.4       153.49     0.01      
6     3       42.4       153.49     0.08      
6     4       42.4       153.49     0.04      

state: 15 E_state =85.19547667365487
n_rot n_trans E_rot      E_trans    |<state|n_rot n_trans>|^2
1     3       23.8       153.49     0.02      
1     4       23.8       153.49     0.23      
2     4       23.8       153.49     0.16      
3     2       23.8       153.49     0.02      
3     3       23.8       153.49     0.02      
3     4       23.8       153.49     0.03      
4     2       42.4       153.49     0.02      
4     3       42.4       153.49     0.02      
4     4       42.4       153.49     0.03      
5     4       42.4       153.49     0.16      
6     3       42.4       153.49     0.02      
6     4       42.4       153.49     0.23      

state: 16 E_state =85.19547667365487
n_rot n_trans E_rot      E_trans    |<state|n_rot n_trans>|^2
1     2       23.8       153.49     0.03      
1     3       23.8       153.49     0.04      
1     4       23.8       153.49     0.04      
2     2       23.8       153.49     0.01      
2     3       23.8       153.49     0.09      
2     4       23.8       153.49     0.09      
3     2       23.8       153.49     0.02      
3     3       23.8       153.49     0.02      
3     4       23.8       153.49     0.16      
4     2       42.4       153.49     0.02      
4     3       42.4       153.49     0.02      
4     4       42.4       153.49     0.16      
5     2       42.4       153.49     0.01      
5     3       42.4       153.49     0.09      
5     4       42.4       153.49     0.09      
6     2       42.4       153.49     0.03      
6     3       42.4       153.49     0.04      
6     4       42.4       153.49     0.04      

state: 17 E_state =85.1954766736552
n_rot n_trans E_rot      E_trans    |<state|n_rot n_trans>|^2
1     2       23.8       153.49     0.03      
1     4       23.8       153.49     0.11      
2     2       23.8       153.49     0.04      
2     4       23.8       153.49     0.1       
3     2       23.8       153.49     0.04      
3     3       23.8       153.49     0.07      
3     4       23.8       153.49     0.11      
4     2       42.4       153.49     0.04      
4     3       42.4       153.49     0.07      
4     4       42.4       153.49     0.11      
5     2       42.4       153.49     0.04      
5     4       42.4       153.49     0.1       
6     2       42.4       153.49     0.03      
6     4       42.4       153.49     0.11      

state: 18 E_state =85.19547667365522
n_rot n_trans E_rot      E_trans    |<state|n_rot n_trans>|^2
1     2       23.8       153.49     0.13      
1     3       23.8       153.49     0.08      
2     2       23.8       153.49     0.03      
2     3       23.8       153.49     0.03      
2     4       23.8       153.49     0.02      
3     2       23.8       153.49     0.12      
3     3       23.8       153.49     0.07      
3     4       23.8       153.49     0.02      
4     2       42.4       153.49     0.12      
4     3       42.4       153.49     0.07      
4     4       42.4       153.49     0.02      
5     2       42.4       153.49     0.03      
5     3       42.4       153.49     0.03      
5     4       42.4       153.49     0.02      
6     2       42.4       153.49     0.13      
6     3       42.4       153.49     0.08      

state: 19 E_state =85.19547667365553
n_rot n_trans E_rot      E_trans    |<state|n_rot n_trans>|^2
1     2       23.8       153.49     0.12      
1     4       23.8       153.49     0.01      
2     2       23.8       153.49     0.06      
2     3       23.8       153.49     0.08      
2     4       23.8       153.49     0.02      
3     2       23.8       153.49     0.1       
3     3       23.8       153.49     0.09      
3     4       23.8       153.49     0.01      
4     2       42.4       153.49     0.1       
4     3       42.4       153.49     0.09      
4     4       42.4       153.49     0.01      
5     2       42.4       153.49     0.06      
5     3       42.4       153.49     0.08      
5     4       42.4       153.49     0.02      
6     2       42.4       153.49     0.12      
6     4       42.4       153.49     0.01      

state: 20 E_state =85.1954766736556
n_rot n_trans E_rot      E_trans    |<state|n_rot n_trans>|^2
1     2       23.8       153.49     0.2       
1     3       23.8       153.49     0.04      
2     2       23.8       153.49     0.1       
2     3       23.8       153.49     0.01      
3     2       23.8       153.49     0.1       
3     4       23.8       153.49     0.02      
4     2       42.4       153.49     0.1       
4     4       42.4       153.49     0.02      
5     2       42.4       153.49     0.1       
5     3       42.4       153.49     0.01      
6     2       42.4       153.49     0.2       
6     3       42.4       153.49     0.04      

state: 21 E_state =103.79828141365387
n_rot n_trans E_rot      E_trans    |<state|n_rot n_trans>|^2
1     2       23.8       153.49     0.02      
1     3       23.8       153.49     0.24      
2     2       23.8       153.49     0.12      
2     4       23.8       153.49     0.02      
3     2       23.8       153.49     0.03      
3     4       23.8       153.49     0.05      
4     2       42.4       153.49     0.03      
4     4       42.4       153.49     0.05      
5     2       42.4       153.49     0.12      
5     4       42.4       153.49     0.02      
6     2       42.4       153.49     0.02      
6     3       42.4       153.49     0.24      

state: 22 E_state =103.79828141365472
n_rot n_trans E_rot      E_trans    |<state|n_rot n_trans>|^2
1     2       23.8       153.49     0.08      
1     3       23.8       153.49     0.01      
2     2       23.8       153.49     0.02      
2     3       23.8       153.49     0.27      
3     2       23.8       153.49     0.05      
3     3       23.8       153.49     0.04      
4     2       42.4       153.49     0.05      
4     3       42.4       153.49     0.04      
5     2       42.4       153.49     0.02      
5     3       42.4       153.49     0.27      
6     2       42.4       153.49     0.08      
6     3       42.4       153.49     0.01      

state: 23 E_state =103.79828141365496
n_rot n_trans E_rot      E_trans    |<state|n_rot n_trans>|^2
1     3       23.8       153.49     0.09      
1     4       23.8       153.49     0.17      
2     2       23.8       153.49     0.05      
2     3       23.8       153.49     0.01      
2     4       23.8       153.49     0.1       
3     2       23.8       153.49     0.02      
3     3       23.8       153.49     0.02      
3     4       23.8       153.49     0.03      
4     2       42.4       153.49     0.02      
4     3       42.4       153.49     0.02      
4     4       42.4       153.49     0.03      
5     2       42.4       153.49     0.05      
5     3       42.4       153.49     0.01      
5     4       42.4       153.49     0.1       
6     3       42.4       153.49     0.09      
6     4       42.4       153.49     0.17      

state: 24 E_state =103.79828141365509
n_rot n_trans E_rot      E_trans    |<state|n_rot n_trans>|^2
1     2       23.8       153.49     0.09      
1     3       23.8       153.49     0.02      
1     4       23.8       153.49     0.05      
2     2       23.8       153.49     0.02      
2     3       23.8       153.49     0.03      
2     4       23.8       153.49     0.19      
3     2       23.8       153.49     0.05      
3     3       23.8       153.49     0.04      
3     4       23.8       153.49     0.01      
4     2       42.4       153.49     0.05      
4     3       42.4       153.49     0.04      
4     4       42.4       153.49     0.01      
5     2       42.4       153.49     0.02      
5     3       42.4       153.49     0.03      
5     4       42.4       153.49     0.19      
6     2       42.4       153.49     0.09      
6     3       42.4       153.49     0.02      
6     4       42.4       153.49     0.05      

state: 25 E_state =103.79828141365525
n_rot n_trans E_rot      E_trans    |<state|n_rot n_trans>|^2
1     3       23.8       153.49     0.02      
1     4       23.8       153.49     0.07      
2     2       23.8       153.49     0.07      
2     3       23.8       153.49     0.1       
2     4       23.8       153.49     0.1       
3     2       23.8       153.49     0.1       
3     3       23.8       153.49     0.01      
3     4       23.8       153.49     0.01      
4     2       42.4       153.49     0.1       
4     3       42.4       153.49     0.01      
4     4       42.4       153.49     0.01      
5     2       42.4       153.49     0.07      
5     3       42.4       153.49     0.1       
5     4       42.4       153.49     0.1       
6     3       42.4       153.49     0.02      
6     4       42.4       153.49     0.07      

state: 26 E_state =103.79828141365535
n_rot n_trans E_rot      E_trans    |<state|n_rot n_trans>|^2
1     2       23.8       153.49     0.03      
1     3       23.8       153.49     0.02      
1     4       23.8       153.49     0.08      
2     2       23.8       153.49     0.03      
3     2       23.8       153.49     0.06      
3     3       23.8       153.49     0.01      
3     4       23.8       153.49     0.28      
4     2       42.4       153.49     0.06      
4     3       42.4       153.49     0.01      
4     4       42.4       153.49     0.28      
5     2       42.4       153.49     0.03      
6     2       42.4       153.49     0.03      
6     3       42.4       153.49     0.02      
6     4       42.4       153.49     0.08      

state: 27 E_state =103.79828141365545
n_rot n_trans E_rot      E_trans    |<state|n_rot n_trans>|^2
1     2       23.8       153.49     0.07      
1     3       23.8       153.49     0.01      
1     4       23.8       153.49     0.03      
2     3       23.8       153.49     0.01      
2     4       23.8       153.49     0.05      
3     2       23.8       153.49     0.01      
3     3       23.8       153.49     0.24      
3     4       23.8       153.49     0.08      
4     2       42.4       153.49     0.01      
4     3       42.4       153.49     0.24      
4     4       42.4       153.49     0.08      
5     3       42.4       153.49     0.01      
5     4       42.4       153.49     0.05      
6     2       42.4       153.49     0.07      
6     3       42.4       153.49     0.01      
6     4       42.4       153.49     0.03      

state: 28 E_state =103.79828141365573
n_rot n_trans E_rot      E_trans    |<state|n_rot n_trans>|^2
1     2       23.8       153.49     0.02      
1     3       23.8       153.49     0.05      
1     4       23.8       153.49     0.12      
2     2       23.8       153.49     0.13      
2     3       23.8       153.49     0.05      
2     4       23.8       153.49     0.04      
3     2       23.8       153.49     0.03      
3     3       23.8       153.49     0.02      
3     4       23.8       153.49     0.04      
4     2       42.4       153.49     0.03      
4     3       42.4       153.49     0.02      
4     4       42.4       153.49     0.04      
5     2       42.4       153.49     0.13      
5     3       42.4       153.49     0.05      
5     4       42.4       153.49     0.04      
6     2       42.4       153.49     0.02      
6     3       42.4       153.49     0.05      
6     4       42.4       153.49     0.12      

state: 29 E_state =103.79828141365606
n_rot n_trans E_rot      E_trans    |<state|n_rot n_trans>|^2
1     2       23.8       153.49     0.2       
1     3       23.8       153.49     0.02      
1     4       23.8       153.49     0.01      
2     2       23.8       153.49     0.03      
2     3       23.8       153.49     0.02      
2     4       23.8       153.49     0.02      
3     2       23.8       153.49     0.11      
3     3       23.8       153.49     0.07      
3     4       23.8       153.49     0.03      
4     2       42.4       153.49     0.11      
4     3       42.4       153.49     0.07      
4     4       42.4       153.49     0.03      
5     2       42.4       153.49     0.03      
5     3       42.4       153.49     0.02      
5     4       42.4       153.49     0.02      
6     2       42.4       153.49     0.2       
6     3       42.4       153.49     0.02      
6     4       42.4       153.49     0.01      

state: 30 E_state =135.32208496873227
n_rot n_trans E_rot      E_trans    |<state|n_rot n_trans>|^2
7     1       79.51      92.09      0.12      
8     1       79.51      92.09      0.17      
9     1       79.51      92.09      0.16      
10    1       79.51      92.09      0.04      
12    1       135.32     92.09      0.12      
13    1       135.32     92.09      0.04      
14    1       135.32     92.09      0.17      
16    1       135.32     92.09      0.16      

state: 31 E_state =135.32208496873264
n_rot n_trans E_rot      E_trans    |<state|n_rot n_trans>|^2
8     1       79.51      92.09      0.08      
10    1       79.51      92.09      0.17      
11    1       79.51      92.09      0.24      
13    1       135.32     92.09      0.17      
14    1       135.32     92.09      0.08      
15    1       135.32     92.09      0.24      

state: 32 E_state =135.3220849687329
n_rot n_trans E_rot      E_trans    |<state|n_rot n_trans>|^2
7     1       79.51      92.09      0.05      
8     1       79.51      92.09      0.02      
9     1       79.51      92.09      0.19      
10    1       79.51      92.09      0.19      
11    1       79.51      92.09      0.06      
12    1       135.32     92.09      0.05      
13    1       135.32     92.09      0.19      
14    1       135.32     92.09      0.02      
15    1       135.32     92.09      0.06      
16    1       135.32     92.09      0.19      

state: 33 E_state =135.32208496873304
n_rot n_trans E_rot      E_trans    |<state|n_rot n_trans>|^2
7     1       79.51      92.09      0.22      
8     1       79.51      92.09      0.23      
9     1       79.51      92.09      0.02      
11    1       79.51      92.09      0.03      
12    1       135.32     92.09      0.22      
14    1       135.32     92.09      0.23      
15    1       135.32     92.09      0.03      
16    1       135.32     92.09      0.02      

state: 34 E_state =135.32208496873307
n_rot n_trans E_rot      E_trans    |<state|n_rot n_trans>|^2
7     1       79.51      92.09      0.16      
8     1       79.51      92.09      0.01      
9     1       79.51      92.09      0.13      
10    1       79.51      92.09      0.09      
11    1       79.51      92.09      0.11      
12    1       135.32     92.09      0.16      
13    1       135.32     92.09      0.09      
14    1       135.32     92.09      0.01      
15    1       135.32     92.09      0.11      
16    1       135.32     92.09      0.13      

state: 35 E_state =140.90983045365357
n_rot n_trans E_rot      E_trans    |<state|n_rot n_trans>|^2
7     3       79.51      153.49     0.02      
7     4       79.51      153.49     0.02      
8     3       79.51      153.49     0.02      
8     4       79.51      153.49     0.01      
9     2       79.51      153.49     0.02      
9     3       79.51      153.49     0.06      
9     4       79.51      153.49     0.02      
10    2       79.51      153.49     0.01      
10    3       79.51      153.49     0.18      
10    4       79.51      153.49     0.06      
11    2       79.51      153.49     0.01      
11    3       79.51      153.49     0.05      
12    3       135.32     153.49     0.02      
12    4       135.32     153.49     0.02      
13    2       135.32     153.49     0.01      
13    3       135.32     153.49     0.18      
13    4       135.32     153.49     0.06      
14    3       135.32     153.49     0.02      
14    4       135.32     153.49     0.01      
15    2       135.32     153.49     0.01      
15    3       135.32     153.49     0.05      
16    2       135.32     153.49     0.02      
16    3       135.32     153.49     0.06      
16    4       135.32     153.49     0.02      

state: 36 E_state =140.90983045365425
n_rot n_trans E_rot      E_trans    |<state|n_rot n_trans>|^2
7     2       79.51      153.49     0.08      
7     3       79.51      153.49     0.1       
7     4       79.51      153.49     0.08      
8     4       79.51      153.49     0.02      
9     4       79.51      153.49     0.03      
10    2       79.51      153.49     0.02      
10    3       79.51      153.49     0.01      
10    4       79.51      153.49     0.07      
11    2       79.51      153.49     0.02      
11    3       79.51      153.49     0.04      
12    2       135.32     153.49     0.08      
12    3       135.32     153.49     0.1       
12    4       135.32     153.49     0.08      
13    2       135.32     153.49     0.02      
13    3       135.32     153.49     0.01      
13    4       135.32     153.49     0.07      
14    4       135.32     153.49     0.02      
15    2       135.32     153.49     0.02      
15    3       135.32     153.49     0.04      
16    4       135.32     153.49     0.03      

state: 37 E_state =140.90983045365425
n_rot n_trans E_rot      E_trans    |<state|n_rot n_trans>|^2
8     3       79.51      153.49     0.04      
9     2       79.51      153.49     0.02      
9     3       79.51      153.49     0.04      
9     4       79.51      153.49     0.17      
10    2       79.51      153.49     0.05      
10    3       79.51      153.49     0.01      
11    3       79.51      153.49     0.01      
11    4       79.51      153.49     0.11      
13    2       135.32     153.49     0.05      
13    3       135.32     153.49     0.01      
14    3       135.32     153.49     0.04      
15    3       135.32     153.49     0.01      
15    4       135.32     153.49     0.11      
16    2       135.32     153.49     0.02      
16    3       135.32     153.49     0.04      
16    4       135.32     153.49     0.17      

state: 38 E_state =140.90983045365456
n_rot n_trans E_rot      E_trans    |<state|n_rot n_trans>|^2
7     2       79.51      153.49     0.02      
8     2       79.51      153.49     0.01      
8     3       79.51      153.49     0.09      
8     4       79.51      153.49     0.02      
9     2       79.51      153.49     0.11      
9     3       79.51      153.49     0.06      
9     4       79.51      153.49     0.02      
10    2       79.51      153.49     0.04      
10    3       79.51      153.49     0.06      
11    2       79.51      153.49     0.02      
11    4       79.51      153.49     0.03      
12    2       135.32     153.49     0.02      
13    2       135.32     153.49     0.04      
13    3       135.32     153.49     0.06      
14    2       135.32     153.49     0.01      
14    3       135.32     153.49     0.09      
14    4       135.32     153.49     0.02      
15    2       135.32     153.49     0.02      
15    4       135.32     153.49     0.03      
16    2       135.32     153.49     0.11      
16    3       135.32     153.49     0.06      
16    4       135.32     153.49     0.02      

state: 39 E_state =140.90983045365488
n_rot n_trans E_rot      E_trans    |<state|n_rot n_trans>|^2
7     4       79.51      153.49     0.03      
9     3       79.51      153.49     0.05      
9     4       79.51      153.49     0.05      
10    3       79.51      153.49     0.01      
10    4       79.51      153.49     0.17      
11    2       79.51      153.49     0.02      
11    3       79.51      153.49     0.01      
11    4       79.51      153.49     0.12      
12    4       135.32     153.49     0.03      
13    3       135.32     153.49     0.01      
13    4       135.32     153.49     0.17      
15    2       135.32     153.49     0.02      
15    3       135.32     153.49     0.01      
15    4       135.32     153.49     0.12      
16    3       135.32     153.49     0.05      
16    4       135.32     153.49     0.05      

state: 40 E_state =140.90983045365496
n_rot n_trans E_rot      E_trans    |<state|n_rot n_trans>|^2
7     2       79.51      153.49     0.06      
7     3       79.51      153.49     0.06      
7     4       79.51      153.49     0.05      
8     3       79.51      153.49     0.02      
8     4       79.51      153.49     0.11      
9     3       79.51      153.49     0.02      
9     4       79.51      153.49     0.02      
10    2       79.51      153.49     0.03      
10    3       79.51      153.49     0.05      
11    2       79.51      153.49     0.04      
11    3       79.51      153.49     0.03      
11    4       79.51      153.49     0.01      
12    2       135.32     153.49     0.06      
12    3       135.32     153.49     0.06      
12    4       135.32     153.49     0.05      
13    2       135.32     153.49     0.03      
13    3       135.32     153.49     0.05      
14    3       135.32     153.49     0.02      
14    4       135.32     153.49     0.11      
15    2       135.32     153.49     0.04      
15    3       135.32     153.49     0.03      
15    4       135.32     153.49     0.01      
16    3       135.32     153.49     0.02      
16    4       135.32     153.49     0.02      

state: 41 E_state =140.9098304536553
n_rot n_trans E_rot      E_trans    |<state|n_rot n_trans>|^2
7     3       79.51      153.49     0.01      
8     2       79.51      153.49     0.16      
9     2       79.51      153.49     0.08      
9     3       79.51      153.49     0.04      
9     4       79.51      153.49     0.02      
10    2       79.51      153.49     0.07      
10    3       79.51      153.49     0.02      
11    2       79.51      153.49     0.02      
11    3       79.51      153.49     0.03      
11    4       79.51      153.49     0.01      
12    3       135.32     153.49     0.01      
13    2       135.32     153.49     0.07      
13    3       135.32     153.49     0.02      
14    2       135.32     153.49     0.16      
15    2       135.32     153.49     0.02      
15    3       135.32     153.49     0.03      
15    4       135.32     153.49     0.01      
16    2       135.32     153.49     0.08      
16    3       135.32     153.49     0.04      
16    4       135.32     153.49     0.02      

state: 42 E_state =140.90983045365533
n_rot n_trans E_rot      E_trans    |<state|n_rot n_trans>|^2
7     2       79.51      153.49     0.06      
7     3       79.51      153.49     0.05      
7     4       79.51      153.49     0.21      
8     2       79.51      153.49     0.02      
8     3       79.51      153.49     0.06      
8     4       79.51      153.49     0.04      
10    3       79.51      153.49     0.04      
10    4       79.51      153.49     0.02      
12    2       135.32     153.49     0.06      
12    3       135.32     153.49     0.05      
12    4       135.32     153.49     0.21      
13    3       135.32     153.49     0.04      
13    4       135.32     153.49     0.02      
14    2       135.32     153.49     0.02      
14    3       135.32     153.49     0.06      
14    4       135.32     153.49     0.04      

state: 43 E_state =140.90983045365533
n_rot n_trans E_rot      E_trans    |<state|n_rot n_trans>|^2
7     3       79.51      153.49     0.01      
8     2       79.51      153.49     0.08      
8     3       79.51      153.49     0.1       
9     2       79.51      153.49     0.03      
9     3       79.51      153.49     0.05      
9     4       79.51      153.49     0.03      
10    2       79.51      153.49     0.1       
11    3       79.51      153.49     0.03      
11    4       79.51      153.49     0.06      
12    3       135.32     153.49     0.01      
13    2       135.32     153.49     0.1       
14    2       135.32     153.49     0.08      
14    3       135.32     153.49     0.1       
15    3       135.32     153.49     0.03      
15    4       135.32     153.49     0.06      
16    2       135.32     153.49     0.03      
16    3       135.32     153.49     0.05      
16    4       135.32     153.49     0.03      

state: 44 E_state =140.90983045365533
n_rot n_trans E_rot      E_trans    |<state|n_rot n_trans>|^2
7     4       79.51      153.49     0.02      
8     2       79.51      153.49     0.02      
8     3       79.51      153.49     0.06      
9     2       79.51      153.49     0.13      
9     3       79.51      153.49     0.02      
9     4       79.51      153.49     0.03      
10    2       79.51      153.49     0.03      
10    3       79.51      153.49     0.03      
11    2       79.51      153.49     0.09      
11    3       79.51      153.49     0.06      
12    4       135.32     153.49     0.02      
13    2       135.32     153.49     0.03      
13    3       135.32     153.49     0.03      
14    2       135.32     153.49     0.02      
14    3       135.32     153.49     0.06      
15    2       135.32     153.49     0.09      
15    3       135.32     153.49     0.06      
16    2       135.32     153.49     0.13      
16    3       135.32     153.49     0.02      
16    4       135.32     153.49     0.03      

state: 45 E_state =140.90983045365547
n_rot n_trans E_rot      E_trans    |<state|n_rot n_trans>|^2
8     2       79.51      153.49     0.05      
8     3       79.51      153.49     0.06      
9     2       79.51      153.49     0.07      
9     3       79.51      153.49     0.05      
10    2       79.51      153.49     0.02      
10    3       79.51      153.49     0.02      
11    2       79.51      153.49     0.19      
13    2       135.32     153.49     0.02      
13    3       135.32     153.49     0.02      
14    2       135.32     153.49     0.05      
14    3       135.32     153.49     0.06      
15    2       135.32     153.49     0.19      
16    2       135.32     153.49     0.07      
16    3       135.32     153.49     0.05      

state: 46 E_state =140.9098304536559
n_rot n_trans E_rot      E_trans    |<state|n_rot n_trans>|^2
7     3       79.51      153.49     0.01      
7     4       79.51      153.49     0.02      
8     2       79.51      153.49     0.12      
8     3       79.51      153.49     0.02      
8     4       79.51      153.49     0.01      
9     2       79.51      153.49     0.04      
9     3       79.51      153.49     0.05      
10    2       79.51      153.49     0.07      
10    3       79.51      153.49     0.02      
11    3       79.51      153.49     0.1       
11    4       79.51      153.49     0.02      
12    3       135.32     153.49     0.01      
12    4       135.32     153.49     0.02      
13    2       135.32     153.49     0.07      
13    3       135.32     153.49     0.02      
14    2       135.32     153.49     0.12      
14    3       135.32     153.49     0.02      
14    4       135.32     153.49     0.01      
15    3       135.32     153.49     0.1       
15    4       135.32     153.49     0.02      
16    2       135.32     153.49     0.04      
16    3       135.32     153.49     0.05      

state: 47 E_state =140.90983045365616
n_rot n_trans E_rot      E_trans    |<state|n_rot n_trans>|^2
7     2       79.51      153.49     0.06      
7     3       79.51      153.49     0.11      
7     4       79.51      153.49     0.03      
8     4       79.51      153.49     0.07      
9     3       79.51      153.49     0.03      
9     4       79.51      153.49     0.03      
10    4       79.51      153.49     0.07      
11    2       79.51      153.49     0.01      
11    3       79.51      153.49     0.02      
11    4       79.51      153.49     0.05      
12    2       135.32     153.49     0.06      
12    3       135.32     153.49     0.11      
12    4       135.32     153.49     0.03      
13    4       135.32     153.49     0.07      
14    4       135.32     153.49     0.07      
15    2       135.32     153.49     0.01      
15    3       135.32     153.49     0.02      
15    4       135.32     153.49     0.05      
16    3       135.32     153.49     0.03      
16    4       135.32     153.49     0.03      

state: 48 E_state =140.9098304536566
n_rot n_trans E_rot      E_trans    |<state|n_rot n_trans>|^2
7     2       79.51      153.49     0.17      
7     3       79.51      153.49     0.1       
8     2       79.51      153.49     0.02      
8     4       79.51      153.49     0.02      
9     4       79.51      153.49     0.04      
10    2       79.51      153.49     0.03      
10    3       79.51      153.49     0.02      
10    4       79.51      153.49     0.02      
11    2       79.51      153.49     0.03      
11    3       79.51      153.49     0.01      
11    4       79.51      153.49     0.01      
12    2       135.32     153.49     0.17      
12    3       135.32     153.49     0.1       
13    2       135.32     153.49     0.03      
13    3       135.32     153.49     0.02      
13    4       135.32     153.49     0.02      
14    2       135.32     153.49     0.02      
14    4       135.32     153.49     0.02      
15    2       135.32     153.49     0.03      
15    3       135.32     153.49     0.01      
15    4       135.32     153.49     0.01      
16    4       135.32     153.49     0.04      

state: 49 E_state =140.90983045365667
n_rot n_trans E_rot      E_trans    |<state|n_rot n_trans>|^2
7     2       79.51      153.49     0.05      
7     3       79.51      153.49     0.04      
7     4       79.51      153.49     0.05      
8     3       79.51      153.49     0.03      
8     4       79.51      153.49     0.16      
9     3       79.51      153.49     0.02      
9     4       79.51      153.49     0.02      
10    4       79.51      153.49     0.04      
11    2       79.51      153.49     0.02      
11    3       79.51      153.49     0.02      
11    4       79.51      153.49     0.03      
12    2       135.32     153.49     0.05      
12    3       135.32     153.49     0.04      
12    4       135.32     153.49     0.05      
13    4       135.32     153.49     0.04      
14    3       135.32     153.49     0.03      
14    4       135.32     153.49     0.16      
15    2       135.32     153.49     0.02      
15    3       135.32     153.49     0.02      
15    4       135.32     153.49     0.03      
16    3       135.32     153.49     0.02      
16    4       135.32     153.49     0.02      

state: 50 E_state =146.5916363785767
n_rot n_trans E_rot      E_trans    |<state|n_rot n_trans>|^2
1     5       23.8       214.89     0.04      
1     6       23.8       214.89     0.03      
1     7       23.8       214.89     0.03      
1     8       23.8       214.89     0.02      
2     5       23.8       214.89     0.05      
2     6       23.8       214.89     0.05      
2     7       23.8       214.89     0.03      
2     9       23.8       214.89     0.01      
2     10      23.8       214.89     0.04      
3     6       23.8       214.89     0.07      
3     7       23.8       214.89     0.02      
3     8       23.8       214.89     0.01      
3     10      23.8       214.89     0.07      
4     6       42.4       214.89     0.07      
4     7       42.4       214.89     0.02      
4     8       42.4       214.89     0.01      
4     10      42.4       214.89     0.07      
5     5       42.4       214.89     0.05      
5     6       42.4       214.89     0.05      
5     7       42.4       214.89     0.03      
5     9       42.4       214.89     0.01      
5     10      42.4       214.89     0.04      
6     5       42.4       214.89     0.04      
6     6       42.4       214.89     0.03      
6     7       42.4       214.89     0.03      
6     8       42.4       214.89     0.02      

state: 51 E_state =146.59163637857682
n_rot n_trans E_rot      E_trans    |<state|n_rot n_trans>|^2
1     6       23.8       214.89     0.05      
1     7       23.8       214.89     0.06      
1     8       23.8       214.89     0.04      
1     10      23.8       214.89     0.01      
2     5       23.8       214.89     0.04      
2     6       23.8       214.89     0.04      
2     10      23.8       214.89     0.02      
3     5       23.8       214.89     0.1       
3     6       23.8       214.89     0.07      
3     7       23.8       214.89     0.02      
4     5       42.4       214.89     0.1       
4     6       42.4       214.89     0.07      
4     7       42.4       214.89     0.02      
5     5       42.4       214.89     0.04      
5     6       42.4       214.89     0.04      
5     10      42.4       214.89     0.02      
6     6       42.4       214.89     0.05      
6     7       42.4       214.89     0.06      
6     8       42.4       214.89     0.04      
6     10      42.4       214.89     0.01      

state: 52 E_state =146.59163637857685
n_rot n_trans E_rot      E_trans    |<state|n_rot n_trans>|^2
1     6       23.8       214.89     0.02      
2     5       23.8       214.89     0.03      
2     8       23.8       214.89     0.29      
3     5       23.8       214.89     0.03      
3     8       23.8       214.89     0.09      
4     5       42.4       214.89     0.03      
4     8       42.4       214.89     0.09      
5     5       42.4       214.89     0.03      
5     8       42.4       214.89     0.29      
6     6       42.4       214.89     0.02      

state: 53 E_state =146.5916363785769
n_rot n_trans E_rot      E_trans    |<state|n_rot n_trans>|^2
1     6       23.8       214.89     0.01      
1     7       23.8       214.89     0.07      
1     8       23.8       214.89     0.01      
1     9       23.8       214.89     0.01      
2     6       23.8       214.89     0.01      
2     7       23.8       214.89     0.11      
2     9       23.8       214.89     0.15      
2     10      23.8       214.89     0.02      
3     6       23.8       214.89     0.01      
3     7       23.8       214.89     0.03      
3     9       23.8       214.89     0.02      
3     10      23.8       214.89     0.02      
4     6       42.4       214.89     0.01      
4     7       42.4       214.89     0.03      
4     9       42.4       214.89     0.02      
4     10      42.4       214.89     0.02      
5     6       42.4       214.89     0.01      
5     7       42.4       214.89     0.11      
5     9       42.4       214.89     0.15      
5     10      42.4       214.89     0.02      
6     6       42.4       214.89     0.01      
6     7       42.4       214.89     0.07      
6     8       42.4       214.89     0.01      
6     9       42.4       214.89     0.01      

state: 54 E_state =146.59163637857714
n_rot n_trans E_rot      E_trans    |<state|n_rot n_trans>|^2
1     6       23.8       214.89     0.09      
2     8       23.8       214.89     0.09      
2     9       23.8       214.89     0.03      
2     10      23.8       214.89     0.05      
3     5       23.8       214.89     0.08      
3     8       23.8       214.89     0.09      
3     9       23.8       214.89     0.01      
4     5       42.4       214.89     0.08      
4     8       42.4       214.89     0.09      
4     9       42.4       214.89     0.01      
5     8       42.4       214.89     0.09      
5     9       42.4       214.89     0.03      
5     10      42.4       214.89     0.05      
6     6       42.4       214.89     0.09      

state: 55 E_state =146.59163637857725
n_rot n_trans E_rot      E_trans    |<state|n_rot n_trans>|^2
1     6       23.8       214.89     0.08      
1     7       23.8       214.89     0.11      
1     8       23.8       214.89     0.02      
1     10      23.8       214.89     0.01      
2     5       23.8       214.89     0.04      
2     6       23.8       214.89     0.02      
2     7       23.8       214.89     0.03      
2     10      23.8       214.89     0.02      
3     5       23.8       214.89     0.05      
3     6       23.8       214.89     0.05      
3     7       23.8       214.89     0.02      
3     8       23.8       214.89     0.01      
3     9       23.8       214.89     0.02      
3     10      23.8       214.89     0.01      
4     5       42.4       214.89     0.05      
4     6       42.4       214.89     0.05      
4     7       42.4       214.89     0.02      
4     8       42.4       214.89     0.01      
4     9       42.4       214.89     0.02      
4     10      42.4       214.89     0.01      
5     5       42.4       214.89     0.04      
5     6       42.4       214.89     0.02      
5     7       42.4       214.89     0.03      
5     10      42.4       214.89     0.02      
6     6       42.4       214.89     0.08      
6     7       42.4       214.89     0.11      
6     8       42.4       214.89     0.02      
6     10      42.4       214.89     0.01      

state: 56 E_state =146.59163637857725
n_rot n_trans E_rot      E_trans    |<state|n_rot n_trans>|^2
1     5       23.8       214.89     0.17      
1     7       23.8       214.89     0.04      
1     9       23.8       214.89     0.02      
1     10      23.8       214.89     0.02      
2     5       23.8       214.89     0.04      
2     6       23.8       214.89     0.08      
2     7       23.8       214.89     0.02      
2     10      23.8       214.89     0.02      
3     5       23.8       214.89     0.02      
3     6       23.8       214.89     0.04      
4     5       42.4       214.89     0.02      
4     6       42.4       214.89     0.04      
5     5       42.4       214.89     0.04      
5     6       42.4       214.89     0.08      
5     7       42.4       214.89     0.02      
5     10      42.4       214.89     0.02      
6     5       42.4       214.89     0.17      
6     7       42.4       214.89     0.04      
6     9       42.4       214.89     0.02      
6     10      42.4       214.89     0.02      

state: 57 E_state =146.59163637857725
n_rot n_trans E_rot      E_trans    |<state|n_rot n_trans>|^2
1     5       23.8       214.89     0.04      
1     6       23.8       214.89     0.04      
1     8       23.8       214.89     0.05      
1     10      23.8       214.89     0.01      
2     5       23.8       214.89     0.02      
2     6       23.8       214.89     0.09      
2     7       23.8       214.89     0.02      
2     8       23.8       214.89     0.01      
2     9       23.8       214.89     0.01      
2     10      23.8       214.89     0.02      
3     5       23.8       214.89     0.04      
3     7       23.8       214.89     0.02      
3     8       23.8       214.89     0.04      
3     9       23.8       214.89     0.02      
3     10      23.8       214.89     0.05      
4     5       42.4       214.89     0.04      
4     7       42.4       214.89     0.02      
4     8       42.4       214.89     0.04      
4     9       42.4       214.89     0.02      
4     10      42.4       214.89     0.05      
5     5       42.4       214.89     0.02      
5     6       42.4       214.89     0.09      
5     7       42.4       214.89     0.02      
5     8       42.4       214.89     0.01      
5     9       42.4       214.89     0.01      
5     10      42.4       214.89     0.02      
6     5       42.4       214.89     0.04      
6     6       42.4       214.89     0.04      
6     8       42.4       214.89     0.05      
6     10      42.4       214.89     0.01      

state: 58 E_state =146.59163637857742
n_rot n_trans E_rot      E_trans    |<state|n_rot n_trans>|^2
2     5       23.8       214.89     0.02      
2     6       23.8       214.89     0.01      
2     7       23.8       214.89     0.05      
2     9       23.8       214.89     0.04      
2     10      23.8       214.89     0.03      
3     6       23.8       214.89     0.01      
3     7       23.8       214.89     0.03      
3     9       23.8       214.89     0.26      
4     6       42.4       214.89     0.01      
4     7       42.4       214.89     0.03      
4     9       42.4       214.89     0.26      
5     5       42.4       214.89     0.02      
5     6       42.4       214.89     0.01      
5     7       42.4       214.89     0.05      
5     9       42.4       214.89     0.04      
5     10      42.4       214.89     0.03      

state: 59 E_state =146.59163637857768
n_rot n_trans E_rot      E_trans    |<state|n_rot n_trans>|^2
1     5       23.8       214.89     0.12      
1     6       23.8       214.89     0.02      
1     7       23.8       214.89     0.06      
1     8       23.8       214.89     0.02      
1     9       23.8       214.89     0.01      
2     5       23.8       214.89     0.01      
2     6       23.8       214.89     0.11      
2     7       23.8       214.89     0.03      
2     10      23.8       214.89     0.01      
3     5       23.8       214.89     0.02      
3     6       23.8       214.89     0.03      
3     8       23.8       214.89     0.02      
4     5       42.4       214.89     0.02      
4     6       42.4       214.89     0.03      
4     8       42.4       214.89     0.02      
5     5       42.4       214.89     0.01      
5     6       42.4       214.89     0.11      
5     7       42.4       214.89     0.03      
5     10      42.4       214.89     0.01      
6     5       42.4       214.89     0.12      
6     6       42.4       214.89     0.02      
6     7       42.4       214.89     0.06      
6     8       42.4       214.89     0.02      
6     9       42.4       214.89     0.01      

state: 60 E_state =146.59163637857768
n_rot n_trans E_rot      E_trans    |<state|n_rot n_trans>|^2
1     5       23.8       214.89     0.01      
1     6       23.8       214.89     0.04      
1     8       23.8       214.89     0.04      
1     9       23.8       214.89     0.01      
2     5       23.8       214.89     0.09      
2     6       23.8       214.89     0.04      
2     8       23.8       214.89     0.01      
2     9       23.8       214.89     0.01      
3     5       23.8       214.89     0.1       
3     8       23.8       214.89     0.11      
3     10      23.8       214.89     0.02      
4     5       42.4       214.89     0.1       
4     8       42.4       214.89     0.11      
4     10      42.4       214.89     0.02      
5     5       42.4       214.89     0.09      
5     6       42.4       214.89     0.04      
5     8       42.4       214.89     0.01      
5     9       42.4       214.89     0.01      
6     5       42.4       214.89     0.01      
6     6       42.4       214.89     0.04      
6     8       42.4       214.89     0.04      
6     9       42.4       214.89     0.01      

state: 61 E_state =146.5916363785779
n_rot n_trans E_rot      E_trans    |<state|n_rot n_trans>|^2
1     5       23.8       214.89     0.02      
1     7       23.8       214.89     0.03      
1     9       23.8       214.89     0.02      
1     10      23.8       214.89     0.07      
2     6       23.8       214.89     0.01      
2     7       23.8       214.89     0.06      
2     9       23.8       214.89     0.13      
2     10      23.8       214.89     0.03      
3     6       23.8       214.89     0.02      
3     7       23.8       214.89     0.02      
3     9       23.8       214.89     0.01      
3     10      23.8       214.89     0.05      
4     6       42.4       214.89     0.02      
4     7       42.4       214.89     0.02      
4     9       42.4       214.89     0.01      
4     10      42.4       214.89     0.05      
5     6       42.4       214.89     0.01      
5     7       42.4       214.89     0.06      
5     9       42.4       214.89     0.13      
5     10      42.4       214.89     0.03      
6     5       42.4       214.89     0.02      
6     7       42.4       214.89     0.03      
6     9       42.4       214.89     0.02      
6     10      42.4       214.89     0.07      

state: 62 E_state =146.591636378578
n_rot n_trans E_rot      E_trans    |<state|n_rot n_trans>|^2
1     8       23.8       214.89     0.01      
1     9       23.8       214.89     0.25      
1     10      23.8       214.89     0.12      
2     5       23.8       214.89     0.02      
2     9       23.8       214.89     0.01      
2     10      23.8       214.89     0.03      
3     7       23.8       214.89     0.02      
4     7       42.4       214.89     0.02      
5     5       42.4       214.89     0.02      
5     9       42.4       214.89     0.01      
5     10      42.4       214.89     0.03      
6     8       42.4       214.89     0.01      
6     9       42.4       214.89     0.25      
6     10      42.4       214.89     0.12      

state: 63 E_state =146.59163637857804
n_rot n_trans E_rot      E_trans    |<state|n_rot n_trans>|^2
1     5       23.8       214.89     0.02      
1     6       23.8       214.89     0.08      
1     7       23.8       214.89     0.03      
1     8       23.8       214.89     0.12      
1     9       23.8       214.89     0.05      
1     10      23.8       214.89     0.01      
2     5       23.8       214.89     0.04      
2     10      23.8       214.89     0.04      
3     5       23.8       214.89     0.03      
3     6       23.8       214.89     0.03      
3     8       23.8       214.89     0.01      
4     5       42.4       214.89     0.03      
4     6       42.4       214.89     0.03      
4     8       42.4       214.89     0.01      
5     5       42.4       214.89     0.04      
5     10      42.4       214.89     0.04      
6     5       42.4       214.89     0.02      
6     6       42.4       214.89     0.08      
6     7       42.4       214.89     0.03      
6     8       42.4       214.89     0.12      
6     9       42.4       214.89     0.05      
6     10      42.4       214.89     0.01      

state: 64 E_state =146.59163637857844
n_rot n_trans E_rot      E_trans    |<state|n_rot n_trans>|^2
1     7       23.8       214.89     0.02      
1     8       23.8       214.89     0.01      
2     5       23.8       214.89     0.01      
2     6       23.8       214.89     0.04      
2     7       23.8       214.89     0.07      
2     9       23.8       214.89     0.02      
2     10      23.8       214.89     0.01      
3     6       23.8       214.89     0.02      
3     7       23.8       214.89     0.02      
3     9       23.8       214.89     0.09      
3     10      23.8       214.89     0.16      
4     6       42.4       214.89     0.02      
4     7       42.4       214.89     0.02      
4     9       42.4       214.89     0.09      
4     10      42.4       214.89     0.16      
5     5       42.4       214.89     0.01      
5     6       42.4       214.89     0.04      
5     7       42.4       214.89     0.07      
5     9       42.4       214.89     0.02      
5     10      42.4       214.89     0.01      
6     7       42.4       214.89     0.02      
6     8       42.4       214.89     0.01      

state: 65 E_state =146.5916363785789
n_rot n_trans E_rot      E_trans    |<state|n_rot n_trans>|^2
1     9       23.8       214.89     0.03      
1     10      23.8       214.89     0.02      
2     7       23.8       214.89     0.05      
2     10      23.8       214.89     0.02      
3     6       23.8       214.89     0.1       
3     7       23.8       214.89     0.2       
3     10      23.8       214.89     0.05      
4     6       42.4       214.89     0.1       
4     7       42.4       214.89     0.2       
4     10      42.4       214.89     0.05      
5     7       42.4       214.89     0.05      
5     10      42.4       214.89     0.02      
6     9       42.4       214.89     0.03      
6     10      42.4       214.89     0.02      

state: 66 E_state =146.59163637857904
n_rot n_trans E_rot      E_trans    |<state|n_rot n_trans>|^2
1     5       23.8       214.89     0.01      
1     6       23.8       214.89     0.02      
1     8       23.8       214.89     0.09      
1     9       23.8       214.89     0.01      
1     10      23.8       214.89     0.04      
2     5       23.8       214.89     0.09      
2     8       23.8       214.89     0.01      
2     9       23.8       214.89     0.04      
2     10      23.8       214.89     0.05      
3     6       23.8       214.89     0.02      
3     7       23.8       214.89     0.02      
3     8       23.8       214.89     0.06      
3     9       23.8       214.89     0.01      
3     10      23.8       214.89     0.02      
4     6       42.4       214.89     0.02      
4     7       42.4       214.89     0.02      
4     8       42.4       214.89     0.06      
4     9       42.4       214.89     0.01      
4     10      42.4       214.89     0.02      
5     5       42.4       214.89     0.09      
5     8       42.4       214.89     0.01      
5     9       42.4       214.89     0.04      
5     10      42.4       214.89     0.05      
6     5       42.4       214.89     0.01      
6     6       42.4       214.89     0.02      
6     8       42.4       214.89     0.09      
6     9       42.4       214.89     0.01      
6     10      42.4       214.89     0.04      

state: 67 E_state =146.59163637857944
n_rot n_trans E_rot      E_trans    |<state|n_rot n_trans>|^2
1     5       23.8       214.89     0.02      
1     6       23.8       214.89     0.01      
1     7       23.8       214.89     0.02      
1     8       23.8       214.89     0.01      
1     9       23.8       214.89     0.02      
1     10      23.8       214.89     0.18      
2     6       23.8       214.89     0.01      
2     7       23.8       214.89     0.04      
2     10      23.8       214.89     0.05      
3     7       23.8       214.89     0.07      
3     10      23.8       214.89     0.02      
4     7       42.4       214.89     0.07      
4     10      42.4       214.89     0.02      
5     6       42.4       214.89     0.01      
5     7       42.4       214.89     0.04      
5     10      42.4       214.89     0.05      
6     5       42.4       214.89     0.02      
6     6       42.4       214.89     0.01      
6     7       42.4       214.89     0.02      
6     8       42.4       214.89     0.01      
6     9       42.4       214.89     0.02      
6     10      42.4       214.89     0.18      

state: 68 E_state =165.19444111857663
n_rot n_trans E_rot      E_trans    |<state|n_rot n_trans>|^2
1     6       23.8       214.89     0.01      
1     7       23.8       214.89     0.03      
1     8       23.8       214.89     0.06      
2     5       23.8       214.89     0.11      
2     6       23.8       214.89     0.02      
2     8       23.8       214.89     0.04      
2     9       23.8       214.89     0.01      
2     10      23.8       214.89     0.01      
3     5       23.8       214.89     0.06      
3     6       23.8       214.89     0.04      
3     7       23.8       214.89     0.01      
3     8       23.8       214.89     0.02      
3     9       23.8       214.89     0.03      
3     10      23.8       214.89     0.02      
4     5       42.4       214.89     0.06      
4     6       42.4       214.89     0.04      
4     7       42.4       214.89     0.01      
4     8       42.4       214.89     0.02      
4     9       42.4       214.89     0.03      
4     10      42.4       214.89     0.02      
5     5       42.4       214.89     0.11      
5     6       42.4       214.89     0.02      
5     8       42.4       214.89     0.04      
5     9       42.4       214.89     0.01      
5     10      42.4       214.89     0.01      
6     6       42.4       214.89     0.01      
6     7       42.4       214.89     0.03      
6     8       42.4       214.89     0.06      

state: 69 E_state =165.19444111857695
n_rot n_trans E_rot      E_trans    |<state|n_rot n_trans>|^2
1     8       23.8       214.89     0.24      
2     5       23.8       214.89     0.04      
2     6       23.8       214.89     0.02      
2     8       23.8       214.89     0.06      
3     5       23.8       214.89     0.02      
3     6       23.8       214.89     0.03      
3     8       23.8       214.89     0.02      
3     9       23.8       214.89     0.02      
3     10      23.8       214.89     0.03      
4     5       42.4       214.89     0.02      
4     6       42.4       214.89     0.03      
4     8       42.4       214.89     0.02      
4     9       42.4       214.89     0.02      
4     10      42.4       214.89     0.03      
5     5       42.4       214.89     0.04      
5     6       42.4       214.89     0.02      
5     8       42.4       214.89     0.06      
6     8       42.4       214.89     0.24      

state: 70 E_state =165.19444111857706
n_rot n_trans E_rot      E_trans    |<state|n_rot n_trans>|^2
1     5       23.8       214.89     0.01      
1     6       23.8       214.89     0.03      
1     7       23.8       214.89     0.02      
1     8       23.8       214.89     0.11      
2     6       23.8       214.89     0.04      
2     7       23.8       214.89     0.02      
2     9       23.8       214.89     0.02      
2     10      23.8       214.89     0.03      
3     6       23.8       214.89     0.08      
3     7       23.8       214.89     0.02      
3     8       23.8       214.89     0.05      
3     10      23.8       214.89     0.03      
4     6       42.4       214.89     0.08      
4     7       42.4       214.89     0.02      
4     8       42.4       214.89     0.05      
4     10      42.4       214.89     0.03      
5     6       42.4       214.89     0.04      
5     7       42.4       214.89     0.02      
5     9       42.4       214.89     0.02      
5     10      42.4       214.89     0.03      
6     5       42.4       214.89     0.01      
6     6       42.4       214.89     0.03      
6     7       42.4       214.89     0.02      
6     8       42.4       214.89     0.11      

state: 71 E_state =165.19444111857723
n_rot n_trans E_rot      E_trans    |<state|n_rot n_trans>|^2
1     5       23.8       214.89     0.01      
1     6       23.8       214.89     0.03      
1     7       23.8       214.89     0.12      
2     6       23.8       214.89     0.1       
2     8       23.8       214.89     0.06      
2     10      23.8       214.89     0.02      
3     6       23.8       214.89     0.05      
3     7       23.8       214.89     0.03      
3     9       23.8       214.89     0.01      
3     10      23.8       214.89     0.02      
4     6       42.4       214.89     0.05      
4     7       42.4       214.89     0.03      
4     9       42.4       214.89     0.01      
4     10      42.4       214.89     0.02      
5     6       42.4       214.89     0.1       
5     8       42.4       214.89     0.06      
5     10      42.4       214.89     0.02      
6     5       42.4       214.89     0.01      
6     6       42.4       214.89     0.03      
6     7       42.4       214.89     0.12      

state: 72 E_state =165.1944411185773
n_rot n_trans E_rot      E_trans    |<state|n_rot n_trans>|^2
1     5       23.8       214.89     0.04      
1     6       23.8       214.89     0.05      
1     7       23.8       214.89     0.02      
1     9       23.8       214.89     0.08      
1     10      23.8       214.89     0.04      
2     5       23.8       214.89     0.01      
2     6       23.8       214.89     0.05      
2     7       23.8       214.89     0.04      
2     8       23.8       214.89     0.01      
2     10      23.8       214.89     0.02      
3     5       23.8       214.89     0.03      
3     6       23.8       214.89     0.03      
3     7       23.8       214.89     0.03      
3     10      23.8       214.89     0.03      
4     5       42.4       214.89     0.03      
4     6       42.4       214.89     0.03      
4     7       42.4       214.89     0.03      
4     10      42.4       214.89     0.03      
5     5       42.4       214.89     0.01      
5     6       42.4       214.89     0.05      
5     7       42.4       214.89     0.04      
5     8       42.4       214.89     0.01      
5     10      42.4       214.89     0.02      
6     5       42.4       214.89     0.04      
6     6       42.4       214.89     0.05      
6     7       42.4       214.89     0.02      
6     9       42.4       214.89     0.08      
6     10      42.4       214.89     0.04      

state: 73 E_state =165.1944411185773
n_rot n_trans E_rot      E_trans    |<state|n_rot n_trans>|^2
1     5       23.8       214.89     0.04      
1     6       23.8       214.89     0.1       
1     7       23.8       214.89     0.09      
1     9       23.8       214.89     0.01      
1     10      23.8       214.89     0.02      
2     5       23.8       214.89     0.03      
2     6       23.8       214.89     0.01      
2     7       23.8       214.89     0.01      
2     10      23.8       214.89     0.02      
3     5       23.8       214.89     0.01      
3     7       23.8       214.89     0.08      
3     8       23.8       214.89     0.04      
4     5       42.4       214.89     0.01      
4     7       42.4       214.89     0.08      
4     8       42.4       214.89     0.04      
5     5       42.4       214.89     0.03      
5     6       42.4       214.89     0.01      
5     7       42.4       214.89     0.01      
5     10      42.4       214.89     0.02      
6     5       42.4       214.89     0.04      
6     6       42.4       214.89     0.1       
6     7       42.4       214.89     0.09      
6     9       42.4       214.89     0.01      
6     10      42.4       214.89     0.02      

state: 74 E_state =165.19444111857743
n_rot n_trans E_rot      E_trans    |<state|n_rot n_trans>|^2
1     6       23.8       214.89     0.02      
1     7       23.8       214.89     0.01      
1     9       23.8       214.89     0.09      
1     10      23.8       214.89     0.05      
2     6       23.8       214.89     0.04      
2     7       23.8       214.89     0.12      
2     9       23.8       214.89     0.05      
3     6       23.8       214.89     0.03      
3     7       23.8       214.89     0.06      
3     9       23.8       214.89     0.01      
4     6       42.4       214.89     0.03      
4     7       42.4       214.89     0.06      
4     9       42.4       214.89     0.01      
5     6       42.4       214.89     0.04      
5     7       42.4       214.89     0.12      
5     9       42.4       214.89     0.05      
6     6       42.4       214.89     0.02      
6     7       42.4       214.89     0.01      
6     9       42.4       214.89     0.09      
6     10      42.4       214.89     0.05      

state: 75 E_state =165.19444111857754
n_rot n_trans E_rot      E_trans    |<state|n_rot n_trans>|^2
1     5       23.8       214.89     0.01      
1     8       23.8       214.89     0.04      
2     5       23.8       214.89     0.08      
2     8       23.8       214.89     0.16      
2     9       23.8       214.89     0.01      
2     10      23.8       214.89     0.03      
3     5       23.8       214.89     0.04      
3     8       23.8       214.89     0.09      
3     9       23.8       214.89     0.01      
3     10      23.8       214.89     0.02      
4     5       42.4       214.89     0.04      
4     8       42.4       214.89     0.09      
4     9       42.4       214.89     0.01      
4     10      42.4       214.89     0.02      
5     5       42.4       214.89     0.08      
5     8       42.4       214.89     0.16      
5     9       42.4       214.89     0.01      
5     10      42.4       214.89     0.03      
6     5       42.4       214.89     0.01      
6     8       42.4       214.89     0.04      

state: 76 E_state =165.19444111857777
n_rot n_trans E_rot      E_trans    |<state|n_rot n_trans>|^2
1     5       23.8       214.89     0.02      
1     6       23.8       214.89     0.06      
1     7       23.8       214.89     0.02      
1     8       23.8       214.89     0.06      
2     5       23.8       214.89     0.01      
2     9       23.8       214.89     0.02      
2     10      23.8       214.89     0.03      
3     5       23.8       214.89     0.01      
3     6       23.8       214.89     0.02      
3     7       23.8       214.89     0.01      
3     8       23.8       214.89     0.17      
3     9       23.8       214.89     0.01      
3     10      23.8       214.89     0.02      
4     5       42.4       214.89     0.01      
4     6       42.4       214.89     0.02      
4     7       42.4       214.89     0.01      
4     8       42.4       214.89     0.17      
4     9       42.4       214.89     0.01      
4     10      42.4       214.89     0.02      
5     5       42.4       214.89     0.01      
5     9       42.4       214.89     0.02      
5     10      42.4       214.89     0.03      
6     5       42.4       214.89     0.02      
6     6       42.4       214.89     0.06      
6     7       42.4       214.89     0.02      
6     8       42.4       214.89     0.06      

state: 77 E_state =165.19444111857797
n_rot n_trans E_rot      E_trans    |<state|n_rot n_trans>|^2
1     5       23.8       214.89     0.05      
1     6       23.8       214.89     0.05      
1     7       23.8       214.89     0.05      
1     9       23.8       214.89     0.03      
1     10      23.8       214.89     0.09      
2     6       23.8       214.89     0.02      
2     7       23.8       214.89     0.06      
2     9       23.8       214.89     0.03      
2     10      23.8       214.89     0.03      
3     6       23.8       214.89     0.02      
3     7       23.8       214.89     0.03      
3     8       23.8       214.89     0.01      
4     6       42.4       214.89     0.02      
4     7       42.4       214.89     0.03      
4     8       42.4       214.89     0.01      
5     6       42.4       214.89     0.02      
5     7       42.4       214.89     0.06      
5     9       42.4       214.89     0.03      
5     10      42.4       214.89     0.03      
6     5       42.4       214.89     0.05      
6     6       42.4       214.89     0.05      
6     7       42.4       214.89     0.05      
6     9       42.4       214.89     0.03      
6     10      42.4       214.89     0.09      

state: 78 E_state =165.19444111857814
n_rot n_trans E_rot      E_trans    |<state|n_rot n_trans>|^2
1     6       23.8       214.89     0.01      
1     9       23.8       214.89     0.02      
1     10      23.8       214.89     0.01      
2     6       23.8       214.89     0.01      
2     7       23.8       214.89     0.01      
2     9       23.8       214.89     0.02      
2     10      23.8       214.89     0.04      
3     6       23.8       214.89     0.04      
3     7       23.8       214.89     0.03      
3     8       23.8       214.89     0.02      
3     9       23.8       214.89     0.13      
3     10      23.8       214.89     0.13      
4     6       42.4       214.89     0.04      
4     7       42.4       214.89     0.03      
4     8       42.4       214.89     0.02      
4     9       42.4       214.89     0.13      
4     10      42.4       214.89     0.13      
5     6       42.4       214.89     0.01      
5     7       42.4       214.89     0.01      
5     9       42.4       214.89     0.02      
5     10      42.4       214.89     0.04      
6     6       42.4       214.89     0.01      
6     9       42.4       214.89     0.02      
6     10      42.4       214.89     0.01      

state: 79 E_state =165.19444111857828
n_rot n_trans E_rot      E_trans    |<state|n_rot n_trans>|^2
1     5       23.8       214.89     0.07      
1     7       23.8       214.89     0.01      
1     9       23.8       214.89     0.05      
1     10      23.8       214.89     0.05      
2     5       23.8       214.89     0.01      
2     7       23.8       214.89     0.06      
2     8       23.8       214.89     0.02      
2     9       23.8       214.89     0.05      
2     10      23.8       214.89     0.02      
3     5       23.8       214.89     0.09      
3     7       23.8       214.89     0.03      
4     5       42.4       214.89     0.09      
4     7       42.4       214.89     0.03      
5     5       42.4       214.89     0.01      
5     7       42.4       214.89     0.06      
5     8       42.4       214.89     0.02      
5     9       42.4       214.89     0.05      
5     10      42.4       214.89     0.02      
6     5       42.4       214.89     0.07      
6     7       42.4       214.89     0.01      
6     9       42.4       214.89     0.05      
6     10      42.4       214.89     0.05      

state: 80 E_state =165.19444111857854
n_rot n_trans E_rot      E_trans    |<state|n_rot n_trans>|^2
1     5       23.8       214.89     0.02      
1     6       23.8       214.89     0.02      
1     9       23.8       214.89     0.02      
2     6       23.8       214.89     0.01      
2     7       23.8       214.89     0.04      
2     8       23.8       214.89     0.02      
2     9       23.8       214.89     0.05      
2     10      23.8       214.89     0.06      
3     5       23.8       214.89     0.02      
3     6       23.8       214.89     0.01      
3     7       23.8       214.89     0.04      
3     8       23.8       214.89     0.03      
3     9       23.8       214.89     0.1       
3     10      23.8       214.89     0.03      
4     5       42.4       214.89     0.02      
4     6       42.4       214.89     0.01      
4     7       42.4       214.89     0.04      
4     8       42.4       214.89     0.03      
4     9       42.4       214.89     0.1       
4     10      42.4       214.89     0.03      
5     6       42.4       214.89     0.01      
5     7       42.4       214.89     0.04      
5     8       42.4       214.89     0.02      
5     9       42.4       214.89     0.05      
5     10      42.4       214.89     0.06      
6     5       42.4       214.89     0.02      
6     6       42.4       214.89     0.02      
6     9       42.4       214.89     0.02      

state: 81 E_state =165.19444111857854
n_rot n_trans E_rot      E_trans    |<state|n_rot n_trans>|^2
1     5       23.8       214.89     0.12      
1     6       23.8       214.89     0.02      
1     9       23.8       214.89     0.02      
1     10      23.8       214.89     0.06      
2     5       23.8       214.89     0.12      
2     6       23.8       214.89     0.03      
3     6       23.8       214.89     0.02      
3     8       23.8       214.89     0.01      
3     9       23.8       214.89     0.03      
3     10      23.8       214.89     0.02      
4     6       42.4       214.89     0.02      
4     8       42.4       214.89     0.01      
4     9       42.4       214.89     0.03      
4     10      42.4       214.89     0.02      
5     5       42.4       214.89     0.12      
5     6       42.4       214.89     0.03      
6     5       42.4       214.89     0.12      
6     6       42.4       214.89     0.02      
6     9       42.4       214.89     0.02      
6     10      42.4       214.89     0.06      

state: 82 E_state =165.19444111857868
n_rot n_trans E_rot      E_trans    |<state|n_rot n_trans>|^2
1     5       23.8       214.89     0.02      
1     6       23.8       214.89     0.05      
1     7       23.8       214.89     0.11      
1     10      23.8       214.89     0.03      
2     6       23.8       214.89     0.03      
2     7       23.8       214.89     0.01      
2     8       23.8       214.89     0.01      
2     10      23.8       214.89     0.01      
3     5       23.8       214.89     0.05      
3     7       23.8       214.89     0.14      
4     5       42.4       214.89     0.05      
4     7       42.4       214.89     0.14      
5     6       42.4       214.89     0.03      
5     7       42.4       214.89     0.01      
5     8       42.4       214.89     0.01      
5     10      42.4       214.89     0.01      
6     5       42.4       214.89     0.02      
6     6       42.4       214.89     0.05      
6     7       42.4       214.89     0.11      
6     10      42.4       214.89     0.03      

state: 83 E_state =165.19444111857868
n_rot n_trans E_rot      E_trans    |<state|n_rot n_trans>|^2
1     7       23.8       214.89     0.07      
1     10      23.8       214.89     0.02      
2     5       23.8       214.89     0.07      
2     7       23.8       214.89     0.02      
2     8       23.8       214.89     0.04      
3     6       23.8       214.89     0.06      
3     7       23.8       214.89     0.01      
3     9       23.8       214.89     0.09      
3     10      23.8       214.89     0.07      
4     6       42.4       214.89     0.06      
4     7       42.4       214.89     0.01      
4     9       42.4       214.89     0.09      
4     10      42.4       214.89     0.07      
5     5       42.4       214.89     0.07      
5     7       42.4       214.89     0.02      
5     8       42.4       214.89     0.04      
6     7       42.4       214.89     0.07      
6     10      42.4       214.89     0.02      

state: 84 E_state =165.1944411185792
n_rot n_trans E_rot      E_trans    |<state|n_rot n_trans>|^2
1     10      23.8       214.89     0.04      
2     5       23.8       214.89     0.01      
2     6       23.8       214.89     0.09      
2     7       23.8       214.89     0.1       
2     8       23.8       214.89     0.03      
2     9       23.8       214.89     0.02      
2     10      23.8       214.89     0.03      
3     5       23.8       214.89     0.07      
3     6       23.8       214.89     0.02      
3     7       23.8       214.89     0.01      
3     8       23.8       214.89     0.01      
3     9       23.8       214.89     0.01      
3     10      23.8       214.89     0.01      
4     5       42.4       214.89     0.07      
4     6       42.4       214.89     0.02      
4     7       42.4       214.89     0.01      
4     8       42.4       214.89     0.01      
4     9       42.4       214.89     0.01      
4     10      42.4       214.89     0.01      
5     5       42.4       214.89     0.01      
5     6       42.4       214.89     0.09      
5     7       42.4       214.89     0.1       
5     8       42.4       214.89     0.03      
5     9       42.4       214.89     0.02      
5     10      42.4       214.89     0.03      
6     10      42.4       214.89     0.04      

state: 85 E_state =165.19444111858095
n_rot n_trans E_rot      E_trans    |<state|n_rot n_trans>|^2
1     6       23.8       214.89     0.02      
1     9       23.8       214.89     0.05      
1     10      23.8       214.89     0.02      
2     6       23.8       214.89     0.02      
2     7       23.8       214.89     0.01      
2     9       23.8       214.89     0.15      
2     10      23.8       214.89     0.1       
3     5       23.8       214.89     0.03      
3     6       23.8       214.89     0.01      
3     9       23.8       214.89     0.03      
3     10      23.8       214.89     0.03      
4     5       42.4       214.89     0.03      
4     6       42.4       214.89     0.01      
4     9       42.4       214.89     0.03      
4     10      42.4       214.89     0.03      
5     6       42.4       214.89     0.02      
5     7       42.4       214.89     0.01      
5     9       42.4       214.89     0.15      
5     10      42.4       214.89     0.1       
6     6       42.4       214.89     0.02      
6     9       42.4       214.89     0.05      
6     10      42.4       214.89     0.02      

state: 86 E_state =196.7182446736541
n_rot n_trans E_rot      E_trans    |<state|n_rot n_trans>|^2
9     2       79.51      153.49     0.04      
9     3       79.51      153.49     0.2       
9     4       79.51      153.49     0.02      
10    3       79.51      153.49     0.03      
11    2       79.51      153.49     0.09      
11    3       79.51      153.49     0.11      
13    3       135.32     153.49     0.03      
15    2       135.32     153.49     0.09      
15    3       135.32     153.49     0.11      
16    2       135.32     153.49     0.04      
16    3       135.32     153.49     0.2       
16    4       135.32     153.49     0.02      

state: 87 E_state =196.71824467365417
n_rot n_trans E_rot      E_trans    |<state|n_rot n_trans>|^2
7     2       79.51      153.49     0.11      
7     3       79.51      153.49     0.09      
7     4       79.51      153.49     0.04      
8     4       79.51      153.49     0.05      
9     2       79.51      153.49     0.04      
9     4       79.51      153.49     0.02      
10    2       79.51      153.49     0.03      
10    3       79.51      153.49     0.01      
10    4       79.51      153.49     0.07      
11    2       79.51      153.49     0.01      
12    2       135.32     153.49     0.11      
12    3       135.32     153.49     0.09      
12    4       135.32     153.49     0.04      
13    2       135.32     153.49     0.03      
13    3       135.32     153.49     0.01      
13    4       135.32     153.49     0.07      
14    4       135.32     153.49     0.05      
15    2       135.32     153.49     0.01      
16    2       135.32     153.49     0.04      
16    4       135.32     153.49     0.02      

state: 88 E_state =196.7182446736543
n_rot n_trans E_rot      E_trans    |<state|n_rot n_trans>|^2
8     2       79.51      153.49     0.09      
9     2       79.51      153.49     0.08      
9     3       79.51      153.49     0.06      
9     4       79.51      153.49     0.01      
10    2       79.51      153.49     0.04      
10    3       79.51      153.49     0.05      
10    4       79.51      153.49     0.03      
11    2       79.51      153.49     0.01      
11    3       79.51      153.49     0.1       
11    4       79.51      153.49     0.01      
13    2       135.32     153.49     0.04      
13    3       135.32     153.49     0.05      
13    4       135.32     153.49     0.03      
14    2       135.32     153.49     0.09      
15    2       135.32     153.49     0.01      
15    3       135.32     153.49     0.1       
15    4       135.32     153.49     0.01      
16    2       135.32     153.49     0.08      
16    3       135.32     153.49     0.06      
16    4       135.32     153.49     0.01      

state: 89 E_state =196.7182446736544
n_rot n_trans E_rot      E_trans    |<state|n_rot n_trans>|^2
7     2       79.51      153.49     0.03      
8     4       79.51      153.49     0.07      
9     2       79.51      153.49     0.03      
9     3       79.51      153.49     0.03      
9     4       79.51      153.49     0.1       
10    2       79.51      153.49     0.02      
11    2       79.51      153.49     0.05      
11    4       79.51      153.49     0.15      
12    2       135.32     153.49     0.03      
13    2       135.32     153.49     0.02      
14    4       135.32     153.49     0.07      
15    2       135.32     153.49     0.05      
15    4       135.32     153.49     0.15      
16    2       135.32     153.49     0.03      
16    3       135.32     153.49     0.03      
16    4       135.32     153.49     0.1       

state: 90 E_state =196.71824467365454
n_rot n_trans E_rot      E_trans    |<state|n_rot n_trans>|^2
7     2       79.51      153.49     0.03      
8     2       79.51      153.49     0.09      
8     3       79.51      153.49     0.03      
9     2       79.51      153.49     0.02      
9     3       79.51      153.49     0.04      
9     4       79.51      153.49     0.09      
10    3       79.51      153.49     0.04      
11    2       79.51      153.49     0.06      
11    3       79.51      153.49     0.08      
11    4       79.51      153.49     0.02      
12    2       135.32     153.49     0.03      
13    3       135.32     153.49     0.04      
14    2       135.32     153.49     0.09      
14    3       135.32     153.49     0.03      
15    2       135.32     153.49     0.06      
15    3       135.32     153.49     0.08      
15    4       135.32     153.49     0.02      
16    2       135.32     153.49     0.02      
16    3       135.32     153.49     0.04      
16    4       135.32     153.49     0.09      

state: 91 E_state =196.71824467365488
n_rot n_trans E_rot      E_trans    |<state|n_rot n_trans>|^2
7     2       79.51      153.49     0.04      
7     4       79.51      153.49     0.04      
8     3       79.51      153.49     0.02      
9     2       79.51      153.49     0.02      
9     4       79.51      153.49     0.03      
10    2       79.51      153.49     0.14      
10    3       79.51      153.49     0.04      
10    4       79.51      153.49     0.02      
11    2       79.51      153.49     0.05      
11    3       79.51      153.49     0.06      
11    4       79.51      153.49     0.02      
12    2       135.32     153.49     0.04      
12    4       135.32     153.49     0.04      
13    2       135.32     153.49     0.14      
13    3       135.32     153.49     0.04      
13    4       135.32     153.49     0.02      
14    3       135.32     153.49     0.02      
15    2       135.32     153.49     0.05      
15    3       135.32     153.49     0.06      
15    4       135.32     153.49     0.02      
16    2       135.32     153.49     0.02      
16    4       135.32     153.49     0.03      

state: 92 E_state =196.71824467365516
n_rot n_trans E_rot      E_trans    |<state|n_rot n_trans>|^2
7     3       79.51      153.49     0.05      
7     4       79.51      153.49     0.04      
8     2       79.51      153.49     0.04      
8     4       79.51      153.49     0.07      
9     2       79.51      153.49     0.03      
9     4       79.51      153.49     0.04      
10    2       79.51      153.49     0.07      
10    4       79.51      153.49     0.11      
11    2       79.51      153.49     0.01      
11    3       79.51      153.49     0.02      
11    4       79.51      153.49     0.01      
12    3       135.32     153.49     0.05      
12    4       135.32     153.49     0.04      
13    2       135.32     153.49     0.07      
13    4       135.32     153.49     0.11      
14    2       135.32     153.49     0.04      
14    4       135.32     153.49     0.07      
15    2       135.32     153.49     0.01      
15    3       135.32     153.49     0.02      
15    4       135.32     153.49     0.01      
16    2       135.32     153.49     0.03      
16    4       135.32     153.49     0.04      

state: 93 E_state =196.71824467365516
n_rot n_trans E_rot      E_trans    |<state|n_rot n_trans>|^2
7     2       79.51      153.49     0.02      
7     4       79.51      153.49     0.04      
8     2       79.51      153.49     0.02      
8     3       79.51      153.49     0.03      
8     4       79.51      153.49     0.09      
9     2       79.51      153.49     0.04      
9     3       79.51      153.49     0.03      
9     4       79.51      153.49     0.01      
10    2       79.51      153.49     0.02      
10    3       79.51      153.49     0.05      
10    4       79.51      153.49     0.02      
11    2       79.51      153.49     0.1       
11    3       79.51      153.49     0.01      
11    4       79.51      153.49     0.03      
12    2       135.32     153.49     0.02      
12    4       135.32     153.49     0.04      
13    2       135.32     153.49     0.02      
13    3       135.32     153.49     0.05      
13    4       135.32     153.49     0.02      
14    2       135.32     153.49     0.02      
14    3       135.32     153.49     0.03      
14    4       135.32     153.49     0.09      
15    2       135.32     153.49     0.1       
15    3       135.32     153.49     0.01      
15    4       135.32     153.49     0.03      
16    2       135.32     153.49     0.04      
16    3       135.32     153.49     0.03      
16    4       135.32     153.49     0.01      

state: 94 E_state =196.71824467365545
n_rot n_trans E_rot      E_trans    |<state|n_rot n_trans>|^2
7     2       79.51      153.49     0.04      
7     4       79.51      153.49     0.03      
8     2       79.51      153.49     0.02      
8     3       79.51      153.49     0.01      
8     4       79.51      153.49     0.16      
9     3       79.51      153.49     0.01      
9     4       79.51      153.49     0.01      
10    2       79.51      153.49     0.01      
10    3       79.51      153.49     0.1       
10    4       79.51      153.49     0.02      
11    3       79.51      153.49     0.01      
11    4       79.51      153.49     0.06      
12    2       135.32     153.49     0.04      
12    4       135.32     153.49     0.03      
13    2       135.32     153.49     0.01      
13    3       135.32     153.49     0.1       
13    4       135.32     153.49     0.02      
14    2       135.32     153.49     0.02      
14    3       135.32     153.49     0.01      
14    4       135.32     153.49     0.16      
15    3       135.32     153.49     0.01      
15    4       135.32     153.49     0.06      
16    3       135.32     153.49     0.01      
16    4       135.32     153.49     0.01      

state: 95 E_state =196.71824467365545
n_rot n_trans E_rot      E_trans    |<state|n_rot n_trans>|^2
7     2       79.51      153.49     0.05      
7     4       79.51      153.49     0.02      
8     2       79.51      153.49     0.03      
8     3       79.51      153.49     0.04      
9     2       79.51      153.49     0.06      
9     3       79.51      153.49     0.04      
9     4       79.51      153.49     0.01      
10    2       79.51      153.49     0.03      
10    3       79.51      153.49     0.12      
10    4       79.51      153.49     0.01      
11    2       79.51      153.49     0.04      
11    3       79.51      153.49     0.03      
12    2       135.32     153.49     0.05      
12    4       135.32     153.49     0.02      
13    2       135.32     153.49     0.03      
13    3       135.32     153.49     0.12      
13    4       135.32     153.49     0.01      
14    2       135.32     153.49     0.03      
14    3       135.32     153.49     0.04      
15    2       135.32     153.49     0.04      
15    3       135.32     153.49     0.03      
16    2       135.32     153.49     0.06      
16    3       135.32     153.49     0.04      
16    4       135.32     153.49     0.01      

state: 96 E_state =196.71824467365587
n_rot n_trans E_rot      E_trans    |<state|n_rot n_trans>|^2
7     2       79.51      153.49     0.07      
7     4       79.51      153.49     0.02      
8     2       79.51      153.49     0.13      
8     3       79.51      153.49     0.01      
8     4       79.51      153.49     0.04      
9     2       79.51      153.49     0.01      
10    2       79.51      153.49     0.01      
10    4       79.51      153.49     0.08      
11    2       79.51      153.49     0.06      
11    3       79.51      153.49     0.04      
11    4       79.51      153.49     0.02      
12    2       135.32     153.49     0.07      
12    4       135.32     153.49     0.02      
13    2       135.32     153.49     0.01      
13    4       135.32     153.49     0.08      
14    2       135.32     153.49     0.13      
14    3       135.32     153.49     0.01      
14    4       135.32     153.49     0.04      
15    2       135.32     153.49     0.06      
15    3       135.32     153.49     0.04      
15    4       135.32     153.49     0.02      
16    2       135.32     153.49     0.01      

state: 97 E_state =196.71824467365616
n_rot n_trans E_rot      E_trans    |<state|n_rot n_trans>|^2
7     2       79.51      153.49     0.05      
7     3       79.51      153.49     0.09      
7     4       79.51      153.49     0.17      
9     3       79.51      153.49     0.01      
9     4       79.51      153.49     0.05      
10    2       79.51      153.49     0.02      
10    4       79.51      153.49     0.04      
11    2       79.51      153.49     0.02      
11    3       79.51      153.49     0.03      
12    2       135.32     153.49     0.05      
12    3       135.32     153.49     0.09      
12    4       135.32     153.49     0.17      
13    2       135.32     153.49     0.02      
13    4       135.32     153.49     0.04      
15    2       135.32     153.49     0.02      
15    3       135.32     153.49     0.03      
16    3       135.32     153.49     0.01      
16    4       135.32     153.49     0.05      

state: 98 E_state =196.71824467365636
n_rot n_trans E_rot      E_trans    |<state|n_rot n_trans>|^2
8     2       79.51      153.49     0.02      
8     3       79.51      153.49     0.33      
8     4       79.51      153.49     0.02      
9     2       79.51      153.49     0.06      
9     3       79.51      153.49     0.03      
10    2       79.51      153.49     0.01      
13    2       135.32     153.49     0.01      
14    2       135.32     153.49     0.02      
14    3       135.32     153.49     0.33      
14    4       135.32     153.49     0.02      
16    2       135.32     153.49     0.06      
16    3       135.32     153.49     0.03      

state: 99 E_state =196.71824467365693
n_rot n_trans E_rot      E_trans    |<state|n_rot n_trans>|^2
7     2       79.51      153.49     0.01      
7     3       79.51      153.49     0.16      
7     4       79.51      153.49     0.04      
9     2       79.51      153.49     0.03      
9     3       79.51      153.49     0.01      
9     4       79.51      153.49     0.07      
10    2       79.51      153.49     0.08      
10    3       79.51      153.49     0.02      
11    4       79.51      153.49     0.04      
12    2       135.32     153.49     0.01      
12    3       135.32     153.49     0.16      
12    4       135.32     153.49     0.04      
13    2       135.32     153.49     0.08      
13    3       135.32     153.49     0.02      
15    4       135.32     153.49     0.04      
16    2       135.32     153.49     0.03      
16    3       135.32     153.49     0.01      
16    4       135.32     153.49     0.07      

state: 100 E_state =196.71824467365707
n_rot n_trans E_rot      E_trans    |<state|n_rot n_trans>|^2
7     3       79.51      153.49     0.05      
7     4       79.51      153.49     0.06      
8     3       79.51      153.49     0.02      
9     2       79.51      153.49     0.03      
9     3       79.51      153.49     0.02      
9     4       79.51      153.49     0.07      
10    4       79.51      153.49     0.07      
11    2       79.51      153.49     0.01      
11    3       79.51      153.49     0.02      
11    4       79.51      153.49     0.13      
12    3       135.32     153.49     0.05      
12    4       135.32     153.49     0.06      
13    4       135.32     153.49     0.07      
14    3       135.32     153.49     0.02      
15    2       135.32     153.49     0.01      
15    3       135.32     153.49     0.02      
15    4       135.32     153.49     0.13      
16    2       135.32     153.49     0.03      
16    3       135.32     153.49     0.02      
16    4       135.32     153.49     0.07      

