1     1       0          92.09      0.94      
2     4       37.16      153.49     0.02      
3     2       37.16      153.49     0.02      
4     3       37.16      153.49     0.02      

1     2       0          153.49     0.09      
1     3       0          153.49     0.04      
1     4       0          153.49     0.07      
2     1       37.16      92.09      0.25      
3     1       37.16      92.09      0.16      
4     1       37.16      92.09      0.35      

1     2       0          153.49     0.07      
1     3       0          153.49     0.06      
1     4       0          153.49     0.06      
2     1       37.16      92.09      0.25      
3     1       37.16      92.09      0.24      
4     1       37.16      92.09      0.28      

1     2       0          153.49     0.01      
1     3       0          153.49     0.13      
1     4       0          153.49     0.06      
2     1       37.16      92.09      0.25      
3     1       37.16      92.09      0.47      
4     1       37.16      92.09      0.05      

1     2       0          153.49     0.01      
1     4       0          153.49     0.72      
2     1       37.16      92.09      0.2       
2     9       37.16      214.89     0.02      
3     6       37.16      214.89     0.01      
4     7       37.16      214.89     0.01      

1     2       0          153.49     0.04      
1     3       0          153.49     0.22      
1     4       0          153.49     0.47      
2     1       37.16      92.09      0.13      
2     9       37.16      214.89     0.01      
3     1       37.16      92.09      0.06      
4     1       37.16      92.09      0.01      

1     2       0          153.49     0.48      
1     3       0          153.49     0.23      
1     4       0          153.49     0.01      
3     1       37.16      92.09      0.07      
3     5       37.16      214.89     0.02      
4     1       37.16      92.09      0.14      

2     3       37.16      153.49     0.03      
3     3       37.16      153.49     0.03      
3     4       37.16      153.49     0.03      
4     2       37.16      153.49     0.03      
5     1       70.13      92.09      0.02      
6     1       70.13      92.09      0.04      
7     1       70.13      92.09      0.02      
8     1       70.13      92.09      0.02      
9     1       70.13      92.09      0.14      
10    1       95.24      92.09      0.06      
11    1       95.24      92.09      0.03      
12    1       95.24      92.09      0.08      
13    1       95.24      92.09      0.13      
14    1       95.24      92.09      0.04      
15    1       136.59     92.09      0.04      
16    1       136.59     92.09      0.12      
18    1       136.59     92.09      0.06      

2     2       37.16      153.49     0.01      
3     3       37.16      153.49     0.04      
4     2       37.16      153.49     0.04      
4     4       37.16      153.49     0.01      
5     1       70.13      92.09      0.1       
6     1       70.13      92.09      0.02      
7     1       70.13      92.09      0.04      
8     1       70.13      92.09      0.11      
9     1       70.13      92.09      0.01      
10    1       95.24      92.09      0.03      
11    1       95.24      92.09      0.03      
13    1       95.24      92.09      0.02      
14    1       95.24      92.09      0.15      
15    1       136.59     92.09      0.02      
16    1       136.59     92.09      0.04      
17    1       136.59     92.09      0.02      
18    1       136.59     92.09      0.16      
19    1       136.59     92.09      0.06      

2     2       37.16      153.49     0.02      
2     3       37.16      153.49     0.03      
3     3       37.16      153.49     0.02      
3     4       37.16      153.49     0.03      
4     4       37.16      153.49     0.02      
5     1       70.13      92.09      0.09      
6     1       70.13      92.09      0.01      
7     1       70.13      92.09      0.02      
8     1       70.13      92.09      0.06      
9     1       70.13      92.09      0.04      
10    1       95.24      92.09      0.02      
11    1       95.24      92.09      0.04      
12    1       95.24      92.09      0.04      
13    1       95.24      92.09      0.23      
14    1       95.24      92.09      0.01      
17    1       136.59     92.09      0.06      
18    1       136.59     92.09      0.11      
19    1       136.59     92.09      0.07      

2     2       37.16      153.49     0.03      
2     3       37.16      153.49     0.02      
3     3       37.16      153.49     0.03      
3     4       37.16      153.49     0.02      
4     4       37.16      153.49     0.03      
5     1       70.13      92.09      0.09      
6     1       70.13      92.09      0.03      
7     1       70.13      92.09      0.02      
8     1       70.13      92.09      0.01      
10    1       95.24      92.09      0.04      
11    1       95.24      92.09      0.01      
13    1       95.24      92.09      0.09      
14    1       95.24      92.09      0.04      
15    1       136.59     92.09      0.01      
17    1       136.59     92.09      0.18      
18    1       136.59     92.09      0.05      
19    1       136.59     92.09      0.23      

1     9       0          214.89     0.01      
2     4       37.16      153.49     0.07      
3     2       37.16      153.49     0.02      
4     3       37.16      153.49     0.02      
5     1       70.13      92.09      0.09      
6     1       70.13      92.09      0.02      
8     1       70.13      92.09      0.07      
9     1       70.13      92.09      0.06      
11    1       95.24      92.09      0.08      
12    1       95.24      92.09      0.12      
13    1       95.24      92.09      0.01      
14    1       95.24      92.09      0.12      
15    1       136.59     92.09      0.01      
16    1       136.59     92.09      0.1       
17    1       136.59     92.09      0.09      
19    1       136.59     92.09      0.04      

1     5       0          214.89     0.02      
1     6       0          214.89     0.04      
1     7       0          214.89     0.04      
1     8       0          214.89     0.04      
1     9       0          214.89     0.05      
2     2       37.16      153.49     0.06      
2     3       37.16      153.49     0.06      
2     4       37.16      153.49     0.13      
3     2       37.16      153.49     0.03      
3     3       37.16      153.49     0.12      
3     4       37.16      153.49     0.06      
4     2       37.16      153.49     0.05      
4     3       37.16      153.49     0.03      
4     4       37.16      153.49     0.06      
6     1       70.13      92.09      0.02      
9     1       70.13      92.09      0.02      
11    1       95.24      92.09      0.04      
15    1       136.59     92.09      0.01      
18    1       136.59     92.09      0.02      
19    1       136.59     92.09      0.03      

1     6       0          214.89     0.02      
1     8       0          214.89     0.06      
1     9       0          214.89     0.09      
2     2       37.16      153.49     0.03      
2     3       37.16      153.49     0.02      
2     4       37.16      153.49     0.21      
3     2       37.16      153.49     0.05      
3     3       37.16      153.49     0.2       
3     4       37.16      153.49     0.02      
4     3       37.16      153.49     0.05      
4     4       37.16      153.49     0.03      
6     1       70.13      92.09      0.03      
9     1       70.13      92.09      0.01      
11    1       95.24      92.09      0.07      
15    1       136.59     92.09      0.02      
18    1       136.59     92.09      0.01      
19    1       136.59     92.09      0.02      

1     5       0          214.89     0.05      
1     6       0          214.89     0.02      
1     8       0          214.89     0.09      
1     9       0          214.89     0.01      
2     2       37.16      153.49     0.03      
2     4       37.16      153.49     0.03      
3     3       37.16      153.49     0.32      
4     2       37.16      153.49     0.18      
4     4       37.16      153.49     0.03      
8     1       70.13      92.09      0.02      
9     1       70.13      92.09      0.06      
11    1       95.24      92.09      0.02      
12    1       95.24      92.09      0.01      
14    1       95.24      92.09      0.01      
17    1       136.59     92.09      0.01      
18    1       136.59     92.09      0.01      
19    1       136.59     92.09      0.01      

1     5       0          214.89     0.05      
1     8       0          214.89     0.08      
1     9       0          214.89     0.05      
2     4       37.16      153.49     0.11      
3     2       37.16      153.49     0.03      
3     3       37.16      153.49     0.26      
4     2       37.16      153.49     0.18      
4     3       37.16      153.49     0.03      
6     1       70.13      92.09      0.02      
11    1       95.24      92.09      0.06      
15    1       136.59     92.09      0.02      
18    1       136.59     92.09      0.06      

1     5       0          214.89     0.02      
1     6       0          214.89     0.02      
1     7       0          214.89     0.02      
1     8       0          214.89     0.01      
1     9       0          214.89     0.11      
2     2       37.16      153.49     0.03      
2     3       37.16      153.49     0.03      
2     4       37.16      153.49     0.26      
3     2       37.16      153.49     0.06      
3     3       37.16      153.49     0.04      
3     4       37.16      153.49     0.03      
4     2       37.16      153.49     0.05      
4     3       37.16      153.49     0.06      
4     4       37.16      153.49     0.03      
6     1       70.13      92.09      0.01      
8     1       70.13      92.09      0.01      
9     1       70.13      92.09      0.02      
11    1       95.24      92.09      0.04      
12    1       95.24      92.09      0.02      
17    1       136.59     92.09      0.01      
18    1       136.59     92.09      0.03      
19    1       136.59     92.09      0.01      

6     1       70.13      92.09      0.15      
7     1       70.13      92.09      0.09      
8     1       70.13      92.09      0.02      
9     4       70.13      153.49     0.03      
10    1       95.24      92.09      0.02      
11    1       95.24      92.09      0.02      
13    1       95.24      92.09      0.01      
14    1       95.24      92.09      0.04      
15    1       136.59     92.09      0.45      
17    1       136.59     92.09      0.01      
18    4       136.59     153.49     0.04      
19    2       136.59     153.49     0.02      

6     1       70.13      92.09      0.05      
7     1       70.13      92.09      0.28      
9     1       70.13      92.09      0.02      
11    1       95.24      92.09      0.17      
12    1       95.24      92.09      0.05      
12    2       95.24      153.49     0.01      
13    1       95.24      92.09      0.04      
14    1       95.24      92.09      0.02      
15    1       136.59     92.09      0.17      
18    3       136.59     153.49     0.02      
19    1       136.59     92.09      0.03      
19    4       136.59     153.49     0.01      

6     1       70.13      92.09      0.06      
7     1       70.13      92.09      0.17      
8     1       70.13      92.09      0.02      
9     1       70.13      92.09      0.04      
9     4       70.13      153.49     0.01      
11    1       95.24      92.09      0.1       
13    1       95.24      92.09      0.03      
14    1       95.24      92.09      0.07      
15    1       136.59     92.09      0.28      
18    1       136.59     92.09      0.04      
18    3       136.59     153.49     0.01      
18    4       136.59     153.49     0.02      
19    1       136.59     92.09      0.02      

6     1       70.13      92.09      0.21      
7     1       70.13      92.09      0.28      
8     1       70.13      92.09      0.01      
9     3       70.13      153.49     0.01      
10    1       95.24      92.09      0.03      
11    1       95.24      92.09      0.05      
12    1       95.24      92.09      0.01      
12    2       95.24      153.49     0.02      
13    1       95.24      92.09      0.04      
14    1       95.24      92.09      0.06      
15    1       136.59     92.09      0.09      
17    2       136.59     153.49     0.01      
18    3       136.59     153.49     0.01      
18    4       136.59     153.49     0.02      
19    1       136.59     92.09      0.03      
19    2       136.59     153.49     0.01      

6     1       70.13      92.09      0.18      
6     2       70.13      153.49     0.01      
7     1       70.13      92.09      0.1       
8     1       70.13      92.09      0.07      
9     1       70.13      92.09      0.05      
10    1       95.24      92.09      0.04      
11    1       95.24      92.09      0.14      
12    1       95.24      92.09      0.03      
12    2       95.24      153.49     0.02      
13    1       95.24      92.09      0.01      
14    1       95.24      92.09      0.07      
15    1       136.59     92.09      0.05      
17    1       136.59     92.09      0.05      
18    1       136.59     92.09      0.04      
18    4       136.59     153.49     0.01      
19    3       136.59     153.49     0.03      

1     1       0          92.09      0.05      
1     10      0          214.89     0.23      
2     4       37.16      153.49     0.22      
3     2       37.16      153.49     0.23      
4     3       37.16      153.49     0.23      

2     2       37.16      153.49     0.07      
2     3       37.16      153.49     0.32      
3     2       37.16      153.49     0.09      
3     4       37.16      153.49     0.32      
4     3       37.16      153.49     0.09      
4     4       37.16      153.49     0.07      

2     3       37.16      153.49     0.09      
3     2       37.16      153.49     0.38      
3     4       37.16      153.49     0.09      
4     3       37.16      153.49     0.38      

2     2       37.16      153.49     0.31      
2     3       37.16      153.49     0.17      
3     4       37.16      153.49     0.17      
4     4       37.16      153.49     0.31      

2     7       37.16      214.89     0.01      
3     7       37.16      214.89     0.01      
3     8       37.16      214.89     0.05      
5     2       70.13      153.49     0.01      
5     4       70.13      153.49     0.05      
6     3       70.13      153.49     0.03      
7     3       70.13      153.49     0.04      
8     2       70.13      153.49     0.03      
8     3       70.13      153.49     0.03      
8     4       70.13      153.49     0.04      
9     2       70.13      153.49     0.02      
9     3       70.13      153.49     0.01      
10    3       95.24      153.49     0.04      
10    4       95.24      153.49     0.01      
11    3       95.24      153.49     0.06      
12    2       95.24      153.49     0.01      
12    3       95.24      153.49     0.05      
13    2       95.24      153.49     0.02      
13    3       95.24      153.49     0.03      
14    2       95.24      153.49     0.02      
14    3       95.24      153.49     0.06      
14    4       95.24      153.49     0.07      
15    3       136.59     153.49     0.02      
16    2       136.59     153.49     0.01      
17    3       136.59     153.49     0.02      
18    2       136.59     153.49     0.01      
18    3       136.59     153.49     0.01      
18    4       136.59     153.49     0.03      
19    2       136.59     153.49     0.02      
19    3       136.59     153.49     0.02      

2     7       37.16      214.89     0.02      
2     9       37.16      214.89     0.01      
3     7       37.16      214.89     0.02      
3     8       37.16      214.89     0.04      
3     9       37.16      214.89     0.01      
5     2       70.13      153.49     0.02      
5     3       70.13      153.49     0.04      
5     4       70.13      153.49     0.02      
6     3       70.13      153.49     0.02      
6     4       70.13      153.49     0.01      
7     3       70.13      153.49     0.04      
9     3       70.13      153.49     0.05      
9     4       70.13      153.49     0.02      
10    3       95.24      153.49     0.02      
10    4       95.24      153.49     0.01      
11    3       95.24      153.49     0.08      
11    4       95.24      153.49     0.02      
12    4       95.24      153.49     0.05      
13    3       95.24      153.49     0.05      
13    4       95.24      153.49     0.06      
14    3       95.24      153.49     0.04      
15    3       136.59     153.49     0.01      
16    3       136.59     153.49     0.02      
17    3       136.59     153.49     0.03      
17    4       136.59     153.49     0.01      
18    2       136.59     153.49     0.02      
18    3       136.59     153.49     0.03      
18    4       136.59     153.49     0.02      
19    3       136.59     153.49     0.06      

2     7       37.16      214.89     0.01      
2     8       37.16      214.89     0.01      
3     7       37.16      214.89     0.02      
3     8       37.16      214.89     0.01      
3     9       37.16      214.89     0.01      
4     5       37.16      214.89     0.02      
4     6       37.16      214.89     0.01      
5     2       70.13      153.49     0.02      
5     4       70.13      153.49     0.04      
6     3       70.13      153.49     0.04      
6     4       70.13      153.49     0.02      
7     3       70.13      153.49     0.01      
7     4       70.13      153.49     0.01      
8     2       70.13      153.49     0.04      
8     4       70.13      153.49     0.02      
9     2       70.13      153.49     0.02      
9     3       70.13      153.49     0.02      
10    3       95.24      153.49     0.04      
10    4       95.24      153.49     0.02      
11    3       95.24      153.49     0.04      
11    4       95.24      153.49     0.03      
12    3       95.24      153.49     0.05      
12    4       95.24      153.49     0.01      
13    2       95.24      153.49     0.02      
13    3       95.24      153.49     0.04      
14    2       95.24      153.49     0.02      
14    4       95.24      153.49     0.04      
15    3       136.59     153.49     0.02      
16    2       136.59     153.49     0.04      
16    3       136.59     153.49     0.01      
18    2       136.59     153.49     0.06      
18    4       136.59     153.49     0.04      
19    2       136.59     153.49     0.02      
19    4       136.59     153.49     0.01      

2     9       37.16      214.89     0.02      
3     7       37.16      214.89     0.02      
3     8       37.16      214.89     0.03      
4     5       37.16      214.89     0.01      
5     4       70.13      153.49     0.04      
6     3       70.13      153.49     0.01      
7     3       70.13      153.49     0.03      
8     3       70.13      153.49     0.05      
8     4       70.13      153.49     0.02      
9     2       70.13      153.49     0.04      
9     3       70.13      153.49     0.02      
10    3       95.24      153.49     0.02      
11    3       95.24      153.49     0.01      
12    3       95.24      153.49     0.05      
12    4       95.24      153.49     0.04      
13    2       95.24      153.49     0.02      
13    3       95.24      153.49     0.04      
13    4       95.24      153.49     0.02      
14    3       95.24      153.49     0.09      
14    4       95.24      153.49     0.04      
16    2       136.59     153.49     0.04      
17    3       136.59     153.49     0.03      
17    4       136.59     153.49     0.04      
18    2       136.59     153.49     0.02      
19    3       136.59     153.49     0.03      
19    4       136.59     153.49     0.03      

2     5       37.16      214.89     0.02      
2     9       37.16      214.89     0.03      
3     6       37.16      214.89     0.01      
4     6       37.16      214.89     0.03      
4     7       37.16      214.89     0.01      
5     4       70.13      153.49     0.09      
6     4       70.13      153.49     0.01      
8     2       70.13      153.49     0.03      
8     3       70.13      153.49     0.03      
8     4       70.13      153.49     0.02      
9     2       70.13      153.49     0.02      
10    4       95.24      153.49     0.01      
11    4       95.24      153.49     0.05      
12    4       95.24      153.49     0.04      
13    2       95.24      153.49     0.06      
13    3       95.24      153.49     0.04      
14    3       95.24      153.49     0.03      
14    4       95.24      153.49     0.02      
15    4       136.59     153.49     0.02      
16    2       136.59     153.49     0.02      
17    2       136.59     153.49     0.06      
18    4       136.59     153.49     0.07      
19    2       136.59     153.49     0.08      
19    3       136.59     153.49     0.01      

2     5       37.16      214.89     0.01      
2     6       37.16      214.89     0.01      
2     9       37.16      214.89     0.01      
4     5       37.16      214.89     0.02      
4     6       37.16      214.89     0.03      
4     9       37.16      214.89     0.01      
5     2       70.13      153.49     0.05      
5     3       70.13      153.49     0.02      
5     4       70.13      153.49     0.03      
6     2       70.13      153.49     0.01      
8     2       70.13      153.49     0.06      
8     3       70.13      153.49     0.03      
8     4       70.13      153.49     0.04      
9     4       70.13      153.49     0.03      
11    2       95.24      153.49     0.01      
12    4       95.24      153.49     0.03      
13    2       95.24      153.49     0.03      
13    4       95.24      153.49     0.03      
14    2       95.24      153.49     0.02      
14    3       95.24      153.49     0.04      
14    4       95.24      153.49     0.03      
16    2       136.59     153.49     0.01      
16    4       136.59     153.49     0.02      
17    2       136.59     153.49     0.03      
17    4       136.59     153.49     0.01      
18    2       136.59     153.49     0.05      
18    4       136.59     153.49     0.02      
19    2       136.59     153.49     0.09      
19    4       136.59     153.49     0.03      

2     6       37.16      214.89     0.02      
3     8       37.16      214.89     0.04      
4     9       37.16      214.89     0.02      
5     2       70.13      153.49     0.03      
5     3       70.13      153.49     0.01      
6     2       70.13      153.49     0.01      
6     4       70.13      153.49     0.01      
7     3       70.13      153.49     0.03      
8     3       70.13      153.49     0.06      
8     4       70.13      153.49     0.05      
10    2       95.24      153.49     0.01      
10    4       95.24      153.49     0.01      
11    2       95.24      153.49     0.02      
11    3       95.24      153.49     0.01      
12    2       95.24      153.49     0.05      
12    3       95.24      153.49     0.02      
12    4       95.24      153.49     0.03      
13    3       95.24      153.49     0.04      
13    4       95.24      153.49     0.03      
14    2       95.24      153.49     0.01      
14    3       95.24      153.49     0.09      
14    4       95.24      153.49     0.02      
17    2       136.59     153.49     0.03      
17    3       136.59     153.49     0.01      
17    4       136.59     153.49     0.03      
18    2       136.59     153.49     0.02      
18    3       136.59     153.49     0.02      
18    4       136.59     153.49     0.02      
19    2       136.59     153.49     0.02      
19    4       136.59     153.49     0.06      

1     5       0          214.89     0.36      
1     7       0          214.89     0.02      
1     9       0          214.89     0.06      
4     2       37.16      153.49     0.02      
5     1       70.13      92.09      0.15      
6     4       70.13      153.49     0.03      
7     2       70.13      153.49     0.02      
9     1       70.13      92.09      0.02      
10    1       95.24      92.09      0.02      
13    1       95.24      92.09      0.01      
15    4       136.59     153.49     0.03      
16    1       136.59     92.09      0.11      
18    1       136.59     92.09      0.06      

1     5       0          214.89     0.01      
1     6       0          214.89     0.1       
1     7       0          214.89     0.07      
1     8       0          214.89     0.03      
1     9       0          214.89     0.22      
5     1       70.13      92.09      0.06      
7     3       70.13      153.49     0.02      
9     1       70.13      92.09      0.02      
9     2       70.13      153.49     0.01      
10    1       95.24      92.09      0.09      
11    1       95.24      92.09      0.01      
13    1       95.24      92.09      0.05      
14    1       95.24      92.09      0.01      
16    1       136.59     92.09      0.02      
17    1       136.59     92.09      0.08      
19    1       136.59     92.09      0.03      

1     5       0          214.89     0.05      
1     6       0          214.89     0.02      
1     7       0          214.89     0.06      
1     8       0          214.89     0.04      
1     9       0          214.89     0.27      
5     1       70.13      92.09      0.04      
6     1       70.13      92.09      0.02      
6     4       70.13      153.49     0.01      
7     3       70.13      153.49     0.02      
9     1       70.13      92.09      0.01      
10    1       95.24      92.09      0.07      
11    1       95.24      92.09      0.03      
12    1       95.24      92.09      0.03      
14    1       95.24      92.09      0.02      
15    1       136.59     92.09      0.01      
16    1       136.59     92.09      0.12      
17    1       136.59     92.09      0.02      
19    1       136.59     92.09      0.01      

1     5       0          214.89     0.01      
1     6       0          214.89     0.11      
1     8       0          214.89     0.18      
1     9       0          214.89     0.12      
5     1       70.13      92.09      0.01      
7     1       70.13      92.09      0.04      
7     3       70.13      153.49     0.01      
8     1       70.13      92.09      0.03      
10    1       95.24      92.09      0.06      
12    1       95.24      92.09      0.03      
13    1       95.24      92.09      0.03      
14    1       95.24      92.09      0.02      
16    1       136.59     92.09      0.04      
17    1       136.59     92.09      0.08      
19    1       136.59     92.09      0.05      

1     5       0          214.89     0.02      
1     6       0          214.89     0.08      
1     8       0          214.89     0.18      
1     9       0          214.89     0.16      
5     1       70.13      92.09      0.02      
7     1       70.13      92.09      0.04      
7     3       70.13      153.49     0.01      
10    1       95.24      92.09      0.09      
12    1       95.24      92.09      0.02      
13    1       95.24      92.09      0.01      
14    1       95.24      92.09      0.01      
16    1       136.59     92.09      0.05      
17    1       136.59     92.09      0.1       
19    1       136.59     92.09      0.07      

2     1       37.16      92.09      0.01      
2     10      37.16      214.89     0.08      
5     2       70.13      153.49     0.03      
5     4       70.13      153.49     0.02      
6     2       70.13      153.49     0.02      
6     4       70.13      153.49     0.02      
8     3       70.13      153.49     0.04      
8     4       70.13      153.49     0.01      
9     2       70.13      153.49     0.02      
9     3       70.13      153.49     0.01      
10    2       95.24      153.49     0.04      
10    4       95.24      153.49     0.02      
11    4       95.24      153.49     0.05      
12    2       95.24      153.49     0.02      
12    4       95.24      153.49     0.1       
13    2       95.24      153.49     0.04      
13    3       95.24      153.49     0.01      
14    2       95.24      153.49     0.03      
14    3       95.24      153.49     0.02      
14    4       95.24      153.49     0.02      
15    2       136.59     153.49     0.01      
15    4       136.59     153.49     0.02      
16    2       136.59     153.49     0.02      
16    3       136.59     153.49     0.02      
16    4       136.59     153.49     0.01      
17    3       136.59     153.49     0.05      
17    4       136.59     153.49     0.04      
18    2       136.59     153.49     0.01      
18    3       136.59     153.49     0.01      
19    3       136.59     153.49     0.1       
19    4       136.59     153.49     0.01      

3     10      37.16      214.89     0.05      
4     10      37.16      214.89     0.04      
5     3       70.13      153.49     0.02      
5     4       70.13      153.49     0.02      
7     2       70.13      153.49     0.03      
8     2       70.13      153.49     0.04      
8     4       70.13      153.49     0.02      
9     2       70.13      153.49     0.01      
9     3       70.13      153.49     0.07      
9     4       70.13      153.49     0.02      
10    4       95.24      153.49     0.02      
11    2       95.24      153.49     0.03      
12    2       95.24      153.49     0.02      
12    3       95.24      153.49     0.01      
12    4       95.24      153.49     0.03      
13    2       95.24      153.49     0.04      
13    4       95.24      153.49     0.02      
14    2       95.24      153.49     0.08      
14    4       95.24      153.49     0.02      
16    3       136.59     153.49     0.08      
16    4       136.59     153.49     0.01      
17    2       136.59     153.49     0.03      
17    3       136.59     153.49     0.01      
17    4       136.59     153.49     0.03      
18    3       136.59     153.49     0.07      
18    4       136.59     153.49     0.01      
19    2       136.59     153.49     0.02      
19    4       136.59     153.49     0.05      

3     10      37.16      214.89     0.03      
4     1       37.16      92.09      0.01      
4     10      37.16      214.89     0.06      
5     3       70.13      153.49     0.08      
6     2       70.13      153.49     0.02      
7     2       70.13      153.49     0.02      
8     4       70.13      153.49     0.03      
9     2       70.13      153.49     0.02      
9     3       70.13      153.49     0.07      
10    2       95.24      153.49     0.02      
11    2       95.24      153.49     0.06      
13    2       95.24      153.49     0.01      
13    4       95.24      153.49     0.06      
14    2       95.24      153.49     0.02      
15    2       136.59     153.49     0.02      
16    3       136.59     153.49     0.07      
17    4       136.59     153.49     0.04      
18    3       136.59     153.49     0.15      
19    2       136.59     153.49     0.01      
19    4       136.59     153.49     0.08      

2     8       37.16      214.89     0.01      
5     3       70.13      153.49     0.04      
5     4       70.13      153.49     0.02      
6     1       70.13      92.09      0.02      
6     2       70.13      153.49     0.02      
7     1       70.13      92.09      0.02      
7     4       70.13      153.49     0.02      
8     3       70.13      153.49     0.02      
8     4       70.13      153.49     0.02      
9     1       70.13      92.09      0.02      
9     3       70.13      153.49     0.03      
9     4       70.13      153.49     0.02      
10    1       95.24      92.09      0.02      
10    2       95.24      153.49     0.02      
11    1       95.24      92.09      0.02      
11    2       95.24      153.49     0.01      
11    4       95.24      153.49     0.03      
12    2       95.24      153.49     0.06      
13    2       95.24      153.49     0.01      
13    3       95.24      153.49     0.02      
13    4       95.24      153.49     0.04      
14    3       95.24      153.49     0.03      
14    4       95.24      153.49     0.03      
15    2       136.59     153.49     0.01      
16    3       136.59     153.49     0.03      
16    4       136.59     153.49     0.02      
17    2       136.59     153.49     0.03      
17    3       136.59     153.49     0.02      
17    4       136.59     153.49     0.02      
18    3       136.59     153.49     0.03      
18    4       136.59     153.49     0.04      
19    2       136.59     153.49     0.02      
19    3       136.59     153.49     0.03      
19    4       136.59     153.49     0.03      

3     6       37.16      214.89     0.01      
4     7       37.16      214.89     0.01      
5     2       70.13      153.49     0.04      
5     4       70.13      153.49     0.02      
7     1       70.13      92.09      0.01      
8     1       70.13      92.09      0.02      
8     3       70.13      153.49     0.04      
9     2       70.13      153.49     0.02      
9     3       70.13      153.49     0.01      
10    2       95.24      153.49     0.02      
12    1       95.24      92.09      0.03      
13    2       95.24      153.49     0.04      
13    3       95.24      153.49     0.03      
13    4       95.24      153.49     0.01      
14    2       95.24      153.49     0.04      
14    3       95.24      153.49     0.02      
15    1       136.59     92.09      0.02      
16    2       136.59     153.49     0.03      
16    3       136.59     153.49     0.02      
16    4       136.59     153.49     0.02      
17    1       136.59     92.09      0.01      
17    2       136.59     153.49     0.03      
17    3       136.59     153.49     0.04      
17    4       136.59     153.49     0.01      
18    2       136.59     153.49     0.02      
18    3       136.59     153.49     0.01      
18    4       136.59     153.49     0.05      
19    2       136.59     153.49     0.03      
19    3       136.59     153.49     0.08      
19    4       136.59     153.49     0.02      

2     5       37.16      214.89     0.02      
5     3       70.13      153.49     0.01      
5     4       70.13      153.49     0.05      
6     1       70.13      92.09      0.04      
6     2       70.13      153.49     0.02      
7     1       70.13      92.09      0.02      
8     2       70.13      153.49     0.03      
8     3       70.13      153.49     0.01      
9     3       70.13      153.49     0.02      
9     4       70.13      153.49     0.05      
10    2       95.24      153.49     0.02      
11    2       95.24      153.49     0.01      
12    2       95.24      153.49     0.07      
13    2       95.24      153.49     0.02      
15    1       136.59     92.09      0.04      
15    2       136.59     153.49     0.01      
16    3       136.59     153.49     0.02      
16    4       136.59     153.49     0.07      
17    2       136.59     153.49     0.05      
17    3       136.59     153.49     0.02      
18    3       136.59     153.49     0.02      
18    4       136.59     153.49     0.1       
19    2       136.59     153.49     0.07      
19    3       136.59     153.49     0.03      
19    4       136.59     153.49     0.01      

2     5       37.16      214.89     0.01      
5     2       70.13      153.49     0.02      
5     4       70.13      153.49     0.02      
7     2       70.13      153.49     0.01      
8     2       70.13      153.49     0.06      
8     3       70.13      153.49     0.02      
9     2       70.13      153.49     0.02      
9     4       70.13      153.49     0.06      
11    1       95.24      92.09      0.01      
11    3       95.24      153.49     0.01      
12    3       95.24      153.49     0.04      
13    2       95.24      153.49     0.04      
14    2       95.24      153.49     0.06      
14    3       95.24      153.49     0.01      
14    4       95.24      153.49     0.01      
15    1       136.59     92.09      0.07      
15    4       136.59     153.49     0.01      
16    2       136.59     153.49     0.01      
16    3       136.59     153.49     0.02      
16    4       136.59     153.49     0.08      
17    3       136.59     153.49     0.03      
18    4       136.59     153.49     0.06      
19    2       136.59     153.49     0.02      
19    3       136.59     153.49     0.03      

5     2       70.13      153.49     0.02      
6     2       70.13      153.49     0.02      
6     3       70.13      153.49     0.02      
6     4       70.13      153.49     0.01      
7     2       70.13      153.49     0.01      
8     1       70.13      92.09      0.02      
8     2       70.13      153.49     0.03      
8     3       70.13      153.49     0.06      
9     1       70.13      92.09      0.01      
9     4       70.13      153.49     0.02      
10    2       95.24      153.49     0.03      
10    3       95.24      153.49     0.01      
10    4       95.24      153.49     0.02      
11    3       95.24      153.49     0.02      
12    1       95.24      92.09      0.03      
12    3       95.24      153.49     0.04      
13    2       95.24      153.49     0.02      
13    3       95.24      153.49     0.03      
14    2       95.24      153.49     0.06      
14    3       95.24      153.49     0.03      
14    4       95.24      153.49     0.02      
15    1       136.59     92.09      0.03      
15    2       136.59     153.49     0.01      
15    4       136.59     153.49     0.01      
16    2       136.59     153.49     0.01      
16    4       136.59     153.49     0.03      
17    3       136.59     153.49     0.02      
18    1       136.59     92.09      0.01      
18    4       136.59     153.49     0.03      
19    2       136.59     153.49     0.01      
19    3       136.59     153.49     0.06      

1     10      0          214.89     0.76      
2     4       37.16      153.49     0.07      
3     2       37.16      153.49     0.07      
4     3       37.16      153.49     0.07      

1     5       0          214.89     0.24      
1     6       0          214.89     0.06      
1     7       0          214.89     0.02      
1     8       0          214.89     0.02      
1     9       0          214.89     0.02      
2     2       37.16      153.49     0.02      
3     3       37.16      153.49     0.01      
4     2       37.16      153.49     0.13      
4     4       37.16      153.49     0.02      
5     1       70.13      92.09      0.05      
6     4       70.13      153.49     0.03      
7     2       70.13      153.49     0.02      
8     1       70.13      92.09      0.01      
9     1       70.13      92.09      0.01      
12    1       95.24      92.09      0.01      
15    4       136.59     153.49     0.04      
16    1       136.59     92.09      0.11      
17    1       136.59     92.09      0.02      

1     5       0          214.89     0.06      
1     6       0          214.89     0.04      
1     7       0          214.89     0.05      
1     8       0          214.89     0.09      
1     9       0          214.89     0.12      
2     2       37.16      153.49     0.01      
2     3       37.16      153.49     0.01      
2     4       37.16      153.49     0.04      
3     2       37.16      153.49     0.01      
3     3       37.16      153.49     0.05      
3     4       37.16      153.49     0.01      
4     2       37.16      153.49     0.03      
4     3       37.16      153.49     0.01      
4     4       37.16      153.49     0.01      
6     4       70.13      153.49     0.01      
7     1       70.13      92.09      0.02      
7     3       70.13      153.49     0.02      
10    1       95.24      92.09      0.03      
12    1       95.24      92.09      0.02      
13    1       95.24      92.09      0.05      
16    1       136.59     92.09      0.07      
17    1       136.59     92.09      0.02      

1     6       0          214.89     0.15      
1     7       0          214.89     0.03      
1     8       0          214.89     0.02      
1     9       0          214.89     0.15      
2     2       37.16      153.49     0.04      
2     4       37.16      153.49     0.05      
3     2       37.16      153.49     0.01      
3     3       37.16      153.49     0.01      
4     3       37.16      153.49     0.01      
4     4       37.16      153.49     0.04      
5     1       70.13      92.09      0.02      
7     3       70.13      153.49     0.02      
8     1       70.13      92.09      0.03      
10    1       95.24      92.09      0.04      
12    2       95.24      153.49     0.01      
14    1       95.24      92.09      0.02      
15    3       136.59     153.49     0.02      
16    1       136.59     92.09      0.03      
17    1       136.59     92.09      0.07      
19    1       136.59     92.09      0.01      

1     5       0          214.89     0.02      
1     6       0          214.89     0.29      
1     8       0          214.89     0.04      
2     2       37.16      153.49     0.08      
3     3       37.16      153.49     0.02      
4     4       37.16      153.49     0.08      
6     3       70.13      153.49     0.02      
7     4       70.13      153.49     0.01      
8     1       70.13      92.09      0.07      
11    2       95.24      153.49     0.02      
13    1       95.24      92.09      0.02      
15    3       136.59     153.49     0.02      
17    1       136.59     92.09      0.11      
19    1       136.59     92.09      0.01      
19    10      136.59     214.89     0.01      

1     5       0          214.89     0.01      
1     6       0          214.89     0.18      
1     7       0          214.89     0.12      
1     8       0          214.89     0.02      
1     9       0          214.89     0.04      
2     2       37.16      153.49     0.05      
2     3       37.16      153.49     0.03      
2     4       37.16      153.49     0.01      
3     4       37.16      153.49     0.03      
4     4       37.16      153.49     0.05      
5     1       70.13      92.09      0.02      
6     2       70.13      153.49     0.01      
6     3       70.13      153.49     0.02      
8     1       70.13      92.09      0.06      
11    2       95.24      153.49     0.02      
13    1       95.24      92.09      0.08      
14    1       95.24      92.09      0.01      
15    3       136.59     153.49     0.01      
17    1       136.59     92.09      0.06      

6     2       70.13      153.49     0.23      
7     2       70.13      153.49     0.01      
7     4       70.13      153.49     0.01      
9     6       70.13      214.89     0.03      
15    2       136.59     153.49     0.46      
15    4       136.59     153.49     0.02      
18    2       136.59     153.49     0.02      
18    6       136.59     214.89     0.03      
19    5       136.59     214.89     0.04      

5     3       70.13      153.49     0.04      
6     2       70.13      153.49     0.07      
6     3       70.13      153.49     0.03      
6     4       70.13      153.49     0.06      
7     4       70.13      153.49     0.08      
8     3       70.13      153.49     0.02      
9     2       70.13      153.49     0.01      
9     3       70.13      153.49     0.04      
10    3       95.24      153.49     0.01      
11    2       95.24      153.49     0.03      
11    4       95.24      153.49     0.06      
12    2       95.24      153.49     0.01      
12    3       95.24      153.49     0.06      
12    4       95.24      153.49     0.03      
13    4       95.24      153.49     0.01      
14    3       95.24      153.49     0.02      
15    2       136.59     153.49     0.02      
15    3       136.59     153.49     0.03      
15    4       136.59     153.49     0.03      
16    3       136.59     153.49     0.02      
17    3       136.59     153.49     0.01      
18    2       136.59     153.49     0.01      
18    3       136.59     153.49     0.03      

5     4       70.13      153.49     0.01      
6     2       70.13      153.49     0.03      
6     3       70.13      153.49     0.01      
6     4       70.13      153.49     0.06      
7     2       70.13      153.49     0.05      
7     3       70.13      153.49     0.03      
7     4       70.13      153.49     0.01      
8     3       70.13      153.49     0.06      
8     4       70.13      153.49     0.04      
9     2       70.13      153.49     0.01      
9     4       70.13      153.49     0.03      
11    4       95.24      153.49     0.04      
12    2       95.24      153.49     0.02      
12    3       95.24      153.49     0.06      
12    4       95.24      153.49     0.05      
14    3       95.24      153.49     0.05      
14    4       95.24      153.49     0.03      
15    2       136.59     153.49     0.02      
15    3       136.59     153.49     0.02      
17    3       136.59     153.49     0.04      
17    4       136.59     153.49     0.02      
18    4       136.59     153.49     0.02      
19    7       136.59     214.89     0.01      

5     4       70.13      153.49     0.01      
6     2       70.13      153.49     0.08      
6     3       70.13      153.49     0.03      
6     4       70.13      153.49     0.05      
7     3       70.13      153.49     0.01      
7     4       70.13      153.49     0.05      
8     2       70.13      153.49     0.01      
8     3       70.13      153.49     0.09      
9     6       70.13      214.89     0.01      
10    2       95.24      153.49     0.02      
10    3       95.24      153.49     0.04      
10    4       95.24      153.49     0.03      
11    3       95.24      153.49     0.02      
11    4       95.24      153.49     0.02      
12    3       95.24      153.49     0.09      
14    3       95.24      153.49     0.02      
15    2       136.59     153.49     0.09      
15    4       136.59     153.49     0.01      
17    3       136.59     153.49     0.05      

5     4       70.13      153.49     0.05      
6     2       70.13      153.49     0.04      
6     3       70.13      153.49     0.02      
6     4       70.13      153.49     0.04      
7     2       70.13      153.49     0.05      
8     3       70.13      153.49     0.07      
9     4       70.13      153.49     0.06      
9     9       70.13      214.89     0.01      
10    3       95.24      153.49     0.07      
10    4       95.24      153.49     0.07      
11    2       95.24      153.49     0.01      
11    3       95.24      153.49     0.02      
12    2       95.24      153.49     0.01      
12    3       95.24      153.49     0.05      
14    3       95.24      153.49     0.01      
15    2       136.59     153.49     0.01      
15    3       136.59     153.49     0.01      
15    4       136.59     153.49     0.04      
16    4       136.59     153.49     0.03      
17    3       136.59     153.49     0.05      
18    4       136.59     153.49     0.05      
19    8       136.59     214.89     0.02      

5     3       70.13      153.49     0.01      
5     4       70.13      153.49     0.01      
6     3       70.13      153.49     0.05      
6     4       70.13      153.49     0.09      
7     2       70.13      153.49     0.16      
7     4       70.13      153.49     0.05      
8     2       70.13      153.49     0.01      
8     4       70.13      153.49     0.02      
9     3       70.13      153.49     0.01      
9     4       70.13      153.49     0.02      
10    4       95.24      153.49     0.02      
11    2       95.24      153.49     0.01      
11    3       95.24      153.49     0.03      
12    2       95.24      153.49     0.02      
12    3       95.24      153.49     0.01      
13    2       95.24      153.49     0.02      
14    2       95.24      153.49     0.03      
14    3       95.24      153.49     0.02      
14    4       95.24      153.49     0.03      
15    2       136.59     153.49     0.02      
15    3       136.59     153.49     0.01      
15    4       136.59     153.49     0.05      
17    4       136.59     153.49     0.01      
18    9       136.59     214.89     0.03      
19    2       136.59     153.49     0.01      

6     3       70.13      153.49     0.03      
6     4       70.13      153.49     0.03      
7     2       70.13      153.49     0.19      
7     4       70.13      153.49     0.07      
8     2       70.13      153.49     0.02      
9     4       70.13      153.49     0.02      
9     9       70.13      214.89     0.01      
11    2       95.24      153.49     0.01      
11    3       95.24      153.49     0.02      
11    4       95.24      153.49     0.02      
12    2       95.24      153.49     0.05      
12    3       95.24      153.49     0.01      
13    2       95.24      153.49     0.03      
13    4       95.24      153.49     0.01      
14    2       95.24      153.49     0.01      
14    4       95.24      153.49     0.02      
15    2       136.59     153.49     0.04      
15    3       136.59     153.49     0.03      
15    4       136.59     153.49     0.11      
17    2       136.59     153.49     0.01      
18    4       136.59     153.49     0.01      
18    9       136.59     214.89     0.02      
19    2       136.59     153.49     0.02      

5     2       70.13      153.49     0.03      
6     2       70.13      153.49     0.03      
6     3       70.13      153.49     0.04      
6     4       70.13      153.49     0.02      
7     3       70.13      153.49     0.15      
7     4       70.13      153.49     0.04      
8     4       70.13      153.49     0.05      
9     2       70.13      153.49     0.04      
9     4       70.13      153.49     0.03      
10    2       95.24      153.49     0.03      
10    4       95.24      153.49     0.02      
11    4       95.24      153.49     0.08      
12    2       95.24      153.49     0.02      
12    3       95.24      153.49     0.01      
12    4       95.24      153.49     0.03      
13    3       95.24      153.49     0.02      
14    2       95.24      153.49     0.02      
14    3       95.24      153.49     0.02      
14    4       95.24      153.49     0.03      
15    2       136.59     153.49     0.01      
15    3       136.59     153.49     0.07      
15    4       136.59     153.49     0.01      
16    2       136.59     153.49     0.02      
17    4       136.59     153.49     0.03      
18    2       136.59     153.49     0.03      
18    4       136.59     153.49     0.01      
18    8       136.59     214.89     0.01      
19    3       136.59     153.49     0.01      

5     2       70.13      153.49     0.01      
6     2       70.13      153.49     0.02      
6     3       70.13      153.49     0.12      
6     4       70.13      153.49     0.02      
7     3       70.13      153.49     0.05      
7     4       70.13      153.49     0.12      
8     2       70.13      153.49     0.02      
8     4       70.13      153.49     0.02      
9     2       70.13      153.49     0.01      
10    2       95.24      153.49     0.05      
10    4       95.24      153.49     0.02      
11    4       95.24      153.49     0.03      
12    4       95.24      153.49     0.03      
13    4       95.24      153.49     0.02      
15    3       136.59     153.49     0.24      
15    4       136.59     153.49     0.01      
17    2       136.59     153.49     0.01      
19    4       136.59     153.49     0.01      

5     4       70.13      153.49     0.03      
6     2       70.13      153.49     0.08      
6     3       70.13      153.49     0.05      
6     4       70.13      153.49     0.01      
7     3       70.13      153.49     0.02      
7     4       70.13      153.49     0.02      
8     2       70.13      153.49     0.05      
8     3       70.13      153.49     0.01      
9     2       70.13      153.49     0.02      
9     4       70.13      153.49     0.06      
10    4       95.24      153.49     0.02      
11    2       95.24      153.49     0.14      
11    3       95.24      153.49     0.02      
11    4       95.24      153.49     0.01      
12    2       95.24      153.49     0.06      
12    4       95.24      153.49     0.04      
14    2       95.24      153.49     0.03      
14    3       95.24      153.49     0.01      
15    2       136.59     153.49     0.05      
15    3       136.59     153.49     0.01      
16    4       136.59     153.49     0.02      
17    2       136.59     153.49     0.03      
18    4       136.59     153.49     0.04      

5     1       70.13      92.09      0.04      
5     2       70.13      153.49     0.01      
6     1       70.13      92.09      0.01      
6     2       70.13      153.49     0.04      
6     3       70.13      153.49     0.01      
6     4       70.13      153.49     0.01      
7     2       70.13      153.49     0.01      
7     3       70.13      153.49     0.06      
7     4       70.13      153.49     0.02      
8     1       70.13      92.09      0.04      
8     2       70.13      153.49     0.01      
10    1       95.24      92.09      0.04      
10    2       95.24      153.49     0.04      
11    1       95.24      92.09      0.03      
11    2       95.24      153.49     0.02      
12    3       95.24      153.49     0.01      
14    1       95.24      92.09      0.02      
14    3       95.24      153.49     0.01      
15    1       136.59     92.09      0.01      
15    2       136.59     153.49     0.02      
15    3       136.59     153.49     0.04      
15    4       136.59     153.49     0.04      
17    1       136.59     92.09      0.01      
18    1       136.59     92.09      0.04      
18    10      136.59     214.89     0.01      
19    1       136.59     92.09      0.06      

5     1       70.13      92.09      0.03      
5     2       70.13      153.49     0.02      
6     1       70.13      92.09      0.01      
6     2       70.13      153.49     0.01      
6     4       70.13      153.49     0.03      
7     2       70.13      153.49     0.02      
7     3       70.13      153.49     0.08      
9     1       70.13      92.09      0.03      
9     2       70.13      153.49     0.03      
10    1       95.24      92.09      0.05      
10    3       95.24      153.49     0.01      
11    1       95.24      92.09      0.02      
11    4       95.24      153.49     0.01      
12    1       95.24      92.09      0.01      
12    2       95.24      153.49     0.03      
13    1       95.24      92.09      0.01      
13    3       95.24      153.49     0.01      
14    2       95.24      153.49     0.01      
14    3       95.24      153.49     0.01      
15    3       136.59     153.49     0.03      
15    4       136.59     153.49     0.02      
16    1       136.59     92.09      0.04      
16    2       136.59     153.49     0.01      
17    1       136.59     92.09      0.05      
18    2       136.59     153.49     0.02      
19    1       136.59     92.09      0.03      

6     2       70.13      153.49     0.01      
6     3       70.13      153.49     0.02      
6     4       70.13      153.49     0.07      
7     2       70.13      153.49     0.04      
7     3       70.13      153.49     0.02      
7     4       70.13      153.49     0.02      
8     1       70.13      92.09      0.03      
8     2       70.13      153.49     0.01      
8     4       70.13      153.49     0.01      
9     1       70.13      92.09      0.06      
9     10      70.13      214.89     0.02      
10    2       95.24      153.49     0.02      
11    1       95.24      92.09      0.03      
11    2       95.24      153.49     0.02      
11    4       95.24      153.49     0.02      
12    1       95.24      92.09      0.02      
12    4       95.24      153.49     0.01      
13    1       95.24      92.09      0.01      
14    2       95.24      153.49     0.01      
15    3       136.59     153.49     0.04      
15    4       136.59     153.49     0.05      
16    1       136.59     92.09      0.04      
17    1       136.59     92.09      0.02      
18    1       136.59     92.09      0.02      
19    1       136.59     92.09      0.05      
19    6       136.59     214.89     0.01      
19    10      136.59     214.89     0.01      

5     1       70.13      92.09      0.02      
6     1       70.13      92.09      0.02      
6     3       70.13      153.49     0.02      
6     4       70.13      153.49     0.01      
7     4       70.13      153.49     0.02      
8     1       70.13      92.09      0.03      
8     2       70.13      153.49     0.04      
8     3       70.13      153.49     0.02      
9     1       70.13      92.09      0.02      
9     3       70.13      153.49     0.02      
10    1       95.24      92.09      0.02      
10    2       95.24      153.49     0.02      
11    1       95.24      92.09      0.02      
11    3       95.24      153.49     0.03      
11    4       95.24      153.49     0.01      
12    1       95.24      92.09      0.03      
12    2       95.24      153.49     0.03      
12    3       95.24      153.49     0.02      
12    4       95.24      153.49     0.02      
13    1       95.24      92.09      0.03      
14    1       95.24      92.09      0.07      
14    2       95.24      153.49     0.01      
15    1       136.59     92.09      0.01      
15    3       136.59     153.49     0.04      
15    4       136.59     153.49     0.01      
17    1       136.59     92.09      0.01      
17    2       136.59     153.49     0.02      
17    3       136.59     153.49     0.01      
18    7       136.59     214.89     0.01      
19    1       136.59     92.09      0.02      
19    8       136.59     214.89     0.02      
19    10      136.59     214.89     0.01      

5     1       70.13      92.09      0.02      
6     1       70.13      92.09      0.02      
6     2       70.13      153.49     0.02      
6     3       70.13      153.49     0.03      
6     4       70.13      153.49     0.04      
7     1       70.13      92.09      0.01      
7     2       70.13      153.49     0.01      
7     4       70.13      153.49     0.01      
8     3       70.13      153.49     0.01      
8     4       70.13      153.49     0.02      
9     1       70.13      92.09      0.04      
9     2       70.13      153.49     0.01      
9     3       70.13      153.49     0.02      
9     4       70.13      153.49     0.01      
9     10      70.13      214.89     0.01      
10    1       95.24      92.09      0.01      
10    3       95.24      153.49     0.01      
10    4       95.24      153.49     0.01      
11    1       95.24      92.09      0.02      
11    2       95.24      153.49     0.05      
11    3       95.24      153.49     0.02      
11    4       95.24      153.49     0.03      
12    1       95.24      92.09      0.01      
12    3       95.24      153.49     0.01      
13    1       95.24      92.09      0.04      
14    1       95.24      92.09      0.01      
14    4       95.24      153.49     0.02      
15    2       136.59     153.49     0.01      
15    3       136.59     153.49     0.02      
15    4       136.59     153.49     0.02      
16    1       136.59     92.09      0.01      
17    1       136.59     92.09      0.04      
18    3       136.59     153.49     0.02      
19    1       136.59     92.09      0.07      
19    8       136.59     214.89     0.01      

2     5       37.16      214.89     0.02      
2     6       37.16      214.89     0.04      
2     8       37.16      214.89     0.07      
3     7       37.16      214.89     0.13      
3     8       37.16      214.89     0.04      
4     5       37.16      214.89     0.3       
4     6       37.16      214.89     0.03      
4     9       37.16      214.89     0.03      
9     2       70.13      153.49     0.05      
9     3       70.13      153.49     0.02      
18    2       136.59     153.49     0.06      

2     5       37.16      214.89     0.02      
2     6       37.16      214.89     0.01      
2     7       37.16      214.89     0.02      
2     8       37.16      214.89     0.09      
2     9       37.16      214.89     0.01      
3     7       37.16      214.89     0.17      
3     8       37.16      214.89     0.17      
3     9       37.16      214.89     0.02      
4     5       37.16      214.89     0.13      
4     6       37.16      214.89     0.03      
5     3       70.13      153.49     0.01      
6     3       70.13      153.49     0.02      
8     3       70.13      153.49     0.01      
9     2       70.13      153.49     0.01      
9     3       70.13      153.49     0.01      
10    3       95.24      153.49     0.02      
11    3       95.24      153.49     0.01      
11    4       95.24      153.49     0.01      
12    3       95.24      153.49     0.01      
14    3       95.24      153.49     0.01      
15    3       136.59     153.49     0.01      
18    2       136.59     153.49     0.03      

2     6       37.16      214.89     0.05      
2     7       37.16      214.89     0.02      
2     8       37.16      214.89     0.04      
2     9       37.16      214.89     0.04      
3     6       37.16      214.89     0.01      
3     7       37.16      214.89     0.07      
3     8       37.16      214.89     0.07      
3     9       37.16      214.89     0.01      
4     5       37.16      214.89     0.29      
4     6       37.16      214.89     0.02      
4     7       37.16      214.89     0.01      
4     9       37.16      214.89     0.04      
6     3       70.13      153.49     0.01      
9     2       70.13      153.49     0.02      
11    4       95.24      153.49     0.01      
18    2       136.59     153.49     0.08      
19    4       136.59     153.49     0.01      

2     5       37.16      214.89     0.08      
2     6       37.16      214.89     0.02      
2     7       37.16      214.89     0.03      
2     8       37.16      214.89     0.06      
3     7       37.16      214.89     0.13      
3     8       37.16      214.89     0.02      
3     9       37.16      214.89     0.02      
4     5       37.16      214.89     0.15      
4     6       37.16      214.89     0.14      
4     9       37.16      214.89     0.01      
9     2       70.13      153.49     0.02      
9     4       70.13      153.49     0.01      
10    4       95.24      153.49     0.01      
18    2       136.59     153.49     0.04      
18    3       136.59     153.49     0.01      
18    4       136.59     153.49     0.01      
19    2       136.59     153.49     0.04      

2     5       37.16      214.89     0.04      
2     7       37.16      214.89     0.17      
2     8       37.16      214.89     0.02      
3     7       37.16      214.89     0.05      
3     8       37.16      214.89     0.05      
3     9       37.16      214.89     0.12      
4     5       37.16      214.89     0.11      
4     6       37.16      214.89     0.08      
4     8       37.16      214.89     0.02      
5     4       70.13      153.49     0.02      
6     4       70.13      153.49     0.02      
8     3       70.13      153.49     0.01      
9     2       70.13      153.49     0.01      
9     4       70.13      153.49     0.02      
10    4       95.24      153.49     0.01      
12    3       95.24      153.49     0.01      
15    4       136.59     153.49     0.01      
17    3       136.59     153.49     0.01      
18    2       136.59     153.49     0.03      
19    2       136.59     153.49     0.02      

2     5       37.16      214.89     0.08      
2     6       37.16      214.89     0.02      
2     7       37.16      214.89     0.14      
2     9       37.16      214.89     0.03      
3     8       37.16      214.89     0.04      
3     9       37.16      214.89     0.1       
4     5       37.16      214.89     0.07      
4     6       37.16      214.89     0.16      
4     8       37.16      214.89     0.02      
4     9       37.16      214.89     0.01      
5     4       70.13      153.49     0.01      
8     3       70.13      153.49     0.01      
9     2       70.13      153.49     0.02      
9     4       70.13      153.49     0.03      
12    3       95.24      153.49     0.01      
14    4       95.24      153.49     0.01      
19    2       136.59     153.49     0.04      

2     5       37.16      214.89     0.13      
2     6       37.16      214.89     0.02      
2     7       37.16      214.89     0.12      
3     7       37.16      214.89     0.01      
3     8       37.16      214.89     0.01      
3     9       37.16      214.89     0.08      
4     5       37.16      214.89     0.02      
4     6       37.16      214.89     0.24      
4     8       37.16      214.89     0.02      
4     9       37.16      214.89     0.01      
5     4       70.13      153.49     0.01      
9     4       70.13      153.49     0.04      
11    3       95.24      153.49     0.01      
14    2       95.24      153.49     0.01      
18    4       136.59     153.49     0.01      
19    2       136.59     153.49     0.07      

2     6       37.16      214.89     0.04      
2     9       37.16      214.89     0.01      
2     10      37.16      214.89     0.21      
3     5       37.16      214.89     0.01      
3     10      37.16      214.89     0.07      
4     7       37.16      214.89     0.05      
4     8       37.16      214.89     0.03      
4     9       37.16      214.89     0.04      
4     10      37.16      214.89     0.36      
6     2       70.13      153.49     0.01      
9     3       70.13      153.49     0.01      
11    2       95.24      153.49     0.01      
18    3       136.59     153.49     0.02      
19    4       136.59     153.49     0.02      

2     8       37.16      214.89     0.05      
2     9       37.16      214.89     0.01      
2     10      37.16      214.89     0.25      
3     5       37.16      214.89     0.05      
3     7       37.16      214.89     0.03      
3     9       37.16      214.89     0.02      
4     7       37.16      214.89     0.02      
4     8       37.16      214.89     0.02      
4     10      37.16      214.89     0.35      
9     3       70.13      153.49     0.02      
18    3       136.59     153.49     0.03      
19    4       136.59     153.49     0.01      

2     5       37.16      214.89     0.02      
2     6       37.16      214.89     0.01      
2     7       37.16      214.89     0.01      
2     8       37.16      214.89     0.03      
2     10      37.16      214.89     0.17      
3     5       37.16      214.89     0.03      
3     6       37.16      214.89     0.03      
3     7       37.16      214.89     0.02      
3     9       37.16      214.89     0.01      
3     10      37.16      214.89     0.07      
4     6       37.16      214.89     0.01      
4     7       37.16      214.89     0.04      
4     10      37.16      214.89     0.38      
9     3       70.13      153.49     0.02      
18    3       136.59     153.49     0.03      
19    4       136.59     153.49     0.02      

2     5       37.16      214.89     0.07      
2     6       37.16      214.89     0.05      
2     7       37.16      214.89     0.01      
2     8       37.16      214.89     0.01      
2     10      37.16      214.89     0.06      
3     5       37.16      214.89     0.01      
3     6       37.16      214.89     0.14      
3     9       37.16      214.89     0.01      
3     10      37.16      214.89     0.07      
4     6       37.16      214.89     0.03      
4     7       37.16      214.89     0.13      
4     9       37.16      214.89     0.07      
4     10      37.16      214.89     0.19      
10    2       95.24      153.49     0.01      
19    3       136.59     153.49     0.01      
19    4       136.59     153.49     0.01      

2     5       37.16      214.89     0.13      
2     6       37.16      214.89     0.03      
2     7       37.16      214.89     0.01      
2     8       37.16      214.89     0.17      
2     10      37.16      214.89     0.02      
3     5       37.16      214.89     0.03      
3     6       37.16      214.89     0.03      
3     7       37.16      214.89     0.08      
3     10      37.16      214.89     0.14      
4     6       37.16      214.89     0.07      
4     7       37.16      214.89     0.05      
4     9       37.16      214.89     0.07      
4     10      37.16      214.89     0.02      
9     4       70.13      153.49     0.02      

2     5       37.16      214.89     0.16      
2     6       37.16      214.89     0.03      
2     7       37.16      214.89     0.05      
2     8       37.16      214.89     0.08      
2     10      37.16      214.89     0.06      
3     5       37.16      214.89     0.03      
3     6       37.16      214.89     0.05      
3     7       37.16      214.89     0.04      
3     9       37.16      214.89     0.11      
3     10      37.16      214.89     0.06      
4     6       37.16      214.89     0.08      
4     7       37.16      214.89     0.02      
4     8       37.16      214.89     0.03      
4     9       37.16      214.89     0.07      
4     10      37.16      214.89     0.02      
18    4       136.59     153.49     0.02      

2     5       37.16      214.89     0.3       
2     8       37.16      214.89     0.19      
2     10      37.16      214.89     0.01      
3     7       37.16      214.89     0.09      
3     10      37.16      214.89     0.06      
4     6       37.16      214.89     0.16      
4     8       37.16      214.89     0.02      
9     4       70.13      153.49     0.03      

2     5       37.16      214.89     0.22      
2     7       37.16      214.89     0.02      
2     8       37.16      214.89     0.22      
2     10      37.16      214.89     0.04      
3     5       37.16      214.89     0.01      
3     7       37.16      214.89     0.1       
3     9       37.16      214.89     0.05      
3     10      37.16      214.89     0.05      
4     6       37.16      214.89     0.11      
4     7       37.16      214.89     0.02      
4     8       37.16      214.89     0.02      
4     9       37.16      214.89     0.01      
9     4       70.13      153.49     0.02      

1     2       0          153.49     0.03      
1     3       0          153.49     0.01      
1     4       0          153.49     0.02      
2     6       37.16      214.89     0.1       
2     7       37.16      214.89     0.05      
2     9       37.16      214.89     0.13      
2     10      37.16      214.89     0.02      
3     5       37.16      214.89     0.21      
3     6       37.16      214.89     0.1       
3     9       37.16      214.89     0.02      
4     7       37.16      214.89     0.09      
4     8       37.16      214.89     0.1       
4     9       37.16      214.89     0.04      
4     10      37.16      214.89     0.02      

1     2       0          153.49     0.04      
1     4       0          153.49     0.03      
2     6       37.16      214.89     0.15      
2     9       37.16      214.89     0.13      
2     10      37.16      214.89     0.02      
3     5       37.16      214.89     0.3       
3     6       37.16      214.89     0.1       
4     7       37.16      214.89     0.1       
4     9       37.16      214.89     0.05      
4     10      37.16      214.89     0.03      

1     2       0          153.49     0.02      
1     3       0          153.49     0.04      
2     6       37.16      214.89     0.08      
2     7       37.16      214.89     0.16      
2     9       37.16      214.89     0.02      
3     5       37.16      214.89     0.15      
3     6       37.16      214.89     0.02      
3     9       37.16      214.89     0.05      
3     10      37.16      214.89     0.03      
4     7       37.16      214.89     0.02      
4     8       37.16      214.89     0.32      
4     9       37.16      214.89     0.03      
4     10      37.16      214.89     0.01      

5     9       70.13      214.89     0.01      
6     7       70.13      214.89     0.08      
6     8       70.13      214.89     0.02      
6     9       70.13      214.89     0.02      
7     9       70.13      214.89     0.01      
8     8       70.13      214.89     0.04      
10    7       95.24      214.89     0.09      
10    8       95.24      214.89     0.02      
10    9       95.24      214.89     0.04      
11    7       95.24      214.89     0.05      
11    8       95.24      214.89     0.01      
11    9       95.24      214.89     0.01      
12    7       95.24      214.89     0.12      
12    8       95.24      214.89     0.05      
13    7       95.24      214.89     0.04      
13    8       95.24      214.89     0.02      
14    8       95.24      214.89     0.03      
14    9       95.24      214.89     0.04      
15    7       136.59     214.89     0.05      
15    8       136.59     214.89     0.01      
15    9       136.59     214.89     0.02      
16    9       136.59     214.89     0.01      
17    9       136.59     214.89     0.02      
19    9       136.59     214.89     0.02      

5     5       70.13      214.89     0.01      
5     6       70.13      214.89     0.02      
5     9       70.13      214.89     0.01      
6     7       70.13      214.89     0.03      
7     7       70.13      214.89     0.01      
7     8       70.13      214.89     0.02      
8     5       70.13      214.89     0.02      
8     8       70.13      214.89     0.04      
9     5       70.13      214.89     0.02      
9     8       70.13      214.89     0.02      
9     9       70.13      214.89     0.02      
10    7       95.24      214.89     0.03      
10    9       95.24      214.89     0.01      
11    7       95.24      214.89     0.04      
11    8       95.24      214.89     0.01      
12    6       95.24      214.89     0.01      
12    7       95.24      214.89     0.04      
12    8       95.24      214.89     0.03      
13    8       95.24      214.89     0.07      
14    5       95.24      214.89     0.01      
14    7       95.24      214.89     0.01      
14    8       95.24      214.89     0.04      
14    9       95.24      214.89     0.03      
15    7       136.59     214.89     0.02      
16    5       136.59     214.89     0.02      
16    6       136.59     214.89     0.01      
16    9       136.59     214.89     0.03      
17    5       136.59     214.89     0.01      
17    6       136.59     214.89     0.01      
17    7       136.59     214.89     0.01      
18    5       136.59     214.89     0.02      
18    6       136.59     214.89     0.06      
18    8       136.59     214.89     0.02      
19    5       136.59     214.89     0.04      
19    6       136.59     214.89     0.03      
19    7       136.59     214.89     0.01      

5     5       70.13      214.89     0.03      
5     6       70.13      214.89     0.03      
5     7       70.13      214.89     0.01      
6     7       70.13      214.89     0.03      
6     8       70.13      214.89     0.03      
7     7       70.13      214.89     0.02      
8     9       70.13      214.89     0.02      
9     5       70.13      214.89     0.06      
10    7       95.24      214.89     0.04      
10    8       95.24      214.89     0.03      
10    9       95.24      214.89     0.01      
11    6       95.24      214.89     0.01      
11    7       95.24      214.89     0.03      
11    8       95.24      214.89     0.01      
11    9       95.24      214.89     0.01      
12    6       95.24      214.89     0.02      
12    7       95.24      214.89     0.01      
12    8       95.24      214.89     0.04      
12    9       95.24      214.89     0.01      
13    8       95.24      214.89     0.02      
14    6       95.24      214.89     0.02      
14    7       95.24      214.89     0.02      
14    9       95.24      214.89     0.02      
15    7       136.59     214.89     0.02      
15    8       136.59     214.89     0.02      
16    5       136.59     214.89     0.05      
16    6       136.59     214.89     0.01      
17    6       136.59     214.89     0.01      
17    7       136.59     214.89     0.01      
17    9       136.59     214.89     0.02      
18    5       136.59     214.89     0.06      
18    6       136.59     214.89     0.02      
19    5       136.59     214.89     0.01      
19    7       136.59     214.89     0.02      
19    9       136.59     214.89     0.03      

5     5       70.13      214.89     0.03      
5     6       70.13      214.89     0.05      
6     7       70.13      214.89     0.01      
6     9       70.13      214.89     0.02      
8     5       70.13      214.89     0.02      
8     6       70.13      214.89     0.03      
8     7       70.13      214.89     0.01      
9     5       70.13      214.89     0.06      
9     7       70.13      214.89     0.02      
10    9       95.24      214.89     0.03      
11    7       95.24      214.89     0.03      
11    9       95.24      214.89     0.01      
12    7       95.24      214.89     0.01      
12    9       95.24      214.89     0.07      
13    5       95.24      214.89     0.01      
14    6       95.24      214.89     0.04      
15    7       136.59     214.89     0.01      
15    9       136.59     214.89     0.01      
16    5       136.59     214.89     0.05      
16    7       136.59     214.89     0.01      
17    9       136.59     214.89     0.03      
18    5       136.59     214.89     0.08      
18    6       136.59     214.89     0.05      
18    9       136.59     214.89     0.01      
19    5       136.59     214.89     0.03      
19    7       136.59     214.89     0.03      
19    8       136.59     214.89     0.01      
19    9       136.59     214.89     0.02      

5     6       70.13      214.89     0.02      
5     7       70.13      214.89     0.02      
5     8       70.13      214.89     0.03      
5     9       70.13      214.89     0.01      
6     9       70.13      214.89     0.01      
7     7       70.13      214.89     0.02      
8     6       70.13      214.89     0.02      
8     7       70.13      214.89     0.04      
8     8       70.13      214.89     0.01      
9     5       70.13      214.89     0.03      
9     7       70.13      214.89     0.01      
9     8       70.13      214.89     0.02      
9     9       70.13      214.89     0.01      
10    8       95.24      214.89     0.02      
11    7       95.24      214.89     0.03      
11    8       95.24      214.89     0.01      
11    9       95.24      214.89     0.02      
12    7       95.24      214.89     0.01      
12    8       95.24      214.89     0.01      
12    9       95.24      214.89     0.03      
13    7       95.24      214.89     0.06      
13    8       95.24      214.89     0.05      
13    9       95.24      214.89     0.02      
14    6       95.24      214.89     0.02      
14    7       95.24      214.89     0.04      
14    8       95.24      214.89     0.02      
16    5       136.59     214.89     0.03      
16    8       136.59     214.89     0.01      
17    6       136.59     214.89     0.01      
17    9       136.59     214.89     0.02      
18    5       136.59     214.89     0.03      
18    6       136.59     214.89     0.02      
18    7       136.59     214.89     0.03      
18    8       136.59     214.89     0.03      
18    9       136.59     214.89     0.02      
19    6       136.59     214.89     0.02      
19    9       136.59     214.89     0.01      

5     5       70.13      214.89     0.01      
5     7       70.13      214.89     0.05      
5     8       70.13      214.89     0.03      
5     9       70.13      214.89     0.01      
7     7       70.13      214.89     0.01      
8     8       70.13      214.89     0.02      
8     9       70.13      214.89     0.02      
9     5       70.13      214.89     0.02      
9     6       70.13      214.89     0.03      
9     7       70.13      214.89     0.03      
9     9       70.13      214.89     0.04      
10    8       95.24      214.89     0.02      
11    6       95.24      214.89     0.02      
11    7       95.24      214.89     0.04      
11    9       95.24      214.89     0.02      
12    7       95.24      214.89     0.02      
13    7       95.24      214.89     0.07      
13    9       95.24      214.89     0.05      
14    8       95.24      214.89     0.04      
14    9       95.24      214.89     0.02      
16    5       136.59     214.89     0.02      
16    6       136.59     214.89     0.03      
16    7       136.59     214.89     0.01      
16    8       136.59     214.89     0.01      
16    9       136.59     214.89     0.02      
17    5       136.59     214.89     0.01      
17    8       136.59     214.89     0.02      
17    9       136.59     214.89     0.01      
18    5       136.59     214.89     0.04      
18    7       136.59     214.89     0.05      
19    5       136.59     214.89     0.02      
19    6       136.59     214.89     0.01      
19    8       136.59     214.89     0.02      

5     5       70.13      214.89     0.05      
5     9       70.13      214.89     0.01      
7     8       70.13      214.89     0.02      
8     5       70.13      214.89     0.03      
9     5       70.13      214.89     0.02      
9     6       70.13      214.89     0.03      
9     8       70.13      214.89     0.02      
11    8       95.24      214.89     0.04      
12    6       95.24      214.89     0.02      
12    7       95.24      214.89     0.02      
13    6       95.24      214.89     0.01      
13    7       95.24      214.89     0.02      
13    8       95.24      214.89     0.02      
14    5       95.24      214.89     0.02      
14    8       95.24      214.89     0.02      
16    5       136.59     214.89     0.02      
16    6       136.59     214.89     0.04      
16    9       136.59     214.89     0.01      
17    6       136.59     214.89     0.05      
17    8       136.59     214.89     0.01      
18    5       136.59     214.89     0.08      
18    6       136.59     214.89     0.02      
18    7       136.59     214.89     0.01      
18    8       136.59     214.89     0.01      
18    9       136.59     214.89     0.03      
19    5       136.59     214.89     0.04      
19    6       136.59     214.89     0.07      
19    8       136.59     214.89     0.02      

5     7       70.13      214.89     0.02      
5     8       70.13      214.89     0.03      
5     9       70.13      214.89     0.02      
7     7       70.13      214.89     0.01      
8     6       70.13      214.89     0.02      
8     7       70.13      214.89     0.02      
9     6       70.13      214.89     0.04      
9     7       70.13      214.89     0.04      
9     8       70.13      214.89     0.02      
9     9       70.13      214.89     0.02      
11    7       95.24      214.89     0.02      
11    8       95.24      214.89     0.02      
11    9       95.24      214.89     0.03      
12    5       95.24      214.89     0.01      
12    7       95.24      214.89     0.02      
12    9       95.24      214.89     0.01      
13    7       95.24      214.89     0.09      
13    8       95.24      214.89     0.03      
13    9       95.24      214.89     0.01      
14    6       95.24      214.89     0.02      
14    7       95.24      214.89     0.01      
16    5       136.59     214.89     0.01      
16    6       136.59     214.89     0.04      
16    7       136.59     214.89     0.02      
16    8       136.59     214.89     0.01      
17    5       136.59     214.89     0.03      
18    5       136.59     214.89     0.02      
18    6       136.59     214.89     0.02      
18    7       136.59     214.89     0.02      
18    8       136.59     214.89     0.03      
18    9       136.59     214.89     0.02      
19    5       136.59     214.89     0.05      
19    9       136.59     214.89     0.02      

5     5       70.13      214.89     0.05      
5     6       70.13      214.89     0.01      
5     7       70.13      214.89     0.01      
5     8       70.13      214.89     0.01      
8     6       70.13      214.89     0.01      
9     5       70.13      214.89     0.02      
9     6       70.13      214.89     0.01      
9     7       70.13      214.89     0.02      
9     9       70.13      214.89     0.04      
11    7       95.24      214.89     0.02      
11    8       95.24      214.89     0.02      
11    9       95.24      214.89     0.01      
12    5       95.24      214.89     0.02      
12    6       95.24      214.89     0.02      
12    7       95.24      214.89     0.01      
13    7       95.24      214.89     0.03      
14    8       95.24      214.89     0.01      
16    5       136.59     214.89     0.02      
16    6       136.59     214.89     0.02      
16    7       136.59     214.89     0.01      
16    9       136.59     214.89     0.03      
17    5       136.59     214.89     0.03      
17    6       136.59     214.89     0.04      
17    8       136.59     214.89     0.01      
18    5       136.59     214.89     0.08      
18    6       136.59     214.89     0.04      
18    9       136.59     214.89     0.01      
19    5       136.59     214.89     0.03      
19    6       136.59     214.89     0.07      
19    8       136.59     214.89     0.02      
19    9       136.59     214.89     0.02      

2     5       37.16      214.89     0.02      
5     2       70.13      153.49     0.01      
5     4       70.13      153.49     0.05      
6     10      70.13      214.89     0.01      
7     4       70.13      153.49     0.02      
7     6       70.13      214.89     0.01      
8     2       70.13      153.49     0.05      
8     3       70.13      153.49     0.01      
9     4       70.13      153.49     0.02      
10    2       95.24      153.49     0.02      
10    3       95.24      153.49     0.02      
11    9       95.24      214.89     0.01      
12    4       95.24      153.49     0.01      
13    2       95.24      153.49     0.03      
13    3       95.24      153.49     0.02      
13    4       95.24      153.49     0.04      
14    3       95.24      153.49     0.03      
15    7       136.59     214.89     0.01      
15    10      136.59     214.89     0.01      
16    3       136.59     153.49     0.02      
16    4       136.59     153.49     0.1       
17    2       136.59     153.49     0.03      
17    4       136.59     153.49     0.01      
18    4       136.59     153.49     0.03      
19    2       136.59     153.49     0.01      
19    4       136.59     153.49     0.02      

2     5       37.16      214.89     0.03      
4     6       37.16      214.89     0.02      
5     3       70.13      153.49     0.01      
5     4       70.13      153.49     0.11      
6     9       70.13      214.89     0.01      
6     10      70.13      214.89     0.02      
7     6       70.13      214.89     0.03      
8     2       70.13      153.49     0.05      
9     4       70.13      153.49     0.03      
10    2       95.24      153.49     0.01      
13    2       95.24      153.49     0.02      
15    9       136.59     214.89     0.02      
15    10      136.59     214.89     0.03      
16    4       136.59     153.49     0.2       
17    2       136.59     153.49     0.1       
18    4       136.59     153.49     0.05      
19    2       136.59     153.49     0.02      

2     5       37.16      214.89     0.02      
5     3       70.13      153.49     0.04      
5     4       70.13      153.49     0.07      
7     2       70.13      153.49     0.02      
7     4       70.13      153.49     0.01      
7     6       70.13      214.89     0.02      
8     2       70.13      153.49     0.03      
8     6       70.13      214.89     0.01      
9     4       70.13      153.49     0.02      
10    3       95.24      153.49     0.05      
12    2       95.24      153.49     0.02      
13    3       95.24      153.49     0.01      
13    4       95.24      153.49     0.05      
14    3       95.24      153.49     0.02      
15    9       136.59     214.89     0.01      
15    10      136.59     214.89     0.03      
16    4       136.59     153.49     0.1       
17    2       136.59     153.49     0.06      
18    4       136.59     153.49     0.03      
19    2       136.59     153.49     0.03      
19    6       136.59     214.89     0.02      

2     5       37.16      214.89     0.01      
3     9       37.16      214.89     0.02      
4     8       37.16      214.89     0.01      
5     3       70.13      153.49     0.06      
5     4       70.13      153.49     0.04      
6     10      70.13      214.89     0.01      
7     2       70.13      153.49     0.03      
7     6       70.13      214.89     0.01      
7     8       70.13      214.89     0.02      
8     2       70.13      153.49     0.03      
8     3       70.13      153.49     0.02      
8     6       70.13      214.89     0.01      
9     4       70.13      153.49     0.01      
10    3       95.24      153.49     0.08      
11    6       95.24      214.89     0.01      
12    2       95.24      153.49     0.03      
12    6       95.24      214.89     0.01      
13    2       95.24      153.49     0.04      
13    4       95.24      153.49     0.03      
14    2       95.24      153.49     0.03      
14    4       95.24      153.49     0.02      
15    10      136.59     214.89     0.02      
16    3       136.59     153.49     0.02      
16    4       136.59     153.49     0.07      
17    2       136.59     153.49     0.04      
17    3       136.59     153.49     0.02      
18    4       136.59     153.49     0.02      
19    2       136.59     153.49     0.03      

3     6       37.16      214.89     0.01      
3     9       37.16      214.89     0.01      
4     7       37.16      214.89     0.01      
5     2       70.13      153.49     0.01      
5     3       70.13      153.49     0.06      
5     4       70.13      153.49     0.03      
6     9       70.13      214.89     0.02      
7     2       70.13      153.49     0.02      
7     8       70.13      214.89     0.01      
8     3       70.13      153.49     0.04      
9     4       70.13      153.49     0.01      
10    3       95.24      153.49     0.05      
11    2       95.24      153.49     0.01      
12    2       95.24      153.49     0.03      
13    2       95.24      153.49     0.05      
13    4       95.24      153.49     0.03      
14    2       95.24      153.49     0.05      
14    3       95.24      153.49     0.01      
14    4       95.24      153.49     0.01      
15    10      136.59     214.89     0.02      
16    4       136.59     153.49     0.03      
17    2       136.59     153.49     0.02      
17    3       136.59     153.49     0.07      
19    2       136.59     153.49     0.03      
19    3       136.59     153.49     0.02      

5     7       70.13      214.89     0.02      
5     10      70.13      214.89     0.03      
6     10      70.13      214.89     0.01      
7     10      70.13      214.89     0.03      
8     10      70.13      214.89     0.05      
9     7       70.13      214.89     0.01      
9     10      70.13      214.89     0.01      
10    10      95.24      214.89     0.01      
11    10      95.24      214.89     0.07      
12    8       95.24      214.89     0.01      
12    10      95.24      214.89     0.02      
13    7       95.24      214.89     0.01      
13    10      95.24      214.89     0.04      
14    9       95.24      214.89     0.01      
14    10      95.24      214.89     0.05      
15    10      136.59     214.89     0.01      
17    10      136.59     214.89     0.08      
18    7       136.59     214.89     0.03      
18    10      136.59     214.89     0.07      
19    10      136.59     214.89     0.18      

