rotational analysis para
#nmax= 2 NR= 11 Ntheta= 11 Nphi= 11
#jmax= 2 Nalpha= 11 Nphi= 11 Nchi= 11
0.0
1 0.0 1.0

37.158579259999215
2 37.15857925999999 0.7881146354182562
3 37.15857925999999 0.18755203773255966
4 37.158579259999996 0.02433332684918422

37.158579259999264
2 37.15857925999999 0.9639912869513325
4 37.158579259999996 0.031974599185070576

37.15857925999969
2 37.15857925999999 0.03873449809996212
3 37.15857925999999 0.3288649133655397
4 37.158579259999996 0.6324005885344979

61.39615970492095
1 0.0 0.9999999999999996

61.39615970492126
1 0.0 1.0

61.396159704922354
1 0.0 1.0

70.13275408505153
5 70.1327540850525 0.09031805944543493
6 70.13275408505251 0.07984430607592718
7 70.13275408505251 0.030041643563145475
8 70.13275408505251 0.10511507131740436
9 70.13275408505255 0.09356946958550609
10 95.24446445999993 0.0568054452164844
11 95.24446446 0.09722365259308957
12 95.24446446000002 0.021036141280440904
13 95.24446446000005 0.011239819276598364
14 95.2444644600001 0.024166926545233357
15 136.58744815494748 0.05528988648333015
16 136.58744815494748 0.0947007518754541
17 136.58744815494748 0.11021579015671942
18 136.5874481549475 0.09893361940916864
19 136.5874481549475 0.03149941717606364

70.13275408505207
5 70.1327540850525 0.041524718202423316
6 70.13275408505251 0.04652645538351915
7 70.13275408505251 0.14492675937104915
8 70.13275408505251 0.06604055290131718
9 70.13275408505255 0.04111867801756954
10 95.24446445999993 0.049332029852080614
11 95.24446446 0.06108261823792466
12 95.24446446000002 0.06847638378306468
13 95.24446446000005 0.05422308470738978
14 95.2444644600001 0.07179482089951572
15 136.58744815494748 0.05553240470322223
16 136.58744815494748 0.04353970910503889
17 136.58744815494748 0.06924517701583026
18 136.5874481549475 0.03467726365807223
19 136.5874481549475 0.15195934416198395

70.13275408505217
5 70.1327540850525 0.07050182984053877
6 70.13275408505251 0.017366234115930662
7 70.13275408505251 0.16195567554688822
8 70.13275408505251 0.07306351090466091
9 70.13275408505255 0.01569401927634026
10 95.24446445999993 0.05248734332345908
11 95.24446446 0.06757833403334247
12 95.24446446000002 0.0534799882114105
13 95.24446446000005 0.060594305372812476
14 95.2444644600001 0.07326991018794944
15 136.58744815494748 0.02012554880861481
16 136.58744815494748 0.07392293784310049
17 136.58744815494748 0.07660892472465038
18 136.5874481549475 0.013536847694431028
19 136.5874481549475 0.169814590115871

70.13275408505218
5 70.1327540850525 0.09439025048129741
6 70.13275408505251 0.07663617365121815
7 70.13275408505251 0.01142807953603929
8 70.13275408505251 0.09368718348797582
9 70.13275408505255 0.06860436283922809
10 95.24446445999993 0.09480811202865838
11 95.24446446 0.08665370308655104
12 95.24446446000002 0.0726667163625981
14 95.2444644600001 0.039096368031033245
15 136.58744815494748 0.08994752074473514
16 136.58744815494748 0.09897054636887576
17 136.58744815494748 0.09823336298279356
18 136.5874481549475 0.05861927579597945
19 136.5874481549475 0.011982628183118214

70.13275408505284
5 70.1327540850525 0.05478399660261275
6 70.13275408505251 0.15571300483028297
7 70.13275408505251 0.04265192394295004
8 70.13275408505251 0.0192947288139642
9 70.13275408505255 0.18009048819490092
10 95.24446445999993 0.0394140919162125
11 95.24446446 0.017846194533058617
12 95.24446446000002 0.024683901727390753
13 95.24446446000005 0.01595784584522847
14 95.2444644600001 0.026340048924848078
15 136.58744815494748 0.11198233269307498
16 136.58744815494748 0.05744239525146243
17 136.58744815494748 0.020231007365911186
18 136.5874481549475 0.18884642674670332
19 136.5874481549475 0.04472161261139909

95.24446445999835
5 70.1327540850525 0.11064066710563193
7 70.13275408505251 0.05234151081990687
8 70.13275408505251 0.03726807468014328
10 95.24446445999993 0.12128052831977089
11 95.24446446 0.059904687085890945
12 95.24446446000002 0.09636198335374424
13 95.24446446000005 0.24520978219908357
14 95.2444644600001 0.1545564143858238
16 136.58744815494748 0.06720309323942562
17 136.58744815494748 0.022636612405747665
19 136.5874481549475 0.03179221098300438

95.24446445999905
5 70.1327540850525 0.060837872433755685
6 70.13275408505251 0.032712104899060415
7 70.13275408505251 0.12154868848942599
8 70.13275408505251 0.04769640274724882
9 70.13275408505255 0.027804626546925816
10 95.24446445999993 0.0980252275559016
11 95.24446446 0.07666717710048296
12 95.24446446000002 0.11271109596784024
13 95.24446446000005 0.11820354877900147
14 95.2444644600001 0.12728312663585128
15 136.58744815494748 0.02373140756748608
16 136.58744815494748 0.036952897344251896
17 136.58744815494748 0.02897077435323414
18 136.5874481549475 0.013026428880002928
19 136.5874481549475 0.07382862069953108

95.24446445999907
5 70.1327540850525 0.11837611478679902
7 70.13275408505251 0.03847498342836045
8 70.13275408505251 0.043288885050842045
10 95.24446445999993 0.12961886460822794
11 95.24446446 0.06958253506585024
12 95.24446446000002 0.09419298653800348
13 95.24446446000005 0.23597484574547972
14 95.2444644600001 0.14776044547070724
16 136.58744815494748 0.0719016008078033
17 136.58744815494748 0.02629365001500819
19 136.5874481549475 0.02336968825624374

95.2444644599998
5 70.1327540850525 0.015336905927709744
6 70.13275408505251 0.10827744069878677
7 70.13275408505251 0.039031671775755936
8 70.13275408505251 0.04678864402504782
9 70.13275408505255 0.09203363132322145
10 95.24446445999993 0.12010367134136378
11 95.24446446 0.07520804612391249
12 95.24446446000002 0.17881961212212708
13 95.24446446000005 0.043743641195688424
14 95.2444644600001 0.09754502452284709
15 136.58744815494748 0.07855122999623967
17 136.58744815494748 0.028419402098864663
18 136.5874481549475 0.04311762831905058
19 136.5874481549475 0.0237078205171384

95.24446446000103
5 70.1327540850525 0.02170273921680948
6 70.13275408505251 0.02421726549615491
7 70.13275408505251 0.05092275844303899
8 70.13275408505251 0.12893568735401303
9 70.13275408505255 0.020584185126151275
10 95.24446445999993 0.047644067707700036
11 95.24446446 0.20725116796177684
12 95.24446446000002 0.08600238059073112
13 95.24446446000005 0.15696862888913238
14 95.2444644600001 0.10613056112240099
15 136.58744815494748 0.017568719574379256
16 136.58744815494748 0.013182234392582984
17 136.58744815494748 0.07831548060776379
19 136.5874481549475 0.03093046140429585

98.554738964921
2 37.15857925999999 0.4001039268094502
3 37.15857925999999 0.2818115973797988
4 37.158579259999996 0.3180844758107507

98.55473896492146
2 37.15857925999999 0.4245312668035206
3 37.15857925999999 0.18921767366092399
4 37.158579259999996 0.386251059535556

98.55473896492182
2 37.15857925999999 0.5529856472327028
3 37.15857925999999 0.3350250112312858
4 37.158579259999996 0.111989341536011

98.55473896492185
2 37.15857925999999 0.16454215676108414
3 37.15857925999999 0.48619743499178975
4 37.158579259999996 0.3492604082471256

98.55473896492188
2 37.15857925999999 0.2010291441442024
3 37.15857925999999 0.4735464104053034
4 37.158579259999996 0.3254244454504946

98.55473896492248
2 37.15857925999999 0.290367682931699
3 37.15857925999999 0.19023089014160735
4 37.158579259999996 0.5194014269266942

98.55473896492252
2 37.15857925999999 0.32496978678105365
3 37.15857925999999 0.17716493465138664
4 37.158579259999996 0.4978652785675602

98.55473896492302
2 37.15857925999999 0.46249852038547223
3 37.15857925999999 0.4077394476209277
4 37.158579259999996 0.12976203199360076

98.55473896492319
2 37.15857925999999 0.2230835192484019
3 37.15857925999999 0.26843975693916156
4 37.158579259999996 0.5084767238124377

122.79231940984468
1 0.0 1.0000000000000009

122.79231940984486
1 0.0 0.9999999999999993

122.79231940984492
1 0.0 0.9999999999999991

122.7923194098451
1 0.0 1.0000000000000004

122.79231940984553
1 0.0 0.9999999999999988

122.79231940984573
1 0.0 0.9999999999999996

131.52891378997333
5 70.1327540850525 0.09968205620486252
6 70.13275408505251 0.13652386165190472
8 70.13275408505251 0.01883954723618651
9 70.13275408505255 0.14524881028569053
10 95.24446445999993 0.08768698047197422
11 95.24446446 0.017425185299748926
12 95.24446446000002 0.056833684751848176
14 95.2444644600001 0.03215295223469663
15 136.58744815494748 0.1201795390941253
16 136.58744815494748 0.10451913746878984
17 136.58744815494748 0.019753738058752923
18 136.5874481549475 0.1438989497417767

131.52891378997353
5 70.1327540850525 0.07461541506542338
6 70.13275408505251 0.04553483261794769
7 70.13275408505251 0.07714078940584174
8 70.13275408505251 0.10694977597242449
9 70.13275408505255 0.043328445630951506
10 95.24446445999993 0.06386741893588736
11 95.24446446 0.09892061845873562
12 95.24446446000002 0.05258703191481701
13 95.24446446000005 0.028861554460338276
14 95.2444644600001 0.048725967723481825
15 136.58744815494748 0.04898164139817003
16 136.58744815494748 0.07823613518250624
17 136.58744815494748 0.11213952402973047
18 136.5874481549475 0.039226795650615834
19 136.5874481549475 0.08088405355312932

131.52891378997356
5 70.1327540850525 0.044997193300433724
6 70.13275408505251 0.039877261334085985
7 70.13275408505251 0.10206315852184991
8 70.13275408505251 0.12568636906935393
9 70.13275408505255 0.04101105772112391
10 95.24446445999993 0.038328596678030555
11 95.24446446 0.11625057880793571
12 95.24446446000002 0.041290365341000494
13 95.24446446000005 0.03818604179139272
14 95.2444644600001 0.049156874716200435
15 136.58744815494748 0.037563553438147976
16 136.58744815494748 0.047180686387650245
17 136.58744815494748 0.13178531208982083
18 136.5874481549475 0.03960716780065852
19 136.5874481549475 0.10701578300231522

131.52891378997376
5 70.1327540850525 0.06931007356460211
6 70.13275408505251 0.020225874388282376
7 70.13275408505251 0.07942355788682331
8 70.13275408505251 0.15639836689417128
9 70.13275408505255 0.02154098698315997
10 95.24446445999993 0.047178652890941426
11 95.24446446 0.1446569012271394
12 95.24446446000002 0.03164058004340474
13 95.24446446000005 0.029715632404596466
14 95.2444644600001 0.04084842394987085
15 136.58744815494748 0.017765313761457385
16 136.58744815494748 0.07267335148045638
17 136.58744815494748 0.16398761253190053
18 136.5874481549475 0.021357078401294808
19 136.5874481549475 0.08327759359189804

131.52891378997404
5 70.1327540850525 0.09830602108151779
6 70.13275408505251 0.07896599319205447
7 70.13275408505251 0.07935313590682172
8 70.13275408505251 0.018299430228910795
9 70.13275408505255 0.07111663154744197
10 95.24446445999993 0.09795298337023473
11 95.24446446 0.01692561708734271
12 95.24446446000002 0.08645345949632047
13 95.24446446000005 0.02968928463415389
14 95.2444644600001 0.06439742856602239
15 136.58744815494748 0.09194006241087654
16 136.58744815494748 0.10307633011012977
17 136.58744815494748 0.01918741182229702
18 136.5874481549475 0.06113245616726102
19 136.5874481549475 0.08320375437861496

131.52891378997424
5 70.1327540850525 0.13759975585954634
6 70.13275408505251 0.0626368837550852
7 70.13275408505251 0.05336311398227819
8 70.13275408505251 0.03664101973651803
9 70.13275408505255 0.05823870059630293
10 95.24446445999993 0.11157839315915916
11 95.24446446 0.033890228383738216
12 95.24446446000002 0.07170300335394367
13 95.24446446000005 0.01996534430403596
14 95.2444644600001 0.054362542714760896
15 136.58744815494748 0.06974889298738561
16 136.58744815494748 0.14427679710778585
17 136.58744815494748 0.038419028706301504
18 136.5874481549475 0.05162373118640548
19 136.5874481549475 0.05595256416675295

131.5289137899744
5 70.1327540850525 0.05002067851303789
6 70.13275408505251 0.11953381930552391
7 70.13275408505251 0.06368445581004559
8 70.13275408505251 0.020733376194073568
9 70.13275408505255 0.11502900464274839
10 95.24446445999993 0.07431955773963575
11 95.24446446 0.019176836764802547
12 95.24446446000002 0.08558280939758675
13 95.24446446000005 0.023826984450063794
14 95.2444644600001 0.055606493834286605
15 136.58744815494748 0.1263434718178111
16 136.58744815494748 0.05244793669827336
17 136.58744815494748 0.02173946524705419
18 136.5874481549475 0.10518035949607764
19 136.5874481549475 0.06677475008897878

131.52891378997467
5 70.1327540850525 0.07089094261264461
6 70.13275408505251 0.12603378434893345
7 70.13275408505251 0.06331997167802605
9 70.13275408505255 0.13349080142061084
10 95.24446445999993 0.06911657805691254
12 95.24446446000002 0.061101013990684565
13 95.24446446000005 0.023690615886723464
14 95.2444644600001 0.04772099738839054
15 136.58744815494748 0.11198449897829571
16 136.58744815494748 0.07433093234950415
18 136.5874481549475 0.13181821922690085
19 136.5874481549475 0.06639257932976567

131.5289137899749
5 70.1327540850525 0.041211039173411276
6 70.13275408505251 0.06826928199183267
7 70.13275408505251 0.11584241342066558
8 70.13275408505251 0.07338090158699263
9 70.13275408505255 0.07226199191278446
10 95.24446445999993 0.03965878509694052
11 95.24446446 0.0678718968978162
12 95.24446446000002 0.04875799976257861
13 95.24446446000005 0.043341429994549305
14 95.2444644600001 0.05572516572077188
15 136.58744815494748 0.06074012697964453
16 136.58744815494748 0.043210808771291624
17 136.58744815494748 0.07694171682004783
18 136.5874481549475 0.0713227643142271
19 136.5874481549475 0.12146367755644592

131.52891378997495
5 70.1327540850525 0.06397153628244623
6 70.13275408505251 0.18850331789081795
9 70.13275408505255 0.2175744231010847
10 95.24446445999993 0.046757822348393804
12 95.24446446000002 0.02164493444729517
14 95.2444644600001 0.014457949568209796
15 136.58744815494748 0.13632868917829621
16 136.58744815494748 0.06707576116862356
18 136.5874481549475 0.22786030882877667

131.52891378997495
5 70.1327540850525 0.04965749915773637
6 70.13275408505251 0.11836504076152697
7 70.13275408505251 0.08855776174054851
8 70.13275408505251 0.027436052482406145
9 70.13275408505255 0.1342847387339584
10 95.24446445999993 0.039588671972705075
11 95.24446446 0.025376315704725858
12 95.24446446000002 0.037145398362161144
13 95.24446446000005 0.03313311521760176
14 95.2444644600001 0.04402477063021527
15 136.58744815494748 0.08966377928693224
16 136.58744815494748 0.05206713403019251
17 136.58744815494748 0.028767389540161396
18 136.5874481549475 0.13907729682221584
19 136.5874481549475 0.09285503555691316

131.5289137899751
5 70.1327540850525 0.03798986397004286
6 70.13275408505251 0.15966114027749947
7 70.13275408505251 0.022236948168735064
8 70.13275408505251 0.03832711635264239
9 70.13275408505255 0.17586767449391863
10 95.24446445999993 0.04377748243093498
11 95.24446446 0.03544974282434079
12 95.24446446000002 0.04097694457052697
14 95.2444644600001 0.025376923597483444
15 136.58744815494748 0.13010698250990071
16 136.58744815494748 0.03983332573462546
17 136.58744815494748 0.040186943321186476
18 136.5874481549475 0.17857315307964958
19 136.5874481549475 0.023315998194878777

131.52891378997523
6 70.13275408505251 0.028330679396674795
7 70.13275408505251 0.018921222598470337
8 70.13275408505251 0.26496741214384345
9 70.13275408505255 0.029101914378474546
10 95.24446445999993 0.01166651439727943
11 95.24446446 0.24507522378950916
12 95.24446446000002 0.015522759464178694
14 95.2444644600001 0.012066605689715435
15 136.58744815494748 0.026746507880904897
17 136.58744815494748 0.2778249810346598
18 136.5874481549475 0.028080069588547425
19 136.5874481549475 0.01983937672576448

131.5289137899753
5 70.1327540850525 0.11155893823287946
6 70.13275408505251 0.11241818696013275
7 70.13275408505251 0.037005212756412
9 70.13275408505255 0.11446467646455322
10 95.24446445999993 0.0992704931709184
12 95.24446446000002 0.07049915492846606
13 95.24446446000005 0.013845178037609086
14 95.2444644600001 0.047050046565047667
15 136.58744815494748 0.10789525876229875
16 136.58744815494748 0.11697234632752074
18 136.5874481549475 0.10968638570613556
19 136.5874481549475 0.03880089422714554

131.52891378997543
5 70.1327540850525 0.07128479578365411
6 70.13275408505251 0.08628494647942292
7 70.13275408505251 0.06983763664317945
8 70.13275408505251 0.05675978146792002
9 70.13275408505255 0.08811616866049317
10 95.24446445999993 0.06706006320918366
11 95.24446446 0.05249859230969322
12 95.24446446000002 0.05880127372991909
13 95.24446446000005 0.02612914346460913
14 95.2444644600001 0.04874813282505388
15 136.58744815494748 0.08236044872080575
16 136.58744815494748 0.0747438972831192
17 136.58744815494748 0.05951405526539105
18 136.5874481549475 0.08463454954992719
19 136.5874481549475 0.07322651460762913

136.58744815494623
5 70.1327540850525 0.045564336170609385
6 70.13275408505251 0.12144307774916355
7 70.13275408505251 0.07584089536722458
8 70.13275408505251 0.012388072353740752
9 70.13275408505255 0.11197439528653527
10 95.24446445999993 0.046638954915111
12 95.24446446000002 0.058350787631755135
13 95.24446446000005 0.01643746114729102
14 95.2444644600001 0.03743512454287888
15 136.58744815494748 0.17025089489482345
16 136.58744815494748 0.059235535511677484
17 136.58744815494748 0.0161050102229861
18 136.5874481549475 0.12310160285451552
19 136.5874481549475 0.09859632397454869

136.58744815494623
5 70.1327540850525 0.03319756465566379
7 70.13275408505251 0.14186476797290692
8 70.13275408505251 0.1679917588534371
10 95.24446445999993 0.013219841551377676
11 95.24446446 0.09000996011997282
12 95.24446446000002 0.019657805667122236
13 95.24446446000005 0.03074721890390372
14 95.2444644600001 0.032940701997174686
16 136.58744815494748 0.043158217266648743
17 136.58744815494748 0.2183962860771521
19 136.5874481549475 0.18443010932167458

136.58744815494717
5 70.1327540850525 0.011211896526914488
6 70.13275408505251 0.1894169358505302
7 70.13275408505251 0.012716953931936472
9 70.13275408505255 0.2083954000409393
10 95.24446445999993 0.01811877762843327
12 95.24446446000002 0.023910100320798884
14 95.2444644600001 0.01191229616191778
15 136.58744815494748 0.19489570365682968
16 136.58744815494748 0.014575932641408506
17 136.58744815494748 0.012829545089832722
18 136.5874481549475 0.26757152496343156
19 136.5874481549475 0.01653256997786555

136.58744815494745
5 70.1327540850525 0.17367557282723703
6 70.13275408505251 0.02153925661581401
7 70.13275408505251 0.034967948966576866
8 70.13275408505251 0.10582345016030703
9 70.13275408505255 0.02083650475447719
10 95.24446445999993 0.0669060982960796
11 95.24446446 0.05670018930510344
12 95.24446446000002 0.026639311951710615
14 95.2444644600001 0.024341027386961134
15 136.58744815494748 0.028151342250641878
16 136.58744815494748 0.2257854810656652
17 136.58744815494748 0.1375748944627994
18 136.5874481549475 0.024020313853496587
19 136.5874481549475 0.04545979063591149

136.58744815494836
5 70.1327540850525 0.07860917952265485
6 70.13275408505251 0.071094493572064
7 70.13275408505251 0.10828664003545364
8 70.13275408505251 0.04129940236064656
9 70.13275408505255 0.07106684155106813
10 95.24446445999993 0.04078910879962492
11 95.24446446 0.02212821381734366
12 95.24446446000002 0.03764405620979909
13 95.24446446000005 0.02346962584941584
14 95.2444644600001 0.036412325345396374
15 136.58744815494748 0.08812094247769217
16 136.58744815494748 0.10219520872031555
17 136.58744815494748 0.05369094385540833
18 136.5874481549475 0.0844158739510213
19 136.5874481549475 0.14077714393209753

156.6406241649204
5 70.1327540850525 0.08963247466994738
6 70.13275408505251 0.015916858637183146
7 70.13275408505251 0.03869800738558833
8 70.13275408505251 0.06065393183444164
9 70.13275408505255 0.013529007429289568
10 95.24446445999993 0.11320883329112347
11 95.24446446 0.0974951037384048
12 95.24446446000002 0.10117590781737229
13 95.24446446000005 0.2024932046992149
14 95.2444644600001 0.13452221313708176
15 136.58744815494748 0.011547085113556965
16 136.58744815494748 0.05444272626062565
17 136.58744815494748 0.03684117190396315
19 136.5874481549475 0.02350515291118749

156.6406241649207
5 70.1327540850525 0.06641013098761053
6 70.13275408505251 0.016863879660701544
7 70.13275408505251 0.11536556891065121
8 70.13275408505251 0.0734514166720799
9 70.13275408505255 0.014333956116396913
10 95.24446445999993 0.08893582547957678
11 95.24446446 0.11806577531896861
12 95.24446446000002 0.09101011353153854
13 95.24446446000005 0.1221752870187182
14 95.2444644600001 0.11941365440745992
15 136.58744815494748 0.012234113415570584
16 136.58744815494748 0.040337484774399746
17 136.58744815494748 0.044614358646888716
19 136.5874481549475 0.07007299654764301

156.64062416492112
5 70.1327540850525 0.05796708359402329
6 70.13275408505251 0.020863425729282552
7 70.13275408505251 0.06074811553013064
8 70.13275408505251 0.05865467863168221
9 70.13275408505255 0.017733489259778173
10 95.24446445999993 0.08398872487043905
11 95.24446446 0.09428150500692589
12 95.24446446000002 0.10769603524662184
13 95.24446446000005 0.22154642577560768
14 95.2444644600001 0.1453423800595803
15 136.58744815494748 0.015135634370315345
16 136.58744815494748 0.035209181447428475
17 136.58744815494748 0.035626826375243684
19 136.5874481549475 0.036898379039897844

156.64062416492112
5 70.1327540850525 0.06003349626093131
6 70.13275408505251 0.09465720057542004
8 70.13275408505251 0.054653431325616335
9 70.13275408505255 0.08045670311030952
10 95.24446445999993 0.15510756785472707
11 95.24446446 0.08784990182161696
12 95.24446446000002 0.16301625358096497
13 95.24446446000005 0.029731840023328862
14 95.2444644600001 0.08452151759925805
15 136.58744815494748 0.06867025564341145
16 136.58744815494748 0.0364643196055595
17 136.58744815494748 0.03319647049600063
18 136.5874481549475 0.03769385354689597

156.64062416492135
5 70.1327540850525 0.05336887319132357
6 70.13275408505251 0.045682082558436296
7 70.13275408505251 0.061434380978329456
8 70.13275408505251 0.07485622399464537
9 70.13275408505255 0.038828844837179445
10 95.24446445999993 0.10200345535310047
11 95.24446446 0.12032386200030422
12 95.24446446000002 0.11736899738383125
13 95.24446446000005 0.11056866739188788
14 95.2444644600001 0.1090336268213036
15 136.58744815494748 0.03314064084445198
16 136.58744815494748 0.03241623044206169
17 136.58744815494748 0.04546763800565886
18 136.5874481549475 0.018191259821833873
19 136.5874481549475 0.03731521637565134

156.64062416492143
5 70.1327540850525 0.035841062717854213
6 70.13275408505251 0.01087622732425024
7 70.13275408505251 0.11994159232581342
8 70.13275408505251 0.053040878893369656
10 95.24446445999993 0.050969397700485364
11 95.24446446 0.08525788574103316
12 95.24446446000002 0.10032023710188784
13 95.24446446000005 0.23519054131354816
14 95.2444644600001 0.16025691462856317
16 136.58744815494748 0.021769845958434675
17 136.58744815494748 0.03221700684766351
19 136.5874481549475 0.07285247118639714

156.64062416492163
5 70.1327540850525 0.04099900766142365
6 70.13275408505251 0.020152912251301506
7 70.13275408505251 0.04926745484771963
8 70.13275408505251 0.12778524982963166
9 70.13275408505255 0.017129567195674378
10 95.24446445999993 0.06446402505190729
11 95.24446446 0.2054019551837781
12 95.24446446000002 0.08102401291171861
13 95.24446446000005 0.13871734718044443
14 95.2444644600001 0.09996859047804531
15 136.58744815494748 0.014620183439224556
16 136.58744815494748 0.0249027794812919
17 136.58744815494748 0.0776167053541464
19 136.5874481549475 0.029925030718040153

156.64062416492192
5 70.1327540850525 0.1828659155781917
6 70.13275408505251 0.043436114922183175
7 70.13275408505251 0.01769314139087887
9 70.13275408505255 0.03691981784074508
10 95.24446445999993 0.23896337294373546
11 95.24446446 0.013422292648172268
12 95.24446446000002 0.12964963637607743
13 95.24446446000005 0.05323033844395297
14 95.2444644600001 0.09976943421575253
15 136.58744815494748 0.031511275399343085
16 136.58744815494748 0.11107267785344542
18 136.5874481549475 0.01729688332815615
19 136.5874481549475 0.01074680641119387

156.64062416492192
5 70.1327540850525 0.07587547979892179
6 70.13275408505251 0.02598732383758424
7 70.13275408505251 0.019009365858900173
8 70.13275408505251 0.047826840338710236
9 70.13275408505255 0.02208869886201689
10 95.24446445999993 0.10811649006638499
11 95.24446446 0.07687684242845595
12 95.24446446000002 0.11774920978782186
13 95.24446446000005 0.2426099384006058
14 95.2444644600001 0.14797543906125557
15 136.58744815494748 0.01885283064116341
16 136.58744815494748 0.04608673353934918
17 136.58744815494748 0.029050002089745702
18 136.5874481549475 0.010348524706571821
19 136.5874481549475 0.011546280582512801

156.64062416492206
5 70.1327540850525 0.03565768611006139
6 70.13275408505251 0.022587453695685787
7 70.13275408505251 0.17089248089653372
8 70.13275408505251 0.020090009457574227
9 70.13275408505255 0.01919887810926412
10 95.24446445999993 0.06190269910707369
11 95.24446446 0.032292672493484095
12 95.24446446000002 0.11647053649104548
13 95.24446446000005 0.19273525400791483
14 95.2444644600001 0.16513018486626832
15 136.58744815494748 0.016386352123107656
16 136.58744815494748 0.02165846308635144
17 136.58744815494748 0.012202663035909864
19 136.5874481549475 0.10380001881805276

156.64062416492231
5 70.1327540850525 0.025261911356295845
6 70.13275408505251 0.10562481154870884
7 70.13275408505251 0.028298398780815713
8 70.13275408505251 0.05117540351529212
9 70.13275408505255 0.08977895027738253
10 95.24446445999993 0.12820429523965476
11 95.24446446 0.08225932142695791
12 95.24446446000002 0.17485859095182774
13 95.24446446000005 0.03930864382775471
14 95.2444644600001 0.0929250857741827
15 136.58744815494748 0.07662684684571666
16 136.58744815494748 0.015344074007276456
17 136.58744815494748 0.0310839179116658
18 136.5874481549475 0.04206131338379537
19 136.5874481549475 0.017188435152672724

156.6406241649224
5 70.1327540850525 0.054691452815653435
6 70.13275408505251 0.020275361065466724
7 70.13275408505251 0.03577280112522843
8 70.13275408505251 0.044887109443343724
9 70.13275408505255 0.01723364620738834
10 95.24446445999993 0.08018096103629305
11 95.24446446 0.07215152026155885
12 95.24446446000002 0.11672434274551438
13 95.24446446000005 0.287829444997921
14 95.2444644600001 0.1652580460960634
15 136.58744815494748 0.014709015470183029
16 136.58744815494748 0.03321956473256761
17 136.58744815494748 0.02726441081821513
19 136.5874481549475 0.021728383896663803

156.64062416492246
5 70.1327540850525 0.05032678704746056
6 70.13275408505251 0.0357858439209567
7 70.13275408505251 0.06425536435735552
8 70.13275408505251 0.12381441789013857
9 70.13275408505255 0.03041724245379747
10 95.24446445999993 0.0889714134599479
11 95.24446446 0.1990192416455138
12 95.24446446000002 0.08970976323216504
13 95.24446446000005 0.054149672481587176
14 95.2444644600001 0.07853655469520682
15 136.58744815494748 0.02596129016629133
16 136.58744815494748 0.030568468636963324
17 136.58744815494748 0.07520482375537521
18 136.5874481549475 0.014250435800009224
19 136.5874481549475 0.03902868045723141

156.64062416492305
5 70.1327540850525 0.032959492267546894
7 70.13275408505251 0.10437263723562301
8 70.13275408505251 0.10364031332059759
10 95.24446445999993 0.04538810266093708
11 95.24446446 0.16659139470550788
12 95.24446446000002 0.07908750579529794
13 95.24446446000005 0.1710227022888558
14 95.2444644600001 0.12452690489175276
16 136.58744815494748 0.020019581316021655
17 136.58744815494748 0.0629510813849103
19 136.5874481549475 0.06339589461344879

156.6406241649236
5 70.1327540850525 0.10978403358510061
6 70.13275408505251 0.020641359128585376
7 70.13275408505251 0.03543823777766846
9 70.13275408505255 0.0175447371473726
10 95.24446445999993 0.13974459530846498
12 95.24446446000002 0.12529688908473136
13 95.24446446000005 0.25579877820220126
14 95.2444644600001 0.16483549455140795
15 136.58744815494748 0.01497453336429533
16 136.58744815494748 0.06668277441038853
19 136.5874481549475 0.021525170264382457

159.95089866984355
2 37.15857925999999 0.23695153387326914
3 37.15857925999999 0.29600142904491483
4 37.158579259999996 0.46704703708181594

159.95089866984412
2 37.15857925999999 0.2144770275963637
3 37.15857925999999 0.21953783005041033
4 37.158579259999996 0.5659851423532257

159.95089866984412
2 37.15857925999999 0.17557535549016848
3 37.15857925999999 0.49838920231946415
4 37.158579259999996 0.32603544219036634

159.95089866984418
2 37.15857925999999 0.2608621698009497
3 37.15857925999999 0.46432364880725985
4 37.158579259999996 0.2748141813917904

159.95089866984432
2 37.15857925999999 0.2924477421747576
3 37.15857925999999 0.40273842352161054
4 37.158579259999996 0.3048138343036325

159.95089866984452
2 37.15857925999999 0.6185442793962366
3 37.15857925999999 0.18101074920383697
4 37.158579259999996 0.2004449713999263

159.95089866984475
2 37.15857925999999 0.3945690677796091
3 37.15857925999999 0.16959571249491068
4 37.158579259999996 0.4358352197254797

159.9508986698448
2 37.15857925999999 0.2652783665220782
3 37.15857925999999 0.3350847420327407
4 37.158579259999996 0.39963689144518066

159.95089866984486
2 37.15857925999999 0.431991913505837
3 37.15857925999999 0.2227341982768997
4 37.158579259999996 0.3452738882172628

159.950898669845
2 37.15857925999999 0.09138960892144267
3 37.15857925999999 0.628788490239403
4 37.158579259999996 0.27982190083915476

159.9508986698453
2 37.15857925999999 0.3709007380139743
3 37.15857925999999 0.05446593105974089
4 37.158579259999996 0.5746333309262854

159.95089866984532
2 37.15857925999999 0.3986018863824281
3 37.15857925999999 0.2967276860111388
4 37.158579259999996 0.3046704276064334

159.95089866984546
2 37.15857925999999 0.5736427646700355
3 37.15857925999999 0.2439855125330679
4 37.158579259999996 0.182371722796897

159.95089866984586
2 37.15857925999999 0.4392708180562571
3 37.15857925999999 0.26238513732229957
4 37.158579259999996 0.29834404462144304

159.95089866984586
2 37.15857925999999 0.6357463557797043
3 37.15857925999999 0.06609604809728435
4 37.158579259999996 0.29815759612301096

159.95089866984603
2 37.15857925999999 0.7032736759727205
3 37.15857925999999 0.1910810664894196
4 37.158579259999996 0.10564525753785944

159.95089866984623
2 37.15857925999999 0.1129057842753563
3 37.15857925999999 0.3208797135921982
4 37.158579259999996 0.5662145021324457

159.95089866984642
2 37.15857925999999 0.14514915406977802
3 37.15857925999999 0.5814846082602352
4 37.158579259999996 0.27336623766998674

192.92507349489622
5 70.1327540850525 0.07747238157112593
6 70.13275408505251 0.06213747621470528
7 70.13275408505251 0.026832126793311734
8 70.13275408505251 0.12996716141277992
9 70.13275408505255 0.061817883731741075
10 95.24446445999993 0.06714638749094332
11 95.24446446 0.12020999454541544
12 95.24446446000002 0.04641736934134563
13 95.24446446000005 0.010039006532038762
14 95.2444644600001 0.032018537048098164
15 136.58744815494748 0.06216055734817575
16 136.58744815494748 0.08123173625979112
17 136.58744815494748 0.13627383028910772
18 136.5874481549475 0.058141393121890754
19 136.5874481549475 0.028134158299528936

192.9250734948963
5 70.1327540850525 0.197196603359143
6 70.13275408505251 0.045007304843391445
7 70.13275408505251 0.03748132133624612
8 70.13275408505251 0.020383319946284208
9 70.13275408505255 0.03965931830414094
10 95.24446445999993 0.14485259643584905
11 95.24446446 0.0188530606725965
12 95.24446446000002 0.0728028313135605
13 95.24446446000005 0.014023309915850919
14 95.2444644600001 0.05503504149441358
15 136.58744815494748 0.05392229435239541
16 136.58744815494748 0.20676558730403993
17 136.58744815494748 0.021372422486526512
18 136.5874481549475 0.03334488221443615
19 136.5874481549475 0.03930010602112657

192.9250734948963
5 70.1327540850525 0.09152207741113047
6 70.13275408505251 0.07105023085118567
7 70.13275408505251 0.057968062730511416
8 70.13275408505251 0.06611695045853029
9 70.13275408505255 0.06787669014565717
10 95.24446445999993 0.08344641867197468
11 95.24446446 0.061153280317760975
12 95.24446446000002 0.06580877640097836
13 95.24446446000005 0.02168824576910878
14 95.2444644600001 0.04967072953394427
15 136.58744815494748 0.07596029313680433
16 136.58744815494748 0.09596319492751952
17 136.58744815494748 0.06932528177177792
18 136.5874481549475 0.061668799381876034
19 136.5874481549475 0.06078096849123998

192.92507349489642
5 70.1327540850525 0.010469191711518718
6 70.13275408505251 0.060212566492117425
7 70.13275408505251 0.05350484742814497
8 70.13275408505251 0.17655174608098456
9 70.13275408505255 0.06205890494858434
10 95.24446445999993 0.021495248131647448
11 95.24446446 0.16329728373441071
12 95.24446446000002 0.0341360613024411
13 95.24446446000005 0.02001837263830946
14 95.2444644600001 0.02953814835249852
15 136.58744815494748 0.05648530977602217
16 136.58744815494748 0.010977210235656887
17 136.58744815494748 0.18511893636171978
18 136.5874481549475 0.060034997564374366
19 136.5874481549475 0.05610117524156896

192.92507349489642
5 70.1327540850525 0.033354229939139245
6 70.13275408505251 0.050757039128205596
7 70.13275408505251 0.1574788382794736
8 70.13275408505251 0.06023345080047517
9 70.13275408505255 0.049176274797817374
10 95.24446445999993 0.03915339878449923
11 95.24446446 0.05571147906493144
12 95.24446446000002 0.061573755296633545
13 95.24446446000005 0.058919335702437625
14 95.2444644600001 0.07209031907833995
15 136.58744815494748 0.0530710348642551
16 136.58744815494748 0.034972747121206245
17 136.58744815494748 0.06315628473289217
18 136.5874481549475 0.04523129851569274
19 136.5874481549475 0.16512051389400148

192.92507349489645
5 70.1327540850525 0.068815978025325
6 70.13275408505251 0.10472670387662583
7 70.13275408505251 0.033781335403660774
8 70.13275408505251 0.045400009137732546
9 70.13275408505255 0.09280048747421041
10 95.24446445999993 0.09390600106193166
11 95.24446446 0.04199164459301642
12 95.24446446000002 0.09542121161652065
13 95.24446446000005 0.012638992406031507
14 95.2444644600001 0.052291463680792655
15 136.58744815494748 0.12457010568073844
16 136.58744815494748 0.07215527990811366
17 136.58744815494748 0.047603048901789236
18 136.5874481549475 0.07847716031447026
19 136.5874481549475 0.03542057791904063

192.92507349489645
5 70.1327540850525 0.03025720243561574
6 70.13275408505251 0.06420149331290118
7 70.13275408505251 0.05386381788944232
8 70.13275408505251 0.1508509435242482
9 70.13275408505255 0.06672192123358502
10 95.24446445999993 0.03382577889594646
11 95.24446446 0.13952594563966128
12 95.24446446000002 0.037463690402388415
13 95.24446446000005 0.020152678309773096
14 95.2444644600001 0.032537101378570035
15 136.58744815494748 0.05926770681249529
16 136.58744815494748 0.031725436063334916
17 136.58744815494748 0.15817099991501232
18 136.5874481549475 0.06495771940836206
19 136.5874481549475 0.056477564778663426

192.9250734948965
5 70.1327540850525 0.07366661872186808
6 70.13275408505251 0.03177741351483434
7 70.13275408505251 0.0740223327299352
8 70.13275408505251 0.13754435032430468
9 70.13275408505255 0.03238518505313086
10 95.24446445999993 0.054464750150676845
11 95.24446446 0.12721833286582443
12 95.24446446000002 0.03839457012416462
13 95.24446446000005 0.027694811056788723
14 95.2444644600001 0.04225398429702256
15 136.58744815494748 0.03044797618909222
16 136.58744815494748 0.07724129840608442
17 136.58744815494748 0.1442187030136736
18 136.5874481549475 0.03105540008235421
19 136.5874481549475 0.07761427347024547

192.9250734948965
5 70.1327540850525 0.01711595524926162
6 70.13275408505251 0.08786434640673056
7 70.13275408505251 0.059697196430977324
8 70.13275408505251 0.10950812654668704
9 70.13275408505255 0.08343691770402167
10 95.24446445999993 0.04437113373681567
11 95.24446446 0.10128690318200204
12 95.24446446000002 0.06499661617896195
13 95.24446446000005 0.022335186082392926
14 95.2444644600001 0.04381310853986934
15 136.58744815494748 0.09481093112373487
16 136.58744815494748 0.017946508606630936
17 136.58744815494748 0.11482201880908334
18 136.5874481549475 0.0754010428337509
19 136.5874481549475 0.06259400856907998

192.9250734948965
5 70.1327540850525 0.08323312672302213
6 70.13275408505251 0.0591774643069856
7 70.13275408505251 0.06093495064067339
8 70.13275408505251 0.09404936115649982
9 70.13275408505255 0.058235340697374814
10 95.24446445999993 0.07105521161938394
11 95.24446446 0.08698869059481462
12 95.24446446000002 0.053911967288044406
13 95.24446446000005 0.022798281039118323
14 95.2444644600001 0.04525121742727172
15 136.58744815494748 0.06030858709173981
16 136.58744815494748 0.08727202211842412
17 136.58744815494748 0.0986131153571505
18 136.5874481549475 0.05427883901990016
19 136.5874481549475 0.06389182491959662

192.9250734948965
5 70.1327540850525 0.041817312216420655
6 70.13275408505251 0.0740304972785452
7 70.13275408505251 0.07921701936955496
8 70.13275408505251 0.10038823304259348
9 70.13275408505255 0.07830646037481054
10 95.24446445999993 0.04108767527907715
11 95.24446446 0.09285167741831914
12 95.24446446000002 0.04396217272446822
13 95.24446446000005 0.02963835781730987
14 95.2444644600001 0.04332448991354645
15 136.58744815494748 0.06595933396151286
16 136.58744815494748 0.04384650127141112
17 136.58744815494748 0.10525958160477741
18 136.5874481549475 0.0772496549542296
19 136.5874481549475 0.08306103277342326

192.92507349489665
5 70.1327540850525 0.11736081608214863
6 70.13275408505251 0.034418466011113716
7 70.13275408505251 0.03077655318502333
8 70.13275408505251 0.13339847859208623
9 70.13275408505255 0.035458406025188134
10 95.24446445999993 0.08142328555592583
11 95.24446446 0.12338370869693031
12 95.24446446000002 0.037510708096135034
13 95.24446446000005 0.011514779310565115
14 95.2444644600001 0.03295213196211164
15 136.58744815494748 0.03231478749641039
16 136.58744815494748 0.12305576085158157
17 136.58744815494748 0.1398716524610932
18 136.5874481549475 0.034290477316403764
19 136.5874481549475 0.032269988357283376

192.92507349489685
5 70.1327540850525 0.048205295371552465
6 70.13275408505251 0.10399454920821832
7 70.13275408505251 0.05080482235790229
8 70.13275408505251 0.05523505651692033
9 70.13275408505255 0.09558901084276891
10 95.24446445999993 0.07507401066095962
11 95.24446446 0.05108833470269043
12 95.24446446000002 0.0858813813495761
13 95.24446446000005 0.019008181775481837
14 95.2444644600001 0.051849204630796196
15 136.58744815494748 0.11772130238174205
16 136.58744815494748 0.05054446191708013
17 136.58744815494748 0.05791534289103839
18 136.5874481549475 0.08381891419543658
19 136.5874481549475 0.053270131197835656

192.9250734948969
5 70.1327540850525 0.021126788891030774
6 70.13275408505251 0.15743823630985704
7 70.13275408505251 0.02029881758618956
8 70.13275408505251 0.07070333603058872
9 70.13275408505255 0.1805740413609927
10 95.24446445999993 0.021015836795398122
11 95.24446446 0.06539534714916066
12 95.24446446000002 0.01910218667454787
14 95.2444644600001 0.014980468647073997
15 136.58744815494748 0.11585221614059682
16 136.58744815494748 0.022151968332571704
17 136.58744815494748 0.0741342221401996
18 136.5874481549475 0.18834808850314447
19 136.5874481549475 0.021283819641366223

192.9250734948969
5 70.1327540850525 0.023101438771947674
6 70.13275408505251 0.11453449831570703
7 70.13275408505251 0.06230401997152671
8 70.13275408505251 0.08209932804693257
9 70.13275408505255 0.1273813227732138
10 95.24446445999993 0.027005343682062508
11 95.24446446 0.07593579539187797
12 95.24446446000002 0.0341690450541668
13 95.24446446000005 0.023310506404670667
14 95.2444644600001 0.03312206908905075
15 136.58744815494748 0.09121021211379149
16 136.58744815494748 0.0242224382868845
17 136.58744815494748 0.0860832057536754
18 136.5874481549475 0.13019344787447024
19 136.5874481549475 0.06532732847002178

