translational analysis para
#nmax= 2 NR= 11 Ntheta= 11 Nphi= 11
#jmax= 2 Nalpha= 11 Nphi= 11 Nchi= 11
0.0
1 92.09423955738453 0.9374689377126764
2 153.4903992623075 0.020045062983205762
3 153.4903992623075 0.02004506298320665
4 153.49039926230753 0.02004506298320739

32.8885662530391
1 92.09423955738453 0.4146592780581895
2 153.4903992623075 0.0915362761202767
3 153.4903992623075 0.03255149222215005
4 153.49039926230753 0.038751487141101465

32.88856625303977
1 92.09423955738453 1.0850116961071736
2 153.4903992623075 0.07471063411132552
3 153.4903992623075 0.08567993887618261
4 153.49039926230753 0.017885183195529293

32.888566253040125
1 92.09423955738453 0.8652402234534449
2 153.4903992623075 0.019160457647792173
3 153.4903992623075 0.05367868283745337
4 153.49039926230753 0.17661694635041347

67.26956359304361
1 92.09423955738453 0.35523507628222195
2 153.4903992623075 0.1874375294440814
3 153.4903992623075 0.47111037881835677
4 153.49039926230753 0.09145344584806844
8 214.8865589672305 0.018571939035972533
10 214.88655896723057 0.01370909512433729

67.26956359304418
1 92.09423955738453 0.24379595869274828
2 153.4903992623075 0.33925444112483083
3 153.4903992623075 0.22299073575511388
4 153.49039926230753 0.1748203668429823
5 214.8865589672305 0.013208989907878485
7 214.8865589672305 0.013756905464072535

67.26956359304468
1 92.09423955738453 0.04322248490741465
2 153.4903992623075 0.24664501245347337
3 153.4903992623075 0.018690437595214403
4 153.49039926230753 0.43832189893266543
5 214.8865589672305 0.010602158929506852
6 214.8865589672305 0.026937434388606366
9 214.88655896723057 0.01932534649037558

69.77199134770248
1 92.09423955738453 0.06974498722072084
2 153.4903992623075 0.01497812149465144
3 153.4903992623075 0.0878395566774959
4 153.49039926230753 0.038926093449896684

69.7719913477035
1 92.09423955738453 0.2587042631319533
2 153.4903992623075 0.03895404657417985
3 153.4903992623075 0.0417698117985551
4 153.49039926230753 0.0739147327646548

69.77199134770362
1 92.09423955738453 0.13415191543922123
2 153.4903992623075 0.03316824359160572
3 153.4903992623075 0.021941248253141858
4 153.49039926230753 0.041626766747024126
9 214.88655896723057 0.011123076662633503

69.77199134770486
1 92.09423955738453 0.22744450203157932
2 153.4903992623075 0.11228509735922033
3 153.4903992623075 0.01365522907811073

69.77199134770495
1 92.09423955738453 0.15797031443045004
2 153.4903992623075 0.027294821615597823
3 153.4903992623075 0.054017794575854074
4 153.49039926230753 0.061688366562296315

91.54360306142698
2 153.4903992623075 0.21249603688647492
3 153.4903992623075 0.18034262320656758
4 153.49039926230753 0.1250667536392034
6 214.8865589672305 0.026819196560511793
7 214.8865589672305 0.03978703935600204
8 214.8865589672305 0.04659554726141682
9 214.88655896723057 0.08261318893376626

91.5436030614282
1 92.09423955738453 0.15688930330073572
2 153.4903992623075 0.08006615050903748
3 153.4903992623075 0.4778941952923951
4 153.49039926230753 0.11595048394117126
5 214.8865589672305 0.03452124365255242
6 214.8865589672305 0.018447414489719698
8 214.8865589672305 0.045105635964113405
9 214.88655896723057 0.07090367426035729

91.54360306142831
1 92.09423955738453 0.7503805643003447
2 153.4903992623075 0.33099213367493097
3 153.4903992623075 0.1467065656950766
4 153.49039926230753 0.4844901103425767
6 214.8865589672305 0.1358537178091278
7 214.8865589672305 0.02066258652932631
10 214.88655896723057 0.011526918320845937

91.54360306142863
1 92.09423955738453 0.0678893218929928
2 153.4903992623075 0.13981654848667463
3 153.4903992623075 0.031135294709698735
4 153.49039926230753 0.10305911828101981
5 214.8865589672305 0.03453180591159026
7 214.8865589672305 0.07015709382601934
8 214.8865589672305 0.06484281849804234

91.5436030614291
1 92.09423955738453 0.5055973764801326
2 153.4903992623075 0.26834555536310306
3 153.4903992623075 0.18036447129247
4 153.49039926230753 0.13771759603542622
5 214.8865589672305 0.08940888735389799
6 214.8865589672305 0.0106173641575208
7 214.8865589672305 0.04043823113927759
9 214.88655896723057 0.025650347480321533

93.50687094278335
2 153.4903992623075 0.11884622610383061
3 153.4903992623075 0.04396488116242151
4 153.49039926230753 0.057092388988910184

93.50687094278459
2 153.4903992623075 0.03525009101593577

93.50687094278493
2 153.4903992623075 0.04453641164954823
3 153.4903992623075 0.08442265803562693

93.50687094278535
2 153.4903992623075 0.024097775158985573
3 153.4903992623075 0.073062590336222
4 153.49039926230753 0.023459782848405168

93.50687094278581
3 153.4903992623075 0.02230075535157367
4 153.49039926230753 0.14440623834371985

94.14295499816701
1 92.09423955738453 0.05474613709185739
2 153.4903992623075 0.22781450541296697
3 153.4903992623075 0.22781450541270704
4 153.49039926230753 0.2278145054128542
10 214.88655896723057 0.23062269284897002

100.16219336894095
2 153.4903992623075 0.680875737809051
3 153.4903992623075 0.36146316498856906
4 153.49039926230753 0.2077578652855303

100.1621933689418
2 153.4903992623075 0.24792802159566793
3 153.4903992623075 0.1976529741894336
4 153.49039926230753 0.24696700918202857

100.16219336894227
2 153.4903992623075 0.0192727917148338
3 153.4903992623075 0.4127400648116976
4 153.49039926230753 0.5288537253613271

129.01569817031694
2 153.4903992623075 0.07182856522550708
3 153.4903992623075 0.049563458922361386
4 153.49039926230753 0.0280467568821542
5 214.8865589672305 0.027484896516535805
6 214.8865589672305 0.08057361127637216
7 214.8865589672305 0.022625432718194845
8 214.8865589672305 0.02916198324900423

129.015698170317
2 153.4903992623075 0.026370858267310695
4 153.49039926230753 0.03724286562930404
5 214.8865589672305 0.021981985142653853
6 214.8865589672305 0.0223493678680812
7 214.8865589672305 0.0121736637795291
9 214.88655896723057 0.031364837249835444

129.01569817031728
2 153.4903992623075 0.034484635284146276
3 153.4903992623075 0.023657499784194583
5 214.8865589672305 0.044786783063904746
8 214.8865589672305 0.029231981315727566
9 214.88655896723057 0.012232098639613765

129.01569817031802
2 153.4903992623075 0.03067321459800681
4 153.49039926230753 0.05812325301307392
7 214.8865589672305 0.028537623092697084
9 214.88655896723057 0.046216320369394735

129.01569817031822
2 153.4903992623075 0.029193166442047783
3 153.4903992623075 0.11370252987867785
4 153.49039926230753 0.029852501450921252
7 214.8865589672305 0.03226266995808643
8 214.8865589672305 0.05327364395514234
9 214.88655896723057 0.0359182982215307

129.01569817031864
3 153.4903992623075 0.061644005197767235
4 153.49039926230753 0.07451162308415618
6 214.8865589672305 0.014412760098940049
7 214.8865589672305 0.07164233230252037
8 214.8865589672305 0.021456071916030613

129.01569817031884
2 153.4903992623075 0.1274023802857474
3 153.4903992623075 0.018005541002872064
4 153.49039926230753 0.02525814063957737
5 214.8865589672305 0.07759753845760742
6 214.8865589672305 0.027785641617475675
8 214.8865589672305 0.028395898790999952

133.42917621532112
1 92.09423955738453 1.7173749997126544
3 153.4903992623075 0.015891936798893072
5 214.8865589672305 0.0669326118200715
6 214.8865589672305 0.12060377158044093
7 214.8865589672305 0.0232431408069936
8 214.8865589672305 0.17095108186426758
9 214.88655896723057 0.017339009041760566
10 214.88655896723057 0.012486735537707913

133.42917621532172
1 92.09423955738453 0.4510638332763799
4 153.49039926230753 0.018890264533021103
5 214.8865589672305 0.029549844655378577
7 214.8865589672305 0.10971517000570394
8 214.8865589672305 0.09491329585579683
9 214.88655896723057 0.2614238858983583

133.42917621532177
1 92.09423955738453 0.050174917726101886
6 214.8865589672305 0.20863759756004785
7 214.8865589672305 0.21474824312201293
8 214.8865589672305 0.06269643581881444
9 214.88655896723057 0.05176769690229861

133.42917621532197
1 92.09423955738453 2.5627230960260725
2 153.4903992623075 0.022588593640337985
5 214.8865589672305 0.2503644021975026
6 214.8865589672305 0.027707786856452785
7 214.8865589672305 0.01232550261317379
8 214.8865589672305 0.01881517774411088
9 214.88655896723057 0.04734591247084234
10 214.88655896723057 0.018633114818731027

133.4291762153245
1 92.09423955738453 0.32336519098853644
5 214.8865589672305 0.04443490837937469
6 214.8865589672305 0.02231230477383655
7 214.8865589672305 0.21369027469075863
8 214.8865589672305 0.031016573796155304
9 214.88655896723057 0.16292116919408706

134.77559880656662
1 92.09423955738453 0.015119645433566363
2 153.4903992623075 0.07662617557821144
3 153.4903992623075 0.02686607901363233
4 153.49039926230753 0.05159172660691689
10 214.88655896723057 0.08486442644625532

134.77559880656696
1 92.09423955738453 0.02391823216959633
2 153.4903992623075 0.09218131521815086
3 153.4903992623075 0.09397043906708384
4 153.49039926230753 0.1388982669671888
10 214.88655896723057 0.13424964650140273

134.77559880656787
2 153.4903992623075 0.011818955574437188
3 153.4903992623075 0.0681816109693547
4 153.49039926230753 0.02640643253844665
10 214.88655896723057 0.03215249084415212

137.68205065620697
2 153.4903992623075 0.06721437594651754
3 153.4903992623075 0.1113203250552787
4 153.49039926230753 0.028397319481739892
8 214.8865589672305 0.0200270468244131

137.68205065620756
2 153.4903992623075 0.017072798373660148
3 153.4903992623075 0.012958743043312185
4 153.49039926230753 0.02014456639458904
6 214.8865589672305 0.022970783553056408
7 214.8865589672305 0.03341504711919813
8 214.8865589672305 0.010837240768089175

137.6820506562077
2 153.4903992623075 0.04162686349576811
4 153.49039926230753 0.11903770270456021
5 214.8865589672305 0.029630143228669047
6 214.8865589672305 0.015263401210551726

137.68205065620788
2 153.4903992623075 0.06981237939517229
3 153.4903992623075 0.05014128387125931
4 153.49039926230753 0.01571772765589814
5 214.8865589672305 0.015204640586629823
9 214.88655896723057 0.019913929953073544

137.68205065620816
3 153.4903992623075 0.028498728053775485
4 153.49039926230753 0.03490133139172456
8 214.8865589672305 0.016021528784848887
9 214.88655896723057 0.026576423360452316

139.56039848875267
2 153.4903992623075 0.06784601345214905
3 153.4903992623075 0.06784601345214356
4 153.49039926230753 0.0678460134521629
10 214.88655896723057 0.7650067128007239

144.15651789140352
1 92.09423955738453 0.15522450391784232
2 153.4903992623075 0.044535089304280635
3 153.4903992623075 0.12513491549959335
4 153.49039926230753 0.016680143128227163
5 214.8865589672305 0.036251212374093345
6 214.8865589672305 0.03226584088841911
7 214.8865589672305 0.1314824961045973
8 214.8865589672305 0.08802093178425485

144.1565178914038
1 92.09423955738453 0.10882141667730648
2 153.4903992623075 0.01362936261947351
3 153.4903992623075 0.05364117191978503
4 153.49039926230753 0.03639376647099751
5 214.8865589672305 0.04478561678123452
6 214.8865589672305 0.07216461334741776
7 214.8865589672305 0.022675499216569486
8 214.8865589672305 0.05689766770505838
9 214.88655896723057 0.10542414864383293

144.1565178914053
1 92.09423955738453 0.6633722058887491
2 153.4903992623075 0.1274233307773293
4 153.49039926230753 0.12661929952182246
5 214.8865589672305 0.17074078609519142
6 214.8865589672305 0.11305753092614124
7 214.8865589672305 0.1406578971740853
8 214.8865589672305 0.04159040526995522

144.1565178914054
1 92.09423955738453 0.2115514464613986
2 153.4903992623075 0.011157982394320554
3 153.4903992623075 0.0568087512125932
4 153.49039926230753 0.03999306068290511
5 214.8865589672305 0.039689570507440555
6 214.8865589672305 0.03653961954611828
7 214.8865589672305 0.028928964971871227
8 214.8865589672305 0.16417503090987673
9 214.88655896723057 0.09054351328003486

144.15651789140568
1 92.09423955738453 1.1237439095829433
2 153.4903992623075 0.12794456150173583
3 153.4903992623075 0.07398506017918398
4 153.49039926230753 0.06503484724047416
5 214.8865589672305 0.24379831407712466
6 214.8865589672305 0.04610305571904858
7 214.8865589672305 0.035759086243217185
8 214.8865589672305 0.13946699032996598
9 214.88655896723057 0.06732880037187894
10 214.88655896723057 0.0114453250768446

153.59343867927956
6 214.8865589672305 0.045361745740973916
7 214.8865589672305 0.027580544381872785
8 214.8865589672305 0.11366999490901034
9 214.88655896723057 0.04725506368122195

153.59343867927964
5 214.8865589672305 0.013749781197259576
7 214.8865589672305 0.023582955427915338
9 214.88655896723057 0.03249385965189642

153.59343867928007
5 214.8865589672305 0.0886024701183941
6 214.8865589672305 0.016795158925272967
8 214.8865589672305 0.05242879227254338

153.59343867928007
6 214.8865589672305 0.04573391945829279
8 214.8865589672305 0.012143585851319999

153.59343867928067
5 214.8865589672305 0.015647522105359645
7 214.8865589672305 0.028736804765797812
8 214.8865589672305 0.014282344602965071
9 214.88655896723057 0.017674632808322464

153.59343867928104
5 214.8865589672305 0.07085624836728527
6 214.8865589672305 0.06326910918710049
7 214.8865589672305 0.0969311634964117
9 214.88655896723057 0.06510884507150264

153.59343867928118
7 214.8865589672305 0.02983282682308962
9 214.88655896723057 0.023404292984718512

159.12373289729638
5 214.8865589672305 0.010935482648283477
8 214.8865589672305 0.01732763209573091

159.1237328972971
7 214.8865589672305 0.0309069909540651
8 214.8865589672305 0.017927091244766963
9 214.88655896723057 0.022418938046616925

159.12373289729737
5 214.8865589672305 0.032835005046543214
6 214.8865589672305 0.02880382487518848
9 214.88655896723057 0.01576639089753533

160.63865941801976
1 92.09423955738453 0.42386547480887343
6 214.8865589672305 0.014127034938929785
7 214.8865589672305 0.02437927384582501
8 214.8865589672305 0.016242773629078895
10 214.88655896723057 0.024272465526819054

160.63865941802027
1 92.09423955738453 0.038160264214592725
7 214.8865589672305 0.02360386552088717

160.6386594180209
1 92.09423955738453 0.9284116242810039
2 153.4903992623075 0.011606598962369234
5 214.8865589672305 0.030787856316623702
6 214.8865589672305 0.05972017260103232
7 214.8865589672305 0.028912301767650972
10 214.88655896723057 0.053165073553624445

160.63865941802095
1 92.09423955738453 3.2874798689528144
4 153.49039926230753 0.010696834852571762
5 214.8865589672305 0.04718806706229747
8 214.8865589672305 0.03604964193401495
9 214.88655896723057 0.01977189988210927
10 214.88655896723057 0.18825605417671945

160.63865941802126
1 92.09423955738453 0.23737517340975103
6 214.8865589672305 0.023047300775694328
7 214.8865589672305 0.024305189089923004
9 214.88655896723057 0.08474431385501058
10 214.88655896723057 0.013593182403239276

162.64108775900132
2 153.4903992623075 0.1399889975405587
3 153.4903992623075 0.2669138261387052
4 153.49039926230753 0.1124394986533834
5 214.8865589672305 0.16310414217063973
6 214.8865589672305 0.15054275133416115
7 214.8865589672305 0.3263583899346188
8 214.8865589672305 0.10552475530928972
9 214.88655896723057 0.0333883156030283

162.64108775900166
2 153.4903992623075 0.06683021069777995
3 153.4903992623075 0.7368533769725127
4 153.49039926230753 0.058416725025446065
5 214.8865589672305 0.08627163885395665
7 214.8865589672305 0.08292999085283215
8 214.8865589672305 0.46645489102692805
9 214.88655896723057 0.046821411937544126

162.6410877590021
2 153.4903992623075 0.255027619801537
3 153.4903992623075 0.0937653367065382
4 153.49039926230753 0.09405407657228526
5 214.8865589672305 0.22459013862958715
6 214.8865589672305 0.02394499821713244
7 214.8865589672305 0.10802129125463558
8 214.8865589672305 0.06366794055117547
9 214.88655896723057 0.031627799394222035

162.6410877590026
2 153.4903992623075 0.06406864884335396
3 153.4903992623075 0.28809277814362977
4 153.49039926230753 0.40346038274023305
5 214.8865589672305 0.056769205523057115
6 214.8865589672305 0.14877863313018572
7 214.8865589672305 0.10138043693450416
8 214.8865589672305 0.09075108618051402
9 214.88655896723057 0.4497254447904115

162.6410877590028
2 153.4903992623075 0.1552177090288996
3 153.4903992623075 0.08843070605111981
4 153.49039926230753 0.026413583868909515
5 214.8865589672305 0.11377361855167112
7 214.8865589672305 0.049655311495369926
8 214.8865589672305 0.16626034729097128
9 214.88655896723057 0.06683167382714209

162.64108775900328
2 153.4903992623075 0.3424702372846049
3 153.4903992623075 0.11128623521572063
4 153.49039926230753 0.07616490557867309
5 214.8865589672305 0.14723079416445084
6 214.8865589672305 0.11956258575711028
7 214.8865589672305 0.08980845659457072
8 214.8865589672305 0.09701725790610223
9 214.88655896723057 0.07820683739156722

162.64108775900385
2 153.4903992623075 0.6475329193307761
3 153.4903992623075 0.11378642680605922
4 153.49039926230753 0.9236145326495466
5 214.8865589672305 0.17674768772211377
6 214.8865589672305 0.5048778834245096
7 214.8865589672305 0.19300265026545863
9 214.88655896723057 0.2849386769548369

165.24191910726398
2 153.4903992623075 0.2047314944617624
3 153.4903992623075 0.15720274460725506
4 153.49039926230753 0.18267446421835817
6 214.8865589672305 0.01607644653270083
7 214.8865589672305 0.02110502998789333
8 214.8865589672305 0.022661698391594584
9 214.88655896723057 0.0242627429028442
10 214.88655896723057 1.2056951395045477

165.24191910726464
2 153.4903992623075 0.0464017704959058
3 153.4903992623075 0.04440840022804799
4 153.49039926230753 0.0212988918749438
5 214.8865589672305 0.018676910634303878
7 214.8865589672305 0.023109718638006833
8 214.8865589672305 0.02843755934161308
10 214.88655896723057 0.12716488129876896

165.24191910726478
2 153.4903992623075 0.09934105576060179
3 153.4903992623075 0.18761494755470298
4 153.49039926230753 0.13705481844129272
5 214.8865589672305 0.035876288577034524
6 214.8865589672305 0.030249734165263043
9 214.88655896723057 0.021518194679014634
10 214.88655896723057 0.9132414275911553

165.317682966119
2 153.4903992623075 0.12061024555869526
3 153.4903992623075 0.033374631621405665
4 153.49039926230753 0.06721067120971386
5 214.8865589672305 0.2320226453748832
6 214.8865589672305 0.026947791349709604
7 214.8865589672305 0.11941024677263735
8 214.8865589672305 0.05010389005380592
9 214.88655896723057 0.20923931301323834

165.3176829661194
2 153.4903992623075 0.022167235386779418
3 153.4903992623075 0.08790832047187445
4 153.49039926230753 0.04878812236553425
5 214.8865589672305 0.09009589207113737
6 214.8865589672305 0.030716450714008116
7 214.8865589672305 0.36144628718469307
8 214.8865589672305 0.45747064605816556
9 214.88655896723057 0.0706707842018052

165.3176829661202
3 153.4903992623075 0.07529248606050448
4 153.49039926230753 0.06750659552891326
5 214.8865589672305 0.15028726191541447
6 214.8865589672305 0.6160348886266553
7 214.8865589672305 0.08508737915851822
9 214.88655896723057 0.03325867721889668

165.3176829661203
2 153.4903992623075 0.13161565164414854
3 153.4903992623075 0.19580858332995857
4 153.49039926230753 0.09524067761107699
5 214.8865589672305 0.03566480920375702
6 214.8865589672305 0.134760476415236
7 214.8865589672305 0.2851601650460515
8 214.8865589672305 0.2900071075713849
9 214.88655896723057 0.12372288586246591

165.31768296612196
2 153.4903992623075 0.1265157394060623
3 153.4903992623075 0.036609878910094464
4 153.49039926230753 0.14721902131820713
5 214.8865589672305 0.4020298648367253
6 214.8865589672305 0.14506387664060244
7 214.8865589672305 0.02759654089839253
8 214.8865589672305 0.055296927004182476
9 214.88655896723057 0.4034327798965647

173.1235553806911
2 153.4903992623075 0.027624381149948536
3 153.4903992623075 0.028047429001476717
5 214.8865589672305 0.014717244314232755
6 214.8865589672305 0.24756303151788914
7 214.8865589672305 0.28037577073704256
8 214.8865589672305 0.03345320606903102
9 214.88655896723057 0.3373182236352509
10 214.88655896723057 0.032482979931126935

173.12355538069184
2 153.4903992623075 0.09146857358259278
3 153.4903992623075 0.07644280954944274
4 153.49039926230753 0.04150642065043018
5 214.8865589672305 0.32532435245964625
6 214.8865589672305 0.2259562830248002
7 214.8865589672305 0.11524383522206803
8 214.8865589672305 0.16214075996228627
9 214.88655896723057 0.14280637563961396
10 214.88655896723057 0.028306115222501354

173.12355538069374
2 153.4903992623075 0.14913456916841422
3 153.4903992623075 0.16332472868749218
4 153.49039926230753 0.04357074207811966
5 214.8865589672305 0.16463775126673233
6 214.8865589672305 0.03552971318615866
7 214.8865589672305 0.10135696413919497
8 214.8865589672305 0.3003034076345382
9 214.88655896723057 0.021884140489088336
10 214.88655896723057 0.07311589730745892

199.22206535405385
5 214.8865589672305 0.15311051557875957
6 214.8865589672305 0.150632142669837
7 214.8865589672305 0.14019304796650794
8 214.8865589672305 0.042067866443844845
9 214.88655896723057 0.15839672860554974

199.2220653540539
5 214.8865589672305 0.011626467976687774
7 214.8865589672305 0.029973474274705803
8 214.8865589672305 0.018016157674260617
9 214.88655896723057 0.038778756298883756

199.22206535405397
5 214.8865589672305 0.06935165563622298
6 214.8865589672305 0.02765942617849589
7 214.8865589672305 0.022665831999846772
8 214.8865589672305 0.029071336081301555
9 214.88655896723057 0.03130708403985274

199.22206535405405
5 214.8865589672305 0.06807494309273485
6 214.8865589672305 0.10195031228096325
7 214.8865589672305 0.02996492020803115

199.22206535405414
5 214.8865589672305 0.06613525344923224
6 214.8865589672305 0.04558321425473219
8 214.8865589672305 0.11350206112313478

199.22206535405448
5 214.8865589672305 0.010049066536048826
6 214.8865589672305 0.05718231852576205
7 214.8865589672305 0.021955501321808183
8 214.8865589672305 0.0640405258509566
9 214.88655896723057 0.05943094089789227

199.22206535405476
6 214.8865589672305 0.01826942639268821
8 214.8865589672305 0.026088882707894778
9 214.88655896723057 0.0475790824672327

199.222065354055
5 214.8865589672305 0.02163185693129347
7 214.8865589672305 0.03552459712257826
8 214.8865589672305 0.06773160041923236
9 214.88655896723057 0.04143082400318287

199.22206535405567
5 214.8865589672305 0.035324890825778915
6 214.8865589672305 0.062477797816882834
7 214.8865589672305 0.14156029608664825
8 214.8865589672305 0.07604555292549181
9 214.88655896723057 0.0649831101159876

199.4556997347331
2 153.4903992623075 1.007073275928284
3 153.4903992623075 0.37412644218472074
4 153.49039926230753 0.5122754428110433
6 214.8865589672305 0.010104183965309379
7 214.8865589672305 0.020213513392994938

199.45569973473349
2 153.4903992623075 0.2325753881430828
3 153.4903992623075 0.12347911034153705
4 153.49039926230753 0.09225228476292717
5 214.8865589672305 0.03195421199077426
6 214.8865589672305 0.01651608206127388
7 214.8865589672305 0.02162065965287027
8 214.8865589672305 0.01252055953371106

199.45569973473442
2 153.4903992623075 1.5191871986442325
3 153.4903992623075 1.3553461004467136
7 214.8865589672305 0.01667469326370616
8 214.8865589672305 0.013296053356972848
9 214.88655896723057 0.01076212977164164

199.45569973473457
2 153.4903992623075 0.44890872245952923
3 153.4903992623075 0.1814295081614457
4 153.49039926230753 0.5115390050839327
5 214.8865589672305 0.011958729841221507
6 214.8865589672305 0.012203003240860636
9 214.88655896723057 0.028802594160099587

199.4556997347354
2 153.4903992623075 0.060517654374528274
3 153.4903992623075 1.0586588529653198
4 153.49039926230753 1.691131650196746
6 214.8865589672305 0.024691060120154148
8 214.8865589672305 0.024123863057350193

200.918018651568
2 153.4903992623075 0.010404815966867684
5 214.8865589672305 0.024380115794586363
8 214.8865589672305 0.010087344835226632
10 214.88655896723057 0.3260854275994276

