1 23.8 1 0.0 0.14451466272230995
1 23.8 2 0.0 0.0353667649777005
1 23.8 3 0.0 0.16376632754892126
1 23.8 4 18.6 0.11361333597131613
1 23.8 5 18.6 0.02380644996709738
1 23.8 6 18.6 0.021072360596621986
1 23.8 7 55.71 0.019167130626345463
1 23.8 8 55.71 0.03840284302468676
1 23.8 9 55.71 0.08968790909492806
1 23.8 10 55.71 0.058807232529303435
1 23.8 11 55.71 0.12586026916035958
1 23.8 12 61.4 1.4076105770114213e-31
1 23.8 13 61.4 1.0458241640991176e-28
1 23.8 14 61.4 3.6785532643111823e-29
1 23.8 15 61.4 1.8160344180010883e-28
1 23.8 16 61.4 3.873114523576369e-30
1 23.8 17 61.4 3.1946646350399926e-29
1 23.8 18 61.4 1.7463161515299377e-30
1 23.8 19 61.4 5.947840276512755e-29
1 23.8 20 61.4 6.021081858729645e-30
1 23.8 21 80.0 4.808047030020475e-30
1 23.8 22 80.0 4.8915934715715835e-32
1 23.8 23 80.0 2.6773671070257658e-30
1 23.8 24 80.0 1.717447177558855e-31
1 23.8 25 80.0 3.5208597688206407e-31
1 23.8 26 80.0 4.579766693239191e-30
1 23.8 27 80.0 1.101926811438701e-30
1 23.8 28 80.0 2.571666317377969e-30
1 23.8 29 80.0 6.968162215078658e-32
1 23.8 30 111.52 0.013476106219093717
1 23.8 31 111.52 0.06288204089437611
1 23.8 32 111.52 0.02721707594921928
1 23.8 33 111.52 0.01601312168257429
1 23.8 34 111.52 0.06130266918936947
1 23.8 35 117.11 1.0210281837093238e-31
1 23.8 36 117.11 2.9604211942126893e-31
1 23.8 37 117.11 3.655723034337986e-32
1 23.8 38 117.11 4.432791255689057e-32
1 23.8 39 117.11 7.319467750749821e-32
1 23.8 40 117.11 6.795981795196011e-30
1 23.8 41 117.11 2.906168179223985e-32
1 23.8 42 117.11 2.0217733973738237e-29
1 23.8 43 117.11 6.614126188098132e-31
1 23.8 44 117.11 2.257870198295183e-31
1 23.8 45 117.11 1.2611389634599698e-31
1 23.8 46 117.11 8.474718276953543e-31
1 23.8 47 117.11 2.4666102075239566e-28
1 23.8 48 117.11 5.731265254604791e-29
1 23.8 49 117.11 1.4226248391515128e-29
1 23.8 50 122.79 5.539353183600101e-32
1 23.8 51 122.79 2.283817650827126e-32
1 23.8 52 122.79 7.836765873926005e-33
1 23.8 53 122.79 7.667755444131831e-32
1 23.8 54 122.79 2.270651023300288e-33
1 23.8 55 122.79 1.5264804215825584e-32
1 23.8 56 122.79 2.9132017449500057e-32
1 23.8 57 122.79 3.988669174289156e-32
1 23.8 58 122.79 2.714568106682223e-32
1 23.8 59 122.79 1.293101950673553e-32
1 23.8 60 122.79 5.279056875490117e-33
1 23.8 61 122.79 7.540245394908516e-32
1 23.8 62 122.79 1.01169519509466e-30
1 23.8 63 122.79 2.8908001269044826e-32
1 23.8 64 122.79 5.3034861685534e-32
1 23.8 65 122.79 1.596133201144978e-30
1 23.8 66 122.79 6.124014065402297e-31
1 23.8 67 122.79 2.7537146112241036e-31
1 23.8 68 141.4 8.171254282611484e-33
1 23.8 69 141.4 1.5523915053791803e-32
1 23.8 70 141.4 1.3216544137239358e-32
1 23.8 71 141.4 8.587785630806532e-32
1 23.8 72 141.4 1.0472261262089544e-30
1 23.8 73 141.4 6.122735225750604e-31
1 23.8 74 141.4 9.615035034461757e-31
1 23.8 75 141.4 5.7135739942426535e-33
1 23.8 76 141.4 1.109038261833681e-32
1 23.8 77 141.4 2.107458405259638e-31
1 23.8 78 141.4 1.7147620582949515e-32
1 23.8 79 141.4 1.5581607023091645e-30
1 23.8 80 141.4 1.587811795994406e-32
1 23.8 81 141.4 1.5427751464114938e-32
1 23.8 82 141.4 1.7672904248404952e-32
1 23.8 83 141.4 9.262650463557584e-33
1 23.8 84 141.4 3.766727300198111e-32
1 23.8 85 141.4 2.6989251051754772e-31
1 23.8 86 172.92 1.7240549216077737e-32
1 23.8 87 172.92 2.7582720230715234e-31
1 23.8 88 172.92 2.8793141473364035e-32
1 23.8 89 172.92 6.143594854097234e-32
1 23.8 90 172.92 2.4585467282905505e-32
1 23.8 91 172.92 3.645964786289634e-30
1 23.8 92 172.92 3.964759799833795e-31
1 23.8 93 172.92 1.7457543424554317e-32
1 23.8 94 172.92 6.142985451582755e-32
1 23.8 95 172.92 2.6891004695082194e-32
1 23.8 96 172.92 8.8748949022696e-32
1 23.8 97 172.92 1.127871481772901e-31
1 23.8 98 172.92 5.999835313119159e-32
1 23.8 99 172.92 1.6876528941475184e-31
1 23.8 100 172.92 1.6668106229221407e-31
2 23.8 2 0.0 0.04884341872578756
2 23.8 3 0.0 0.18677886735368776
2 23.8 4 18.6 0.07281613518616935
2 23.8 5 18.6 0.12213360528231482
2 23.8 6 18.6 0.03503378260765688
2 23.8 7 55.71 0.17837431775322637
2 23.8 8 55.71 0.05321479826344529
2 23.8 9 55.71 0.020965381727932428
2 23.8 10 55.71 0.07374670548283031
2 23.8 11 55.71 0.020375940455108578
2 23.8 12 61.4 9.892124008422607e-32
2 23.8 13 61.4 2.46366663248357e-29
2 23.8 14 61.4 2.4116860851848361e-29
2 23.8 15 61.4 3.569177359530466e-29
2 23.8 16 61.4 1.2088807663608034e-30
2 23.8 17 61.4 2.910409496366827e-29
2 23.8 18 61.4 3.601019165367906e-30
2 23.8 19 61.4 5.861621099213772e-28
2 23.8 20 61.4 5.631790349773234e-29
2 23.8 21 80.0 1.311033422211003e-30
2 23.8 22 80.0 1.341855996973315e-32
2 23.8 23 80.0 1.6508543982155447e-30
2 23.8 24 80.0 1.08898091273674e-31
2 23.8 25 80.0 1.5013948343489565e-30
2 23.8 26 80.0 5.699131713197374e-30
2 23.8 27 80.0 2.503230743942718e-31
2 23.8 28 80.0 3.992035058825387e-30
2 23.8 29 80.0 1.8738529860286648e-32
2 23.8 30 111.52 0.016052030616972673
2 23.8 31 111.52 0.04188145884637261
2 23.8 32 111.52 0.05781248291910234
2 23.8 33 111.52 0.007517213042749357
2 23.8 34 111.52 0.02303503445149847
2 23.8 35 117.11 4.208942347899628e-33
2 23.8 36 117.11 1.4468990486629108e-31
2 23.8 37 117.11 1.0729467784687668e-33
2 23.8 38 117.11 3.672585152106531e-33
2 23.8 39 117.11 4.639002221817585e-32
2 23.8 40 117.11 8.416513084969967e-30
2 23.8 41 117.11 6.724995790300239e-32
2 23.8 42 117.11 4.8758588518284794e-30
2 23.8 43 117.11 1.2776834498067605e-31
2 23.8 44 117.11 1.2887864260018322e-31
2 23.8 45 117.11 6.370038544293814e-32
2 23.8 46 117.11 7.880766892139099e-31
2 23.8 47 117.11 2.0606409443596974e-28
2 23.8 48 117.11 2.0684808113048842e-29
2 23.8 49 117.11 4.293768392819434e-29
2 23.8 50 122.79 7.877586117050003e-32
2 23.8 51 122.79 1.4979144495492304e-32
2 23.8 52 122.79 5.3131863890895465e-33
2 23.8 53 122.79 5.659352646693895e-32
2 23.8 54 122.79 6.510684818772124e-33
2 23.8 55 122.79 4.816772094441529e-33
2 23.8 56 122.79 1.4895645513676903e-32
2 23.8 57 122.79 5.433340762865312e-33
2 23.8 58 122.79 6.946722914625635e-33
2 23.8 59 122.79 6.852101570379585e-33
2 23.8 60 122.79 2.240690564274837e-33
2 23.8 61 122.79 1.3333808500574843e-31
2 23.8 62 122.79 2.8630556225270618e-30
2 23.8 63 122.79 1.1477815889564538e-31
2 23.8 64 122.79 1.2290482318980242e-32
2 23.8 65 122.79 1.093607791981969e-29
2 23.8 66 122.79 9.388922057593895e-31
2 23.8 67 122.79 3.842464034431765e-30
2 23.8 68 141.4 1.112707549387721e-32
2 23.8 69 141.4 9.536037784600332e-33
2 23.8 70 141.4 5.373072955406702e-33
2 23.8 71 141.4 2.834327858523001e-32
2 23.8 72 141.4 5.282674798712807e-31
2 23.8 73 141.4 1.9180114774976968e-31
2 23.8 74 141.4 3.3351132416240886e-31
2 23.8 75 141.4 8.78037981628557e-33
2 23.8 76 141.4 1.9688352553385342e-32
2 23.8 77 141.4 4.7396557944473475e-31
2 23.8 78 141.4 3.44771594958985e-33
2 23.8 79 141.4 5.978752962599334e-31
2 23.8 80 141.4 2.9000112182751235e-33
2 23.8 81 141.4 3.1606733445222135e-33
2 23.8 82 141.4 6.89434756430053e-33
2 23.8 83 141.4 1.1493501341495393e-32
2 23.8 84 141.4 1.414914015204243e-31
2 23.8 85 141.4 6.573499028279499e-32
2 23.8 86 172.92 6.490150787847683e-32
2 23.8 87 172.92 8.618315720592533e-31
2 23.8 88 172.92 1.773892642040949e-32
2 23.8 89 172.92 5.5982812721503455e-33
2 23.8 90 172.92 1.1148872590441704e-32
2 23.8 91 172.92 2.22335317984677e-30
2 23.8 92 172.92 4.786726629435676e-31
2 23.8 93 172.92 1.2627758598120124e-32
2 23.8 94 172.92 1.3319816903552656e-32
2 23.8 95 172.92 1.3069712023479885e-32
2 23.8 96 172.92 6.69683516117375e-33
2 23.8 97 172.92 3.518617619703286e-31
2 23.8 98 172.92 8.858053837889097e-33
2 23.8 99 172.92 1.8526983994237975e-32
2 23.8 100 172.92 1.0489603710204906e-31
3 23.8 3 0.0 0.025723176829372925
3 23.8 4 18.6 0.05725805518945275
3 23.8 5 18.6 0.06009382305769744
3 23.8 6 18.6 0.011373828002892746
3 23.8 7 55.71 0.058218608625759186
3 23.8 8 55.71 0.06615396143301162
3 23.8 9 55.71 0.043148638567695935
3 23.8 10 55.71 0.05882576578064738
3 23.8 11 55.71 0.09300478268646913
3 23.8 12 61.4 2.821852298754261e-32
3 23.8 13 61.4 4.641532093634422e-29
3 23.8 14 61.4 7.520714489676475e-30
3 23.8 15 61.4 1.048227421265506e-28
3 23.8 16 61.4 2.1546536863630237e-30
3 23.8 17 61.4 2.544045455500344e-29
3 23.8 18 61.4 3.809981066664879e-30
3 23.8 19 61.4 1.5272842666640015e-28
3 23.8 20 61.4 1.2286761630650264e-29
3 23.8 21 80.0 2.0715655052395064e-30
3 23.8 22 80.0 4.2803462547409316e-32
3 23.8 23 80.0 1.5372181509505949e-30
3 23.8 24 80.0 1.03744001623241e-31
3 23.8 25 80.0 1.0510093465841086e-30
3 23.8 26 80.0 5.418420242623499e-30
3 23.8 27 80.0 2.011864711123002e-30
3 23.8 28 80.0 8.138149155057489e-30
3 23.8 29 80.0 6.483283470989132e-32
3 23.8 30 111.52 0.03440143823061724
3 23.8 31 111.52 0.02229050141227848
3 23.8 32 111.52 0.06265121648810489
3 23.8 33 111.52 0.004925004942557364
3 23.8 34 111.52 0.05034535293826495
3 23.8 35 117.11 6.709755381520688e-32
3 23.8 36 117.11 2.7520327449652943e-32
3 23.8 37 117.11 4.1103067342771697e-32
3 23.8 38 117.11 3.6361772978113277e-32
3 23.8 39 117.11 2.2569504684819826e-32
3 23.8 40 117.11 1.460721699127006e-29
3 23.8 41 117.11 2.3179238921189148e-31
3 23.8 42 117.11 4.269530190050889e-29
3 23.8 43 117.11 9.816540837766752e-31
3 23.8 44 117.11 3.204839001959257e-31
3 23.8 45 117.11 7.417040762761748e-32
3 23.8 46 117.11 4.771706805493241e-31
3 23.8 47 117.11 6.868290697866935e-29
3 23.8 48 117.11 2.643959706223306e-29
3 23.8 49 117.11 1.4207966217950078e-29
3 23.8 50 122.79 1.446307652512556e-32
3 23.8 51 122.79 1.6347751373209762e-32
3 23.8 52 122.79 2.9892795753443386e-33
3 23.8 53 122.79 6.287513688398772e-32
3 23.8 54 122.79 9.466761626838081e-33
3 23.8 55 122.79 4.162283553756655e-33
3 23.8 56 122.79 1.74949116625375e-33
3 23.8 57 122.79 9.54024368323674e-33
3 23.8 58 122.79 1.277326650124156e-32
3 23.8 59 122.79 6.606570000272679e-33
3 23.8 60 122.79 5.579087504385998e-33
3 23.8 61 122.79 3.2284947840036376e-31
3 23.8 62 122.79 5.143016709789941e-30
3 23.8 63 122.79 1.5047286663931423e-31
3 23.8 64 122.79 2.928005605232364e-32
3 23.8 65 122.79 4.822979336763113e-30
3 23.8 66 122.79 1.051202935515556e-29
3 23.8 67 122.79 1.5395923192445908e-30
3 23.8 68 141.4 4.676884605516437e-33
3 23.8 69 141.4 5.888603807137189e-33
3 23.8 70 141.4 6.056448739708698e-33
3 23.8 71 141.4 7.968234841973648e-32
3 23.8 72 141.4 1.0038527343307603e-30
3 23.8 73 141.4 4.98798565083259e-31
3 23.8 74 141.4 8.03747466905987e-31
3 23.8 75 141.4 5.126279405077547e-33
3 23.8 76 141.4 6.4315440843514e-33
3 23.8 77 141.4 3.2302670201749934e-31
3 23.8 78 141.4 9.01014472519982e-33
3 23.8 79 141.4 1.4007287825615632e-30
3 23.8 80 141.4 1.0071001071842046e-32
3 23.8 81 141.4 2.9593980047440293e-33
3 23.8 82 141.4 2.9962010090534044e-33
3 23.8 83 141.4 1.5880165118433245e-32
3 23.8 84 141.4 8.026517824581798e-32
3 23.8 85 141.4 9.118501607312273e-32
3 23.8 86 172.92 9.203054909401681e-32
3 23.8 87 172.92 8.754723226623406e-31
3 23.8 88 172.92 6.445582249284647e-32
3 23.8 89 172.92 1.3189501957077008e-32
3 23.8 90 172.92 2.0638518674046364e-32
3 23.8 91 172.92 4.596830992194408e-31
3 23.8 92 172.92 1.1334236778506042e-30
3 23.8 93 172.92 3.8585340585557684e-32
3 23.8 94 172.92 7.526331150771669e-32
3 23.8 95 172.92 2.807835691825959e-32
3 23.8 96 172.92 6.277600682880967e-32
3 23.8 97 172.92 7.580134473922517e-31
3 23.8 98 172.92 3.7558383070794394e-32
3 23.8 99 172.92 4.817348355919124e-31
3 23.8 100 172.92 4.407672519281097e-32
4 42.4 4 0.0 0.03570947395450372
4 42.4 5 0.0 0.06258948027625202
4 42.4 6 0.0 0.151711526772065
4 42.4 7 37.11 0.0012028754569008732
4 42.4 8 37.11 0.010391293493115307
4 42.4 9 37.11 0.09671792675654253
4 42.4 10 37.11 0.03581007792779268
4 42.4 11 37.11 0.0030403355308472844
4 42.4 12 42.79 2.629167934766591e-31
4 42.4 13 42.79 1.245325335317238e-28
4 42.4 14 42.79 3.456410452209307e-30
4 42.4 15 42.79 5.3852237001619044e-30
4 42.4 16 42.79 1.4748821046477934e-30
4 42.4 17 42.79 2.3279088504388998e-29
4 42.4 18 42.79 1.733868927780724e-30
4 42.4 19 42.79 1.37994391416172e-30
4 42.4 20 42.79 7.2833843016447836e-31
4 42.4 21 61.4 6.1710236051283374e-30
4 42.4 22 61.4 3.327407764774581e-32
4 42.4 23 61.4 1.190685626787989e-30
4 42.4 24 61.4 1.228313313093404e-31
4 42.4 25 61.4 3.0007659630872464e-31
4 42.4 26 61.4 3.290767868590056e-30
4 42.4 27 61.4 5.834337203115577e-31
4 42.4 28 61.4 5.199958470073378e-30
4 42.4 29 61.4 1.8003945121952288e-31
4 42.4 30 92.92 0.09743904855369222
4 42.4 31 92.92 0.03358972294133975
4 42.4 32 92.92 0.010756794838005554
4 42.4 33 92.92 0.17554697148417334
4 42.4 34 92.92 0.040036122235989346
4 42.4 35 98.51 2.7808352827265213e-31
4 42.4 36 98.51 1.5839794040928707e-31
4 42.4 37 98.51 8.537018781226513e-32
4 42.4 38 98.51 2.4776888965004667e-31
4 42.4 39 98.51 2.1307139586345563e-31
4 42.4 40 98.51 8.468131622009268e-29
4 42.4 41 98.51 6.781360438555715e-32
4 42.4 42 98.51 7.828614171390765e-30
4 42.4 43 98.51 4.73240894166362e-31
4 42.4 44 98.51 4.204710263762811e-31
4 42.4 45 98.51 2.778991113845441e-31
4 42.4 46 98.51 9.487934917918609e-31
4 42.4 47 98.51 1.5865944411719123e-28
4 42.4 48 98.51 3.5596994753386656e-29
4 42.4 49 98.51 1.2269040627463086e-28
4 42.4 50 104.19 6.410173641461494e-32
4 42.4 51 104.19 1.2589579253516938e-32
4 42.4 52 104.19 1.407087340860963e-32
4 42.4 53 104.19 3.625575518034215e-32
4 42.4 54 104.19 2.207059895147591e-33
4 42.4 55 104.19 6.66800031597948e-33
4 42.4 56 104.19 1.0478996806111231e-32
4 42.4 57 104.19 2.52809716528685e-32
4 42.4 58 104.19 9.268034810809453e-33
4 42.4 59 104.19 6.549315769122306e-33
4 42.4 60 104.19 4.376864728099509e-33
4 42.4 61 104.19 4.055538025303315e-31
4 42.4 62 104.19 7.961613061559063e-30
4 42.4 63 104.19 3.8177281101061843e-31
4 42.4 64 104.19 2.7763803816611244e-32
4 42.4 65 104.19 1.943320673739571e-29
4 42.4 66 104.19 5.6834808212674206e-30
4 42.4 67 104.19 1.24471329542716e-29
4 42.4 68 122.79 1.1249417483609144e-32
4 42.4 69 122.79 1.1732200436319545e-32
4 42.4 70 122.79 3.810666986414741e-33
4 42.4 71 122.79 1.6700872997334074e-31
4 42.4 72 122.79 2.1890272844341668e-30
4 42.4 73 122.79 9.563093594978798e-31
4 42.4 74 122.79 1.2155109012815234e-30
4 42.4 75 122.79 1.0639585193878191e-32
4 42.4 76 122.79 1.583662795119393e-32
4 42.4 77 122.79 1.1671481391576474e-31
4 42.4 78 122.79 1.920643006897361e-32
4 42.4 79 122.79 2.9525660074593183e-30
4 42.4 80 122.79 1.8093133123364734e-32
4 42.4 81 122.79 3.8534046887005985e-33
4 42.4 82 122.79 1.0041634868033433e-32
4 42.4 83 122.79 5.815029927470889e-32
4 42.4 84 122.79 4.0529948147960027e-32
4 42.4 85 122.79 1.851176471554406e-31
4 42.4 86 154.32 2.7600667766659536e-31
4 42.4 87 154.32 3.2127887942864587e-32
4 42.4 88 154.32 1.5092422696876317e-31
4 42.4 89 154.32 7.825045603103314e-32
4 42.4 90 154.32 8.698637855872415e-32
4 42.4 91 154.32 2.9787215917138688e-30
4 42.4 92 154.32 3.496193447880774e-31
4 42.4 93 154.32 8.825774128984174e-32
4 42.4 94 154.32 1.6950823707314304e-31
4 42.4 95 154.32 7.098384073038532e-32
4 42.4 96 154.32 4.857093104468457e-32
4 42.4 97 154.32 1.9573568061007904e-30
4 42.4 98 154.32 1.264347886075377e-31
4 42.4 99 154.32 2.1146377996192864e-31
4 42.4 100 154.32 3.149896668198602e-31
5 42.4 5 0.0 0.12694551573972357
5 42.4 6 0.0 0.09386285139040354
5 42.4 7 37.11 0.00695686954826566
5 42.4 8 37.11 0.07112150357641361
5 42.4 9 37.11 0.006238898430889038
5 42.4 10 37.11 0.01924705966822252
5 42.4 11 37.11 0.05809869437357088
5 42.4 12 42.79 1.6601907182304695e-32
5 42.4 13 42.79 5.692371010188146e-30
5 42.4 14 42.79 1.1489156590378468e-29
5 42.4 15 42.79 9.10020594934178e-29
5 42.4 16 42.79 6.379149573326189e-31
5 42.4 17 42.79 4.859367928846332e-30
5 42.4 18 42.79 1.0977783700029651e-30
5 42.4 19 42.79 9.575129677236817e-29
5 42.4 20 42.79 1.0623407061676869e-29
5 42.4 21 61.4 3.893995715587361e-30
5 42.4 22 61.4 4.749351373270822e-32
5 42.4 23 61.4 1.3128807557702362e-30
5 42.4 24 61.4 4.9167762153567364e-32
5 42.4 25 61.4 1.6761330935390514e-30
5 42.4 26 61.4 3.21087716279437e-30
5 42.4 27 61.4 1.3088162787527336e-30
5 42.4 28 61.4 1.803919521194778e-30
5 42.4 29 61.4 6.619258078508594e-32
5 42.4 30 92.92 0.09477921219575894
5 42.4 31 92.92 0.07607678906221657
5 42.4 32 92.92 0.05241131373009029
5 42.4 33 92.92 0.03954179840517786
5 42.4 34 92.92 0.07552461532344881
5 42.4 35 98.51 6.495014327186237e-32
5 42.4 36 98.51 1.7141526470576716e-31
5 42.4 37 98.51 1.1971418837287437e-31
5 42.4 38 98.51 3.3340792399509176e-32
5 42.4 39 98.51 2.560866289502299e-31
5 42.4 40 98.51 6.928052998993644e-29
5 42.4 41 98.51 5.094004108966993e-32
5 42.4 42 98.51 2.841983365366334e-29
5 42.4 43 98.51 6.122459414344224e-31
5 42.4 44 98.51 2.9826623415825394e-31
5 42.4 45 98.51 2.9409002419911904e-31
5 42.4 46 98.51 7.820295346010167e-31
5 42.4 47 98.51 2.9791942692432385e-28
5 42.4 48 98.51 6.365567976460644e-29
5 42.4 49 98.51 2.0318744561758365e-29
5 42.4 50 104.19 1.2651661708660117e-31
5 42.4 51 104.19 2.493087756754104e-33
5 42.4 52 104.19 9.584251296243204e-33
5 42.4 53 104.19 8.542019154638266e-32
5 42.4 54 104.19 5.224185465229796e-33
5 42.4 55 104.19 1.3064604275849333e-32
5 42.4 56 104.19 1.6415506638021558e-32
5 42.4 57 104.19 8.703059197121307e-32
5 42.4 58 104.19 2.692265815130687e-32
5 42.4 59 104.19 1.9812528683580457e-32
5 42.4 60 104.19 2.9433777420171977e-32
5 42.4 61 104.19 3.5429146470173487e-31
5 42.4 62 104.19 9.253185831790311e-30
5 42.4 63 104.19 3.7719768557732064e-31
5 42.4 64 104.19 4.6034690372032684e-32
5 42.4 65 104.19 2.1064675742705453e-29
5 42.4 66 104.19 1.5648418871482237e-29
5 42.4 67 104.19 8.115705951481177e-30
5 42.4 68 122.79 6.940388665948484e-33
5 42.4 69 122.79 2.399026499725083e-32
5 42.4 70 122.79 5.885108235038469e-33
5 42.4 71 122.79 1.4799550233152903e-31
5 42.4 72 122.79 1.897071350312827e-30
5 42.4 73 122.79 1.136892444370384e-30
5 42.4 74 122.79 2.1669942089980073e-30
5 42.4 75 122.79 3.466513923590992e-32
5 42.4 76 122.79 2.529651197090857e-32
5 42.4 77 122.79 3.7961324775425825e-31
5 42.4 78 122.79 4.8415123498932367e-32
5 42.4 79 122.79 2.9883787658111494e-30
5 42.4 80 122.79 2.9874302809638836e-32
5 42.4 81 122.79 4.177768786556418e-33
5 42.4 82 122.79 6.0683506613173715e-33
5 42.4 83 122.79 3.065170256337763e-32
5 42.4 84 122.79 1.5330372985429655e-31
5 42.4 85 122.79 1.5843267570092214e-31
5 42.4 86 154.32 4.9123174363533403e-32
5 42.4 87 154.32 1.0060911811162177e-30
5 42.4 88 154.32 1.574664959782887e-32
5 42.4 89 154.32 5.691490096486484e-32
5 42.4 90 154.32 3.8375560961556385e-32
5 42.4 91 154.32 3.3357692839691926e-30
5 42.4 92 154.32 5.615742832580484e-31
5 42.4 93 154.32 9.764925055407455e-32
5 42.4 94 154.32 2.8898799106583418e-31
5 42.4 95 154.32 7.773466317041954e-32
5 42.4 96 154.32 1.1627261606103201e-31
5 42.4 97 154.32 2.5054337603759175e-30
5 42.4 98 154.32 2.567241690740834e-32
5 42.4 99 154.32 1.7185073135885703e-31
5 42.4 100 154.32 5.566719915159437e-31
6 42.4 6 0.0 0.19506018848728598
6 42.4 7 37.11 0.038070330128184324
6 42.4 8 37.11 0.04775652044864709
6 42.4 9 37.11 0.04711876536665883
6 42.4 10 37.11 0.05489297336806523
6 42.4 11 37.11 0.004942879173227162
6 42.4 12 42.79 1.2059836706050723e-31
6 42.4 13 42.79 5.434208398719178e-29
6 42.4 14 42.79 3.1407545182414813e-29
6 42.4 15 42.79 1.6098852014327173e-29
6 42.4 16 42.79 8.169802940687517e-31
6 42.4 17 42.79 2.656539350640277e-29
6 42.4 18 42.79 8.660791996216234e-31
6 42.4 19 42.79 6.346429249620978e-29
6 42.4 20 42.79 6.532922197705165e-30
6 42.4 21 61.4 2.4402271381315203e-30
6 42.4 22 61.4 5.092792176180532e-32
6 42.4 23 61.4 1.3635002446787152e-30
6 42.4 24 61.4 2.0439776373677414e-31
6 42.4 25 61.4 1.4875956225849235e-30
6 42.4 26 61.4 4.6811085528478565e-30
6 42.4 27 61.4 2.4755525422503656e-30
6 42.4 28 61.4 4.736952714933504e-30
6 42.4 29 61.4 4.886610972969093e-32
6 42.4 30 92.92 0.05067123279963016
6 42.4 31 92.92 0.05699435425570597
6 42.4 32 92.92 0.08208801460140033
6 42.4 33 92.92 0.061843619375899085
6 42.4 34 92.92 0.05489260361395695
6 42.4 35 98.51 8.889185779602934e-32
6 42.4 36 98.51 1.4595053184871565e-31
6 42.4 37 98.51 3.6128418427173597e-32
6 42.4 38 98.51 2.623375026579078e-32
6 42.4 39 98.51 1.3159698413781902e-31
6 42.4 40 98.51 1.2187128363795928e-29
6 42.4 41 98.51 2.1876745954787894e-31
6 42.4 42 98.51 5.0182270345882373e-29
6 42.4 43 98.51 1.1056313874348769e-30
6 42.4 44 98.51 5.020402977915911e-31
6 42.4 45 98.51 1.6257635649360523e-31
6 42.4 46 98.51 6.68127939270607e-31
6 42.4 47 98.51 2.1354279703297757e-28
6 42.4 48 98.51 4.5335767693270036e-29
6 42.4 49 98.51 5.873957248172927e-29
6 42.4 50 104.19 4.412691415220609e-32
6 42.4 51 104.19 2.756660012566719e-33
6 42.4 52 104.19 5.8102514021660305e-33
6 42.4 53 104.19 7.02308334379502e-32
6 42.4 54 104.19 1.7601171389777174e-32
6 42.4 55 104.19 1.625279860341004e-32
6 42.4 56 104.19 1.3060061816924528e-32
6 42.4 57 104.19 1.5757806436468937e-32
6 42.4 58 104.19 6.92738614118382e-33
6 42.4 59 104.19 2.0766117393865662e-32
6 42.4 60 104.19 1.46640351761395e-32
6 42.4 61 104.19 2.830582372319959e-31
6 42.4 62 104.19 4.550706898702689e-30
6 42.4 63 104.19 1.4350757149036695e-31
6 42.4 64 104.19 1.353667051887903e-32
6 42.4 65 104.19 3.837724382233852e-30
6 42.4 66 104.19 6.703110887287424e-30
6 42.4 67 104.19 1.935788079806166e-30
6 42.4 68 122.79 8.926549239744718e-33
6 42.4 69 122.79 1.586961341717136e-32
6 42.4 70 122.79 2.873228553267125e-32
6 42.4 71 122.79 1.641363278689061e-31
6 42.4 72 122.79 2.1742148673785983e-30
6 42.4 73 122.79 1.0744742269007972e-30
6 42.4 74 122.79 1.714845107733352e-30
6 42.4 75 122.79 1.0564623991617485e-32
6 42.4 76 122.79 7.96173711659407e-33
6 42.4 77 122.79 2.7879765780381674e-31
6 42.4 78 122.79 1.326063244670985e-32
6 42.4 79 122.79 2.8358178298558807e-30
6 42.4 80 122.79 3.5180975930846063e-32
6 42.4 81 122.79 2.089824739845545e-32
6 42.4 82 122.79 7.22066782884355e-33
6 42.4 83 122.79 5.146553063618493e-32
6 42.4 84 122.79 8.977400425217812e-32
6 42.4 85 122.79 2.066238186635561e-31
6 42.4 86 154.32 1.377832599473188e-31
6 42.4 87 154.32 1.0357525052012624e-30
6 42.4 88 154.32 8.094637963257047e-32
6 42.4 89 154.32 3.7434664679944013e-32
6 42.4 90 154.32 2.966899357175215e-32
6 42.4 91 154.32 2.6957359405644844e-30
6 42.4 92 154.32 9.61881121268378e-31
6 42.4 93 154.32 2.1012410950240689e-32
6 42.4 94 154.32 9.786768091414478e-32
6 42.4 95 154.32 3.1870143103324826e-32
6 42.4 96 154.32 5.006296094732603e-32
6 42.4 97 154.32 1.292554317283754e-30
6 42.4 98 154.32 3.061269395724657e-32
6 42.4 99 154.32 2.2908582938283635e-31
6 42.4 100 154.32 3.723398143840427e-31
7 79.51 7 0.0 0.02963252890252871
7 79.51 8 0.0 0.012018034645687362
7 79.51 9 0.0 0.00764693436162457
7 79.51 10 0.0 0.02715031674920468
7 79.51 11 0.0 0.006005386231102506
7 79.51 12 5.68 9.688958109474518e-29
7 79.51 13 5.68 2.354036096951398e-29
7 79.51 14 5.68 2.64285829160251e-28
7 79.51 15 5.68 5.723379790436795e-29
7 79.51 16 5.68 1.2424319871421405e-28
7 79.51 17 5.68 7.015497214829093e-29
7 79.51 18 5.68 1.938644059981276e-28
7 79.51 19 5.68 1.5535983715117195e-29
7 79.51 20 5.68 1.2409446378719746e-28
7 79.51 21 24.28 1.5717622033477519e-28
7 79.51 22 24.28 3.80840118731311e-30
7 79.51 23 24.28 1.5136296465108407e-28
7 79.51 24 24.28 1.7880655501150077e-29
7 79.51 25 24.28 4.9000014046855096e-29
7 79.51 26 24.28 9.42581323066939e-30
7 79.51 27 24.28 1.1627421326700594e-29
7 79.51 28 24.28 5.385840788970057e-30
7 79.51 29 24.28 5.789902858294688e-29
7 79.51 30 55.81 0.039175657382049214
7 79.51 31 55.81 0.0077464449803404615
7 79.51 32 55.81 0.004165597616645635
7 79.51 33 55.81 0.014566236125879626
7 79.51 34 55.81 0.019086473349213522
7 79.51 35 61.4 1.3112081733294338e-28
7 79.51 36 61.4 3.786334256215106e-29
7 79.51 37 61.4 2.948664472775442e-29
7 79.51 38 61.4 7.937757234775873e-29
7 79.51 39 61.4 2.8414115736260785e-29
7 79.51 40 61.4 4.64714543203774e-29
7 79.51 41 61.4 5.6503034390051586e-30
7 79.51 42 61.4 1.0337517502100318e-28
7 79.51 43 61.4 6.63769668892662e-29
7 79.51 44 61.4 8.3413599876611e-29
7 79.51 45 61.4 6.957647554926364e-29
7 79.51 46 61.4 1.2331881460620477e-28
7 79.51 47 61.4 1.4297529638009297e-28
7 79.51 48 61.4 1.2288634774974884e-28
7 79.51 49 61.4 4.443684706126924e-29
7 79.51 50 67.08 1.1280528266645879e-32
7 79.51 51 67.08 6.890433522177099e-32
7 79.51 52 67.08 2.53346143276342e-32
7 79.51 53 67.08 2.8125490035040716e-32
7 79.51 54 67.08 5.55869117551461e-32
7 79.51 55 67.08 3.0515963273360545e-32
7 79.51 56 67.08 3.125840824296772e-32
7 79.51 57 67.08 6.21564053799579e-32
7 79.51 58 67.08 8.977542949315185e-32
7 79.51 59 67.08 1.630065312097167e-32
7 79.51 60 67.08 3.6222780961449173e-32
7 79.51 61 67.08 7.441529235017448e-32
7 79.51 62 67.08 7.526792411465713e-31
7 79.51 63 67.08 4.0427187767069e-32
7 79.51 64 67.08 7.645931783777579e-32
7 79.51 65 67.08 7.357205277911835e-31
7 79.51 66 67.08 4.3169621529137256e-30
7 79.51 67 67.08 3.408349932790676e-31
7 79.51 68 85.68 1.7431020880582524e-32
7 79.51 69 85.68 1.2059252658532e-32
7 79.51 70 85.68 4.171522547177902e-33
7 79.51 71 85.68 1.2296666382645204e-31
7 79.51 72 85.68 1.1757088771722627e-30
7 79.51 73 85.68 4.216296211871189e-31
7 79.51 74 85.68 5.609925332859508e-31
7 79.51 75 85.68 4.261815441891719e-32
7 79.51 76 85.68 6.444714352562786e-33
7 79.51 77 85.68 3.350071993596795e-32
7 79.51 78 85.68 1.4915587374195468e-32
7 79.51 79 85.68 1.1492851817623146e-30
7 79.51 80 85.68 6.60753712480755e-32
7 79.51 81 85.68 1.3116730794038964e-32
7 79.51 82 85.68 3.934669703725838e-32
7 79.51 83 85.68 5.389281826547126e-33
7 79.51 84 85.68 5.81333760323196e-32
7 79.51 85 85.68 3.7098934291676055e-32
7 79.51 86 117.2 1.1199384589476542e-28
7 79.51 87 117.2 4.51149344619412e-30
7 79.51 88 117.2 4.9833722028779475e-29
7 79.51 89 117.2 2.534512447637633e-29
7 79.51 90 117.2 1.4699830386440067e-29
7 79.51 91 117.2 1.7719217279134202e-28
7 79.51 92 117.2 6.261522317259496e-29
7 79.51 93 117.2 1.628699881245373e-29
7 79.51 94 117.2 2.2547787218721992e-29
7 79.51 95 117.2 9.711482611692838e-30
7 79.51 96 117.2 8.881673405856231e-30
7 79.51 97 117.2 2.4340945063869365e-30
7 79.51 98 117.2 2.125840090988549e-29
7 79.51 99 117.2 1.4445225248056993e-29
7 79.51 100 117.2 4.7614791303912557e-29
8 79.51 8 0.0 0.028481391884170613
8 79.51 9 0.0 0.050479255929577325
8 79.51 10 0.0 0.027765351037537245
8 79.51 11 0.0 0.011915684659561093
8 79.51 12 5.68 8.776198868385295e-30
8 79.51 13 5.68 7.27436772731497e-29
8 79.51 14 5.68 3.460042793781363e-29
8 79.51 15 5.68 3.615372110294453e-29
8 79.51 16 5.68 1.0663825079718914e-29
8 79.51 17 5.68 1.4554954663725286e-29
8 79.51 18 5.68 1.8498143765434686e-29
8 79.51 19 5.68 1.092325563202419e-28
8 79.51 20 5.68 1.7928474451213975e-29
8 79.51 21 24.28 4.115731963547598e-30
8 79.51 22 24.28 3.0246191728388724e-30
8 79.51 23 24.28 1.3454875276869299e-30
8 79.51 24 24.28 1.6746991732679306e-30
8 79.51 25 24.28 2.070239117019505e-29
8 79.51 26 24.28 5.743429245058498e-30
8 79.51 27 24.28 7.755571504598532e-30
8 79.51 28 24.28 7.002095519090065e-30
8 79.51 29 24.28 6.2507930382288226e-30
8 79.51 30 55.81 0.004507421956461494
8 79.51 31 55.81 0.009570145103527472
8 79.51 32 55.81 0.002918455196958241
8 79.51 33 55.81 0.018608641595432244
8 79.51 34 55.81 0.0022078096334129543
8 79.51 35 61.4 6.37368175043176e-30
8 79.51 36 61.4 6.144642844663591e-30
8 79.51 37 61.4 2.957610493508613e-30
8 79.51 38 61.4 4.603570768793941e-30
8 79.51 39 61.4 7.705040110361191e-30
8 79.51 40 61.4 2.5185425621440287e-29
8 79.51 41 61.4 6.506750256070812e-30
8 79.51 42 61.4 1.0286134026881099e-29
8 79.51 43 61.4 1.4806324435454462e-30
8 79.51 44 61.4 5.012151017463202e-31
8 79.51 45 61.4 3.602669648540848e-30
8 79.51 46 61.4 1.7377814181256292e-29
8 79.51 47 61.4 1.904290206751217e-29
8 79.51 48 61.4 7.579809599109948e-30
8 79.51 49 61.4 1.552070722285493e-29
8 79.51 50 67.08 5.935884659790415e-32
8 79.51 51 67.08 1.7936469392101085e-32
8 79.51 52 67.08 9.074616901741877e-33
8 79.51 53 67.08 2.29864198052016e-32
8 79.51 54 67.08 1.7645170089944734e-32
8 79.51 55 67.08 9.797341399134569e-32
8 79.51 56 67.08 2.0478631893494377e-32
8 79.51 57 67.08 6.456599906261548e-32
8 79.51 58 67.08 3.572221751941731e-32
8 79.51 59 67.08 8.519364507796521e-32
8 79.51 60 67.08 2.0855555665294897e-32
8 79.51 61 67.08 1.1603480203178875e-31
8 79.51 62 67.08 1.030651090272187e-30
8 79.51 63 67.08 1.0552165710958959e-31
8 79.51 64 67.08 6.619092825031844e-32
8 79.51 65 67.08 2.1136617810337672e-30
8 79.51 66 67.08 9.365820216032988e-31
8 79.51 67 67.08 8.677241566201573e-31
8 79.51 68 85.68 4.9027562039794935e-32
8 79.51 69 85.68 2.0920587959775846e-32
8 79.51 70 85.68 1.0442233236324518e-31
8 79.51 71 85.68 5.56997008916498e-32
8 79.51 72 85.68 8.625931503935786e-32
8 79.51 73 85.68 7.999471586699116e-32
8 79.51 74 85.68 2.98454208315536e-31
8 79.51 75 85.68 4.316527086293397e-32
8 79.51 76 85.68 2.3368581874784158e-32
8 79.51 77 85.68 1.7355519653120478e-31
8 79.51 78 85.68 4.210916149799502e-32
8 79.51 79 85.68 3.509766698946332e-31
8 79.51 80 85.68 5.825823469715523e-32
8 79.51 81 85.68 4.7796963872644336e-32
8 79.51 82 85.68 6.365438063301285e-32
8 79.51 83 85.68 9.722721295222786e-32
8 79.51 84 85.68 4.786141861160574e-32
8 79.51 85 85.68 1.1327698811008092e-31
8 79.51 86 117.2 7.195250406563254e-30
8 79.51 87 117.2 1.1058595625549164e-30
8 79.51 88 117.2 8.98861234190312e-31
8 79.51 89 117.2 7.102134201632005e-30
8 79.51 90 117.2 7.930444159523041e-30
8 79.51 91 117.2 2.7637354407874337e-31
8 79.51 92 117.2 1.8869607906880535e-29
8 79.51 93 117.2 6.900007782046491e-30
8 79.51 94 117.2 4.406651905195809e-31
8 79.51 95 117.2 6.210985389189556e-30
8 79.51 96 117.2 3.336101933826265e-30
8 79.51 97 117.2 3.006072076742991e-30
8 79.51 98 117.2 2.0167072293998876e-30
8 79.51 99 117.2 2.7837040190091263e-30
8 79.51 100 117.2 9.210398820181305e-31
9 79.51 9 0.0 0.04968725828469629
9 79.51 10 0.0 0.007923994115168479
9 79.51 11 0.0 0.025913665592534003
9 79.51 12 5.68 2.270085951584162e-29
9 79.51 13 5.68 1.570846191780861e-28
9 79.51 14 5.68 1.2572251606992989e-28
9 79.51 15 5.68 1.3124255532081214e-28
9 79.51 16 5.68 3.128771286419369e-29
9 79.51 17 5.68 4.3380651319415966e-29
9 79.51 18 5.68 9.480284076672485e-29
9 79.51 19 5.68 1.1823177591946013e-28
9 79.51 20 5.68 2.1363300837572932e-29
9 79.51 21 24.28 2.3399342323213462e-29
9 79.51 22 24.28 8.229745511994093e-29
9 79.51 23 24.28 4.440131015513192e-29
9 79.51 24 24.28 9.426114968109403e-30
9 79.51 25 24.28 8.291565067116235e-30
9 79.51 26 24.28 9.580130959026037e-30
9 79.51 27 24.28 4.341445239162192e-30
9 79.51 28 24.28 5.696053289839073e-29
9 79.51 29 24.28 1.5599344494837332e-29
9 79.51 30 55.81 0.00797361136800791
9 79.51 31 55.81 0.005599210809488713
9 79.51 32 55.81 0.00894723204972564
9 79.51 33 55.81 0.002847889130772267
9 79.51 34 55.81 0.001940113787406611
9 79.51 35 61.4 1.0695105288255278e-29
9 79.51 36 61.4 3.1862602679512815e-29
9 79.51 37 61.4 3.636787642861959e-29
9 79.51 38 61.4 4.891820253805055e-29
9 79.51 39 61.4 2.394153075261757e-29
9 79.51 40 61.4 2.2216554693302266e-29
9 79.51 41 61.4 1.0725305416362931e-29
9 79.51 42 61.4 6.580733723869346e-29
9 79.51 43 61.4 4.3303349166493557e-29
9 79.51 44 61.4 1.9733155070860258e-29
9 79.51 45 61.4 3.811523693249424e-30
9 79.51 46 61.4 1.0576960497290109e-29
9 79.51 47 61.4 8.786349388721244e-29
9 79.51 48 61.4 2.6854891665687654e-29
9 79.51 49 61.4 2.702626879754581e-29
9 79.51 50 67.08 3.463129740841714e-32
9 79.51 51 67.08 9.854458626910232e-32
9 79.51 52 67.08 4.969022895542235e-32
9 79.51 53 67.08 9.275753934633037e-32
9 79.51 54 67.08 6.723817561713643e-32
9 79.51 55 67.08 8.743919084116941e-32
9 79.51 56 67.08 4.778908731765549e-32
9 79.51 57 67.08 9.240377668687467e-32
9 79.51 58 67.08 2.190027128930099e-31
9 79.51 59 67.08 4.03827121188918e-32
9 79.51 60 67.08 1.0244545291687177e-31
9 79.51 61 67.08 2.22085963189713e-31
9 79.51 62 67.08 1.1930744889273692e-30
9 79.51 63 67.08 5.788813312123612e-32
9 79.51 64 67.08 8.426346697612768e-32
9 79.51 65 67.08 1.7781861133272727e-30
9 79.51 66 67.08 1.0473984958730835e-31
9 79.51 67 67.08 1.0798379856660712e-30
9 79.51 68 85.68 3.3288339413766385e-32
9 79.51 69 85.68 4.153333514394099e-32
9 79.51 70 85.68 2.12803114246198e-32
9 79.51 71 85.68 4.452773099654622e-32
9 79.51 72 85.68 8.918611277479153e-32
9 79.51 73 85.68 1.0345268365886451e-31
9 79.51 74 85.68 2.5760656641963244e-31
9 79.51 75 85.68 6.029020412868909e-32
9 79.51 76 85.68 1.6687080364202603e-32
9 79.51 77 85.68 1.6712633072404617e-31
9 79.51 78 85.68 2.0387685410716454e-31
9 79.51 79 85.68 2.6422269182476943e-31
9 79.51 80 85.68 1.821595592167636e-31
9 79.51 81 85.68 2.5832679750853295e-32
9 79.51 82 85.68 3.167465864292768e-32
9 79.51 83 85.68 8.456733544104165e-32
9 79.51 84 85.68 1.9296596582690578e-31
9 79.51 85 85.68 3.150941173585082e-32
9 79.51 86 117.2 2.2204389211420508e-29
9 79.51 87 117.2 5.0766351726109614e-30
9 79.51 88 117.2 2.7324029599763545e-29
9 79.51 89 117.2 7.8158135488620625e-31
9 79.51 90 117.2 1.2360707038911782e-29
9 79.51 91 117.2 4.483726334632179e-30
9 79.51 92 117.2 1.1106076018088832e-29
9 79.51 93 117.2 8.066333842571069e-30
9 79.51 94 117.2 2.118984642205814e-29
9 79.51 95 117.2 2.4544644602481794e-29
9 79.51 96 117.2 2.180942598062059e-29
9 79.51 97 117.2 8.858869415677104e-30
9 79.51 98 117.2 9.689425361274357e-31
9 79.51 99 117.2 2.289441950392733e-29
9 79.51 100 117.2 1.9516890473544564e-29
10 79.51 10 0.0 0.014180768281639727
10 79.51 11 0.0 0.036610964618285065
10 79.51 12 5.68 4.424687784581589e-29
10 79.51 13 5.68 8.639192429082279e-29
10 79.51 14 5.68 2.1587922962601323e-29
10 79.51 15 5.68 8.925774990493711e-29
10 79.51 16 5.68 6.770315229530437e-29
10 79.51 17 5.68 1.027072558809454e-28
10 79.51 18 5.68 6.592525785517318e-29
10 79.51 19 5.68 5.101114161640227e-29
10 79.51 20 5.68 4.289739097178754e-30
10 79.51 21 24.28 9.10783452622758e-30
10 79.51 22 24.28 4.9156837784581434e-30
10 79.51 23 24.28 5.759315454827248e-30
10 79.51 24 24.28 5.202758991686165e-29
10 79.51 25 24.28 1.2418162589893232e-29
10 79.51 26 24.28 9.741667503101229e-30
10 79.51 27 24.28 7.188740963268392e-30
10 79.51 28 24.28 2.3140616028998715e-29
10 79.51 29 24.28 3.8814812242611643e-29
10 79.51 30 55.81 0.016876335141535928
10 79.51 31 55.81 0.010118316113243373
10 79.51 32 55.81 0.008572607077094124
10 79.51 33 55.81 0.012039475000999198
10 79.51 34 55.81 0.00436804921296563
10 79.51 35 61.4 6.673148749003349e-29
10 79.51 36 61.4 2.736293294591076e-29
10 79.51 37 61.4 1.4228727692550589e-29
10 79.51 38 61.4 1.5243228808310184e-29
10 79.51 39 61.4 1.7928233742330114e-29
10 79.51 40 61.4 6.693490240314678e-29
10 79.51 41 61.4 2.3371378053235836e-29
10 79.51 42 61.4 9.623584662284016e-30
10 79.51 43 61.4 4.2494546500274085e-30
10 79.51 44 61.4 7.07149068801289e-30
10 79.51 45 61.4 1.5850859110660762e-29
10 79.51 46 61.4 4.465657037256132e-29
10 79.51 47 61.4 4.3254633117133945e-29
10 79.51 48 61.4 3.403106659334146e-29
10 79.51 49 61.4 2.8038261049398627e-29
10 79.51 50 67.08 1.050286005562199e-31
10 79.51 51 67.08 5.035019786397259e-32
10 79.51 52 67.08 8.264679824101321e-33
10 79.51 53 67.08 6.773582904294014e-32
10 79.51 54 67.08 2.686460780328487e-32
10 79.51 55 67.08 7.875990373956193e-32
10 79.51 56 67.08 3.0460935477716523e-32
10 79.51 57 67.08 6.513237859345919e-32
10 79.51 58 67.08 7.391437973901829e-32
10 79.51 59 67.08 1.1419596604596588e-31
10 79.51 60 67.08 1.4588412794135526e-32
10 79.51 61 67.08 2.556843928223277e-31
10 79.51 62 67.08 1.1834634457019713e-30
10 79.51 63 67.08 1.0138250253389461e-31
10 79.51 64 67.08 9.340401891370389e-32
10 79.51 65 67.08 4.448658235052418e-30
10 79.51 66 67.08 1.3940885954056366e-30
10 79.51 67 67.08 1.8651739602531324e-30
10 79.51 68 85.68 1.9138889199171751e-32
10 79.51 69 85.68 3.939602523150705e-32
10 79.51 70 85.68 7.939897738170601e-32
10 79.51 71 85.68 1.596897120776514e-32
10 79.51 72 85.68 1.6198283704532154e-31
10 79.51 73 85.68 1.9447749142150479e-31
10 79.51 74 85.68 5.248945868288961e-31
10 79.51 75 85.68 1.2363595313157246e-32
10 79.51 76 85.68 1.9361310248273515e-32
10 79.51 77 85.68 1.5232118538001329e-31
10 79.51 78 85.68 2.8091912957791798e-31
10 79.51 79 85.68 6.785964077515405e-31
10 79.51 80 85.68 1.1520494351430005e-31
10 79.51 81 85.68 3.274757679836917e-32
10 79.51 82 85.68 2.662874539560962e-32
10 79.51 83 85.68 5.011764147074663e-32
10 79.51 84 85.68 2.8361017739169567e-32
10 79.51 85 85.68 2.0235013664984064e-31
10 79.51 86 117.2 3.4332863693437884e-29
10 79.51 87 117.2 3.63445212745774e-29
10 79.51 88 117.2 3.1145726831001568e-30
10 79.51 89 117.2 8.781853995735094e-30
10 79.51 90 117.2 9.36974272611474e-31
10 79.51 91 117.2 6.088213360176604e-30
10 79.51 92 117.2 9.777234984615112e-30
10 79.51 93 117.2 5.436430995945382e-29
10 79.51 94 117.2 1.797403089843219e-29
10 79.51 95 117.2 6.874865307047596e-30
10 79.51 96 117.2 1.453145541760772e-29
10 79.51 97 117.2 2.2594091915746205e-29
10 79.51 98 117.2 6.753397485139809e-30
10 79.51 99 117.2 8.617044936232268e-30
10 79.51 100 117.2 1.3507526589381392e-29
11 79.51 11 0.0 0.010946501014619215
11 79.51 12 5.68 5.407212009241686e-29
11 79.51 13 5.68 1.2885891299627764e-28
11 79.51 14 5.68 1.7860941328790056e-28
11 79.51 15 5.68 5.4922537117250285e-30
11 79.51 16 5.68 2.8630559847489596e-29
11 79.51 17 5.68 8.544021211419401e-29
11 79.51 18 5.68 2.0565944345653437e-28
11 79.51 19 5.68 6.335216514337864e-29
11 79.51 20 5.68 1.1594080809757065e-28
11 79.51 21 24.28 8.892196763321451e-29
11 79.51 22 24.28 9.709044152146693e-30
11 79.51 23 24.28 1.8767460910082025e-29
11 79.51 24 24.28 5.495507136579454e-29
11 79.51 25 24.28 2.4623062773749857e-29
11 79.51 26 24.28 1.269762044008535e-29
11 79.51 27 24.28 3.952545494554162e-29
11 79.51 28 24.28 7.412045018631123e-29
11 79.51 29 24.28 1.722661641930742e-29
11 79.51 30 55.81 0.009189788531726379
11 79.51 31 55.81 0.0073556381710666785
11 79.51 32 55.81 0.0010881415121044072
11 79.51 33 55.81 0.043473369213464216
11 79.51 34 55.81 0.011587386789746317
11 79.51 35 61.4 4.9921601967267215e-29
11 79.51 36 61.4 3.5970414939444774e-29
11 79.51 37 61.4 4.630311708013058e-30
11 79.51 38 61.4 2.3037359818624545e-29
11 79.51 39 61.4 4.3374741927091414e-29
11 79.51 40 61.4 2.6756941216522364e-29
11 79.51 41 61.4 1.5613530914107692e-29
11 79.51 42 61.4 8.162695126741925e-29
11 79.51 43 61.4 5.132465706335456e-29
11 79.51 44 61.4 5.303907315842651e-29
11 79.51 45 61.4 4.908896333943733e-29
11 79.51 46 61.4 1.2063834556363274e-28
11 79.51 47 61.4 9.765167735348415e-29
11 79.51 48 61.4 6.427964790120575e-29
11 79.51 49 61.4 5.230353186472879e-29
11 79.51 50 67.08 4.211019203993882e-32
11 79.51 51 67.08 5.54812954905989e-32
11 79.51 52 67.08 9.521084912787705e-33
11 79.51 53 67.08 7.521184732055166e-32
11 79.51 54 67.08 1.6470786150096471e-32
11 79.51 55 67.08 3.254305197682373e-32
11 79.51 56 67.08 2.777450738469005e-32
11 79.51 57 67.08 2.0073253001158847e-32
11 79.51 58 67.08 2.4832683126091514e-32
11 79.51 59 67.08 2.261699969273782e-32
11 79.51 60 67.08 2.3082026979235591e-32
11 79.51 61 67.08 8.26493447701175e-32
11 79.51 62 67.08 9.766302311758872e-31
11 79.51 63 67.08 9.415082024068579e-32
11 79.51 64 67.08 3.902884301112784e-32
11 79.51 65 67.08 3.2502941891125845e-30
11 79.51 66 67.08 1.1058610323173754e-30
11 79.51 67 67.08 3.0454985487557714e-30
11 79.51 68 85.68 9.070587177309841e-33
11 79.51 69 85.68 8.505987964147794e-33
11 79.51 70 85.68 3.710059469842042e-32
11 79.51 71 85.68 4.0128957461983227e-32
11 79.51 72 85.68 3.555480223272624e-31
11 79.51 73 85.68 1.131171117699936e-31
11 79.51 74 85.68 3.831566847687225e-31
11 79.51 75 85.68 3.4485220690330304e-33
11 79.51 76 85.68 1.508417747853663e-32
11 79.51 77 85.68 6.132317120194925e-32
11 79.51 78 85.68 7.188064980473727e-32
11 79.51 79 85.68 5.820411235760388e-31
11 79.51 80 85.68 3.57106280493166e-32
11 79.51 81 85.68 1.1385431384044187e-32
11 79.51 82 85.68 1.5439674298829274e-32
11 79.51 83 85.68 3.3227141104571444e-32
11 79.51 84 85.68 3.291524081313782e-32
11 79.51 85 85.68 1.4297829925931884e-31
11 79.51 86 117.2 6.92858375375743e-29
11 79.51 87 117.2 3.6198169753753094e-29
11 79.51 88 117.2 3.4816542720176734e-29
11 79.51 89 117.2 7.31364408330551e-30
11 79.51 90 117.2 3.09639643762461e-30
11 79.51 91 117.2 7.244795879014482e-29
11 79.51 92 117.2 6.000565671949305e-31
11 79.51 93 117.2 2.8976588744683334e-30
11 79.51 94 117.2 2.0518034612251687e-29
11 79.51 95 117.2 1.4727299637332313e-29
11 79.51 96 117.2 2.624710251813722e-29
11 79.51 97 117.2 2.1692316731094907e-29
11 79.51 98 117.2 1.8737801517606526e-29
11 79.51 99 117.2 2.0849847786094212e-30
11 79.51 100 117.2 4.78490983336095e-29
12 85.2 12 0.0 0.03738649432895593
12 85.2 13 0.0 0.01317923266134869
12 85.2 14 0.0 0.024046955591790313
12 85.2 15 0.0 0.007637616195931339
12 85.2 16 0.0 0.007784234350464114
12 85.2 17 0.0 0.017130422602567502
12 85.2 18 0.0 0.04997140023754332
12 85.2 19 0.0 0.030681885342227697
12 85.2 20 0.0 0.08703902735843239
12 85.2 21 18.6 0.02133359772939944
12 85.2 22 18.6 0.014821389075736588
12 85.2 23 18.6 0.008018407229039468
12 85.2 24 18.6 0.027976677484093063
12 85.2 25 18.6 0.04623975514461949
12 85.2 26 18.6 0.005915854558484938
12 85.2 27 18.6 0.009724117891644405
12 85.2 28 18.6 0.007890384856063446
12 85.2 29 18.6 0.06037517595150177
12 85.2 30 50.13 4.719355816713066e-30
12 85.2 31 50.13 8.886143376722547e-31
12 85.2 32 50.13 1.5591103709004799e-29
12 85.2 33 50.13 1.0391740390340637e-30
12 85.2 34 50.13 2.2026529802818774e-29
12 85.2 35 55.71 0.008028603982117372
12 85.2 36 55.71 0.05095450621532793
12 85.2 37 55.71 0.03216718703108808
12 85.2 38 55.71 0.006343646839282671
12 85.2 39 55.71 0.0019610743787657793
12 85.2 40 55.71 0.006789583786430455
12 85.2 41 55.71 0.03130233377995144
12 85.2 42 55.71 0.002685050353074769
12 85.2 43 55.71 0.06250741876615898
12 85.2 44 55.71 0.060463737312314025
12 85.2 45 55.71 0.058639536782989485
12 85.2 46 55.71 0.011063999871603027
12 85.2 47 55.71 0.00953823351759069
12 85.2 48 55.71 0.01879157525581506
12 85.2 49 55.71 0.004299560957546918
12 85.2 50 61.4 1.820951512502704e-29
12 85.2 51 61.4 7.980106977196062e-29
12 85.2 52 61.4 1.1491420920780303e-30
12 85.2 53 61.4 3.066091760467743e-30
12 85.2 54 61.4 4.4270111732403093e-32
12 85.2 55 61.4 2.307756940568107e-29
12 85.2 56 61.4 6.511427933848506e-30
12 85.2 57 61.4 9.056295503664885e-30
12 85.2 58 61.4 1.3474923814228644e-29
12 85.2 59 61.4 5.20804104974543e-31
12 85.2 60 61.4 2.6494008096344013e-31
12 85.2 61 61.4 6.312646850120852e-30
12 85.2 62 61.4 4.985155828213738e-30
12 85.2 63 61.4 4.5707394503577156e-29
12 85.2 64 61.4 1.658881292656025e-29
12 85.2 65 61.4 2.560137334428067e-29
12 85.2 66 61.4 1.410782734239068e-29
12 85.2 67 61.4 5.467168227896191e-29
12 85.2 68 80.0 8.531179652187926e-32
12 85.2 69 80.0 3.369610877220549e-32
12 85.2 70 80.0 5.612548121223202e-32
12 85.2 71 80.0 3.821011057104771e-31
12 85.2 72 80.0 4.5766923408599e-30
12 85.2 73 80.0 2.7279085864275018e-30
12 85.2 74 80.0 5.2827042409754766e-30
12 85.2 75 80.0 2.6160115577217677e-31
12 85.2 76 80.0 7.412641889839759e-31
12 85.2 77 80.0 4.3863132704720484e-30
12 85.2 78 80.0 2.0953534308223737e-30
12 85.2 79 80.0 5.6821270546402406e-30
12 85.2 80 80.0 1.0822325512529638e-30
12 85.2 81 80.0 8.803271071911605e-31
12 85.2 82 80.0 5.660783167762956e-30
12 85.2 83 80.0 1.754077406760046e-30
12 85.2 84 80.0 5.527046959653518e-30
12 85.2 85 80.0 3.152104067675228e-30
12 85.2 86 111.52 0.0007734777638712727
12 85.2 87 111.52 0.024429152949920475
12 85.2 88 111.52 0.02259914514973256
12 85.2 89 111.52 0.008906735094630048
12 85.2 90 111.52 0.032664565047846386
12 85.2 91 111.52 0.004529084181185973
12 85.2 92 111.52 0.012650255642083157
12 85.2 93 111.52 0.004429486331136899
12 85.2 94 111.52 0.0033733907958720835
12 85.2 95 111.52 0.015428712874185162
12 85.2 96 111.52 0.0021877690934455863
12 85.2 97 111.52 0.001354226285116309
12 85.2 98 111.52 0.006315478307712793
12 85.2 99 111.52 0.00306047002012717
12 85.2 100 111.52 0.0033684199844444223
13 85.2 13 0.0 0.0031226857055706003
13 85.2 14 0.0 0.11394427194764092
13 85.2 15 0.0 0.02597203905930035
13 85.2 16 0.0 0.03440778068502214
13 85.2 17 0.0 0.00784270318530682
13 85.2 18 0.0 0.0437121037838626
13 85.2 19 0.0 0.007732151069884061
13 85.2 20 0.0 0.020114855517554167
13 85.2 21 18.6 0.021764369416852093
13 85.2 22 18.6 0.0585501911521493
13 85.2 23 18.6 0.04838709793670024
13 85.2 24 18.6 0.012667814980414622
13 85.2 25 18.6 0.0004280320839078263
13 85.2 26 18.6 0.020447802027029643
13 85.2 27 18.6 0.004540067413543122
13 85.2 28 18.6 0.030605976986402644
13 85.2 29 18.6 0.006583399771754533
13 85.2 30 50.13 1.6704744096706747e-29
13 85.2 31 50.13 1.2593147702251695e-29
13 85.2 32 50.13 1.7836711480580242e-29
13 85.2 33 50.13 1.8952765622520593e-29
13 85.2 34 50.13 1.8313007598355765e-28
13 85.2 35 55.71 0.00843994731895712
13 85.2 36 55.71 0.01955271047789994
13 85.2 37 55.71 0.03165249652252325
13 85.2 38 55.71 0.036945114573495336
13 85.2 39 55.71 0.0032158219146995407
13 85.2 40 55.71 0.039090667056002684
13 85.2 41 55.71 0.0051234107675889665
13 85.2 42 55.71 0.053809876551747106
13 85.2 43 55.71 0.037894022300055744
13 85.2 44 55.71 0.019474730426789988
13 85.2 45 55.71 0.0034700755358318264
13 85.2 46 55.71 0.007438871940403024
13 85.2 47 55.71 0.027657203950136915
13 85.2 48 55.71 0.02165766554917679
13 85.2 49 55.71 0.02451635199339419
13 85.2 50 61.4 4.904553630666595e-30
13 85.2 51 61.4 6.536548918728564e-30
13 85.2 52 61.4 3.97185353011747e-31
13 85.2 53 61.4 3.24849192992755e-29
13 85.2 54 61.4 2.892170624036101e-31
13 85.2 55 61.4 9.333424554269202e-30
13 85.2 56 61.4 1.050282547557424e-30
13 85.2 57 61.4 7.106117382380507e-30
13 85.2 58 61.4 1.689290959120992e-29
13 85.2 59 61.4 6.741024092335004e-31
13 85.2 60 61.4 1.5051394814577573e-31
13 85.2 61 61.4 4.2493847034070796e-30
13 85.2 62 61.4 9.874069311882341e-30
13 85.2 63 61.4 1.0244797457321662e-29
13 85.2 64 61.4 6.915050255810616e-30
13 85.2 65 61.4 6.708046995086237e-29
13 85.2 66 61.4 3.385941302979892e-29
13 85.2 67 61.4 3.9761929869896366e-29
13 85.2 68 80.0 6.644475085070388e-32
13 85.2 69 80.0 4.792881283544621e-32
13 85.2 70 80.0 9.288885242901522e-32
13 85.2 71 80.0 1.1853427490592765e-30
13 85.2 72 80.0 9.115470686239374e-30
13 85.2 73 80.0 3.355432180791962e-30
13 85.2 74 80.0 4.159847143890365e-30
13 85.2 75 80.0 3.4181816617185583e-31
13 85.2 76 80.0 4.095835942331621e-31
13 85.2 77 80.0 5.172455177406749e-30
13 85.2 78 80.0 2.8409326735114258e-30
13 85.2 79 80.0 1.9452470218974883e-30
13 85.2 80 80.0 2.208562599559814e-30
13 85.2 81 80.0 2.324629686369353e-30
13 85.2 82 80.0 8.389758185082005e-31
13 85.2 83 80.0 1.0236404973072588e-30
13 85.2 84 80.0 1.4383493311535671e-30
13 85.2 85 80.0 3.855260153324346e-30
13 85.2 86 111.52 0.014281297723722858
13 85.2 87 111.52 0.0020941750178536914
13 85.2 88 111.52 0.024500482596812676
13 85.2 89 111.52 0.007281859130510562
13 85.2 90 111.52 0.0016818278709420495
13 85.2 91 111.52 0.006060261695377624
13 85.2 92 111.52 0.004793643289730963
13 85.2 93 111.52 0.008064535397534349
13 85.2 94 111.52 0.020259232169232214
13 85.2 95 111.52 0.00942936128932965
13 85.2 96 111.52 0.01107035608965581
13 85.2 97 111.52 0.003076209075536184
13 85.2 98 111.52 0.0005032417081536377
13 85.2 99 111.52 0.0155791820048677
13 85.2 100 111.52 0.024721718086189816
14 85.2 14 0.0 0.030520534204144082
14 85.2 15 0.0 0.03634614198378361
14 85.2 16 0.0 0.02144522948185122
14 85.2 17 0.0 0.026966156258038557
14 85.2 18 0.0 0.049927197000242146
14 85.2 19 0.0 0.07151048571805724
14 85.2 20 0.0 0.023967263482402038
14 85.2 21 18.6 0.0014372321283434282
14 85.2 22 18.6 0.004895919238321018
14 85.2 23 18.6 0.0013963646450962026
14 85.2 24 18.6 0.0033003282693744676
14 85.2 25 18.6 0.04532578521173547
14 85.2 26 18.6 0.006888345756329544
14 85.2 27 18.6 0.023831699504468642
14 85.2 28 18.6 0.015458022873407504
14 85.2 29 18.6 0.01955468457855561
14 85.2 30 50.13 3.0584161710436605e-29
14 85.2 31 50.13 4.706107846339265e-30
14 85.2 32 50.13 3.418176390126961e-29
14 85.2 33 50.13 1.2534530218409517e-29
14 85.2 34 50.13 1.8051378206030018e-28
14 85.2 35 55.71 0.018513178454398163
14 85.2 36 55.71 0.017901291044787958
14 85.2 37 55.71 0.007934557877572499
14 85.2 38 55.71 0.01451897817503317
14 85.2 39 55.71 0.02090171571902972
14 85.2 40 55.71 0.03169533699732721
14 85.2 41 55.71 0.017623027527546763
14 85.2 42 55.71 0.02667459889052197
14 85.2 43 55.71 0.005954882865568959
14 85.2 44 55.71 0.0016476079857747003
14 85.2 45 55.71 0.00961047557019613
14 85.2 46 55.71 0.0530676394310846
14 85.2 47 55.71 0.036090752886317176
14 85.2 48 55.71 0.020516044843716136
14 85.2 49 55.71 0.02803756777741199
14 85.2 50 61.4 6.413238892378721e-30
14 85.2 51 61.4 1.4878871613652771e-30
14 85.2 52 61.4 2.6297694849452383e-31
14 85.2 53 61.4 5.398677780541497e-29
14 85.2 54 61.4 4.571938724876578e-31
14 85.2 55 61.4 6.915534685178766e-30
14 85.2 56 61.4 4.86435040980336e-30
14 85.2 57 61.4 3.078236549144655e-29
14 85.2 58 61.4 5.459285460918008e-29
14 85.2 59 61.4 7.399086484315693e-31
14 85.2 60 61.4 3.517344799219575e-31
14 85.2 61 61.4 3.1232469031000164e-30
14 85.2 62 61.4 2.789103746151329e-29
14 85.2 63 61.4 6.637294112149679e-30
14 85.2 64 61.4 2.07093383361964e-29
14 85.2 65 61.4 3.9961551078217437e-29
14 85.2 66 61.4 2.4362494237238283e-29
14 85.2 67 61.4 8.935675943176814e-29
14 85.2 68 80.0 2.647865362344125e-32
14 85.2 69 80.0 2.0041848039508114e-32
14 85.2 70 80.0 2.2594950065491115e-32
14 85.2 71 80.0 1.6189222211910418e-30
14 85.2 72 80.0 4.2103134629721276e-30
14 85.2 73 80.0 1.701168075967307e-30
14 85.2 74 80.0 6.0239218444259035e-30
14 85.2 75 80.0 6.006251716602462e-31
14 85.2 76 80.0 5.750080812507589e-31
14 85.2 77 80.0 4.8125143009118616e-30
14 85.2 78 80.0 2.952626281161642e-30
14 85.2 79 80.0 3.0416483115501386e-30
14 85.2 80 80.0 4.596162748820555e-30
14 85.2 81 80.0 2.558504720886653e-31
14 85.2 82 80.0 1.6976519883897485e-30
14 85.2 83 80.0 1.163502673027069e-30
14 85.2 84 80.0 1.7327862311742915e-30
14 85.2 85 80.0 1.5278236680767257e-30
14 85.2 86 111.52 0.020157831309495347
14 85.2 87 111.52 0.00030176279741277477
14 85.2 88 111.52 0.0034198896428375455
14 85.2 89 111.52 0.019997881338031043
14 85.2 90 111.52 0.021631628058733265
14 85.2 91 111.52 0.0016331854318338735
14 85.2 92 111.52 0.04739972148740334
14 85.2 93 111.52 0.023051814193078803
14 85.2 94 111.52 0.000829781798078949
14 85.2 95 111.52 0.013403026631480176
14 85.2 96 111.52 0.008797650004802001
14 85.2 97 111.52 0.006790204634702362
14 85.2 98 111.52 0.0015261668188473175
14 85.2 99 111.52 0.0067438997513345035
14 85.2 100 111.52 0.0025864360795522113
15 85.2 15 0.0 0.021457700708480916
15 85.2 16 0.0 0.04835681616182402
15 85.2 17 0.0 0.05208571736959495
15 85.2 18 0.0 0.03761719217103447
15 85.2 19 0.0 0.02262760861978936
15 85.2 20 0.0 0.026045959233278487
15 85.2 21 18.6 0.010086682870405518
15 85.2 22 18.6 0.003640901166623959
15 85.2 23 18.6 0.06503269452191902
15 85.2 24 18.6 0.05427861768535651
15 85.2 25 18.6 0.015605755305982136
15 85.2 26 18.6 0.008973117663086642
15 85.2 27 18.6 0.024106199484709642
15 85.2 28 18.6 0.05952754200451549
15 85.2 29 18.6 0.005148234420054504
15 85.2 30 50.13 2.639611701718956e-29
15 85.2 31 50.13 4.527279942895827e-30
15 85.2 32 50.13 4.405594522367206e-29
15 85.2 33 50.13 3.986762382545258e-29
15 85.2 34 50.13 7.730117090774179e-29
15 85.2 35 55.71 0.023136090749701493
15 85.2 36 55.71 0.033349315031024784
15 85.2 37 55.71 0.005428519304587699
15 85.2 38 55.71 0.006208631982568008
15 85.2 39 55.71 0.02893497694670031
15 85.2 40 55.71 0.003252235618748449
15 85.2 41 55.71 0.00769885417744515
15 85.2 42 55.71 0.0719086802264767
15 85.2 43 55.71 0.015386758883784973
15 85.2 44 55.71 0.013683638261673929
15 85.2 45 55.71 0.007356688434271734
15 85.2 46 55.71 0.02779418094421133
15 85.2 47 55.71 0.05610722563424071
15 85.2 48 55.71 0.012434967722928401
15 85.2 49 55.71 0.023666855323295537
15 85.2 50 61.4 4.3973367892348055e-30
15 85.2 51 61.4 1.7750602828042432e-29
15 85.2 52 61.4 5.756925288260555e-31
15 85.2 53 61.4 5.272188107043344e-29
15 85.2 54 61.4 2.493308312836549e-31
15 85.2 55 61.4 1.266943692393441e-29
15 85.2 56 61.4 1.0723305270602462e-30
15 85.2 57 61.4 1.5415875307401324e-29
15 85.2 58 61.4 1.4365243410941648e-29
15 85.2 59 61.4 5.475588169901095e-31
15 85.2 60 61.4 2.7576421640752815e-31
15 85.2 61 61.4 4.9903001616064006e-30
15 85.2 62 61.4 1.9058987518666678e-29
15 85.2 63 61.4 1.2059438786068367e-29
15 85.2 64 61.4 6.423582408475263e-30
15 85.2 65 61.4 1.6380081209231312e-29
15 85.2 66 61.4 8.848213611972714e-30
15 85.2 67 61.4 1.1528584418396065e-29
15 85.2 68 80.0 1.7401287577108578e-32
15 85.2 69 80.0 1.3386718572817889e-32
15 85.2 70 80.0 2.4100956008364243e-32
15 85.2 71 80.0 1.5513770324849575e-30
15 85.2 72 80.0 1.3605503523417268e-29
15 85.2 73 80.0 4.853684726086354e-30
15 85.2 74 80.0 2.7148622190178488e-30
15 85.2 75 80.0 2.0711128797112183e-31
15 85.2 76 80.0 5.2529192554359696e-31
15 85.2 77 80.0 1.9920159810052512e-30
15 85.2 78 80.0 1.3975618802790538e-30
15 85.2 79 80.0 6.504055606646046e-30
15 85.2 80 80.0 1.7819589233617233e-30
15 85.2 81 80.0 8.593105395912245e-32
15 85.2 82 80.0 1.0342893414605695e-30
15 85.2 83 80.0 1.0506487802111153e-30
15 85.2 84 80.0 9.67485629340603e-31
15 85.2 85 80.0 7.955618363593286e-30
15 85.2 86 111.52 0.010127601305266066
15 85.2 87 111.52 0.020450226064093413
15 85.2 88 111.52 0.0059544711042357375
15 85.2 89 111.52 0.0139089874537675
15 85.2 90 111.52 0.004916619727055368
15 85.2 91 111.52 0.007082118934063694
15 85.2 92 111.52 0.012708569005857012
15 85.2 93 111.52 0.0028496226877296354
15 85.2 94 111.52 0.01688661435800671
15 85.2 95 111.52 0.0029400371066039994
15 85.2 96 111.52 0.021519095304005764
15 85.2 97 111.52 0.01486571802337211
15 85.2 98 111.52 0.004869969419564677
15 85.2 99 111.52 0.0004574693499281545
15 85.2 100 111.52 0.017706667616696543
16 85.2 16 0.0 0.09424299402346907
16 85.2 17 0.0 0.0797402559460397
16 85.2 18 0.0 0.006240498082113435
16 85.2 19 0.0 0.04116246293992249
16 85.2 20 0.0 0.008955313619899489
16 85.2 21 18.6 0.02964002916623953
16 85.2 22 18.6 0.022331624768830452
16 85.2 23 18.6 0.03965221855725085
16 85.2 24 18.6 0.0026984370939833057
16 85.2 25 18.6 0.013414824605573531
16 85.2 26 18.6 0.005102669858600033
16 85.2 27 18.6 0.0027275905050035123
16 85.2 28 18.6 0.0394833962427958
16 85.2 29 18.6 0.004484338263420306
16 85.2 30 50.13 1.223038238726502e-29
16 85.2 31 50.13 1.6560778499565778e-30
16 85.2 32 50.13 7.300547730909089e-30
16 85.2 33 50.13 7.192880926943186e-30
16 85.2 34 50.13 9.246445881355028e-29
16 85.2 35 55.71 0.025327356122704953
16 85.2 36 55.71 0.0201110590153171
16 85.2 37 55.71 0.04315113647697336
16 85.2 38 55.71 0.026752950901879003
16 85.2 39 55.71 0.019440920661532333
16 85.2 40 55.71 0.016770748631162444
16 85.2 41 55.71 0.012257744792591436
16 85.2 42 55.71 0.02261507368813142
16 85.2 43 55.71 0.02481316436191159
16 85.2 44 55.71 0.011418615715699637
16 85.2 45 55.71 0.009881647345158014
16 85.2 46 55.71 0.009150793829548505
16 85.2 47 55.71 0.023810557139640372
16 85.2 48 55.71 0.030251473961730738
16 85.2 49 55.71 0.04962507708956502
16 85.2 50 61.4 6.873702483302406e-30
16 85.2 51 61.4 3.0408186142770684e-30
16 85.2 52 61.4 7.287910037252901e-32
16 85.2 53 61.4 6.865479991721391e-30
16 85.2 54 61.4 2.6886298256358707e-31
16 85.2 55 61.4 1.5411604609254533e-29
16 85.2 56 61.4 2.257457524578979e-30
16 85.2 57 61.4 4.1929641697173076e-30
16 85.2 58 61.4 4.334168302966005e-30
16 85.2 59 61.4 5.260268620915427e-31
16 85.2 60 61.4 2.0258458962290804e-31
16 85.2 61 61.4 5.297165086107285e-29
16 85.2 62 61.4 1.4014930751193657e-29
16 85.2 63 61.4 7.247960518027843e-30
16 85.2 64 61.4 4.895321605082517e-29
16 85.2 65 61.4 1.6391322468809236e-29
16 85.2 66 61.4 2.0275764340361723e-29
16 85.2 67 61.4 2.4723898888266867e-29
16 85.2 68 80.0 1.2163264001824848e-31
16 85.2 69 80.0 2.729714522441908e-32
16 85.2 70 80.0 3.4515149512389997e-32
16 85.2 71 80.0 8.434997601431052e-31
16 85.2 72 80.0 1.22354306045298e-29
16 85.2 73 80.0 3.376187280173413e-30
16 85.2 74 80.0 1.6694565210251306e-30
16 85.2 75 80.0 2.2280019603922554e-31
16 85.2 76 80.0 1.3683015125211332e-31
16 85.2 77 80.0 1.849080210700914e-30
16 85.2 78 80.0 7.512071915102697e-31
16 85.2 79 80.0 4.924566934163192e-30
16 85.2 80 80.0 5.54665858813529e-31
16 85.2 81 80.0 3.5292761041200813e-31
16 85.2 82 80.0 1.8064434799877756e-31
16 85.2 83 80.0 1.231211472798539e-30
16 85.2 84 80.0 2.0688865963384273e-30
16 85.2 85 80.0 6.77863915309886e-30
16 85.2 86 111.52 0.0017796229916074106
16 85.2 87 111.52 0.007776564161995769
16 85.2 88 111.52 0.009954889831555748
16 85.2 89 111.52 0.0028596996800141685
16 85.2 90 111.52 0.0026688639016425467
16 85.2 91 111.52 0.02380170022875855
16 85.2 92 111.52 0.004015097976660659
16 85.2 93 111.52 0.0006891434702100889
16 85.2 94 111.52 0.012224103269623924
16 85.2 95 111.52 0.007162312387703999
16 85.2 96 111.52 0.005820330971429252
16 85.2 97 111.52 0.024085853278103402
16 85.2 98 111.52 0.0005108189193883749
16 85.2 99 111.52 0.029975692945447902
16 85.2 100 111.52 0.04170429849518521
17 85.2 17 0.0 0.09819843170534426
17 85.2 18 0.0 0.011436673159427835
17 85.2 19 0.0 0.044659231514412215
17 85.2 20 0.0 0.0027255754139426823
17 85.2 21 18.6 0.0009931987131891998
17 85.2 22 18.6 0.00453404994484987
17 85.2 23 18.6 0.002733678707276775
17 85.2 24 18.6 0.05626365453531722
17 85.2 25 18.6 0.026530073247608525
17 85.2 26 18.6 0.014817302970766236
17 85.2 27 18.6 0.0033557788195755856
17 85.2 28 18.6 0.02432632540790845
17 85.2 29 18.6 0.011746123801324327
17 85.2 30 50.13 6.0358868506346466e-30
17 85.2 31 50.13 1.1671382502586221e-29
17 85.2 32 50.13 5.684897943886819e-29
17 85.2 33 50.13 2.704489903538205e-29
17 85.2 34 50.13 8.527006086260402e-29
17 85.2 35 55.71 0.04802141784063036
17 85.2 36 55.71 0.018758033661738175
17 85.2 37 55.71 0.005149504373911022
17 85.2 38 55.71 0.006332147016060441
17 85.2 39 55.71 0.046697543931200645
17 85.2 40 55.71 0.06201849776821592
17 85.2 41 55.71 0.0075212196656592525
17 85.2 42 55.71 0.0034665013468981147
17 85.2 43 55.71 0.0031663860888041296
17 85.2 44 55.71 0.005453871929565061
17 85.2 45 55.71 0.005077591209591956
17 85.2 46 55.71 0.0036107713127355376
17 85.2 47 55.71 0.025188310928659155
17 85.2 48 55.71 0.01947416189409981
17 85.2 49 55.71 0.05778307383523569
17 85.2 50 61.4 6.104594767467881e-30
17 85.2 51 61.4 4.799648466247498e-30
17 85.2 52 61.4 1.3845125063819124e-31
17 85.2 53 61.4 1.078818424125789e-29
17 85.2 54 61.4 1.3138617270724918e-31
17 85.2 55 61.4 1.1629523506635177e-30
17 85.2 56 61.4 1.6576769752154835e-30
17 85.2 57 61.4 1.5787316466676555e-30
17 85.2 58 61.4 1.1254072766274262e-29
17 85.2 59 61.4 6.120299071557339e-31
17 85.2 60 61.4 1.4493514691609366e-31
17 85.2 61 61.4 2.59233297612539e-29
17 85.2 62 61.4 3.5151093822571833e-29
17 85.2 63 61.4 8.005628810650684e-30
17 85.2 64 61.4 1.3596534569571737e-30
17 85.2 65 61.4 6.188256101617607e-29
17 85.2 66 61.4 7.907570231307302e-30
17 85.2 67 61.4 7.95063642172154e-29
17 85.2 68 80.0 6.204134697895938e-32
17 85.2 69 80.0 6.072523755916572e-32
17 85.2 70 80.0 9.336189150256588e-32
17 85.2 71 80.0 1.3929286730781688e-30
17 85.2 72 80.0 1.1411892423316338e-29
17 85.2 73 80.0 3.683761397916384e-30
17 85.2 74 80.0 5.2688642053471944e-30
17 85.2 75 80.0 1.2207841628152632e-31
17 85.2 76 80.0 3.155803698976657e-31
17 85.2 77 80.0 2.590855872136739e-30
17 85.2 78 80.0 1.5087750394631812e-30
17 85.2 79 80.0 2.4630647716489683e-30
17 85.2 80 80.0 1.2086749599527252e-30
17 85.2 81 80.0 2.2208806360705656e-31
17 85.2 82 80.0 5.229507556637124e-31
17 85.2 83 80.0 3.8958894545269027e-31
17 85.2 84 80.0 3.4522596198909566e-31
17 85.2 85 80.0 2.0528221807716823e-29
17 85.2 86 111.52 0.011126328333161045
17 85.2 87 111.52 0.032635460366700134
17 85.2 88 111.52 0.003379291746502745
17 85.2 89 111.52 0.03942168629252221
17 85.2 90 111.52 0.01001348398315022
17 85.2 91 111.52 0.004619202580667785
17 85.2 92 111.52 0.01098776223264048
17 85.2 93 111.52 0.020899539871895367
17 85.2 94 111.52 0.015224112183955403
17 85.2 95 111.52 0.0006707202712234884
17 85.2 96 111.52 0.015670416564465873
17 85.2 97 111.52 0.009060006620284215
17 85.2 98 111.52 0.0015763294746676988
17 85.2 99 111.52 0.00012477611535418746
17 85.2 100 111.52 0.00744864619561004
18 85.2 18 0.0 0.030540624776625076
18 85.2 19 0.0 0.06776136941256061
18 85.2 20 0.0 0.08486539116565478
18 85.2 21 18.6 0.05703327161829112
18 85.2 22 18.6 0.026146956262713284
18 85.2 23 18.6 0.0013912098571429137
18 85.2 24 18.6 0.0027093129340208418
18 85.2 25 18.6 0.020885999684587285
18 85.2 26 18.6 0.006622159152048567
18 85.2 27 18.6 0.000748805507406998
18 85.2 28 18.6 0.021216349411145634
18 85.2 29 18.6 0.0014444222506214157
18 85.2 30 50.13 2.708255443164377e-29
18 85.2 31 50.13 6.137696964017468e-30
18 85.2 32 50.13 1.4564631409031474e-29
18 85.2 33 50.13 2.4862949048409696e-30
18 85.2 34 50.13 9.875753589867098e-29
18 85.2 35 55.71 0.006297583650379313
18 85.2 36 55.71 0.0190952445529307
18 85.2 37 55.71 0.014398470984578304
18 85.2 38 55.71 0.027325580848679698
18 85.2 39 55.71 0.017339231503116552
18 85.2 40 55.71 0.048023126431501674
18 85.2 41 55.71 0.03996498609488836
18 85.2 42 55.71 0.022581482461829384
18 85.2 43 55.71 0.028754564705394503
18 85.2 44 55.71 0.0249985128843181
18 85.2 45 55.71 0.02812961235013587
18 85.2 46 55.71 0.026782533032891177
18 85.2 47 55.71 0.013769127237244445
18 85.2 48 55.71 0.00463250654254191
18 85.2 49 55.71 0.02723117996275954
18 85.2 50 61.4 2.972899847091155e-29
18 85.2 51 61.4 2.5020098021108817e-29
18 85.2 52 61.4 1.7357303343406606e-31
18 85.2 53 61.4 3.227906969677188e-29
18 85.2 54 61.4 1.911213164677461e-31
18 85.2 55 61.4 1.2601057188229878e-29
18 85.2 56 61.4 7.772480228275052e-30
18 85.2 57 61.4 1.8454903338645247e-29
18 85.2 58 61.4 8.813180531713405e-29
18 85.2 59 61.4 3.27337108967663e-31
18 85.2 60 61.4 1.636001007903386e-31
18 85.2 61 61.4 1.0338382981454247e-29
18 85.2 62 61.4 2.186670193722403e-30
18 85.2 63 61.4 1.8107468183856248e-29
18 85.2 64 61.4 6.062180611194985e-30
18 85.2 65 61.4 6.778589428957977e-29
18 85.2 66 61.4 4.382437117227921e-29
18 85.2 67 61.4 6.915147264619036e-29
18 85.2 68 80.0 2.815928900917098e-32
18 85.2 69 80.0 4.7195627268052187e-32
18 85.2 70 80.0 2.0514976332488943e-32
18 85.2 71 80.0 1.1567349343390855e-30
18 85.2 72 80.0 6.042157442354773e-30
18 85.2 73 80.0 1.9475047275313956e-30
18 85.2 74 80.0 6.936298747440785e-30
18 85.2 75 80.0 4.381500309984957e-31
18 85.2 76 80.0 9.405543823876641e-31
18 85.2 77 80.0 5.827978164531228e-30
18 85.2 78 80.0 1.8888225497346953e-30
18 85.2 79 80.0 4.503938075774887e-30
18 85.2 80 80.0 2.986290634604164e-30
18 85.2 81 80.0 5.864611319430779e-31
18 85.2 82 80.0 3.892972351529493e-30
18 85.2 83 80.0 3.4862362417690195e-30
18 85.2 84 80.0 7.948909386696904e-31
18 85.2 85 80.0 3.203969307933072e-30
18 85.2 86 111.52 0.04714791481749245
18 85.2 87 111.52 0.019692839931173056
18 85.2 88 111.52 0.012867988332420812
18 85.2 89 111.52 0.0005007914084530677
18 85.2 90 111.52 0.0012006003165314317
18 85.2 91 111.52 0.01441392411948975
18 85.2 92 111.52 0.00042465890782030944
18 85.2 93 111.52 0.006052131269494832
18 85.2 94 111.52 0.0026291612270341537
18 85.2 95 111.52 4.842522026970558e-5
18 85.2 96 111.52 0.0038571036887563113
18 85.2 97 111.52 0.013556359302601139
18 85.2 98 111.52 0.005689166815990275
18 85.2 99 111.52 0.04562295035171047
18 85.2 100 111.52 0.006202035348220404
19 85.2 19 0.0 0.02627628750209131
19 85.2 20 0.0 0.05601678928758113
19 85.2 21 18.6 0.0446304694870166
19 85.2 22 18.6 0.0009056283859211152
19 85.2 23 18.6 0.05266694944083487
19 85.2 24 18.6 0.005499050643310727
19 85.2 25 18.6 0.015597425733572088
19 85.2 26 18.6 0.0032701402718738593
19 85.2 27 18.6 0.004522373937582878
19 85.2 28 18.6 0.0006951790736126273
19 85.2 29 18.6 0.018383620705260544
19 85.2 30 50.13 1.5719033425179226e-28
19 85.2 31 50.13 2.094935402721605e-29
19 85.2 32 50.13 2.3477024679993187e-29
19 85.2 33 50.13 4.356147007137524e-29
19 85.2 34 50.13 1.3879020420059506e-28
19 85.2 35 55.71 0.04093497927966632
19 85.2 36 55.71 0.011676055501849063
19 85.2 37 55.71 0.009498273597726514
19 85.2 38 55.71 0.025535277035312207
19 85.2 39 55.71 0.009177877304757298
19 85.2 40 55.71 0.013184932635256805
19 85.2 41 55.71 0.0015462138442018639
19 85.2 42 55.71 0.029844788861408615
19 85.2 43 55.71 0.02136143472373996
19 85.2 44 55.71 0.02657267829196129
19 85.2 45 55.71 0.022994080473357856
19 85.2 46 55.71 0.03847750226159706
19 85.2 47 55.71 0.028175899614112272
19 85.2 48 55.71 0.03572178795387035
19 85.2 49 55.71 0.006762704667561187
19 85.2 50 61.4 9.674693720971055e-30
19 85.2 51 61.4 2.2283678047926852e-29
19 85.2 52 61.4 5.186553281676741e-31
19 85.2 53 61.4 5.42589953015312e-29
19 85.2 54 61.4 1.6900119957228931e-31
19 85.2 55 61.4 2.376574663204191e-29
19 85.2 56 61.4 5.7802656393441345e-30
19 85.2 57 61.4 2.0933313814858524e-29
19 85.2 58 61.4 2.6694146628255757e-29
19 85.2 59 61.4 7.838571394563533e-31
19 85.2 60 61.4 7.0805981038674185e-31
19 85.2 61 61.4 1.73513055373353e-29
19 85.2 62 61.4 2.4242094038009592e-29
19 85.2 63 61.4 1.9214064058676928e-29
19 85.2 64 61.4 7.232301333379324e-30
19 85.2 65 61.4 9.875717549210326e-29
19 85.2 66 61.4 8.731164324328761e-29
19 85.2 67 61.4 3.7939818212114416e-29
19 85.2 68 80.0 3.0612260100039216e-32
19 85.2 69 80.0 1.0743170916326258e-31
19 85.2 70 80.0 6.762043003795805e-32
19 85.2 71 80.0 1.6429125798027776e-30
19 85.2 72 80.0 4.726048782861157e-30
19 85.2 73 80.0 1.6018116753877085e-30
19 85.2 74 80.0 9.772137053149208e-31
19 85.2 75 80.0 2.089450632425783e-31
19 85.2 76 80.0 5.370194811669143e-31
19 85.2 77 80.0 3.5706172351368115e-30
19 85.2 78 80.0 2.8214565283810866e-30
19 85.2 79 80.0 3.489838157649241e-30
19 85.2 80 80.0 1.2059131170010617e-30
19 85.2 81 80.0 1.0947979229684202e-31
19 85.2 82 80.0 2.364185795599056e-30
19 85.2 83 80.0 2.8232598706939978e-30
19 85.2 84 80.0 1.8431287695845327e-30
19 85.2 85 80.0 3.8803428559311215e-30
19 85.2 86 111.52 0.03524019837676129
19 85.2 87 111.52 0.0009413771651133088
19 85.2 88 111.52 0.01643725157585298
19 85.2 89 111.52 0.007831493524165806
19 85.2 90 111.52 0.004858911082638909
19 85.2 91 111.52 0.05386936409365758
19 85.2 92 111.52 0.020190209559426565
19 85.2 93 111.52 0.005383050343156702
19 85.2 94 111.52 0.007138870868528356
19 85.2 95 111.52 0.0027017563518811796
19 85.2 96 111.52 0.0030704833497231586
19 85.2 97 111.52 0.000855038677040581
19 85.2 98 111.52 0.0068217138361949
19 85.2 99 111.52 0.004515939536657875
19 85.2 100 111.52 0.013525965584612592
20 85.2 20 0.0 0.01508247315782571
20 85.2 21 18.6 0.003395602982871169
20 85.2 22 18.6 0.05286379815492717
20 85.2 23 18.6 0.016852689705738787
20 85.2 24 18.6 0.019551327214688143
20 85.2 25 18.6 0.011500180023491584
20 85.2 26 18.6 0.006762088708458751
20 85.2 27 18.6 0.009128600449786448
20 85.2 28 18.6 0.03561017407986438
20 85.2 29 18.6 0.011282656258280455
20 85.2 30 50.13 2.7274354526762823e-29
20 85.2 31 50.13 2.9098747362083618e-30
20 85.2 32 50.13 1.3046458987795682e-29
20 85.2 33 50.13 5.4990886383638125e-30
20 85.2 34 50.13 1.208995037192461e-28
20 85.2 35 55.71 0.003169965099051108
20 85.2 36 55.71 0.03492776958972788
20 85.2 37 55.71 0.005686075883958156
20 85.2 38 55.71 0.020929017996337625
20 85.2 39 55.71 0.0020521424452330742
20 85.2 40 55.71 0.006811529656378842
20 85.2 41 55.71 0.06924053626800293
20 85.2 42 55.71 0.009894248790863487
20 85.2 43 55.71 0.01681623134586178
20 85.2 44 55.71 0.00985550247070302
20 85.2 45 55.71 0.06231315280381872
20 85.2 46 55.71 0.007209021429326058
20 85.2 47 55.71 0.012813328904644625
20 85.2 48 55.71 0.07182490343138942
20 85.2 49 55.71 0.006690997638100512
20 85.2 50 61.4 7.392106874481071e-29
20 85.2 51 61.4 6.188306566190317e-29
20 85.2 52 61.4 1.4602916967897314e-30
20 85.2 53 61.4 1.3694751219705396e-29
20 85.2 54 61.4 5.8301299174150125e-31
20 85.2 55 61.4 2.2539172068793105e-29
20 85.2 56 61.4 5.294558907471622e-30
20 85.2 57 61.4 3.5867270897473636e-30
20 85.2 58 61.4 4.0241482064107145e-30
20 85.2 59 61.4 6.188989589460003e-31
20 85.2 60 61.4 7.213964917198561e-32
20 85.2 61 61.4 7.965364216851268e-30
20 85.2 62 61.4 3.997501616995844e-30
20 85.2 63 61.4 8.668379869075e-30
20 85.2 64 61.4 5.992936221357335e-30
20 85.2 65 61.4 1.3459855390955319e-28
20 85.2 66 61.4 2.4323443912807017e-29
20 85.2 67 61.4 4.0538274186042906e-29
20 85.2 68 80.0 1.3318414644792654e-31
20 85.2 69 80.0 1.3691186914173115e-31
20 85.2 70 80.0 1.5221010904878772e-31
20 85.2 71 80.0 7.230293148890439e-30
20 85.2 72 80.0 3.233263195456257e-30
20 85.2 73 80.0 2.3435258652710617e-30
20 85.2 74 80.0 4.392327380340362e-30
20 85.2 75 80.0 2.1652910522631577e-31
20 85.2 76 80.0 8.289594606862944e-31
20 85.2 77 80.0 2.5000089522311478e-30
20 85.2 78 80.0 3.3368808421898846e-30
20 85.2 79 80.0 4.1671841992231844e-30
20 85.2 80 80.0 1.4719107082141952e-30
20 85.2 81 80.0 4.1811303264405915e-30
20 85.2 82 80.0 6.018845765930924e-30
20 85.2 83 80.0 1.9195190798475438e-30
20 85.2 84 80.0 4.399912934795123e-30
20 85.2 85 80.0 4.903509092670367e-30
20 85.2 86 111.52 0.019857064857294097
20 85.2 87 111.52 0.004709042690061772
20 85.2 88 111.52 0.024847815344655483
20 85.2 89 111.52 0.004962367411155714
20 85.2 90 111.52 0.022157703487839367
20 85.2 91 111.52 0.007638419599307703
20 85.2 92 111.52 0.0062095417918672765
20 85.2 93 111.52 0.007963062838095848
20 85.2 94 111.52 0.0009579545726853573
20 85.2 95 111.52 0.027650599499836073
20 85.2 96 111.52 0.0020629081650167056
20 85.2 97 111.52 0.011158614952209992
20 85.2 98 111.52 0.002932868810974343
20 85.2 99 111.52 0.006182313635945204
20 85.2 100 111.52 0.0058436253877913935
