1 0.0 1  0.0 2.87465940210488e-30
1 0.0 2  37.16 0.3333333333333334
1 0.0 3  37.16 0.33333333333333304
1 0.0 4  37.16 0.33333333333333365
1 0.0 5  61.4 1.8849055311000743e-30
1 0.0 6  61.4 6.1330285999323465e-30
1 0.0 7  61.4 1.2191019988096238e-31
1 0.0 8  70.13 2.1602351648892638e-30
1 0.0 9  70.13 1.3722718362312477e-32
1 0.0 10  70.13 2.642522361164983e-31
1 0.0 11  70.13 2.9107611167992035e-31
1 0.0 12  70.13 1.5565378034267175e-32
1 0.0 13  95.24 3.4205316562765455e-31
1 0.0 14  95.24 2.203175691850708e-31
1 0.0 15  95.24 1.1702185821210598e-30
1 0.0 16  95.24 1.0015997250321503e-31
1 0.0 17  95.24 1.1580817943651871e-31
1 0.0 18  98.55 1.4170130539245478e-30
1 0.0 19  98.55 2.5205534019688227e-31
1 0.0 20  98.55 4.3058541316175314e-31
1 0.0 21  98.55 2.9558891561112e-31
1 0.0 22  98.55 5.3767658100851865e-31
1 0.0 23  98.55 4.542384461697198e-31
1 0.0 24  98.55 3.2942093716220446e-31
1 0.0 25  98.55 1.696279178510094e-30
1 0.0 26  98.55 5.6493290005807015e-31
1 0.0 27  122.79 4.7913591602181115e-33
1 0.0 28  122.79 1.0310165275615227e-32
1 0.0 29  122.79 5.158235258387431e-33
1 0.0 30  122.79 3.122677935149655e-31
1 0.0 31  122.79 8.582203395025652e-33
1 0.0 32  122.79 4.5932081312083315e-31
1 0.0 33  131.53 3.2606168300645875e-33
1 0.0 34  131.53 4.272036348234269e-33
1 0.0 35  131.53 1.0557608045539013e-32
1 0.0 36  131.53 2.491332224530855e-32
1 0.0 37  131.53 8.229983106307381e-33
1 0.0 38  131.53 8.61613286881518e-33
1 0.0 39  131.53 6.149276033184197e-33
1 0.0 40  131.53 2.33554107598219e-32
1 0.0 41  131.53 1.5123072412508383e-31
1 0.0 42  131.53 8.251633342184671e-33
1 0.0 43  131.53 2.772268666208114e-33
1 0.0 44  131.53 4.619081718305967e-33
1 0.0 45  131.53 3.7482132797297464e-33
1 0.0 46  131.53 6.859920716026892e-33
1 0.0 47  131.53 3.457890001160959e-33
1 0.0 48  136.59 3.5878616898552417e-31
1 0.0 49  136.59 3.016600651944316e-31
1 0.0 50  136.59 3.1456434183466905e-31
1 0.0 51  136.59 1.9952344882824135e-31
1 0.0 52  136.59 4.787069528026894e-32
1 0.0 53  156.64 6.254060963821272e-33
1 0.0 54  156.64 3.4213416667132407e-32
1 0.0 55  156.64 1.0282949415278189e-32
1 0.0 56  156.64 2.192911113276679e-33
1 0.0 57  156.64 3.34581935771296e-33
1 0.0 58  156.64 6.198708519055072e-33
1 0.0 59  156.64 1.4766158588018906e-32
1 0.0 60  156.64 7.574874198339707e-33
1 0.0 61  156.64 6.001490842149707e-33
1 0.0 62  156.64 1.0820887053916898e-33
1 0.0 63  156.64 2.794422279377389e-33
1 0.0 64  156.64 6.340671352532054e-33
1 0.0 65  156.64 8.144885254600878e-33
1 0.0 66  156.64 7.706929078721303e-33
1 0.0 67  156.64 4.604707309389196e-33
1 0.0 68  159.95 8.792516647598888e-33
1 0.0 69  159.95 4.1353032657008847e-32
1 0.0 70  159.95 7.29752704596358e-33
1 0.0 71  159.95 5.732772192951739e-33
1 0.0 72  159.95 1.813004160718166e-33
1 0.0 73  159.95 2.2191937227073724e-33
1 0.0 74  159.95 8.980444808697186e-33
1 0.0 75  159.95 4.010818087300613e-33
1 0.0 76  159.95 8.25603599337068e-33
1 0.0 77  159.95 7.721779839107377e-33
1 0.0 78  159.95 2.0071382494111124e-33
1 0.0 79  159.95 7.730052361805974e-32
1 0.0 80  159.95 1.7815981309003477e-32
1 0.0 81  159.95 4.371467210224777e-33
1 0.0 82  159.95 1.0925258962277064e-32
1 0.0 83  159.95 5.587254769329802e-33
1 0.0 84  159.95 6.359623501502892e-33
1 0.0 85  159.95 5.998527232560312e-33
1 0.0 86  192.92 8.015147413361357e-34
1 0.0 87  192.92 9.52563846561539e-34
1 0.0 88  192.92 1.798556874678228e-33
1 0.0 89  192.92 1.0809105155371446e-33
1 0.0 90  192.92 2.20421174695906e-34
1 0.0 91  192.92 2.1989162472052805e-34
1 0.0 92  192.92 1.0231441828327407e-33
1 0.0 93  192.92 7.842660049205324e-34
1 0.0 94  192.92 4.398482061226826e-34
1 0.0 95  192.92 7.869031488432626e-34
1 0.0 96  192.93 8.928429174138453e-34
1 0.0 97  192.93 1.0210428769018154e-33
1 0.0 98  192.93 2.9821976429408188e-33
1 0.0 99  192.93 3.1406147962223794e-34
1 0.0 100  192.93 4.009132348227826e-33
2 37.16 2  0.0 3.625879845874017e-31
2 37.16 3  0.0 3.084139013155397e-31
2 37.16 4  0.0 1.4932721067832356e-30
2 37.16 5  24.24 2.185195938771411e-30
2 37.16 6  24.24 9.39484221047413e-30
2 37.16 7  24.24 3.184884804779497e-30
2 37.16 8  32.97 0.09499548103968258
2 37.16 9  32.97 0.006978999582146675
2 37.16 10  32.97 0.09762369923165126
2 37.16 11  32.97 0.03661630513604574
2 37.16 12  32.97 0.03900007854422455
2 37.16 13  58.09 0.05615712321811339
2 37.16 14  58.09 0.05433674001016088
2 37.16 15  58.09 0.029012889013806505
2 37.16 16  58.09 0.032582422496638626
2 37.16 17  58.09 0.02797852565430091
2 37.16 18  61.4 6.396007850640176e-28
2 37.16 19  61.4 2.7480182736647686e-28
2 37.16 20  61.4 2.8483960040563598e-30
2 37.16 21  61.4 1.2071156426470843e-29
2 37.16 22  61.4 1.645286792119014e-30
2 37.16 23  61.4 2.7697465472964815e-30
2 37.16 24  61.4 1.7527988705467353e-29
2 37.16 25  61.4 2.813184162368664e-28
2 37.16 26  61.4 1.8249859827999022e-30
2 37.16 27  85.63 3.893780423250072e-30
2 37.16 28  85.63 1.8680365459067505e-30
2 37.16 29  85.63 2.4439328141124757e-32
2 37.16 30  85.63 2.2545345198847795e-30
2 37.16 31  85.63 7.962197593946197e-31
2 37.16 32  85.63 5.815923328712226e-30
2 37.16 33  94.37 4.8245915978105815e-29
2 37.16 34  94.37 1.307187875259298e-31
2 37.16 35  94.37 2.7214207312256187e-32
2 37.16 36  94.37 1.8035245496895983e-29
2 37.16 37  94.37 3.7454455298150195e-30
2 37.16 38  94.37 6.492710388909041e-31
2 37.16 39  94.37 6.554814563880606e-31
2 37.16 40  94.37 4.547348825593185e-30
2 37.16 41  94.37 5.252065758154422e-29
2 37.16 42  94.37 2.1573023664587914e-32
2 37.16 43  94.37 1.0025518349685499e-31
2 37.16 44  94.37 6.556250513954232e-32
2 37.16 45  94.37 1.1211243165085772e-32
2 37.16 46  94.37 1.384076820449852e-32
2 37.16 47  94.37 2.3917608179891595e-29
2 37.16 48  99.43 0.06931056578696013
2 37.16 49  99.43 0.006653677182323044
2 37.16 50  99.43 0.0223415726365416
2 37.16 51  99.43 0.07221558070192517
2 37.16 52  99.43 0.02378403450649231
2 37.16 53  119.48 1.4828997772191968e-31
2 37.16 54  119.48 2.3058154283350576e-30
2 37.16 55  119.48 2.3228960288643253e-30
2 37.16 56  119.48 6.326128815144658e-33
2 37.16 57  119.48 9.818405469288124e-33
2 37.16 58  119.48 9.568961446515572e-33
2 37.16 59  119.48 2.391525648680067e-32
2 37.16 60  119.48 9.524897816508044e-33
2 37.16 61  119.48 3.7823042593765186e-31
2 37.16 62  119.48 1.7509863179475817e-32
2 37.16 63  119.48 3.856725280877499e-32
2 37.16 64  119.48 1.6245685748840596e-31
2 37.16 65  119.48 1.6474398999985983e-32
2 37.16 66  119.48 1.7644905825154817e-32
2 37.16 67  119.48 2.2353935174993188e-30
2 37.16 68  122.79 3.3743176895489293e-32
2 37.16 69  122.79 5.262272625963179e-31
2 37.16 70  122.79 1.6960150232106421e-32
2 37.16 71  122.79 5.342900096937527e-32
2 37.16 72  122.79 8.023031224145979e-33
2 37.16 73  122.79 1.1249894370824064e-32
2 37.16 74  122.79 1.374271987748574e-32
2 37.16 75  122.79 2.0711535192304864e-32
2 37.16 76  122.79 1.8121485665919995e-32
2 37.16 77  122.79 1.0228531818577749e-31
2 37.16 78  122.79 2.4754397083023875e-32
2 37.16 79  122.79 1.1408857416283611e-30
2 37.16 80  122.79 7.776666319138384e-32
2 37.16 81  122.79 6.697318481242725e-33
2 37.16 82  122.79 4.690026494153577e-31
2 37.16 83  122.79 6.063079875075375e-32
2 37.16 84  122.79 2.790952184581577e-31
2 37.16 85  122.79 1.769444744043024e-30
2 37.16 86  155.77 1.1005658112835293e-32
2 37.16 87  155.77 9.494016358564944e-33
2 37.16 88  155.77 1.946292784797724e-32
2 37.16 89  155.77 8.735856872900791e-33
2 37.16 90  155.77 3.578464128757062e-33
2 37.16 91  155.77 6.048176223445777e-33
2 37.16 92  155.77 2.2618722777228689e-32
2 37.16 93  155.77 3.604458481498733e-33
2 37.16 94  155.77 1.4820749666389177e-32
2 37.16 95  155.77 2.7738639799654407e-33
2 37.16 96  155.77 3.576845026237324e-32
2 37.16 97  155.77 2.8939123746457466e-32
2 37.16 98  155.77 2.369327175029051e-32
2 37.16 99  155.77 3.9976861721924076e-32
2 37.16 100  155.77 4.14861069976447e-31
3 37.16 3  0.0 5.649647466270226e-31
3 37.16 4  0.0 1.609184436636555e-30
3 37.16 5  24.24 1.065261338673327e-30
3 37.16 6  24.24 9.713645152938659e-30
3 37.16 7  24.24 1.3763154702715459e-30
3 37.16 8  32.97 0.07015835026414331
3 37.16 9  32.97 0.011323426895354462
3 37.16 10  32.97 0.036135060570505986
3 37.16 11  32.97 0.03540390343201718
3 37.16 12  32.97 0.0677573089569523
3 37.16 13  58.09 0.010466040498374815
3 37.16 14  58.09 0.006361798861137895
3 37.16 15  58.09 0.028282120026995844
3 37.16 16  58.09 0.04231237010373952
3 37.16 17  58.09 0.05647218736844575
3 37.16 18  61.4 6.9924327399279195e-28
3 37.16 19  61.4 3.063107571698203e-29
3 37.16 20  61.4 3.803469809294767e-31
3 37.16 21  61.4 3.3513899941352147e-29
3 37.16 22  61.4 2.0229627423115447e-30
3 37.16 23  61.4 7.579604970812869e-30
3 37.16 24  61.4 2.2344196104300545e-30
3 37.16 25  61.4 7.780964087602506e-29
3 37.16 26  61.4 3.103055379023271e-31
3 37.16 27  85.63 8.948497793778602e-30
3 37.16 28  85.63 3.5022375723064366e-30
3 37.16 29  85.63 1.2383800890799906e-32
3 37.16 30  85.63 3.515237736056632e-30
3 37.16 31  85.63 2.237228413195469e-30
3 37.16 32  85.63 4.58608246616328e-30
3 37.16 33  94.37 8.368390483985343e-29
3 37.16 34  94.37 2.1912003475264254e-31
3 37.16 35  94.37 1.3783023624641676e-31
3 37.16 36  94.37 4.595450312729871e-29
3 37.16 37  94.37 4.903922635049511e-30
3 37.16 38  94.37 1.4804179959851925e-30
3 37.16 39  94.37 5.924926117794387e-31
3 37.16 40  94.37 4.7112651313254545e-30
3 37.16 41  94.37 5.683196345080658e-29
3 37.16 42  94.37 7.775305440365492e-32
3 37.16 43  94.37 1.6583479160831423e-31
3 37.16 44  94.37 1.8269282873266365e-31
3 37.16 45  94.37 7.618181109637511e-32
3 37.16 46  94.37 1.1507422516011931e-31
3 37.16 47  94.37 2.657054436755594e-29
3 37.16 48  99.43 0.08264872166426941
3 37.16 49  99.43 0.01044924429835014
3 37.16 50  99.43 0.05043030296380642
3 37.16 51  99.43 0.12433851537071627
3 37.16 52  99.43 0.03806683188262735
3 37.16 53  119.48 2.2284538129913235e-31
3 37.16 54  119.48 2.5789620511501074e-30
3 37.16 55  119.48 3.983698675875252e-30
3 37.16 56  119.48 4.040863068247613e-32
3 37.16 57  119.48 7.024972178779079e-32
3 37.16 58  119.48 2.23900476522579e-32
3 37.16 59  119.48 1.0199797103250874e-31
3 37.16 60  119.48 1.028925632585626e-31
3 37.16 61  119.48 7.404508890546329e-31
3 37.16 62  119.48 1.0029356804899777e-31
3 37.16 63  119.48 1.8386704557969038e-31
3 37.16 64  119.48 5.179180654769415e-31
3 37.16 65  119.48 3.4644852180498426e-32
3 37.16 66  119.48 1.078234162848529e-31
3 37.16 67  119.48 3.0049836664868834e-30
3 37.16 68  122.79 1.0999431077911369e-32
3 37.16 69  122.79 1.7726211656292283e-31
3 37.16 70  122.79 7.190073584436696e-32
3 37.16 71  122.79 3.134439207549251e-32
3 37.16 72  122.79 4.9076121637920125e-32
3 37.16 73  122.79 1.912439306934028e-32
3 37.16 74  122.79 5.695607231655915e-32
3 37.16 75  122.79 1.9883076627454216e-32
3 37.16 76  122.79 2.400466310324854e-32
3 37.16 77  122.79 1.9184594259120478e-31
3 37.16 78  122.79 1.8379444670459103e-31
3 37.16 79  122.79 2.138458202323588e-30
3 37.16 80  122.79 1.0000188783304137e-31
3 37.16 81  122.79 2.389893801636746e-32
3 37.16 82  122.79 4.232793757464449e-31
3 37.16 83  122.79 3.563539187318702e-32
3 37.16 84  122.79 1.0409067565292144e-31
3 37.16 85  122.79 1.4364608965879958e-30
3 37.16 86  155.77 3.222555498760601e-33
3 37.16 87  155.77 5.4017242046509427e-33
3 37.16 88  155.77 4.762009978715299e-33
3 37.16 89  155.77 1.7767827979271407e-33
3 37.16 90  155.77 3.80316510019516e-33
3 37.16 91  155.77 2.6610203654098556e-33
3 37.16 92  155.77 3.5833033278467245e-33
3 37.16 93  155.77 5.17189902940832e-33
3 37.16 94  155.77 7.876999453405158e-33
3 37.16 95  155.77 7.743132898835377e-33
3 37.16 96  155.77 2.0995679649733415e-32
3 37.16 97  155.77 2.4595618204531203e-32
3 37.16 98  155.77 2.0258195305754313e-32
3 37.16 99  155.77 4.6272069549535957e-32
3 37.16 100  155.77 5.778394150112689e-31
4 37.16 4  0.0 7.005324213097902e-30
4 37.16 5  24.24 1.0045532744543474e-30
4 37.16 6  24.24 9.405379054396905e-30
4 37.16 7  24.24 1.5595072498032295e-30
4 37.16 8  32.97 0.08183864943144843
4 37.16 9  32.97 0.003853326046508224
4 37.16 10  32.97 0.0641661014204697
4 37.16 11  32.97 0.019502968366590743
4 37.16 12  32.97 0.023909031382960824
4 37.16 13  58.09 0.0712812162412304
4 37.16 14  58.09 0.06158585685764832
4 37.16 15  58.09 0.07191700859006007
4 37.16 16  58.09 0.020744064597989414
4 37.16 17  58.09 0.03024891464504338
4 37.16 18  61.4 1.5122942629339336e-27
4 37.16 19  61.4 2.1923203375847985e-28
4 37.16 20  61.4 2.3710762987509475e-30
4 37.16 21  61.4 1.5142790549159433e-29
4 37.16 22  61.4 5.160942351595574e-30
4 37.16 23  61.4 9.563720272623234e-30
4 37.16 24  61.4 1.1345002851088573e-29
4 37.16 25  61.4 3.9740318127529487e-28
4 37.16 26  61.4 3.0832320616863827e-30
4 37.16 27  85.63 2.7429149500711367e-30
4 37.16 28  85.63 1.6885196208093044e-30
4 37.16 29  85.63 8.997334848877332e-33
4 37.16 30  85.63 3.451936526469e-30
4 37.16 31  85.63 3.268696588958658e-30
4 37.16 32  85.63 7.161071245728069e-30
4 37.16 33  94.37 3.2759011600998493e-29
4 37.16 34  94.37 9.021257157682623e-32
4 37.16 35  94.37 1.6780699484331536e-31
4 37.16 36  94.37 2.529036874237518e-29
4 37.16 37  94.37 1.808110375694529e-30
4 37.16 38  94.37 1.1301259655661576e-30
4 37.16 39  94.37 4.44105244464828e-31
4 37.16 40  94.37 2.5379369095691534e-30
4 37.16 41  94.37 3.449348921581709e-29
4 37.16 42  94.37 5.243950485612742e-32
4 37.16 43  94.37 9.647927399824088e-32
4 37.16 44  94.37 1.0866620053375277e-31
4 37.16 45  94.37 2.494345344250374e-32
4 37.16 46  94.37 4.5590161632998394e-32
4 37.16 47  94.37 3.8588836181350676e-29
4 37.16 48  99.43 0.11295235122891392
4 37.16 49  99.43 0.00951626723916226
4 37.16 50  99.43 0.03959196530864478
4 37.16 51  99.43 0.04974165224842705
4 37.16 52  99.43 0.01616592193247605
4 37.16 53  119.48 3.828422845380337e-31
4 37.16 54  119.48 3.391918506398485e-30
4 37.16 55  119.48 2.7573259217078804e-30
4 37.16 56  119.48 3.017884562888482e-32
4 37.16 57  119.48 3.757660284191648e-32
4 37.16 58  119.48 3.4307491584987157e-32
4 37.16 59  119.48 8.371747224754015e-32
4 37.16 60  119.48 3.787720191859887e-32
4 37.16 61  119.48 7.965883013039131e-31
4 37.16 62  119.48 8.77557750919986e-32
4 37.16 63  119.48 7.402382502111171e-32
4 37.16 64  119.48 1.0771293708292303e-31
4 37.16 65  119.48 3.6248729471207973e-32
4 37.16 66  119.48 6.606601117747376e-32
4 37.16 67  119.48 1.4246050636914332e-30
4 37.16 68  122.79 2.1866008887256554e-32
4 37.16 69  122.79 1.726387691032591e-31
4 37.16 70  122.79 1.6968569637988156e-32
4 37.16 71  122.79 1.2486167091941858e-32
4 37.16 72  122.79 7.323370516518891e-33
4 37.16 73  122.79 6.064490454093497e-33
4 37.16 74  122.79 6.335388910545373e-33
4 37.16 75  122.79 8.698506320378528e-33
4 37.16 76  122.79 1.5637165839959133e-32
4 37.16 77  122.79 1.3797881111178841e-31
4 37.16 78  122.79 9.187598355020016e-33
4 37.16 79  122.79 1.5099589187924086e-30
4 37.16 80  122.79 7.399048869607051e-32
4 37.16 81  122.79 4.4560617087964344e-33
4 37.16 82  122.79 2.8866971028782527e-31
4 37.16 83  122.79 1.4168790902493612e-32
4 37.16 84  122.79 8.433704710624489e-32
4 37.16 85  122.79 1.4217142641318465e-30
4 37.16 86  155.77 1.3288380834938953e-33
4 37.16 87  155.77 2.737060359460989e-33
4 37.16 88  155.77 3.0087756567921657e-33
4 37.16 89  155.77 2.0591963383559624e-33
4 37.16 90  155.77 4.43244775858477e-33
4 37.16 91  155.77 4.91988642860419e-34
4 37.16 92  155.77 3.683931381859661e-33
4 37.16 93  155.77 2.8581028100741747e-33
4 37.16 94  155.77 3.1052784072513224e-33
4 37.16 95  155.77 3.3194452830429076e-33
4 37.16 96  155.77 1.3291309676117544e-32
4 37.16 97  155.77 5.877985218288876e-33
4 37.16 98  155.77 6.72984779629515e-33
4 37.16 99  155.77 1.0388395536528652e-32
4 37.16 100  155.77 1.2266770186307971e-31
5 61.4 5  0.0 6.444970580148442e-31
5 61.4 6  0.0 1.2135259272240718e-30
5 61.4 7  0.0 1.8148375687083967e-31
5 61.4 8  8.74 2.166169123962959e-30
5 61.4 9  8.74 1.5376846833115294e-30
5 61.4 10  8.74 6.540021634972419e-30
5 61.4 11  8.74 3.0942008740592826e-30
5 61.4 12  8.74 2.7376887617954414e-30
5 61.4 13  33.85 9.423630656642767e-28
5 61.4 14  33.85 2.736750803310422e-28
5 61.4 15  33.85 1.664981045301261e-27
5 61.4 16  33.85 2.238680026083609e-28
5 61.4 17  33.85 2.1418733758358838e-29
5 61.4 18  37.16 0.05719816385991709
5 61.4 19  37.16 0.07909055129114467
5 61.4 20  37.16 0.16667894278648235
5 61.4 21  37.16 0.07052706984086178
5 61.4 22  37.16 0.15132911195200816
5 61.4 23  37.16 0.03437337609208979
5 61.4 24  37.16 0.2013328857585172
5 61.4 25  37.16 0.22040940963215278
5 61.4 26  37.16 0.0801795648485446
5 61.4 27  61.4 1.3930000799584256e-30
5 61.4 28  61.4 6.556051636242543e-31
5 61.4 29  61.4 2.5782267941562647e-31
5 61.4 30  61.4 1.1838140385739977e-29
5 61.4 31  61.4 2.4517469074484242e-30
5 61.4 32  61.4 2.120853646110915e-30
5 61.4 33  70.13 1.3641600128648737e-30
5 61.4 34  70.13 4.727685628682397e-32
5 61.4 35  70.13 1.5498296555259796e-32
5 61.4 36  70.13 1.466527300034549e-30
5 61.4 37  70.13 7.644480559112689e-31
5 61.4 38  70.13 6.617445642722635e-32
5 61.4 39  70.13 3.983394478992627e-31
5 61.4 40  70.13 1.3644063606510964e-31
5 61.4 41  70.13 3.322319068624719e-31
5 61.4 42  70.13 2.634103040422622e-32
5 61.4 43  70.13 1.6066636989850917e-32
5 61.4 44  70.13 3.812338544516846e-32
5 61.4 45  70.13 1.7951778959122184e-32
5 61.4 46  70.13 2.8441648015749155e-32
5 61.4 47  70.13 6.584119863533698e-31
5 61.4 48  75.19 7.624163096491528e-31
5 61.4 49  75.19 1.4431031761584553e-30
5 61.4 50  75.19 2.019709087909424e-30
5 61.4 51  75.19 8.242829468819508e-31
5 61.4 52  75.19 3.0566529407626477e-30
5 61.4 53  95.24 1.3362484740082549e-31
5 61.4 54  95.24 7.1709941135710615e-31
5 61.4 55  95.24 6.105725262789758e-31
5 61.4 56  95.24 1.5276505850070261e-32
5 61.4 57  95.24 2.0698733264581143e-31
5 61.4 58  95.24 1.8216462947990813e-32
5 61.4 59  95.24 1.205551296923664e-32
5 61.4 60  95.24 7.67004953846105e-33
5 61.4 61  95.24 5.1954228813032115e-31
5 61.4 62  95.24 2.920921822018721e-32
5 61.4 63  95.24 6.555724953724847e-32
5 61.4 64  95.24 5.29353210059406e-31
5 61.4 65  95.24 4.708270808666869e-31
5 61.4 66  95.24 7.824016314133074e-33
5 61.4 67  95.24 2.2251625525470714e-31
5 61.4 68  98.55 7.86274919804217e-33
5 61.4 69  98.55 7.520508696867439e-31
5 61.4 70  98.55 1.7083350744304511e-31
5 61.4 71  98.55 4.0848283889146346e-32
5 61.4 72  98.55 9.63718620778922e-33
5 61.4 73  98.55 1.2674159382904442e-32
5 61.4 74  98.55 1.3150221926831917e-31
5 61.4 75  98.55 1.6427389433769805e-32
5 61.4 76  98.55 2.078710515863107e-32
5 61.4 77  98.55 1.9333072739218404e-31
5 61.4 78  98.55 8.326784735011963e-32
5 61.4 79  98.55 1.3296134346378843e-30
5 61.4 80  98.55 9.52283654973429e-32
5 61.4 81  98.55 2.179297510944165e-33
5 61.4 82  98.55 1.6268789179111274e-31
5 61.4 83  98.55 9.59299011706508e-33
5 61.4 84  98.55 3.6073749788909436e-31
5 61.4 85  98.55 1.5177971305684307e-30
5 61.4 86  131.53 4.965901565110163e-33
5 61.4 87  131.53 6.875599648697941e-33
5 61.4 88  131.53 7.223415065770363e-33
5 61.4 89  131.53 6.974591183067222e-33
5 61.4 90  131.53 5.025466399817104e-33
5 61.4 91  131.53 1.0828080492594495e-32
5 61.4 92  131.53 4.743358857720229e-33
5 61.4 93  131.53 7.426479131555086e-33
5 61.4 94  131.53 1.308388779054234e-32
5 61.4 95  131.53 7.623346817920032e-33
5 61.4 96  131.53 7.63766404984405e-32
5 61.4 97  131.53 2.5987191210395106e-32
5 61.4 98  131.53 6.1610767109595867e-33
5 61.4 99  131.53 2.9016946779972976e-32
5 61.4 100  131.53 2.9639447502504843e-31
6 61.4 6  0.0 6.1794561225211544e-30
6 61.4 7  0.0 3.345092836208818e-30
6 61.4 8  8.74 9.788059741584427e-30
6 61.4 9  8.74 1.9304927795609142e-30
6 61.4 10  8.74 2.4366248503525305e-30
6 61.4 11  8.74 2.654123705649005e-30
6 61.4 12  8.74 3.772824099738704e-30
6 61.4 13  33.85 3.2490829850200265e-28
6 61.4 14  33.85 2.5627252986150987e-28
6 61.4 15  33.85 3.32170933971305e-27
6 61.4 16  33.85 6.64557275294185e-29
6 61.4 17  33.85 7.440822556760212e-29
6 61.4 18  37.16 0.12378964929337102
6 61.4 19  37.16 0.06617099897754188
6 61.4 20  37.16 0.13313580977673609
6 61.4 21  37.16 0.09820405662337207
6 61.4 22  37.16 0.14793032317892774
6 61.4 23  37.16 0.12050171228898861
6 61.4 24  37.16 0.08598432142142284
6 61.4 25  37.16 0.06951898765617026
6 61.4 26  37.16 0.14207080319700074
6 61.4 27  61.4 3.1318808065037132e-30
6 61.4 28  61.4 5.967254359912132e-31
6 61.4 29  61.4 4.293335565551228e-31
6 61.4 30  61.4 3.0808260148534964e-30
6 61.4 31  61.4 5.793086103691378e-30
6 61.4 32  61.4 3.975098781367575e-30
6 61.4 33  70.13 2.140070056976641e-30
6 61.4 34  70.13 2.181353083427143e-31
6 61.4 35  70.13 4.141353262767937e-31
6 61.4 36  70.13 1.4088766857919244e-30
6 61.4 37  70.13 1.4876321391616009e-30
6 61.4 38  70.13 2.83232827827377e-31
6 61.4 39  70.13 1.5448479912871893e-30
6 61.4 40  70.13 7.068020366084223e-31
6 61.4 41  70.13 1.9159972010001806e-30
6 61.4 42  70.13 4.97984023421695e-31
6 61.4 43  70.13 8.07113603397096e-32
6 61.4 44  70.13 3.275375184470817e-31
6 61.4 45  70.13 3.1602756898350963e-31
6 61.4 46  70.13 3.178831118064353e-31
6 61.4 47  70.13 2.2145222011013938e-30
6 61.4 48  75.19 1.5110926975491308e-30
6 61.4 49  75.19 2.0552050808114585e-30
6 61.4 50  75.19 6.513174942465758e-30
6 61.4 51  75.19 4.3088351046615476e-30
6 61.4 52  75.19 1.8815063545685248e-31
6 61.4 53  95.24 5.483193823008724e-31
6 61.4 54  95.24 1.2054913859652817e-30
6 61.4 55  95.24 1.6213893075048032e-30
6 61.4 56  95.24 1.6423964630879779e-31
6 61.4 57  95.24 1.0886382251718468e-30
6 61.4 58  95.24 2.6409404268551693e-31
6 61.4 59  95.24 5.101102293001924e-31
6 61.4 60  95.24 3.5650625191811797e-31
6 61.4 61  95.24 5.9460225428202456e-31
6 61.4 62  95.24 1.5015855286896787e-31
6 61.4 63  95.24 2.4875744855157986e-31
6 61.4 64  95.24 3.174130515191362e-31
6 61.4 65  95.24 4.243507448755742e-31
6 61.4 66  95.24 4.575796190481681e-31
6 61.4 67  95.24 9.343258253430085e-31
6 61.4 68  98.55 2.659201063236567e-31
6 61.4 69  98.55 5.685566271570232e-31
6 61.4 70  98.55 3.2701310795155593e-31
6 61.4 71  98.55 2.5490519651266997e-31
6 61.4 72  98.55 1.2325807630534068e-31
6 61.4 73  98.55 1.1295174599291148e-31
6 61.4 74  98.55 3.963118675871592e-31
6 61.4 75  98.55 2.1127862003478556e-31
6 61.4 76  98.55 1.6352801421796418e-31
6 61.4 77  98.55 3.2060182147382007e-31
6 61.4 78  98.55 2.321076120251982e-31
6 61.4 79  98.55 1.4443718822272094e-30
6 61.4 80  98.55 3.294063731345824e-31
6 61.4 81  98.55 8.434558860011069e-32
6 61.4 82  98.55 7.296038450808659e-31
6 61.4 83  98.55 1.6829105989922325e-31
6 61.4 84  98.55 5.923631409625443e-31
6 61.4 85  98.55 1.9128023728803537e-30
6 61.4 86  131.53 1.9395900802644416e-32
6 61.4 87  131.53 3.702697606007058e-32
6 61.4 88  131.53 2.0503437371959008e-32
6 61.4 89  131.53 2.4520287325844396e-32
6 61.4 90  131.53 1.6854983189625086e-32
6 61.4 91  131.53 2.299300468998178e-32
6 61.4 92  131.53 1.668801557572359e-32
6 61.4 93  131.53 2.2298602618646777e-32
6 61.4 94  131.53 4.806553455811596e-32
6 61.4 95  131.53 5.306959435778722e-32
6 61.4 96  131.53 2.2919890116471425e-31
6 61.4 97  131.53 8.078723349233723e-32
6 61.4 98  131.53 4.0134073508416805e-32
6 61.4 99  131.53 4.961082153845839e-32
6 61.4 100  131.53 5.0053860237213355e-31
7 61.4 7  0.0 7.3634782413687e-31
7 61.4 8  8.74 5.564999864497145e-30
7 61.4 9  8.74 6.39912304780419e-31
7 61.4 10  8.74 1.919500596309457e-30
7 61.4 11  8.74 6.128820131315618e-31
7 61.4 12  8.74 8.16428531454589e-31
7 61.4 13  33.85 1.7577245668335254e-28
7 61.4 14  33.85 7.930687994126805e-28
7 61.4 15  33.85 4.1441696694285285e-27
7 61.4 16  33.85 1.6318767476279477e-28
7 61.4 17  33.85 3.435578257534633e-28
7 61.4 18  37.16 0.1609003670425878
7 61.4 19  37.16 0.18779765667228435
7 61.4 20  37.16 0.04200419908591772
7 61.4 21  37.16 0.1793875731871544
7 61.4 22  37.16 0.01611898293828235
7 61.4 23  37.16 0.15978681421602398
7 61.4 24  37.16 0.037093364612584126
7 61.4 25  37.16 0.044279385382432736
7 61.4 26  37.16 0.11446746489792736
7 61.4 27  61.4 1.4804250629082713e-30
7 61.4 28  61.4 2.181068759486176e-31
7 61.4 29  61.4 2.310666588613227e-31
7 61.4 30  61.4 4.271592925403365e-30
7 61.4 31  61.4 1.051949782341479e-29
7 61.4 32  61.4 7.32722818795971e-30
7 61.4 33  70.13 1.2979940273713547e-30
7 61.4 34  70.13 1.3789085779472042e-31
7 61.4 35  70.13 3.9379034337129027e-32
7 61.4 36  70.13 2.9538068681653994e-31
7 61.4 37  70.13 7.754023028833834e-31
7 61.4 38  70.13 4.2200644791542464e-32
7 61.4 39  70.13 3.595155970045136e-31
7 61.4 40  70.13 1.2378723982400342e-31
7 61.4 41  70.13 1.0248284736376254e-30
7 61.4 42  70.13 7.456398339464517e-32
7 61.4 43  70.13 2.826412184822368e-32
7 61.4 44  70.13 5.009889152192534e-32
7 61.4 45  70.13 3.535311096013407e-32
7 61.4 46  70.13 4.296257528219055e-32
7 61.4 47  70.13 2.2821944619529984e-30
7 61.4 48  75.19 6.6600752105980865e-31
7 61.4 49  75.19 3.1130017494107166e-30
7 61.4 50  75.19 3.786856870909082e-30
7 61.4 51  75.19 2.3658757020796424e-30
7 61.4 52  75.19 2.7457286648288703e-30
7 61.4 53  95.24 1.5258940379907394e-31
7 61.4 54  95.24 9.12451533033497e-31
7 61.4 55  95.24 2.3281244111206724e-31
7 61.4 56  95.24 4.0256937328435087e-32
7 61.4 57  95.24 5.117226365632452e-31
7 61.4 58  95.24 9.222884321815582e-32
7 61.4 59  95.24 7.941910736251602e-32
7 61.4 60  95.24 1.6372454209322386e-32
7 61.4 61  95.24 6.645437875848347e-31
7 61.4 62  95.24 6.128730316789986e-32
7 61.4 63  95.24 9.13485083035838e-32
7 61.4 64  95.24 1.669161574786621e-31
7 61.4 65  95.24 6.15085761715802e-31
7 61.4 66  95.24 2.2493293406393774e-32
7 61.4 67  95.24 2.3916767187392763e-31
7 61.4 68  98.55 4.2339273050120416e-32
7 61.4 69  98.55 1.581560934777293e-30
7 61.4 70  98.55 3.750927579714171e-31
7 61.4 71  98.55 4.158322657573735e-31
7 61.4 72  98.55 1.541982312062656e-31
7 61.4 73  98.55 4.780184499754024e-32
7 61.4 74  98.55 4.763304732406731e-31
7 61.4 75  98.55 6.611394261074398e-32
7 61.4 76  98.55 6.418341024137005e-32
7 61.4 77  98.55 1.0543935516235545e-31
7 61.4 78  98.55 3.0210061567900706e-31
7 61.4 79  98.55 2.5367066308131924e-30
7 61.4 80  98.55 1.8580168691788686e-31
7 61.4 81  98.55 9.495346292448564e-32
7 61.4 82  98.55 2.1484686669339994e-31
7 61.4 83  98.55 1.1280494641773268e-31
7 61.4 84  98.55 1.102166248047736e-30
7 61.4 85  98.55 1.8229783637140202e-30
7 61.4 86  131.53 3.866625212223933e-33
7 61.4 87  131.53 4.390034075290393e-33
7 61.4 88  131.53 2.573262618503099e-32
7 61.4 89  131.53 4.013940764716242e-33
7 61.4 90  131.53 1.5735695655854938e-32
7 61.4 91  131.53 7.636367550466267e-33
7 61.4 92  131.53 1.211052700919511e-32
7 61.4 93  131.53 1.1447079624650665e-32
7 61.4 94  131.53 1.9512213803650263e-32
7 61.4 95  131.53 1.0639982679942359e-32
7 61.4 96  131.53 9.762015640508833e-32
7 61.4 97  131.53 3.2466490241122427e-32
7 61.4 98  131.53 2.4693524363553424e-32
7 61.4 99  131.53 6.017519874893022e-32
7 61.4 100  131.53 6.454027014257511e-31
8 70.13 8  0.0 0.024962052793762336
8 70.13 9  0.0 0.014434746278481691
8 70.13 10  0.0 0.04011899050812978
8 70.13 11  0.0 0.024893138528943842
8 70.13 12  0.0 0.02326561378683735
8 70.13 13  25.11 0.019599814299398294
8 70.13 14  25.11 0.0036084515052605855
8 70.13 15  25.11 0.010200692749661866
8 70.13 16  25.11 0.012630805425254962
8 70.13 17  25.11 0.013406661303245328
8 70.13 18  28.42 4.172364815801359e-28
8 70.13 19  28.42 5.003389808778569e-29
8 70.13 20  28.42 1.1884712097699644e-29
8 70.13 21  28.42 8.855494194367185e-30
8 70.13 22  28.42 5.055206715252757e-30
8 70.13 23  28.42 5.6315225605743456e-30
8 70.13 24  28.42 1.9054816264789504e-29
8 70.13 25  28.42 1.1982266479508006e-28
8 70.13 26  28.42 1.8260872210446438e-29
8 70.13 27  52.66 3.1562216881980044e-31
8 70.13 28  52.66 4.773609335351282e-31
8 70.13 29  52.66 1.0948213372853054e-31
8 70.13 30  52.66 1.665451479776797e-30
8 70.13 31  52.66 6.257717933332988e-31
8 70.13 32  52.66 1.9970605248986137e-30
8 70.13 33  61.4 9.115749594366303e-30
8 70.13 34  61.4 1.471429301893333e-31
8 70.13 35  61.4 5.1199815736783845e-31
8 70.13 36  61.4 1.9616311736646854e-29
8 70.13 37  61.4 1.8304132318297283e-30
8 70.13 38  61.4 5.95811252693405e-31
8 70.13 39  61.4 2.899657427746068e-31
8 70.13 40  61.4 1.3736868294587943e-30
8 70.13 41  61.4 1.0684120973614773e-29
8 70.13 42  61.4 7.154006544703267e-31
8 70.13 43  61.4 3.6688893565894303e-31
8 70.13 44  61.4 4.435533573912658e-31
8 70.13 45  61.4 2.956819064653872e-31
8 70.13 46  61.4 4.452104220046222e-31
8 70.13 47  61.4 2.036709003095885e-30
8 70.13 48  66.45 0.01128388115825717
8 70.13 49  66.45 0.015006365073280766
8 70.13 50  66.45 0.008943522009375229
8 70.13 51  66.45 0.009852978786930902
8 70.13 52  66.45 0.005668322733810891
8 70.13 53  86.51 5.393551191348016e-31
8 70.13 54  86.51 1.8012795104499258e-30
8 70.13 55  86.51 1.300911585897844e-30
8 70.13 56  86.51 1.878855146619369e-31
8 70.13 57  86.51 3.643003749643799e-31
8 70.13 58  86.51 3.252731021078436e-31
8 70.13 59  86.51 6.8538483538131344e-31
8 70.13 60  86.51 4.12893195253134e-31
8 70.13 61  86.51 6.4182919139773495e-31
8 70.13 62  86.51 9.128324818376837e-32
8 70.13 63  86.51 2.946231362807626e-31
8 70.13 64  86.51 2.332068495574292e-31
8 70.13 65  86.51 6.392551864908192e-31
8 70.13 66  86.51 5.374283168180476e-31
8 70.13 67  86.51 7.253017040561459e-31
8 70.13 68  89.82 1.9606572234862403e-31
8 70.13 69  89.82 1.4491469652627577e-31
8 70.13 70  89.82 2.4695929706729775e-31
8 70.13 71  89.82 3.4133638834736084e-31
8 70.13 72  89.82 1.0209036286698514e-31
8 70.13 73  89.82 1.5341590574796093e-31
8 70.13 74  89.82 2.3908740285082447e-31
8 70.13 75  89.82 1.6924218628340602e-31
8 70.13 76  89.82 2.106487212953673e-31
8 70.13 77  89.82 1.5262013931841827e-31
8 70.13 78  89.82 1.668895361196291e-31
8 70.13 79  89.82 3.1023161053837015e-31
8 70.13 80  89.82 4.49450776884507e-31
8 70.13 81  89.82 7.007498755228873e-32
8 70.13 82  89.82 4.807774543633758e-31
8 70.13 83  89.82 9.32403410189994e-32
8 70.13 84  89.82 2.8232136269794416e-31
8 70.13 85  89.82 5.390045386306308e-31
8 70.13 86  122.79 1.6393787402569665e-32
8 70.13 87  122.79 1.3020455963107868e-32
8 70.13 88  122.79 2.278663759616623e-32
8 70.13 89  122.79 1.402333857622805e-32
8 70.13 90  122.79 6.193737675130328e-33
8 70.13 91  122.79 7.747541270123942e-33
8 70.13 92  122.79 3.432528271811317e-32
8 70.13 93  122.79 2.5869238596064353e-32
8 70.13 94  122.79 2.299198544969332e-32
8 70.13 95  122.79 2.399788581029575e-32
8 70.13 96  122.79 3.705171610416658e-32
8 70.13 97  122.79 3.8372382725152696e-32
8 70.13 98  122.79 5.788005008061563e-32
8 70.13 99  122.79 1.6352899972686984e-32
8 70.13 100  122.79 1.5629834193300903e-31
9 70.13 9  0.0 0.31081144410903533
9 70.13 10  0.0 0.01113159944074905
9 70.13 11  0.0 0.05578799204082814
9 70.13 12  0.0 0.0751629324681328
9 70.13 13  25.11 0.008513715998497966
9 70.13 14  25.11 0.010877497761405177
9 70.13 15  25.11 0.018282721145047146
9 70.13 16  25.11 0.011824376516690209
9 70.13 17  25.11 0.018534369133393628
9 70.13 18  28.42 5.299844750067416e-28
9 70.13 19  28.42 2.843112571767723e-29
9 70.13 20  28.42 8.416343515146132e-31
9 70.13 21  28.42 5.220463772134301e-30
9 70.13 22  28.42 9.773286933159449e-31
9 70.13 23  28.42 1.453001454583705e-30
9 70.13 24  28.42 1.984415120980454e-29
9 70.13 25  28.42 3.5635643007230996e-29
9 70.13 26  28.42 1.412918795121849e-31
9 70.13 27  52.66 1.292313851917025e-30
9 70.13 28  52.66 9.700902830180516e-31
9 70.13 29  52.66 1.7197799676982833e-32
9 70.13 30  52.66 2.9982929939183073e-31
9 70.13 31  52.66 8.955193378909628e-31
9 70.13 32  52.66 3.7608203028421305e-30
9 70.13 33  61.4 6.892057054317053e-30
9 70.13 34  61.4 2.7051511831796567e-31
9 70.13 35  61.4 3.507743968661443e-31
9 70.13 36  61.4 3.88694811378542e-29
9 70.13 37  61.4 3.147763456951541e-30
9 70.13 38  61.4 1.1667951688632826e-30
9 70.13 39  61.4 9.286255364191138e-31
9 70.13 40  61.4 5.488657416932984e-30
9 70.13 41  61.4 7.005312883558625e-29
9 70.13 42  61.4 1.2254980325474644e-31
9 70.13 43  61.4 1.5918135651006642e-31
9 70.13 44  61.4 5.519112862134149e-31
9 70.13 45  61.4 1.4452506515964695e-31
9 70.13 46  61.4 1.1297462053662324e-31
9 70.13 47  61.4 5.8893753229720755e-30
9 70.13 48  66.45 0.011946502766686736
9 70.13 49  66.45 0.021881705401662906
9 70.13 50  66.45 0.033488596218994644
9 70.13 51  66.45 0.012878819428253365
9 70.13 52  66.45 0.019464633871573878
9 70.13 53  86.51 1.656152325569487e-31
9 70.13 54  86.51 3.7084758485303116e-30
9 70.13 55  86.51 7.048734480730853e-31
9 70.13 56  86.51 7.56547255333202e-32
9 70.13 57  86.51 1.9370371023875556e-31
9 70.13 58  86.51 2.188757558698635e-31
9 70.13 59  86.51 5.768947830450761e-32
9 70.13 60  86.51 4.8718371746521645e-32
9 70.13 61  86.51 2.6105376343506653e-31
9 70.13 62  86.51 6.526141614989652e-32
9 70.13 63  86.51 6.105541533281293e-32
9 70.13 64  86.51 1.2974283074621344e-31
9 70.13 65  86.51 1.5932896657043148e-31
9 70.13 66  86.51 2.3066542844834494e-31
9 70.13 67  86.51 6.303248407340328e-31
9 70.13 68  89.82 9.437699266113765e-32
9 70.13 69  89.82 2.480488760585035e-31
9 70.13 70  89.82 1.4816088286486207e-31
9 70.13 71  89.82 9.825311940364314e-32
9 70.13 72  89.82 1.941389185362793e-31
9 70.13 73  89.82 6.910937511386298e-32
9 70.13 74  89.82 1.2130366127430065e-31
9 70.13 75  89.82 1.2761368904429737e-31
9 70.13 76  89.82 1.1549727665320578e-31
9 70.13 77  89.82 2.1126999214638263e-31
9 70.13 78  89.82 2.201141687120506e-31
9 70.13 79  89.82 4.1115481381123155e-31
9 70.13 80  89.82 8.267474585926644e-32
9 70.13 81  89.82 9.3090604416236e-32
9 70.13 82  89.82 1.4583147685670328e-31
9 70.13 83  89.82 1.3085245449020838e-31
9 70.13 84  89.82 1.5185363945072764e-31
9 70.13 85  89.82 1.9028648382759123e-31
9 70.13 86  122.79 1.2020258798761244e-32
9 70.13 87  122.79 6.913543237957429e-33
9 70.13 88  122.79 7.761330176915871e-33
9 70.13 89  122.79 8.269751325250258e-33
9 70.13 90  122.79 1.2489800231602757e-32
9 70.13 91  122.79 1.6281602188658123e-33
9 70.13 92  122.79 8.163445619980806e-33
9 70.13 93  122.79 1.1363155728725109e-32
9 70.13 94  122.79 1.3909880084119528e-32
9 70.13 95  122.79 1.437960252073874e-33
9 70.13 96  122.79 1.636070950422848e-32
9 70.13 97  122.79 2.6909759326047123e-33
9 70.13 98  122.79 2.116877929333957e-32
9 70.13 99  122.79 2.4972378737877915e-32
9 70.13 100  122.79 1.26062431947587e-31
10 70.13 10  0.0 0.08469401316463349
10 70.13 11  0.0 0.04210418040844538
10 70.13 12  0.0 0.031209994971989785
10 70.13 13  25.11 0.021166974537489343
10 70.13 14  25.11 0.009726547764814667
10 70.13 15  25.11 0.012428712058335269
10 70.13 16  25.11 0.013012843653812257
10 70.13 17  25.11 0.02073909583716584
10 70.13 18  28.42 4.305541114884481e-28
10 70.13 19  28.42 6.051838398566102e-29
10 70.13 20  28.42 1.7870948358329515e-31
10 70.13 21  28.42 4.080572232249209e-30
10 70.13 22  28.42 4.636439939299871e-31
10 70.13 23  28.42 8.869257899084733e-31
10 70.13 24  28.42 7.535397978768011e-30
10 70.13 25  28.42 1.1025856335784258e-28
10 70.13 26  28.42 1.2110321923908619e-30
10 70.13 27  52.66 2.059609313502889e-31
10 70.13 28  52.66 3.9263137876532804e-31
10 70.13 29  52.66 1.2686650815486137e-32
10 70.13 30  52.66 8.304818220795402e-31
10 70.13 31  52.66 8.943996071724655e-31
10 70.13 32  52.66 3.19293107746662e-30
10 70.13 33  61.4 2.9727140479158268e-30
10 70.13 34  61.4 4.103864868799929e-31
10 70.13 35  61.4 1.5533226173619254e-31
10 70.13 36  61.4 1.686069655462819e-29
10 70.13 37  61.4 1.0211253617575074e-30
10 70.13 38  61.4 6.175354895806761e-31
10 70.13 39  61.4 7.118703211111796e-31
10 70.13 40  61.4 1.7017894084332385e-30
10 70.13 41  61.4 3.3423664274294563e-29
10 70.13 42  61.4 7.664820381637207e-32
10 70.13 43  61.4 1.975615853782462e-31
10 70.13 44  61.4 3.783881433983181e-31
10 70.13 45  61.4 6.514170233465635e-32
10 70.13 46  61.4 8.529815808861962e-32
10 70.13 47  61.4 1.5872039805415153e-30
10 70.13 48  66.45 0.01575083427829583
10 70.13 49  66.45 0.011992248080457723
10 70.13 50  66.45 0.006450916563127049
10 70.13 51  66.45 0.01415464871916818
10 70.13 52  66.45 0.0007946668629482525
10 70.13 53  86.51 1.2124135876930708e-31
10 70.13 54  86.51 1.3909425290606936e-30
10 70.13 55  86.51 2.075678667991603e-30
10 70.13 56  86.51 9.937568510924316e-32
10 70.13 57  86.51 1.5290717140711186e-31
10 70.13 58  86.51 5.524918161622749e-32
10 70.13 59  86.51 1.7767245765742336e-31
10 70.13 60  86.51 4.2816562118188343e-32
10 70.13 61  86.51 7.486039717012567e-31
10 70.13 62  86.51 1.1366961289109443e-31
10 70.13 63  86.51 1.4279017238271552e-31
10 70.13 64  86.51 3.766676908954067e-31
10 70.13 65  86.51 1.5300990903285786e-31
10 70.13 66  86.51 3.9981675722778223e-32
10 70.13 67  86.51 1.43565742828803e-30
10 70.13 68  89.82 8.301461434930315e-32
10 70.13 69  89.82 1.9566847048586925e-31
10 70.13 70  89.82 7.44356910591685e-32
10 70.13 71  89.82 1.4760439888688207e-31
10 70.13 72  89.82 5.738581661421181e-32
10 70.13 73  89.82 5.372417060289553e-32
10 70.13 74  89.82 1.147654788940794e-31
10 70.13 75  89.82 9.535171971999566e-32
10 70.13 76  89.82 7.19903823864433e-32
10 70.13 77  89.82 2.9348812961502537e-32
10 70.13 78  89.82 7.06862228918476e-32
10 70.13 79  89.82 2.553522557324268e-31
10 70.13 80  89.82 1.2934323407617167e-31
10 70.13 81  89.82 3.7428170036302867e-32
10 70.13 82  89.82 1.4143118260409086e-31
10 70.13 83  89.82 8.177603070170102e-32
10 70.13 84  89.82 2.262385183795531e-31
10 70.13 85  89.82 2.1550830723440524e-31
10 70.13 86  122.79 1.63939006692763e-33
10 70.13 87  122.79 4.28593064693555e-33
10 70.13 88  122.79 1.1913554740789113e-32
10 70.13 89  122.79 2.6446080663320085e-33
10 70.13 90  122.79 4.183550993040591e-33
10 70.13 91  122.79 2.4972423671404196e-33
10 70.13 92  122.79 5.808750490736003e-33
10 70.13 93  122.79 2.7976620483849437e-33
10 70.13 94  122.79 5.907586362768751e-33
10 70.13 95  122.79 6.912134646847862e-33
10 70.13 96  122.79 5.222820813790192e-33
10 70.13 97  122.79 3.498895466146412e-33
10 70.13 98  122.79 3.674934263284253e-33
10 70.13 99  122.79 1.1061871904598695e-32
10 70.13 100  122.79 9.617452169212081e-32
11 70.13 11  0.0 0.09010661385189934
11 70.13 12  0.0 0.07043563426421909
11 70.13 13  25.11 0.01877120647187485
11 70.13 14  25.11 0.032095611863371634
11 70.13 15  25.11 0.02205262238966737
11 70.13 16  25.11 0.020106878080797332
11 70.13 17  25.11 0.017136428509562047
11 70.13 18  28.42 6.940745373016641e-28
11 70.13 19  28.42 1.301408101910815e-28
11 70.13 20  28.42 1.3380604582444729e-30
11 70.13 21  28.42 4.591173280763558e-30
11 70.13 22  28.42 3.82930963667238e-30
11 70.13 23  28.42 1.9646380698878915e-30
11 70.13 24  28.42 9.220225274515338e-30
11 70.13 25  28.42 9.818254949020745e-29
11 70.13 26  28.42 1.9485914604433332e-30
11 70.13 27  52.66 1.9351511087394717e-30
11 70.13 28  52.66 1.7719813544623106e-30
11 70.13 29  52.66 1.0661496722509062e-31
11 70.13 30  52.66 2.314158017614181e-30
11 70.13 31  52.66 1.1571810290426239e-30
11 70.13 32  52.66 2.925926635152919e-30
11 70.13 33  61.4 1.0954106556115223e-29
11 70.13 34  61.4 3.4959115324966596e-31
11 70.13 35  61.4 1.4320947294983534e-31
11 70.13 36  61.4 5.312333600065388e-29
11 70.13 37  61.4 3.955390436591735e-30
11 70.13 38  61.4 1.26556813039463e-30
11 70.13 39  61.4 6.467224251549039e-31
11 70.13 40  61.4 2.7605885629116048e-30
11 70.13 41  61.4 3.3606362496886726e-29
11 70.13 42  61.4 9.145085708389522e-32
11 70.13 43  61.4 5.520951514241088e-32
11 70.13 44  61.4 1.095932434458117e-31
11 70.13 45  61.4 5.115652080207128e-32
11 70.13 46  61.4 1.2446478459118997e-31
11 70.13 47  61.4 1.6175249697118384e-30
11 70.13 48  66.45 0.01124082381677094
11 70.13 49  66.45 0.034557363505308435
11 70.13 50  66.45 0.019321217207804543
11 70.13 51  66.45 0.01607462934329704
11 70.13 52  66.45 0.042849040877986334
11 70.13 53  86.51 1.625610923413565e-31
11 70.13 54  86.51 1.945235733613525e-30
11 70.13 55  86.51 1.2092876108299459e-30
11 70.13 56  86.51 1.2590423456428394e-32
11 70.13 57  86.51 4.086655746693763e-32
11 70.13 58  86.51 1.709016847573197e-32
11 70.13 59  86.51 8.975748482362041e-32
11 70.13 60  86.51 1.1423066229976763e-31
11 70.13 61  86.51 7.603929529289017e-31
11 70.13 62  86.51 1.2327699931826085e-32
11 70.13 63  86.51 5.94237282401219e-32
11 70.13 64  86.51 2.072764089360871e-31
11 70.13 65  86.51 7.780298479382419e-32
11 70.13 66  86.51 4.4870321937258255e-32
11 70.13 67  86.51 7.478304561430417e-31
11 70.13 68  89.82 3.195081418247609e-32
11 70.13 69  89.82 8.331449911917658e-31
11 70.13 70  89.82 5.295197468375127e-32
11 70.13 71  89.82 7.223688923989109e-32
11 70.13 72  89.82 4.322130833468959e-32
11 70.13 73  89.82 1.852426444539155e-32
11 70.13 74  89.82 3.9234100461587543e-32
11 70.13 75  89.82 3.506618875568357e-32
11 70.13 76  89.82 4.1335270797925046e-32
11 70.13 77  89.82 4.2583180800483626e-32
11 70.13 78  89.82 3.7978513609750785e-32
11 70.13 79  89.82 2.788199051202592e-31
11 70.13 80  89.82 9.808490084070048e-32
11 70.13 81  89.82 2.1325668045929387e-32
11 70.13 82  89.82 1.089844103661692e-31
11 70.13 83  89.82 2.8000782902913406e-32
11 70.13 84  89.82 6.292832921574386e-32
11 70.13 85  89.82 8.385060025724705e-31
11 70.13 86  122.79 3.651136282455514e-33
11 70.13 87  122.79 8.875868382587337e-33
11 70.13 88  122.79 2.2366737496050094e-32
11 70.13 89  122.79 5.656549465885453e-33
11 70.13 90  122.79 1.1112517902434095e-32
11 70.13 91  122.79 6.171893848299237e-33
11 70.13 92  122.79 1.2120141239923863e-32
11 70.13 93  122.79 1.269185760749455e-32
11 70.13 94  122.79 1.1477949534038776e-32
11 70.13 95  122.79 1.3927888031587055e-32
11 70.13 96  122.79 1.9562330495381016e-32
11 70.13 97  122.79 1.5873489172731862e-32
11 70.13 98  122.79 5.628547809726338e-32
11 70.13 99  122.79 4.2877154609401295e-32
11 70.13 100  122.79 1.700866714532405e-31
12 70.13 12  0.0 0.026907078432322658
12 70.13 13  25.11 0.01708821206095773
12 70.13 14  25.11 0.00746792811025815
12 70.13 15  25.11 0.013918926114120283
12 70.13 16  25.11 0.0193714849000812
12 70.13 17  25.11 0.03633903194879865
12 70.13 18  28.42 3.6550688918214e-28
12 70.13 19  28.42 4.738327962199618e-29
12 70.13 20  28.42 4.7355507302712e-31
12 70.13 21  28.42 6.783708955505775e-30
12 70.13 22  28.42 7.0005334519098205e-31
12 70.13 23  28.42 1.64535464594717e-30
12 70.13 24  28.42 3.67739810651422e-29
12 70.13 25  28.42 5.653398934860808e-29
12 70.13 26  28.42 3.6489099587305317e-31
12 70.13 27  52.66 1.4366448280653828e-30
12 70.13 28  52.66 1.2547216411165574e-30
12 70.13 29  52.66 6.368653539547878e-32
12 70.13 30  52.66 1.812851018617489e-30
12 70.13 31  52.66 1.5025514100359596e-30
12 70.13 32  52.66 5.816263689611547e-30
12 70.13 33  61.4 1.702146001489375e-29
12 70.13 34  61.4 3.793293548954661e-31
12 70.13 35  61.4 2.9117220597649045e-31
12 70.13 36  61.4 3.427829383333018e-29
12 70.13 37  61.4 1.6334451268279373e-30
12 70.13 38  61.4 1.288131483397608e-30
12 70.13 39  61.4 4.706620429211309e-31
12 70.13 40  61.4 2.7832041090112e-30
12 70.13 41  61.4 3.863763704687908e-29
12 70.13 42  61.4 1.7788270697454021e-31
12 70.13 43  61.4 1.0819501903798207e-31
12 70.13 44  61.4 1.0292077290503697e-31
12 70.13 45  61.4 2.10748717825348e-31
12 70.13 46  61.4 1.8986465237053597e-31
12 70.13 47  61.4 4.7469696876558935e-30
12 70.13 48  66.45 0.016162811684837484
12 70.13 49  66.45 0.03639186419763234
12 70.13 50  66.45 0.0075601412482729545
12 70.13 51  66.45 0.025986921708285003
12 70.13 52  66.45 0.02447680056766063
12 70.13 53  86.51 5.892809717254228e-31
12 70.13 54  86.51 2.6826906052872003e-30
12 70.13 55  86.51 2.506076128110604e-30
12 70.13 56  86.51 8.192379217382567e-32
12 70.13 57  86.51 2.5771763104132095e-31
12 70.13 58  86.51 5.022619115249966e-32
12 70.13 59  86.51 1.4619772411445873e-31
12 70.13 60  86.51 8.949960312957575e-32
12 70.13 61  86.51 5.39794866507856e-31
12 70.13 62  86.51 2.3312925734193964e-31
12 70.13 63  86.51 1.49071555245484e-31
12 70.13 64  86.51 1.2304204657897027e-31
12 70.13 65  86.51 1.4607487441148168e-31
12 70.13 66  86.51 2.4345615826881766e-31
12 70.13 67  86.51 9.132985859358716e-31
12 70.13 68  89.82 4.459778125960526e-31
12 70.13 69  89.82 1.0120770006612946e-30
12 70.13 70  89.82 3.0675747815196105e-31
12 70.13 71  89.82 2.0243987955782464e-31
12 70.13 72  89.82 3.453450097683998e-31
12 70.13 73  89.82 1.420636069134017e-31
12 70.13 74  89.82 2.5558001189744253e-31
12 70.13 75  89.82 3.8472360549359865e-31
12 70.13 76  89.82 2.2684802952910154e-31
12 70.13 77  89.82 5.186847153976251e-31
12 70.13 78  89.82 1.4627417345199886e-31
12 70.13 79  89.82 8.423761711866396e-31
12 70.13 80  89.82 3.054871612146858e-31
12 70.13 81  89.82 3.0432184058420113e-31
12 70.13 82  89.82 3.2672051472445273e-31
12 70.13 83  89.82 1.816472794799701e-31
12 70.13 84  89.82 5.00613535709736e-31
12 70.13 85  89.82 5.4190129566934495e-31
12 70.13 86  122.79 7.77080711777319e-33
12 70.13 87  122.79 1.939793345798642e-32
12 70.13 88  122.79 3.6347185844944e-32
12 70.13 89  122.79 8.351312318750035e-33
12 70.13 90  122.79 3.918252164853421e-33
12 70.13 91  122.79 2.7088438293406316e-33
12 70.13 92  122.79 1.6481968188887e-32
12 70.13 93  122.79 1.1517789522629467e-32
12 70.13 94  122.79 2.0609482815886853e-32
12 70.13 95  122.79 7.569017293679906e-33
12 70.13 96  122.79 6.511550352676558e-32
12 70.13 97  122.79 6.195343709271005e-32
12 70.13 98  122.79 8.721537623369912e-32
12 70.13 99  122.79 3.8816940666766386e-32
12 70.13 100  122.79 2.5618371855511355e-31
13 95.24 13  0.0 0.08553563379680634
13 95.24 14  0.0 0.04827622573221241
13 95.24 15  0.0 0.051145830074248624
13 95.24 16  0.0 0.07580187151023762
13 95.24 17  0.0 0.023908751693062776
13 95.24 18  3.31 1.7086183060967787e-27
13 95.24 19  3.31 2.996562579544024e-28
13 95.24 20  3.31 9.542760207305085e-31
13 95.24 21  3.31 4.631449676145598e-30
13 95.24 22  3.31 2.4434650520344304e-30
13 95.24 23  3.31 8.405666114167478e-31
13 95.24 24  3.31 6.203830674394296e-29
13 95.24 25  3.31 4.466770064791602e-28
13 95.24 26  3.31 2.4292737341740145e-30
13 95.24 27  27.55 1.572900494595213e-30
13 95.24 28  27.55 1.0695465880887103e-30
13 95.24 29  27.55 6.03441858150552e-32
13 95.24 30  27.55 2.083001237396123e-30
13 95.24 31  27.55 2.5923438972718985e-30
13 95.24 32  27.55 3.996067541448575e-30
13 95.24 33  36.28 4.6246734047054014e-29
13 95.24 34  36.28 5.425472360971518e-29
13 95.24 35  36.28 1.624144052880926e-29
13 95.24 36  36.28 2.2395144410999405e-28
13 95.24 37  36.28 1.6239559934999817e-29
13 95.24 38  36.28 2.6340365724205695e-29
13 95.24 39  36.28 1.1652860937351566e-28
13 95.24 40  36.28 7.306070517959156e-29
13 95.24 41  36.28 1.1081590160231353e-28
13 95.24 42  36.28 5.97732136945115e-29
13 95.24 43  36.28 2.961781756805925e-29
13 95.24 44  36.28 2.1014559413957218e-29
13 95.24 45  36.28 1.299651859076948e-29
13 95.24 46  36.28 8.019582054338143e-29
13 95.24 47  36.28 3.2275660729991586e-29
13 95.24 48  41.34 0.005537258568506995
13 95.24 49  41.34 0.02039043976464355
13 95.24 50  41.34 0.006564322945333168
13 95.24 51  41.34 0.01036246361804251
13 95.24 52  41.34 0.02411608982141155
13 95.24 53  61.4 1.1359390752577199e-29
13 95.24 54  61.4 5.036907067410996e-29
13 95.24 55  61.4 7.588077902438044e-29
13 95.24 56  61.4 7.7810900773429855e-31
13 95.24 57  61.4 1.3116298413241522e-28
13 95.24 58  61.4 2.637696247473882e-29
13 95.24 59  61.4 4.491376765103938e-29
13 95.24 60  61.4 4.6035364108111337e-29
13 95.24 61  61.4 4.1712936398597636e-29
13 95.24 62  61.4 1.7833532118894092e-29
13 95.24 63  61.4 7.087495059159162e-29
13 95.24 64  61.4 1.7647598561522764e-28
13 95.24 65  61.4 9.522803118239759e-29
13 95.24 66  61.4 3.547826116322045e-29
13 95.24 67  61.4 1.736221699055643e-28
13 95.24 68  64.71 2.60475909759269e-31
13 95.24 69  64.71 1.350011207236978e-30
13 95.24 70  64.71 1.1023903425145376e-31
13 95.24 71  64.71 2.2925408370922413e-31
13 95.24 72  64.71 9.214532149183947e-32
13 95.24 73  64.71 3.350381819159789e-32
13 95.24 74  64.71 3.442348622413228e-31
13 95.24 75  64.71 1.9944771541245574e-31
13 95.24 76  64.71 7.051930341506974e-32
13 95.24 77  64.71 1.2196404925109411e-31
13 95.24 78  64.71 3.6127868063308834e-31
13 95.24 79  64.71 2.090113747558253e-31
13 95.24 80  64.71 2.174770366203534e-31
13 95.24 81  64.71 1.530407263398288e-31
13 95.24 82  64.71 8.88205968773608e-32
13 95.24 83  64.71 1.7734933515678834e-31
13 95.24 84  64.71 7.374877030529045e-31
13 95.24 85  64.71 7.401992453035043e-31
13 95.24 86  97.68 1.7018591826669218e-32
13 95.24 87  97.68 2.412899332542763e-32
13 95.24 88  97.68 2.1745890326423078e-32
13 95.24 89  97.68 1.406066615779482e-32
13 95.24 90  97.68 2.3146575236573304e-33
13 95.24 91  97.68 4.838653081987127e-33
13 95.24 92  97.68 2.248505946336853e-32
13 95.24 93  97.68 1.6789260170851217e-32
13 95.24 94  97.68 2.872464115414257e-32
13 95.24 95  97.68 7.658557347466646e-33
13 95.24 96  97.68 4.5518038076519035e-32
13 95.24 97  97.68 7.82712627983063e-33
13 95.24 98  97.68 9.519857677895948e-32
13 95.24 99  97.68 1.9290046259340204e-32
13 95.24 100  97.68 1.2347777214136464e-31
14 95.24 14  0.0 0.09722399837604605
14 95.24 15  0.0 0.021416568008191524
14 95.24 16  0.0 0.04380194309334402
14 95.24 17  0.0 0.08645562097446421
14 95.24 18  3.31 6.803200766923471e-28
14 95.24 19  3.31 3.859855417023463e-28
14 95.24 20  3.31 1.7320360707248914e-30
14 95.24 21  3.31 1.716680086713206e-29
14 95.24 22  3.31 4.201689486080359e-30
14 95.24 23  3.31 5.0802082492396245e-30
14 95.24 24  3.31 1.023512123010504e-28
14 95.24 25  3.31 2.724098897879294e-28
14 95.24 26  3.31 1.1662900839626024e-30
14 95.24 27  27.55 1.4307442964145411e-30
14 95.24 28  27.55 1.020327681569367e-30
14 95.24 29  27.55 1.8163135127253217e-31
14 95.24 30  27.55 3.1498135586274414e-30
14 95.24 31  27.55 3.0444133355621123e-30
14 95.24 32  27.55 7.494711021404696e-30
14 95.24 33  36.28 1.2903565056078106e-28
14 95.24 34  36.28 3.561468275230051e-29
14 95.24 35  36.28 1.638403549122763e-28
14 95.24 36  36.28 1.858822804988888e-28
14 95.24 37  36.28 5.386860014987249e-29
14 95.24 38  36.28 2.976721411542196e-29
14 95.24 39  36.28 4.458017492038317e-30
14 95.24 40  36.28 8.69938791700421e-29
14 95.24 41  36.28 5.460219432627272e-29
14 95.24 42  36.28 4.412752205102787e-29
14 95.24 43  36.28 3.824852278275276e-29
14 95.24 44  36.28 5.123273799045977e-29
14 95.24 45  36.28 7.905217800424811e-29
14 95.24 46  36.28 1.0764527101988002e-28
14 95.24 47  36.28 3.8028961032836186e-29
14 95.24 48  41.34 0.019700809965564215
14 95.24 49  41.34 0.010851841150872068
14 95.24 50  41.34 0.022298830447683552
14 95.24 51  41.34 0.01632645443620267
14 95.24 52  41.34 0.0230097958130007
14 95.24 53  61.4 9.911381212131158e-29
14 95.24 54  61.4 2.2683887116413818e-29
14 95.24 55  61.4 5.999047070939294e-29
14 95.24 56  61.4 3.346715657937612e-29
14 95.24 57  61.4 3.9813673593531167e-29
14 95.24 58  61.4 7.956365106551026e-29
14 95.24 59  61.4 6.403363896971239e-29
14 95.24 60  61.4 2.531808343967194e-29
14 95.24 61  61.4 2.0754295171528739e-29
14 95.24 62  61.4 7.646873475510696e-29
14 95.24 63  61.4 2.5913631251819256e-29
14 95.24 64  61.4 1.7318471655551739e-29
14 95.24 65  61.4 2.772451427996639e-29
14 95.24 66  61.4 1.9509350873683057e-28
14 95.24 67  61.4 3.223060198590357e-29
14 95.24 68  64.71 4.982573458535404e-31
14 95.24 69  64.71 4.159534896514705e-31
14 95.24 70  64.71 1.522954116521354e-31
14 95.24 71  64.71 3.0609742909811748e-31
14 95.24 72  64.71 2.1952015786982072e-31
14 95.24 73  64.71 1.9130269634870872e-31
14 95.24 74  64.71 1.575631514930344e-31
14 95.24 75  64.71 2.525775870169256e-31
14 95.24 76  64.71 2.854950634809411e-31
14 95.24 77  64.71 4.448655898347651e-31
14 95.24 78  64.71 3.486308221664172e-32
14 95.24 79  64.71 6.9945018325563895e-31
14 95.24 80  64.71 3.4156646136943856e-31
14 95.24 81  64.71 1.5894957251284058e-31
14 95.24 82  64.71 1.4689040452833619e-31
14 95.24 83  64.71 1.8481724244934372e-31
14 95.24 84  64.71 1.0014678903287592e-31
14 95.24 85  64.71 1.9239935244419647e-30
14 95.24 86  97.68 2.9291232402684805e-32
14 95.24 87  97.68 1.1580637726328843e-31
14 95.24 88  97.68 1.2215739898661316e-31
14 95.24 89  97.68 3.226853733545433e-32
14 95.24 90  97.68 3.108948145524797e-32
14 95.24 91  97.68 4.9032578684328905e-32
14 95.24 92  97.68 8.078398458675461e-32
14 95.24 93  97.68 3.8613231233098143e-32
14 95.24 94  97.68 8.088085379617544e-32
14 95.24 95  97.68 7.958227893699536e-32
14 95.24 96  97.68 7.350372417379341e-32
14 95.24 97  97.68 9.810932667373881e-32
14 95.24 98  97.68 1.349095340464315e-32
14 95.24 99  97.68 1.9083835193635454e-31
14 95.24 100  97.68 3.115209591257502e-31
15 95.24 15  0.0 0.13829960621632062
15 95.24 16  0.0 0.04749637037948759
15 95.24 17  0.0 0.02207757403714089
15 95.24 18  3.31 4.332896605234331e-27
15 95.24 19  3.31 9.703271976610114e-29
15 95.24 20  3.31 5.3057286715370925e-30
15 95.24 21  3.31 1.327593441166503e-29
15 95.24 22  3.31 1.079573323850093e-29
15 95.24 23  3.31 2.9161989446046423e-30
15 95.24 24  3.31 6.600211997119374e-29
15 95.24 25  3.31 2.513017891396752e-28
15 95.24 26  3.31 3.0207929820524245e-30
15 95.24 27  27.55 1.6453135293380356e-30
15 95.24 28  27.55 3.5098645049297505e-31
15 95.24 29  27.55 9.461228741361972e-33
15 95.24 30  27.55 3.185553997459196e-30
15 95.24 31  27.55 1.9259005193362408e-30
15 95.24 32  27.55 7.98413281629487e-30
15 95.24 33  36.28 2.4118783545357887e-28
15 95.24 34  36.28 1.8507321622027441e-28
15 95.24 35  36.28 6.554479948344388e-28
15 95.24 36  36.28 2.863631770690307e-28
15 95.24 37  36.28 2.3941565673316024e-28
15 95.24 38  36.28 3.5537800378858296e-28
15 95.24 39  36.28 4.400471500422901e-28
15 95.24 40  36.28 3.780511662413727e-28
15 95.24 41  36.28 4.320488057740352e-28
15 95.24 42  36.28 6.595528182314044e-28
15 95.24 43  36.28 9.804769864552819e-29
15 95.24 44  36.28 1.3280249979897147e-28
15 95.24 45  36.28 2.521193060656081e-28
15 95.24 46  36.28 3.364965825383335e-28
15 95.24 47  36.28 1.3715286103564825e-28
15 95.24 48  41.34 0.015375977979731528
15 95.24 49  41.34 0.007533449858133024
15 95.24 50  41.34 0.03495531228098382
15 95.24 51  41.34 0.0036355179754765576
15 95.24 52  41.34 0.023540062018530216
15 95.24 53  61.4 4.674963632261049e-28
15 95.24 54  61.4 4.34324109497784e-28
15 95.24 55  61.4 8.34832899800503e-28
15 95.24 56  61.4 1.5349698367034752e-28
15 95.24 57  61.4 3.4416907558356077e-28
15 95.24 58  61.4 3.52097403723914e-28
15 95.24 59  61.4 6.401573336166521e-28
15 95.24 60  61.4 3.6128008544542093e-28
15 95.24 61  61.4 1.4565239186134149e-28
15 95.24 62  61.4 1.075656487505867e-28
15 95.24 63  61.4 2.51526727082354e-28
15 95.24 64  61.4 1.920475106940487e-28
15 95.24 65  61.4 3.7506473554715676e-28
15 95.24 66  61.4 5.235365392429035e-28
15 95.24 67  61.4 3.0032966344200137e-28
15 95.24 68  64.71 1.5138460733710273e-30
15 95.24 69  64.71 2.7946734270051447e-31
15 95.24 70  64.71 1.9063686772392046e-30
15 95.24 71  64.71 2.0033149642977086e-30
15 95.24 72  64.71 6.684020778091372e-31
15 95.24 73  64.71 8.17866966164331e-31
15 95.24 74  64.71 1.235344130556441e-30
15 95.24 75  64.71 1.0984030985792044e-30
15 95.24 76  64.71 1.1910847594773111e-30
15 95.24 77  64.71 1.0196784109862028e-30
15 95.24 78  64.71 8.40308230978761e-31
15 95.24 79  64.71 1.6814167954355642e-30
15 95.24 80  64.71 2.140574504092606e-30
15 95.24 81  64.71 4.9069567275143195e-31
15 95.24 82  64.71 1.679180864695239e-30
15 95.24 83  64.71 9.426936843350477e-31
15 95.24 84  64.71 1.1338616847447525e-30
15 95.24 85  64.71 2.2926451724503184e-30
15 95.24 86  97.68 6.46335301038837e-33
15 95.24 87  97.68 4.3081434501789715e-33
15 95.24 88  97.68 7.521193874156886e-33
15 95.24 89  97.68 4.299136208588662e-33
15 95.24 90  97.68 8.409219018817608e-34
15 95.24 91  97.68 2.218713497866709e-33
15 95.24 92  97.68 8.432731637375821e-33
15 95.24 93  97.68 2.1884634939750222e-33
15 95.24 94  97.68 1.1465912452543148e-32
15 95.24 95  97.68 8.757427300357633e-34
15 95.24 96  97.68 1.069695719560775e-32
15 95.24 97  97.68 5.952531894320973e-33
15 95.24 98  97.68 1.0328697396431468e-32
15 95.24 99  97.68 1.0010896537280592e-32
15 95.24 100  97.68 4.2204850167809685e-32
16 95.24 16  0.0 0.056580389773292813
16 95.24 17  0.0 0.0999833463865052
16 95.24 18  3.31 1.5098048592622722e-27
16 95.24 19  3.31 1.2183757590722452e-28
16 95.24 20  3.31 3.184199230595273e-30
16 95.24 21  3.31 2.652473785999542e-29
16 95.24 22  3.31 3.204697350140133e-30
16 95.24 23  3.31 6.758635891932671e-30
16 95.24 24  3.31 1.340188692897843e-28
16 95.24 25  3.31 3.741944681444136e-28
16 95.24 26  3.31 5.763912947161891e-31
16 95.24 27  27.55 1.1025357376441196e-30
16 95.24 28  27.55 1.2490674027008877e-30
16 95.24 29  27.55 1.4137404638518525e-31
16 95.24 30  27.55 1.948850984216274e-30
16 95.24 31  27.55 7.947349441156105e-31
16 95.24 32  27.55 3.902408362907139e-30
16 95.24 33  36.28 1.9881544976224956e-29
16 95.24 34  36.28 1.7477542095403614e-29
16 95.24 35  36.28 5.133018893609859e-29
16 95.24 36  36.28 5.328698939754728e-29
16 95.24 37  36.28 8.505695613892207e-30
16 95.24 38  36.28 1.3628178887365496e-29
16 95.24 39  36.28 4.3552658126363475e-29
16 95.24 40  36.28 5.202443812667379e-30
16 95.24 41  36.28 5.34505548390619e-29
16 95.24 42  36.28 1.948426292838178e-29
16 95.24 43  36.28 9.128649665502946e-30
16 95.24 44  36.28 8.048895497105344e-30
16 95.24 45  36.28 1.1964844677040659e-29
16 95.24 46  36.28 9.19879584257694e-30
16 95.24 47  36.28 6.958768289165178e-30
16 95.24 48  41.34 0.02006408962715834
16 95.24 49  41.34 0.02928727544682865
16 95.24 50  41.34 0.025586479920783486
16 95.24 51  41.34 0.015323382451336905
16 95.24 52  41.34 0.007605243221135299
16 95.24 53  61.4 6.274365563415901e-30
16 95.24 54  61.4 8.720367908275609e-30
16 95.24 55  61.4 1.6984135173552176e-29
16 95.24 56  61.4 7.231733463981785e-30
16 95.24 57  61.4 2.2023720546957614e-29
16 95.24 58  61.4 1.5359120309073168e-29
16 95.24 59  61.4 2.9120457911156285e-29
16 95.24 60  61.4 1.8256786149461229e-29
16 95.24 61  61.4 4.167772677772403e-30
16 95.24 62  61.4 8.254566138093573e-30
16 95.24 63  61.4 3.1684940433405645e-29
16 95.24 64  61.4 9.610679340104334e-30
16 95.24 65  61.4 6.367541879701472e-30
16 95.24 66  61.4 2.4203931286091151e-29
16 95.24 67  61.4 3.9346254556799103e-29
16 95.24 68  64.71 2.2054675665670394e-30
16 95.24 69  64.71 2.8254609931333057e-30
16 95.24 70  64.71 3.0828400357228953e-31
16 95.24 71  64.71 1.6560236052072185e-30
16 95.24 72  64.71 2.8121699950964516e-30
16 95.24 73  64.71 4.6561477367565016e-30
16 95.24 74  64.71 2.32763219799766e-30
16 95.24 75  64.71 2.3111923470895103e-30
16 95.24 76  64.71 2.1849118809453204e-30
16 95.24 77  64.71 2.200851781287965e-30
16 95.24 78  64.71 4.688753605493738e-30
16 95.24 79  64.71 2.8474998087260963e-30
16 95.24 80  64.71 3.206771647107302e-30
16 95.24 81  64.71 2.665784294582807e-30
16 95.24 82  64.71 1.1583229418329551e-30
16 95.24 83  64.71 4.898451342368339e-30
16 95.24 84  64.71 2.676772921927621e-30
16 95.24 85  64.71 2.12536198469507e-30
16 95.24 86  97.68 4.1615870290290755e-32
16 95.24 87  97.68 1.0024049716705625e-31
16 95.24 88  97.68 6.337887101429369e-32
16 95.24 89  97.68 4.7334550388631746e-32
16 95.24 90  97.68 3.9320293021373545e-32
16 95.24 91  97.68 4.935551744807602e-32
16 95.24 92  97.68 9.49005940813047e-32
16 95.24 93  97.68 4.1095608810449533e-32
16 95.24 94  97.68 4.052794853157242e-32
16 95.24 95  97.68 8.926192074324171e-32
16 95.24 96  97.68 2.736952707564819e-32
16 95.24 97  97.68 7.469656210010886e-32
16 95.24 98  97.68 3.3188997791318404e-32
16 95.24 99  97.68 1.6011904396042867e-32
16 95.24 100  97.68 1.3968025688406506e-31
17 95.24 17  0.0 0.03564655296039141
17 95.24 18  3.31 7.387906286917896e-28
17 95.24 19  3.31 1.936051860669979e-28
17 95.24 20  3.31 1.0652097794249976e-30
17 95.24 21  3.31 7.995790912215181e-30
17 95.24 22  3.31 1.5350059313469732e-30
17 95.24 23  3.31 2.5518019155668e-30
17 95.24 24  3.31 1.1323743107378905e-28
17 95.24 25  3.31 1.7479782522519357e-28
17 95.24 26  3.31 8.589098698162782e-31
17 95.24 27  27.55 3.4992617025893005e-30
17 95.24 28  27.55 1.4095587504311577e-30
17 95.24 29  27.55 1.417818244297383e-31
17 95.24 30  27.55 1.4272285861208798e-30
17 95.24 31  27.55 1.2086322031915394e-30
17 95.24 32  27.55 4.853704787245658e-30
17 95.24 33  36.28 5.75390330026511e-29
17 95.24 34  36.28 6.679408107099626e-30
17 95.24 35  36.28 4.584887231161725e-29
17 95.24 36  36.28 6.428681946513835e-29
17 95.24 37  36.28 2.7222382389577426e-29
17 95.24 38  36.28 2.9953071957907684e-30
17 95.24 39  36.28 1.738593336519662e-29
17 95.24 40  36.28 5.049155114973034e-29
17 95.24 41  36.28 8.166780349601251e-29
17 95.24 42  36.28 1.2486721083293937e-29
17 95.24 43  36.28 2.8859913772184127e-30
17 95.24 44  36.28 3.155676926443263e-30
17 95.24 45  36.28 3.8452050536301677e-29
17 95.24 46  36.28 3.029454014998387e-29
17 95.24 47  36.28 3.422024920336019e-29
17 95.24 48  41.34 0.006353090643743174
17 95.24 49  41.34 0.02104547805895523
17 95.24 50  41.34 0.013236911288591549
17 95.24 51  41.34 0.022883196156774033
17 95.24 52  41.34 0.04164269171783039
17 95.24 53  61.4 2.0484848891891742e-29
17 95.24 54  61.4 2.705772409007375e-29
17 95.24 55  61.4 4.024390979971753e-29
17 95.24 56  61.4 9.761621673816277e-30
17 95.24 57  61.4 3.112176534510241e-29
17 95.24 58  61.4 7.307025757187705e-30
17 95.24 59  61.4 1.9218364962429833e-29
17 95.24 60  61.4 1.1057905736343436e-29
17 95.24 61  61.4 1.1796203920258023e-29
17 95.24 62  61.4 2.4057137617797888e-29
17 95.24 63  61.4 3.1231916310512023e-30
17 95.24 64  61.4 2.790648342071115e-30
17 95.24 65  61.4 9.273653577799117e-30
17 95.24 66  61.4 6.577792689073961e-29
17 95.24 67  61.4 1.8063964226258346e-29
17 95.24 68  64.71 7.618137210333951e-31
17 95.24 69  64.71 1.6838489006717204e-30
17 95.24 70  64.71 5.715374638723777e-31
17 95.24 71  64.71 6.655962408529594e-31
17 95.24 72  64.71 8.378588619334259e-31
17 95.24 73  64.71 9.710956662934966e-31
17 95.24 74  64.71 1.3855168233475088e-30
17 95.24 75  64.71 5.172829049565604e-31
17 95.24 76  64.71 8.263669526224048e-31
17 95.24 77  64.71 7.975703225620663e-31
17 95.24 78  64.71 1.3226606066226644e-30
17 95.24 79  64.71 1.2812414328078167e-30
17 95.24 80  64.71 6.894073313603492e-31
17 95.24 81  64.71 1.2361948139541238e-30
17 95.24 82  64.71 4.078860548221474e-31
17 95.24 83  64.71 1.260754028592535e-30
17 95.24 84  64.71 2.2252635716780323e-30
17 95.24 85  64.71 2.448447313373617e-30
17 95.24 86  97.68 7.46301077732587e-33
17 95.24 87  97.68 4.1754871648217754e-32
17 95.24 88  97.68 3.0083035810232757e-32
17 95.24 89  97.68 3.484149609236359e-33
17 95.24 90  97.68 5.920320962543976e-33
17 95.24 91  97.68 3.538332004685191e-33
17 95.24 92  97.68 9.720731661075915e-33
17 95.24 93  97.68 4.253888565861932e-33
17 95.24 94  97.68 1.0588090020999822e-32
17 95.24 95  97.68 1.3644544989920695e-32
17 95.24 96  97.68 4.5570042753232937e-32
17 95.24 97  97.68 1.90609109306407e-32
17 95.24 98  97.68 8.776110485378731e-32
17 95.24 99  97.68 1.4534650452621298e-32
17 95.24 100  97.68 2.5198639532967653e-31
18 98.55 18  0.0 6.196117724315133e-30
18 98.55 19  0.0 1.604554811089695e-30
18 98.55 20  0.0 2.6719271423020512e-30
18 98.55 21  0.0 2.1813809244630897e-30
18 98.55 22  0.0 2.6524482547661065e-30
18 98.55 23  0.0 2.1681951027923836e-30
18 98.55 24  0.0 1.685037869383051e-30
18 98.55 25  0.0 9.854134647751108e-31
18 98.55 26  0.0 4.383355749858646e-30
18 98.55 27  24.24 2.5532404519400524e-30
18 98.55 28  24.24 9.279191965744698e-31
18 98.55 29  24.24 2.1686752014163382e-30
18 98.55 30  24.24 2.6277849945835237e-30
18 98.55 31  24.24 1.2299260754489183e-30
18 98.55 32  24.24 5.595421937614166e-30
18 98.55 33  32.97 0.006748872087287574
18 98.55 34  32.97 0.007083592481016421
18 98.55 35  32.97 0.024369207885455827
18 98.55 36  32.97 0.015540742448683743
18 98.55 37  32.97 0.008771128747421524
18 98.55 38  32.97 0.011862749900305452
18 98.55 39  32.97 0.0161061985665599
18 98.55 40  32.97 0.015874129428405388
18 98.55 41  32.97 0.015685248514855706
18 98.55 42  32.97 0.024290197271381042
18 98.55 43  32.97 0.0036491517566025838
18 98.55 44  32.97 0.004974973144839872
18 98.55 45  32.97 0.009559236471924132
18 98.55 46  32.97 0.013780248061910038
18 98.55 47  32.97 0.005685532508181138
18 98.55 48  38.03 3.292643761216253e-28
18 98.55 49  38.03 2.604864531973403e-28
18 98.55 50  38.03 9.746717303617305e-28
18 98.55 51  38.03 7.690933685756129e-29
18 98.55 52  38.03 3.6156783890290937e-28
18 98.55 53  58.09 0.01777232392608131
18 98.55 54  58.09 0.017072536463334217
18 98.55 55  58.09 0.030747246292826977
18 98.55 56  58.09 0.005556891259729654
18 98.55 57  58.09 0.012689287226932187
18 98.55 58  58.09 0.012814459741504627
18 98.55 59  58.09 0.023828857442516286
18 98.55 60  58.09 0.014215471469801634
18 98.55 61  58.09 0.006057569846791088
18 98.55 62  58.09 0.004186710473156896
18 98.55 63  58.09 0.008757079592101374
18 98.55 64  58.09 0.006725677992777719
18 98.55 65  58.09 0.013324981118060852
18 98.55 66  58.09 0.0200459600100859
18 98.55 67  58.09 0.011137731429902126
18 98.55 68  61.4 4.487061747753664e-30
18 98.55 69  61.4 2.7215956034229e-28
18 98.55 70  61.4 1.0414409964356736e-28
18 98.55 71  61.4 5.659136341265408e-29
18 98.55 72  61.4 4.1131239395563314e-30
18 98.55 73  61.4 2.374106790563539e-29
18 98.55 74  61.4 6.321571762114157e-29
18 98.55 75  61.4 3.089969728178447e-30
18 98.55 76  61.4 5.365347086719386e-30
18 98.55 77  61.4 6.405305033926012e-29
18 98.55 78  61.4 4.4273120354493923e-29
18 98.55 79  61.4 4.4026463753530845e-29
18 98.55 80  61.4 3.683420769756134e-30
18 98.55 81  61.4 5.954617331205195e-29
18 98.55 82  61.4 4.945415760084306e-29
18 98.55 83  61.4 3.1243737881812973e-29
18 98.55 84  61.4 1.896470589987149e-28
18 98.55 85  61.4 3.59706407270345e-29
18 98.55 86  94.37 6.223137940885629e-31
18 98.55 87  94.37 1.0479749851225422e-29
18 98.55 88  94.37 2.5357646524142417e-29
18 98.55 89  94.37 6.495525677408876e-31
18 98.55 90  94.37 7.521694120608164e-31
18 98.55 91  94.37 6.464679495343162e-31
18 98.55 92  94.37 5.414600840179736e-31
18 98.55 93  94.37 3.2457345550079796e-31
18 98.55 94  94.37 4.599602216129426e-31
18 98.55 95  94.37 1.402048069145739e-30
18 98.55 96  94.37 2.256253062215195e-29
18 98.55 97  94.37 4.7781903864741014e-30
18 98.55 98  94.37 1.843203429971275e-30
18 98.55 99  94.37 3.83659070331463e-30
18 98.55 100  94.37 2.066276309356749e-29
19 98.55 19  0.0 8.146722617622523e-32
19 98.55 20  0.0 2.4810940030233263e-31
19 98.55 21  0.0 2.4186547433980344e-31
19 98.55 22  0.0 1.0112539157639327e-31
19 98.55 23  0.0 4.484867417895989e-31
19 98.55 24  0.0 2.431736825987487e-31
19 98.55 25  0.0 1.2742636370349617e-31
19 98.55 26  0.0 1.3922859129702827e-31
19 98.55 27  24.24 8.676088985896002e-31
19 98.55 28  24.24 5.542475449076269e-31
19 98.55 29  24.24 3.554554229023738e-30
19 98.55 30  24.24 5.5954935293963986e-30
19 98.55 31  24.24 2.2192761734301484e-30
19 98.55 32  24.24 3.752547082954065e-30
19 98.55 33  32.97 0.019859608700518908
19 98.55 34  32.97 0.007172416545916301
19 98.55 35  32.97 0.04122703266710848
19 98.55 36  32.97 0.023654220777996112
19 98.55 37  32.97 0.010430168427929248
19 98.55 38  32.97 0.006404389724953659
19 98.55 39  32.97 0.002323631074334476
19 98.55 40  32.97 0.029418054566003594
19 98.55 41  32.97 0.0048160660487431145
19 98.55 42  32.97 0.009682813184915744
19 98.55 43  32.97 0.00656093900822334
19 98.55 44  32.97 0.014319450485651778
19 98.55 45  32.97 0.019380605820369313
19 98.55 46  32.97 0.03490306281661215
19 98.55 47  32.97 0.010594259751311891
19 98.55 48  38.03 1.1597423379713956e-28
19 98.55 49  38.03 7.387934781804753e-29
19 98.55 50  38.03 1.1132678580359947e-28
19 98.55 51  38.03 4.748447299628004e-29
19 98.55 52  38.03 1.4220102977461919e-28
19 98.55 53  58.09 0.030917945832443446
19 98.55 54  58.09 0.010029445975014688
19 98.55 55  58.09 0.01552692000140595
19 98.55 56  58.09 0.008904194022547822
19 98.55 57  58.09 0.009584989045037951
19 98.55 58  58.09 0.01895673262179711
19 98.55 59  58.09 0.015931154495422623
19 98.55 60  58.09 0.0066798197414231
19 98.55 61  58.09 0.0060907044271523506
19 98.55 62  58.09 0.02080363676558066
19 98.55 63  58.09 0.007034239755758497
19 98.55 64  58.09 0.008999878903429289
19 98.55 65  58.09 0.003933447894517565
19 98.55 66  58.09 0.04334380566362965
19 98.55 67  58.09 0.011617399389450993
19 98.55 68  61.4 7.823920531370289e-31
19 98.55 69  61.4 2.9010214533878148e-28
19 98.55 70  61.4 9.055836357319008e-29
19 98.55 71  61.4 1.067155937995154e-28
19 98.55 72  61.4 1.9033072991187776e-29
19 98.55 73  61.4 5.599085547046982e-29
19 98.55 74  61.4 9.058798033795964e-29
19 98.55 75  61.4 6.568793774763182e-30
19 98.55 76  61.4 1.6375971285332607e-29
19 98.55 77  61.4 4.60627063247454e-29
19 98.55 78  61.4 2.75575771923615e-29
19 98.55 79  61.4 4.8833545760928115e-29
19 98.55 80  61.4 2.347765573026543e-29
19 98.55 81  61.4 8.582778589075926e-29
19 98.55 82  61.4 1.1072582440767508e-28
19 98.55 83  61.4 8.129336177238963e-29
19 98.55 84  61.4 4.131205681448009e-28
19 98.55 85  61.4 6.144568623367067e-29
19 98.55 86  94.37 2.40277652306573e-31
19 98.55 87  94.37 9.504452513083048e-30
19 98.55 88  94.37 1.168034459800778e-29
19 98.55 89  94.37 1.4301548500300154e-31
19 98.55 90  94.37 7.952071496535868e-31
19 98.55 91  94.37 5.712725507372199e-31
19 98.55 92  94.37 5.1847705882927415e-31
19 98.55 93  94.37 4.244246437888832e-31
19 98.55 94  94.37 5.2342825031126335e-31
19 98.55 95  94.37 1.5008057797798266e-30
19 98.55 96  94.37 2.7979738302463847e-29
19 98.55 97  94.37 6.641157463358054e-30
19 98.55 98  94.37 1.9035078103302253e-30
19 98.55 99  94.37 7.212635483257531e-31
19 98.55 100  94.37 1.2906992679627192e-29
20 98.55 20  0.0 1.0630272557780422e-30
20 98.55 21  0.0 1.7369578716878103e-30
20 98.55 22  0.0 6.227571243878453e-31
20 98.55 23  0.0 1.5381388811597897e-30
20 98.55 24  0.0 4.413269640946321e-31
20 98.55 25  0.0 2.2680493814319805e-31
20 98.55 26  0.0 3.5228754581933277e-31
20 98.55 27  24.24 2.6097936085682217e-30
20 98.55 28  24.24 5.266630829115518e-31
20 98.55 29  24.24 5.577895848354397e-30
20 98.55 30  24.24 1.5529561390237987e-30
20 98.55 31  24.24 3.503438867048184e-30
20 98.55 32  24.24 8.076393318271512e-30
20 98.55 33  32.97 0.01484662466627398
20 98.55 34  32.97 0.006051986171751017
20 98.55 35  32.97 0.012451845703987836
20 98.55 36  32.97 0.013171583184949282
20 98.55 37  32.97 0.022909513658418687
20 98.55 38  32.97 0.013131242644043379
20 98.55 39  32.97 0.021648825984738777
20 98.55 40  32.97 0.012582922311189335
20 98.55 41  32.97 0.01769378315165129
20 98.55 42  32.97 0.019212643474680824
20 98.55 43  32.97 0.0050075595220005625
20 98.55 44  32.97 0.005587381209416782
20 98.55 45  32.97 0.006394050488629013
20 98.55 46  32.97 0.009155033433845518
20 98.55 47  32.97 0.018359859289680962
20 98.55 48  38.03 1.945061765885049e-29
20 98.55 49  38.03 4.5386351774630867e-29
20 98.55 50  38.03 1.2009652432619736e-29
20 98.55 51  38.03 3.651388133926681e-30
20 98.55 52  38.03 3.7449600158361937e-29
20 98.55 53  58.09 0.029440037647831024
20 98.55 54  58.09 0.03120270392140544
20 98.55 55  58.09 0.00711543157480373
20 98.55 56  58.09 0.006774271938172712
20 98.55 57  58.09 0.007204508241475728
20 98.55 58  58.09 0.0122105471876812
20 98.55 59  58.09 0.01744882970170651
20 98.55 60  58.09 0.018917782341714148
20 98.55 61  58.09 0.009723495719332148
20 98.55 62  58.09 0.009366147707613036
20 98.55 63  58.09 0.010010415483485743
20 98.55 64  58.09 0.023022825657073014
20 98.55 65  58.09 0.011611271426940519
20 98.55 66  58.09 0.002718631126676527
20 98.55 67  58.09 0.025931692142615564
20 98.55 68  61.4 4.3152922883082194e-30
20 98.55 69  61.4 2.6891553259202182e-28
20 98.55 70  61.4 7.804049270998725e-29
20 98.55 71  61.4 9.44003381361581e-29
20 98.55 72  61.4 4.844653227639494e-30
20 98.55 73  61.4 1.2043860461696938e-29
20 98.55 74  61.4 1.5747491936594066e-29
20 98.55 75  61.4 4.157655484190178e-30
20 98.55 76  61.4 2.984616111045392e-30
20 98.55 77  61.4 3.4739319747820996e-29
20 98.55 78  61.4 3.352436667852369e-29
20 98.55 79  61.4 6.132543502868859e-29
20 98.55 80  61.4 1.0059602922514187e-29
20 98.55 81  61.4 6.63632019024037e-30
20 98.55 82  61.4 2.2301671921064046e-29
20 98.55 83  61.4 2.7662681374658425e-29
20 98.55 84  61.4 1.1248395047592433e-28
20 98.55 85  61.4 3.309354506565194e-29
20 98.55 86  94.37 4.469820873211856e-31
20 98.55 87  94.37 2.2917235092185952e-29
20 98.55 88  94.37 9.529504389276151e-30
20 98.55 89  94.37 3.982844404968314e-31
20 98.55 90  94.37 8.239485274972735e-31
20 98.55 91  94.37 3.7774719352378186e-31
20 98.55 92  94.37 1.2556912410972822e-30
20 98.55 93  94.37 1.991431198074832e-31
20 98.55 94  94.37 1.0669979355914203e-30
20 98.55 95  94.37 1.8893983401369165e-30
20 98.55 96  94.37 4.21603174443369e-29
20 98.55 97  94.37 1.1615097559286196e-29
20 98.55 98  94.37 1.9429190986004005e-30
20 98.55 99  94.37 2.329888966862696e-30
20 98.55 100  94.37 2.607189217134372e-29
21 98.55 21  0.0 1.1434637906119099e-30
21 98.55 22  0.0 3.653466359881406e-31
21 98.55 23  0.0 1.288023742303717e-31
21 98.55 24  0.0 4.638058145713116e-32
21 98.55 25  0.0 1.429201208765553e-31
21 98.55 26  0.0 1.635616088898766e-31
21 98.55 27  24.24 5.6052303063351454e-30
21 98.55 28  24.24 4.3823779817213505e-31
21 98.55 29  24.24 4.4489935077386085e-30
21 98.55 30  24.24 2.7022214645319718e-30
21 98.55 31  24.24 1.5159344855862609e-30
21 98.55 32  24.24 1.1200841650502029e-29
21 98.55 33  32.97 0.017655030002233906
21 98.55 34  32.97 0.009140103749791347
21 98.55 35  32.97 0.03532747906504127
21 98.55 36  32.97 0.007606013288298601
21 98.55 37  32.97 0.02766759801888301
21 98.55 38  32.97 0.010011794613144298
21 98.55 39  32.97 0.01438001012854093
21 98.55 40  32.97 0.02455136320642654
21 98.55 41  32.97 0.02242731111715567
21 98.55 42  32.97 0.011878787977869728
21 98.55 43  32.97 0.003041503955343221
21 98.55 44  32.97 0.007453176519070593
21 98.55 45  32.97 0.015568418110092826
21 98.55 46  32.97 0.03038179127888256
21 98.55 47  32.97 0.01587276825813795
21 98.55 48  38.03 4.8911822996233665e-29
21 98.55 49  38.03 5.599276880820261e-29
21 98.55 50  38.03 1.2184109639327573e-29
21 98.55 51  38.03 1.8274094204643278e-29
21 98.55 52  38.03 2.7745871609985505e-29
21 98.55 53  58.09 0.009194588123405525
21 98.55 54  58.09 0.025890917717220702
21 98.55 55  58.09 0.015534095077168372
21 98.55 56  58.09 0.0020165304762290387
21 98.55 57  58.09 0.010291725255155431
21 98.55 58  58.09 0.008940567994487624
21 98.55 59  58.09 0.02182963821943247
21 98.55 60  58.09 0.012118418840857997
21 98.55 61  58.09 0.006061038919797411
21 98.55 62  58.09 0.023493760827512856
21 98.55 63  58.09 0.010805881361654793
21 98.55 64  58.09 0.010610646517463589
21 98.55 65  58.09 0.0014599564538311407
21 98.55 66  58.09 0.030693068548596214
21 98.55 67  58.09 0.005132472386923595
21 98.55 68  61.4 3.492232764254584e-30
21 98.55 69  61.4 2.8801083002384667e-28
21 98.55 70  61.4 2.1175906103040614e-28
21 98.55 71  61.4 1.1289014648613456e-28
21 98.55 72  61.4 9.119255098374723e-30
21 98.55 73  61.4 1.9148886272556311e-29
21 98.55 74  61.4 9.303161411477716e-29
21 98.55 75  61.4 3.57198710750401e-30
21 98.55 76  61.4 3.940849446620857e-30
21 98.55 77  61.4 4.209925496758136e-29
21 98.55 78  61.4 7.815968616992806e-29
21 98.55 79  61.4 3.1760757084219646e-29
21 98.55 80  61.4 1.3070725706789221e-30
21 98.55 81  61.4 6.709338409026269e-29
21 98.55 82  61.4 5.603437962127803e-29
21 98.55 83  61.4 8.802080602150682e-29
21 98.55 84  61.4 2.743787224116286e-28
21 98.55 85  61.4 3.248298901120173e-29
21 98.55 86  94.37 5.8883413588449385e-31
21 98.55 87  94.37 1.580059384476918e-29
21 98.55 88  94.37 4.3953333336023534e-30
21 98.55 89  94.37 2.83244588781916e-31
21 98.55 90  94.37 3.390288082820989e-31
21 98.55 91  94.37 9.437188056878864e-32
21 98.55 92  94.37 1.058831716867746e-30
21 98.55 93  94.37 2.053805292818409e-31
21 98.55 94  94.37 3.594040086228199e-31
21 98.55 95  94.37 1.035291966870153e-30
21 98.55 96  94.37 2.466614191327829e-29
21 98.55 97  94.37 9.049028305720847e-30
21 98.55 98  94.37 8.852652027630377e-31
21 98.55 99  94.37 2.68286919491022e-30
21 98.55 100  94.37 1.4703352554816196e-29
22 98.55 22  0.0 8.64728063931904e-31
22 98.55 23  0.0 2.4701778613362765e-31
22 98.55 24  0.0 6.399422257861781e-31
22 98.55 25  0.0 9.749294825666354e-31
22 98.55 26  0.0 2.926640346835492e-31
22 98.55 27  24.24 2.9436786556585498e-30
22 98.55 28  24.24 5.26446969200354e-31
22 98.55 29  24.24 6.685588341847245e-30
22 98.55 30  24.24 6.393178784806539e-31
22 98.55 31  24.24 1.0810575430214801e-30
22 98.55 32  24.24 9.51649497654171e-30
22 98.55 33  32.97 0.014566865340859192
22 98.55 34  32.97 0.009703903469073571
22 98.55 35  32.97 0.014914092837091181
22 98.55 36  32.97 0.038512191290805395
22 98.55 37  32.97 0.008518177224742482
22 98.55 38  32.97 0.009727570257573372
22 98.55 39  32.97 0.04817148039743543
22 98.55 40  32.97 0.004441713085472666
22 98.55 41  32.97 0.027978692532966618
22 98.55 42  32.97 0.022511244506048876
22 98.55 43  32.97 0.023703214054704824
22 98.55 44  32.97 0.0041121989209558
22 98.55 45  32.97 0.00233056785177893
22 98.55 46  32.97 0.007897526868367106
22 98.55 47  32.97 0.008326541750571778
22 98.55 48  38.03 2.127357767897788e-29
22 98.55 49  38.03 4.875938003254021e-29
22 98.55 50  38.03 1.5804127234288216e-29
22 98.55 51  38.03 6.290420710219207e-30
22 98.55 52  38.03 4.739710332842858e-29
22 98.55 53  58.09 0.0019660199630853843
22 98.55 54  58.09 0.002521129140731911
22 98.55 55  58.09 0.02911698541821968
22 98.55 56  58.09 0.0017757564923841379
22 98.55 57  58.09 0.010945138781232773
22 98.55 58  58.09 0.017051156158021507
22 98.55 59  58.09 0.014703303160199592
22 98.55 60  58.09 0.002748230691169289
22 98.55 61  58.09 0.0023524678806808473
22 98.55 62  58.09 0.004876343003467283
22 98.55 63  58.09 0.008076791504020596
22 98.55 64  58.09 0.017685112179189458
22 98.55 65  58.09 0.020215055893585455
22 98.55 66  58.09 0.008868834648248784
22 98.55 67  58.09 0.014214457722030893
22 98.55 68  61.4 3.140997102566447e-30
22 98.55 69  61.4 1.247058345774838e-28
22 98.55 70  61.4 2.5823679436103315e-29
22 98.55 71  61.4 6.795940422771089e-29
22 98.55 72  61.4 4.782423040360836e-30
22 98.55 73  61.4 1.5134774558613354e-29
22 98.55 74  61.4 8.69047857769062e-29
22 98.55 75  61.4 5.293321457577154e-30
22 98.55 76  61.4 3.7233883692206315e-30
22 98.55 77  61.4 4.264823001328438e-29
22 98.55 78  61.4 3.7537675164266696e-29
22 98.55 79  61.4 8.488580792906378e-30
22 98.55 80  61.4 3.728011762216942e-30
22 98.55 81  61.4 2.3204592789875584e-29
22 98.55 82  61.4 1.5588278000980845e-29
22 98.55 83  61.4 7.483411362120213e-30
22 98.55 84  61.4 6.72962096282889e-29
22 98.55 85  61.4 2.4972006391424788e-29
22 98.55 86  94.37 3.516944236312348e-31
22 98.55 87  94.37 1.0525786302300573e-29
22 98.55 88  94.37 2.3624510591187022e-30
22 98.55 89  94.37 2.3833413358472235e-31
22 98.55 90  94.37 3.995574184824378e-31
22 98.55 91  94.37 6.2975925748399545e-31
22 98.55 92  94.37 8.477187643638814e-31
22 98.55 93  94.37 1.3545772553739896e-31
22 98.55 94  94.37 6.897888407724946e-31
22 98.55 95  94.37 1.9741422844297633e-30
22 98.55 96  94.37 5.580762825609958e-29
22 98.55 97  94.37 1.4685642161329725e-29
22 98.55 98  94.37 8.543164491742309e-31
22 98.55 99  94.37 2.6696168594289943e-30
22 98.55 100  94.37 3.388224102694268e-29
23 98.55 23  0.0 1.6465532484682424e-30
23 98.55 24  0.0 4.45631672411882e-31
23 98.55 25  0.0 1.950075041116058e-31
23 98.55 26  0.0 9.973961850888663e-31
23 98.55 27  24.24 1.862407429421922e-30
23 98.55 28  24.24 8.383694524823208e-31
23 98.55 29  24.24 5.6071431048990184e-30
23 98.55 30  24.24 2.649592500638957e-30
23 98.55 31  24.24 2.7139613683020523e-30
23 98.55 32  24.24 1.552557126047794e-29
23 98.55 33  32.97 0.008398025953467211
23 98.55 34  32.97 0.005782230311380046
23 98.55 35  32.97 0.04087667571686965
23 98.55 36  32.97 0.008877933343858353
23 98.55 37  32.97 0.0071902221675769935
23 98.55 38  32.97 0.027750590906461536
23 98.55 39  32.97 0.023475164225246592
23 98.55 40  32.97 0.008134533746071383
23 98.55 41  32.97 0.03405920500976085
23 98.55 42  32.97 0.03388495563164451
23 98.55 43  32.97 0.011257106196531594
23 98.55 44  32.97 0.005106523981435853
23 98.55 45  32.97 0.013502254971012677
23 98.55 46  32.97 0.022516289598882598
23 98.55 47  32.97 0.012030517258376127
23 98.55 48  38.03 6.15221249473769e-29
23 98.55 49  38.03 7.09612153759672e-29
23 98.55 50  38.03 1.68922125273661e-29
23 98.55 51  38.03 8.937822020189813e-30
23 98.55 52  38.03 4.1106717966833117e-29
23 98.55 53  58.09 0.008902414553746818
23 98.55 54  58.09 0.008009258873222631
23 98.55 55  58.09 0.012540790568138685
23 98.55 56  58.09 0.011932490940002384
23 98.55 57  58.09 0.012767668077284798
23 98.55 58  58.09 0.0031547127188532383
23 98.55 59  58.09 0.01811828963791723
23 98.55 60  58.09 0.013050791460046144
23 98.55 61  58.09 0.006411487539168345
23 98.55 62  58.09 0.009674582375047818
23 98.55 63  58.09 0.0036545516113524303
23 98.55 64  58.09 0.009200151039302114
23 98.55 65  58.09 0.002410757384388995
23 98.55 66  58.09 0.03771351374763564
23 98.55 67  58.09 0.014127228110575235
23 98.55 68  61.4 2.43160355349097e-30
23 98.55 69  61.4 1.7035560791658747e-28
23 98.55 70  61.4 5.739405051177907e-29
23 98.55 71  61.4 2.4366549054487163e-29
23 98.55 72  61.4 8.800337791339568e-30
23 98.55 73  61.4 4.9094757611654327e-29
23 98.55 74  61.4 1.7031610079500207e-28
23 98.55 75  61.4 9.381203762679626e-30
23 98.55 76  61.4 8.688406791512638e-30
23 98.55 77  61.4 8.774726353614901e-29
23 98.55 78  61.4 3.88826782710771e-29
23 98.55 79  61.4 2.6394878946729167e-29
23 98.55 80  61.4 6.390142284276268e-30
23 98.55 81  61.4 8.132757982041456e-29
23 98.55 82  61.4 2.0188718523892246e-29
23 98.55 83  61.4 4.7708079715762924e-29
23 98.55 84  61.4 1.6658388583834618e-28
23 98.55 85  61.4 1.2362792136644196e-28
23 98.55 86  94.37 5.652933787674505e-31
23 98.55 87  94.37 3.289535665707262e-29
23 98.55 88  94.37 1.3578284499478053e-30
23 98.55 89  94.37 2.8243181442945265e-31
23 98.55 90  94.37 2.479824879889327e-31
23 98.55 91  94.37 2.399494299311194e-31
23 98.55 92  94.37 9.938351470215287e-31
23 98.55 93  94.37 6.284916936735828e-32
23 98.55 94  94.37 4.57446822383021e-31
23 98.55 95  94.37 1.0659699707882848e-30
23 98.55 96  94.37 3.239927634431808e-29
23 98.55 97  94.37 8.687666228031059e-30
23 98.55 98  94.37 5.914106522901123e-31
23 98.55 99  94.37 8.091014047467217e-31
23 98.55 100  94.37 5.03577223491797e-30
24 98.55 24  0.0 8.388122977568813e-32
24 98.55 25  0.0 2.951304000829709e-31
24 98.55 26  0.0 3.1430539582700824e-31
24 98.55 27  24.24 6.278083509851844e-30
24 98.55 28  24.24 3.0033093588270725e-31
24 98.55 29  24.24 4.6375134671350315e-30
24 98.55 30  24.24 4.045101631439537e-31
24 98.55 31  24.24 1.5471685439542537e-30
24 98.55 32  24.24 1.0638312042863717e-29
24 98.55 33  32.97 0.019794015361064312
24 98.55 34  32.97 0.01592064488978273
24 98.55 35  32.97 0.013428844686226932
24 98.55 36  32.97 0.03914333575587775
24 98.55 37  32.97 0.0034561460712182325
24 98.55 38  32.97 0.00601951856318224
24 98.55 39  32.97 0.04463261510012841
24 98.55 40  32.97 0.004960913733197028
24 98.55 41  32.97 0.04411896068147645
24 98.55 42  32.97 0.020534358011226127
24 98.55 43  32.97 0.009473793183326041
24 98.55 44  32.97 0.0036797814846999915
24 98.55 45  32.97 0.005156047995743181
24 98.55 46  32.97 0.006062815045797693
24 98.55 47  32.97 0.006094190468447715
24 98.55 48  38.03 3.91326226561081e-29
24 98.55 49  38.03 1.1341932816954273e-28
24 98.55 50  38.03 5.922123545620203e-29
24 98.55 51  38.03 5.567713062582257e-29
24 98.55 52  38.03 5.986584500848103e-29
24 98.55 53  58.09 0.007229120275530479
24 98.55 54  58.09 0.0031672893861710277
24 98.55 55  58.09 0.029934189406612303
24 98.55 56  58.09 0.00245211762515769
24 98.55 57  58.09 0.029077502527908486
24 98.55 58  58.09 0.014698961530730513
24 98.55 59  58.09 0.0029988502230880454
24 98.55 60  58.09 0.0076285978155623945
24 98.55 61  58.09 0.003340506591800965
24 98.55 62  58.09 0.00330214604837341
24 98.55 63  58.09 0.02285755608658564
24 98.55 64  58.09 0.005252774506121775
24 98.55 65  58.09 0.008150163110500142
24 98.55 66  58.09 0.003817376401096974
24 98.55 67  58.09 0.03939893152877015
24 98.55 68  61.4 2.2888238528810286e-30
24 98.55 69  61.4 4.5017835316789993e-29
24 98.55 70  61.4 1.0178899374326183e-28
24 98.55 71  61.4 1.6155832155346107e-28
24 98.55 72  61.4 5.300402603212815e-30
24 98.55 73  61.4 4.512805241755319e-30
24 98.55 74  61.4 2.4857466908661557e-29
24 98.55 75  61.4 1.7135462260022184e-30
24 98.55 76  61.4 1.2021421935649517e-30
24 98.55 77  61.4 2.990983034167723e-29
24 98.55 78  61.4 1.6097788255229012e-28
24 98.55 79  61.4 3.500697266438261e-29
24 98.55 80  61.4 7.646322271731289e-30
24 98.55 81  61.4 1.2522700169481198e-29
24 98.55 82  61.4 8.258953551393344e-29
24 98.55 83  61.4 2.2304067921045278e-29
24 98.55 84  61.4 6.130869575134561e-29
24 98.55 85  61.4 9.936111916061041e-29
24 98.55 86  94.37 3.5474613463688e-31
24 98.55 87  94.37 3.767886018211842e-30
24 98.55 88  94.37 2.52606941872249e-30
24 98.55 89  94.37 1.1029517967706035e-31
24 98.55 90  94.37 2.056513083476928e-31
24 98.55 91  94.37 1.253829814233199e-31
24 98.55 92  94.37 2.8677396409880503e-31
24 98.55 93  94.37 2.5595143540773847e-31
24 98.55 94  94.37 2.745990092692569e-31
24 98.55 95  94.37 4.627896142100052e-31
24 98.55 96  94.37 1.5775722486487586e-29
24 98.55 97  94.37 4.824246093797481e-30
24 98.55 98  94.37 9.29447892922496e-31
24 98.55 99  94.37 5.4741223379424454e-30
24 98.55 100  94.37 7.341623169379717e-29
25 98.55 25  0.0 5.57716413060888e-31
25 98.55 26  0.0 1.7767000906187354e-31
25 98.55 27  24.24 2.4292412627328678e-30
25 98.55 28  24.24 1.1792884218062759e-30
25 98.55 29  24.24 2.235099423766802e-30
25 98.55 30  24.24 5.504889648511502e-31
25 98.55 31  24.24 6.0125596050106525e-31
25 98.55 32  24.24 7.674673059523735e-30
25 98.55 33  32.97 0.012642320874074763
25 98.55 34  32.97 0.013110864188112276
25 98.55 35  32.97 0.0036962840144822385
25 98.55 36  32.97 0.030376498204062075
25 98.55 37  32.97 0.0066145232285059205
25 98.55 38  32.97 0.004842611540992931
25 98.55 39  32.97 0.025560787507814934
25 98.55 40  32.97 0.016415937063009436
25 98.55 41  32.97 0.030527352310619184
25 98.55 42  32.97 0.01381899938420731
25 98.55 43  32.97 0.0068391506767921575
25 98.55 44  32.97 0.005212266244956705
25 98.55 45  32.97 0.0029384334869350546
25 98.55 46  32.97 0.01722503041441361
25 98.55 47  32.97 0.005704379528225778
25 98.55 48  38.03 3.0687645438528915e-29
25 98.55 49  38.03 9.82694505985154e-29
25 98.55 50  38.03 4.387214503622423e-29
25 98.55 51  38.03 1.0607412076891515e-28
25 98.55 52  38.03 1.2853763459148615e-28
25 98.55 53  58.09 0.0022191235037469044
25 98.55 54  58.09 0.01036954224964918
25 98.55 55  58.09 0.019260786205667027
25 98.55 56  58.09 0.00019288509984604122
25 98.55 57  58.09 0.03066646665900851
25 98.55 58  58.09 0.006568748235350974
25 98.55 59  58.09 0.010147749098180926
25 98.55 60  58.09 0.010423508481735337
25 98.55 61  58.09 0.008746633742170449
25 98.55 62  58.09 0.0040965298595573045
25 98.55 63  58.09 0.016324507597643548
25 98.55 64  58.09 0.04155917866253865
25 98.55 65  58.09 0.023871499189271988
25 98.55 66  58.09 0.00954398600989048
25 98.55 67  58.09 0.03852547781484379
25 98.55 68  61.4 4.0297890266226926e-30
25 98.55 69  61.4 3.259230515693043e-28
25 98.55 70  61.4 1.0012368807142218e-28
25 98.55 71  61.4 4.792599500531188e-29
25 98.55 72  61.4 6.453586966903451e-30
25 98.55 73  61.4 8.474275946200092e-30
25 98.55 74  61.4 2.1106754313458666e-29
25 98.55 75  61.4 2.9268940823742535e-30
25 98.55 76  61.4 2.3252489543997907e-30
25 98.55 77  61.4 6.022707064963646e-29
25 98.55 78  61.4 9.499221066699423e-29
25 98.55 79  61.4 4.1183263093498507e-29
25 98.55 80  61.4 2.1355279786636067e-30
25 98.55 81  61.4 2.905808975941749e-29
25 98.55 82  61.4 6.570018980951128e-29
25 98.55 83  61.4 8.557265486376056e-30
25 98.55 84  61.4 9.739818935453541e-29
25 98.55 85  61.4 9.63447362939065e-29
25 98.55 86  94.37 1.3849075999105212e-31
25 98.55 87  94.37 1.2466784894381527e-29
25 98.55 88  94.37 8.884953854506647e-30
25 98.55 89  94.37 1.4846034584171225e-31
25 98.55 90  94.37 1.2024331233651516e-30
25 98.55 91  94.37 6.79985326070629e-31
25 98.55 92  94.37 4.492770724289433e-31
25 98.55 93  94.37 8.281547881703412e-31
25 98.55 94  94.37 9.833574251659467e-31
25 98.55 95  94.37 7.191223278810017e-31
25 98.55 96  94.37 7.581265151770599e-30
25 98.55 97  94.37 2.3565784585869708e-30
25 98.55 98  94.37 3.430737418375249e-30
25 98.55 99  94.37 5.3944739782626615e-30
25 98.55 100  94.37 9.650310313220421e-29
26 98.55 26  0.0 1.4650063377631549e-31
26 98.55 27  24.24 4.9304538965309964e-30
26 98.55 28  24.24 1.6307516869285417e-30
26 98.55 29  24.24 2.0289867717521765e-30
26 98.55 30  24.24 4.0555469957017464e-30
26 98.55 31  24.24 9.790993052023143e-31
26 98.55 32  24.24 3.0542778360269602e-30
26 98.55 33  32.97 0.011211221637873952
26 98.55 34  32.97 0.012976216558584228
26 98.55 35  32.97 0.01392234998351556
26 98.55 36  32.97 0.010640053004945343
26 98.55 37  32.97 0.021330470437877544
26 98.55 38  32.97 0.0171587360590509
26 98.55 39  32.97 0.02064688975143314
26 98.55 40  32.97 0.027648962117879834
26 98.55 41  32.97 0.01188961349884664
26 98.55 42  32.97 0.01722497553904116
26 98.55 43  32.97 0.0014911431397684177
26 98.55 44  32.97 0.0076035463385865625
26 98.55 45  32.97 0.004939184604322617
26 98.55 46  32.97 0.04846525021708011
26 98.55 47  32.97 0.0074454566234211424
26 98.55 48  38.03 1.0662918426889678e-29
26 98.55 49  38.03 3.4632370773182134e-29
26 98.55 50  38.03 1.3316273166306106e-29
26 98.55 51  38.03 7.580354008588376e-30
26 98.55 52  38.03 7.824427233171201e-30
26 98.55 53  58.09 0.0055890650837756095
26 98.55 54  58.09 0.003328368462918282
26 98.55 55  58.09 0.014248170756839599
26 98.55 56  58.09 0.006321343897305262
26 98.55 57  58.09 0.0057821107634491295
26 98.55 58  58.09 0.0039629852705118
26 98.55 59  58.09 0.02921073824317702
26 98.55 60  58.09 0.013400454179485495
26 98.55 61  58.09 0.0011419196923104444
26 98.55 62  58.09 0.008685237943557937
26 98.55 63  58.09 0.007367499046351304
26 98.55 64  58.09 0.020508815225360966
26 98.55 65  58.09 0.0030130467419157616
26 98.55 66  58.09 0.03518941433370829
26 98.55 67  58.09 0.0175424186064263
26 98.55 68  61.4 1.6144119396793577e-30
26 98.55 69  61.4 1.2643931935804917e-28
26 98.55 70  61.4 4.1681284774455817e-29
26 98.55 71  61.4 8.789300282105673e-30
26 98.55 72  61.4 8.615420517397471e-30
26 98.55 73  61.4 4.485112275771375e-29
26 98.55 74  61.4 1.0630333899455968e-28
26 98.55 75  61.4 7.660895459917311e-30
26 98.55 76  61.4 2.3471959859669136e-30
26 98.55 77  61.4 4.7808878955247985e-29
26 98.55 78  61.4 3.2396387611624785e-29
26 98.55 79  61.4 4.394714058345626e-29
26 98.55 80  61.4 3.0726281728264394e-30
26 98.55 81  61.4 5.108037199478088e-29
26 98.55 82  61.4 8.537139307799825e-29
26 98.55 83  61.4 6.620327304180748e-29
26 98.55 84  61.4 3.519004768863202e-28
26 98.55 85  61.4 3.776165302149336e-29
26 98.55 86  94.37 1.1332397686144037e-30
26 98.55 87  94.37 4.1057004372810397e-29
26 98.55 88  94.37 6.360395969774502e-30
26 98.55 89  94.37 7.299665677423004e-31
26 98.55 90  94.37 5.307092266385853e-31
26 98.55 91  94.37 4.334589886828567e-31
26 98.55 92  94.37 8.964846599249919e-31
26 98.55 93  94.37 2.9245236840568494e-31
26 98.55 94  94.37 5.410565367321775e-31
26 98.55 95  94.37 1.6366402343249946e-30
26 98.55 96  94.37 3.895104984013484e-29
26 98.55 97  94.37 1.144393875970961e-29
26 98.55 98  94.37 2.0939536423736362e-30
26 98.55 99  94.37 9.664868573030278e-31
26 98.55 100  94.37 9.691226322205708e-30
