#nmax= 2 NR= 11 Ntheta= 11 Nphi= 11
#jmax= 2 Nalpha= 11 Nphi= 11 Nchi= 11
#Ntrans= 10
#Nrot= 16

119.4871 23.62162 109.41887
119.4871 23.62162 109.41887
119.4871 23.62162 109.41887
135.66297 39.79749 125.59473
135.66297 39.79749 125.59473
135.66297 39.79749 125.59473
166.82644 70.96096 156.7582
166.82644 70.96096 156.7582
166.82644 70.96096 156.7582
166.82644 70.96096 156.7582
166.82644 70.96096 156.7582
182.29824 86.43276 172.23001
185.25336 89.38788 175.18513
185.25336 89.38788 175.18513
185.25336 89.38788 175.18513
191.10234 95.23685 181.0341
191.10234 95.23685 181.0341
191.10234 95.23685 181.0341
191.10234 95.23685 181.0341
191.10234 95.23685 181.0341
193.23414 97.36866 183.16591
193.23414 97.36866 183.16591
193.23414 97.36866 183.16591
193.23414 97.36866 183.16591
193.23414 97.36866 183.16591
198.2053 102.33982 188.13707
198.2053 102.33982 188.13707
198.2053 102.33982 188.13707
202.05396 106.18848 191.98573
225.85427 129.98879 215.78603
225.85427 129.98879 215.78603
225.85427 129.98879 215.78603
225.85427 129.98879 215.78603
225.85427 129.98879 215.78603
225.85427 129.98879 215.78603
225.85427 129.98879 215.78603
232.25961 136.39413 222.19138
232.25961 136.39413 222.19138
232.25961 136.39413 222.19138
232.25961 136.39413 222.19138
232.25961 136.39413 222.19138
232.98808 137.1226 222.91985
232.98808 137.1226 222.91985
232.98808 137.1226 222.91985
243.50357 147.63809 233.43533
243.50357 147.63809 233.43533
243.50357 147.63809 233.43533
243.50357 147.63809 233.43533
243.50357 147.63809 233.43533
254.70455 158.83907 244.63631
254.70455 158.83907 244.63631
254.70455 158.83907 244.63631
257.66758 161.8021 247.59934
257.66758 161.8021 247.59934
257.66758 161.8021 247.59934
257.66758 161.8021 247.59934
257.66758 161.8021 247.59934
257.66758 161.8021 247.59934
257.66758 161.8021 247.59934
262.41236 166.54688 252.34412
262.41236 166.54688 252.34412
262.41236 166.54688 252.34412
263.59324 167.72775 253.525
263.59324 167.72775 253.525
263.59324 167.72775 253.525
264.56647 168.70099 254.49823
264.56647 168.70099 254.49823
264.56647 168.70099 254.49823
264.56647 168.70099 254.49823
264.56647 168.70099 254.49823
264.77885 168.91337 254.71062
264.77885 168.91337 254.71062
264.77885 168.91337 254.71062
264.77885 168.91337 254.71062
264.77885 168.91337 254.71062
264.77885 168.91337 254.71062
264.77885 168.91337 254.71062
268.45454 172.58906 258.38631
268.45454 172.58906 258.38631
268.45454 172.58906 258.38631
268.45454 172.58906 258.38631
268.45454 172.58906 258.38631
271.53795 175.67247 261.46971
271.53795 175.67247 261.46971
271.53795 175.67247 261.46971
291.37145 195.50597 281.30322
291.37145 195.50597 281.30322
291.37145 195.50597 281.30322
291.37145 195.50597 281.30322
291.37145 195.50597 281.30322
295.88292 200.01744 285.81468
295.88292 200.01744 285.81468
295.88292 200.01744 285.81468
295.88292 200.01744 285.81468
295.88292 200.01744 285.81468
295.88292 200.01744 285.81468
295.88292 200.01744 285.81468
299.92576 204.06028 289.85752
299.92576 204.06028 289.85752
299.92576 204.06028 289.85752
