#nmax= 2 NR= 11 Ntheta= 11 Nphi= 11
#jmax= 2 Nalpha= 11 Nphi= 11 Nchi= 11
#Ntrans= 10
#Nrot= 19

95.86548083330646 0.0 85.79724769823005
128.75404708634431 32.888566253037844 118.68581395126792
128.75404708634542 32.88856625303896 118.68581395126903
128.75404708634608 32.8885662530396 118.68581395126967
163.13504442635056 67.26956359304411 153.06681129127418
163.13504442635093 67.26956359304447 153.06681129127455
163.13504442635158 67.26956359304513 153.0668112912752
165.63747218100914 69.7719913477027 155.5692390459328
165.63747218100966 69.77199134770319 155.56923904593327
165.63747218100966 69.77199134770319 155.56923904593327
165.63747218100985 69.77199134770338 155.56923904593344
165.63747218100988 69.77199134770343 155.5692390459335
187.4090838947344 91.54360306142793 177.34085075965803
187.40908389473472 91.54360306142827 177.34085075965834
187.40908389473483 91.54360306142837 177.34085075965845
187.40908389473537 91.54360306142891 177.340850759659
187.40908389473546 91.54360306142901 177.34085075965905
189.3723517760896 93.50687094278314 179.30411864101322
189.37235177609006 93.50687094278359 179.30411864101367
189.37235177609008 93.50687094278362 179.30411864101367
189.37235177609108 93.50687094278462 179.3041186410147
189.37235177609207 93.50687094278561 179.3041186410157
190.00843583147213 94.14295499816566 179.94020269639574
196.02767420224737 100.16219336894089 185.95944106717096
196.02767420224754 100.16219336894106 185.95944106717113
196.0276742022481 100.16219336894163 185.9594410671717
224.8811790036217 129.01569817031523 214.81294586854528
224.8811790036223 129.01569817031583 214.8129458685459
224.88117900362334 129.01569817031688 214.81294586854696
224.88117900362334 129.01569817031688 214.81294586854696
224.88117900362334 129.01569817031688 214.81294586854696
224.8811790036235 129.015698170317 214.81294586854702
224.88117900362374 129.01569817031728 214.81294586854733
229.2946570486259 133.42917621531944 219.22642391354952
229.2946570486269 133.42917621532044 219.22642391355052
229.29465704862733 133.42917621532084 219.22642391355086
229.29465704862733 133.42917621532087 219.22642391355095
229.2946570486292 133.42917621532274 219.2264239135528
230.641079639872 134.77559880656554 220.57284650479565
230.6410796398739 134.77559880656744 220.5728465047975
230.64107963987405 134.7755988065676 220.57284650479767
233.54753148951286 137.6820506562064 223.47929835443648
233.5475314895136 137.6820506562071 223.4792983544372
233.54753148951482 137.68205065620836 223.47929835443844
233.54753148951525 137.6820506562088 223.47929835443887
233.5475314895153 137.68205065620884 223.4792983544389
235.42587932205788 139.56039848875142 225.3576461869815
240.02199872470962 144.15651789140315 229.95376558963324
240.02199872471 144.1565178914035 229.95376558963352
240.02199872471033 144.15651789140387 229.95376558963395
240.02199872471047 144.156517891404 229.9537655896341
240.0219987247107 144.15651789140423 229.95376558963432
249.45891951258574 153.59343867927927 239.39068637750935
249.45891951258602 153.59343867927956 239.39068637750964
249.4589195125861 153.59343867927964 239.39068637750972
249.45891951258622 153.59343867927976 239.3906863775098
249.4589195125866 153.59343867928013 239.3906863775102
249.45891951258665 153.59343867928018 239.39068637751024
249.4589195125868 153.59343867928033 239.39068637751038
254.9892137306003 159.12373289729385 244.92098059552396
254.98921373060193 159.12373289729547 244.92098059552555
254.9892137306027 159.12373289729626 244.92098059552634
256.5041402513247 160.63865941801822 246.4359071162483
256.50414025132557 160.63865941801907 246.43590711624915
256.5041402513258 160.63865941801933 246.43590711624938
256.5041402513261 160.6386594180196 246.43590711624967
256.5041402513266 160.63865941802013 246.4359071162502
258.50656859230725 162.6410877590008 248.43833545723083
258.50656859230736 162.6410877590009 248.43833545723098
258.50656859230753 162.6410877590011 248.43833545723115
258.5065685923077 162.64108775900124 248.43833545723126
258.5065685923079 162.64108775900144 248.43833545723152
258.5065685923086 162.64108775900215 248.4383354572322
258.506568592309 162.64108775900252 248.4383354572326
261.10739994056917 165.24191910726267 251.03916680549275
261.1073999405698 165.2419191072633 251.03916680549338
261.10739994057064 165.24191910726415 251.03916680549423
261.1831637994248 165.31768296611835 251.1149306643484
261.183163799425 165.31768296611853 251.1149306643486
261.1831637994251 165.31768296611858 251.11493066434863
261.18316379942564 165.3176829661192 251.11493066434926
261.1831637994257 165.31768296611926 251.11493066434932
268.9890362139974 173.12355538069096 258.92080307892104
268.9890362139978 173.12355538069133 258.9208030789214
268.98903621399916 173.12355538069272 258.9208030789228
295.0875461873596 199.22206535405311 285.01931305228317
295.0875461873598 199.22206535405334 285.0193130522834
295.08754618735986 199.2220653540534 285.01931305228345
295.08754618736 199.22206535405354 285.0193130522836
295.0875461873601 199.22206535405363 285.0193130522837
295.08754618736066 199.2220653540542 285.01931305228425
295.0875461873607 199.22206535405425 285.0193130522843
295.08754618736157 199.2220653540551 285.01931305228516
295.0875461873626 199.22206535405616 285.01931305228624
295.32118056803864 199.45569973473215 285.25294743296223
295.32118056803864 199.45569973473215 285.25294743296223
295.321180568039 199.45569973473252 285.25294743296257
295.32118056804006 199.45569973473357 285.25294743296365
295.32118056804063 199.45569973473414 285.2529474329642
296.783499484873 200.9180186515665 286.7152663497966
