1     1       0          92.09      0.94      
2     3       37.16      153.49     0.02      
3     2       37.16      153.49     0.02      
4     4       37.16      153.49     0.02      

1     2       0          153.49     0.17      
1     3       0          153.49     0.02      
2     1       37.16      92.09      0.09      
3     1       37.16      92.09      0.64      
4     1       37.16      92.09      0.03      

1     2       0          153.49     0.02      
1     3       0          153.49     0.16      
1     4       0          153.49     0.02      
2     1       37.16      92.09      0.63      
3     1       37.16      92.09      0.08      
4     1       37.16      92.09      0.06      

1     2       0          153.49     0.02      
1     3       0          153.49     0.02      
1     4       0          153.49     0.16      
2     1       37.16      92.09      0.08      
3     1       37.16      92.09      0.08      
4     1       37.16      92.09      0.6       

1     2       0          153.49     0.41      
1     3       0          153.49     0.07      
1     4       0          153.49     0.24      
2     1       37.16      92.09      0.02      
3     1       37.16      92.09      0.12      
4     1       37.16      92.09      0.07      

1     2       0          153.49     0.3       
1     3       0          153.49     0.06      
1     4       0          153.49     0.36      
2     1       37.16      92.09      0.02      
3     1       37.16      92.09      0.09      
4     1       37.16      92.09      0.1       

1     2       0          153.49     0.04      
1     3       0          153.49     0.59      
1     4       0          153.49     0.1       
2     1       37.16      92.09      0.17      
2     8       37.16      214.89     0.01      
3     1       37.16      92.09      0.01      
3     5       37.16      214.89     0.01      
4     1       37.16      92.09      0.03      
4     7       37.16      214.89     0.01      

2     3       37.16      153.49     0.02      
2     4       37.16      153.49     0.02      
3     2       37.16      153.49     0.02      
3     4       37.16      153.49     0.02      
4     2       37.16      153.49     0.02      
4     3       37.16      153.49     0.02      
5     1       70.13      92.09      0.21      
6     1       70.13      92.09      0.18      
7     1       70.13      92.09      0.3       
8     1       70.13      92.09      0.02      
9     1       70.13      92.09      0.12      

2     4       37.16      153.49     0.02      
3     2       37.16      153.49     0.04      
4     3       37.16      153.49     0.02      
4     4       37.16      153.49     0.03      
5     1       70.13      92.09      0.28      
6     1       70.13      92.09      0.22      
7     1       70.13      92.09      0.2       
8     1       70.13      92.09      0.02      
9     1       70.13      92.09      0.1       

2     2       37.16      153.49     0.04      
2     4       37.16      153.49     0.02      
3     3       37.16      153.49     0.04      
4     3       37.16      153.49     0.02      
5     1       70.13      92.09      0.21      
6     1       70.13      92.09      0.04      
8     1       70.13      92.09      0.48      
9     1       70.13      92.09      0.09      

2     3       37.16      153.49     0.05      
3     4       37.16      153.49     0.01      
4     2       37.16      153.49     0.01      
4     4       37.16      153.49     0.05      
5     1       70.13      92.09      0.03      
6     1       70.13      92.09      0.04      
7     1       70.13      92.09      0.18      
8     1       70.13      92.09      0.03      
9     1       70.13      92.09      0.54      

2     2       37.16      153.49     0.02      
2     4       37.16      153.49     0.01      
3     2       37.16      153.49     0.02      
3     3       37.16      153.49     0.02      
3     4       37.16      153.49     0.02      
4     2       37.16      153.49     0.02      
4     3       37.16      153.49     0.01      
5     1       70.13      92.09      0.17      
6     1       70.13      92.09      0.28      
7     1       70.13      92.09      0.11      
8     1       70.13      92.09      0.23      
9     1       70.13      92.09      0.02      

1     5       0          214.89     0.02      
1     7       0          214.89     0.02      
1     8       0          214.89     0.02      
1     9       0          214.89     0.11      
2     2       37.16      153.49     0.04      
2     3       37.16      153.49     0.18      
2     4       37.16      153.49     0.04      
3     2       37.16      153.49     0.02      
3     3       37.16      153.49     0.04      
4     3       37.16      153.49     0.04      
4     4       37.16      153.49     0.25      
5     1       70.13      92.09      0.02      
6     1       70.13      92.09      0.03      
7     1       70.13      92.09      0.02      
8     1       70.13      92.09      0.02      
9     1       70.13      92.09      0.05      
18    1       136.59     92.09      0.02      

1     5       0          214.89     0.04      
1     7       0          214.89     0.04      
1     8       0          214.89     0.09      
1     9       0          214.89     0.01      
2     2       37.16      153.49     0.07      
2     3       37.16      153.49     0.1       
2     4       37.16      153.49     0.06      
3     2       37.16      153.49     0.21      
3     3       37.16      153.49     0.07      
4     3       37.16      153.49     0.06      
4     4       37.16      153.49     0.03      
5     1       70.13      92.09      0.03      
7     1       70.13      92.09      0.06      
8     1       70.13      92.09      0.03      
16    1       136.59     92.09      0.01      
17    1       136.59     92.09      0.01      
19    1       136.59     92.09      0.02      

1     5       0          214.89     0.04      
1     6       0          214.89     0.06      
1     8       0          214.89     0.06      
1     9       0          214.89     0.02      
2     2       37.16      153.49     0.06      
2     3       37.16      153.49     0.05      
2     4       37.16      153.49     0.01      
3     2       37.16      153.49     0.18      
3     3       37.16      153.49     0.06      
3     4       37.16      153.49     0.09      
4     2       37.16      153.49     0.09      
4     3       37.16      153.49     0.01      
4     4       37.16      153.49     0.04      
6     1       70.13      92.09      0.04      
7     1       70.13      92.09      0.04      
8     1       70.13      92.09      0.03      
9     1       70.13      92.09      0.02      
15    1       136.59     92.09      0.01      
19    1       136.59     92.09      0.02      

1     5       0          214.89     0.04      
1     6       0          214.89     0.1       
1     9       0          214.89     0.02      
2     2       37.16      153.49     0.07      
3     2       37.16      153.49     0.05      
3     3       37.16      153.49     0.07      
3     4       37.16      153.49     0.17      
4     2       37.16      153.49     0.17      
4     4       37.16      153.49     0.06      
6     1       70.13      92.09      0.03      
8     1       70.13      92.09      0.03      
9     1       70.13      92.09      0.06      
15    1       136.59     92.09      0.02      
17    1       136.59     92.09      0.01      
18    1       136.59     92.09      0.02      

1     5       0          214.89     0.02      
1     6       0          214.89     0.01      
1     7       0          214.89     0.1       
1     8       0          214.89     0.03      
1     9       0          214.89     0.02      
2     2       37.16      153.49     0.03      
2     3       37.16      153.49     0.11      
2     4       37.16      153.49     0.17      
3     2       37.16      153.49     0.02      
3     3       37.16      153.49     0.03      
3     4       37.16      153.49     0.02      
4     2       37.16      153.49     0.02      
4     3       37.16      153.49     0.17      
4     4       37.16      153.49     0.04      
5     1       70.13      92.09      0.07      
6     1       70.13      92.09      0.02      
7     1       70.13      92.09      0.02      
8     1       70.13      92.09      0.01      
16    1       136.59     92.09      0.03      

5     2       70.13      153.49     0.01      
5     4       70.13      153.49     0.01      
7     3       70.13      153.49     0.01      
7     4       70.13      153.49     0.01      
8     2       70.13      153.49     0.01      
9     3       70.13      153.49     0.06      
10    1       95.24      92.09      0.32      
11    1       95.24      92.09      0.02      
12    1       95.24      92.09      0.05      
13    1       95.24      92.09      0.18      
14    1       95.24      92.09      0.27      

6     3       70.13      153.49     0.02      
7     4       70.13      153.49     0.03      
8     4       70.13      153.49     0.06      
9     3       70.13      153.49     0.01      
10    1       95.24      92.09      0.01      
11    1       95.24      92.09      0.53      
12    1       95.24      92.09      0.05      
13    1       95.24      92.09      0.17      
14    1       95.24      92.09      0.08      

6     2       70.13      153.49     0.02      
6     4       70.13      153.49     0.01      
7     2       70.13      153.49     0.02      
8     3       70.13      153.49     0.02      
9     2       70.13      153.49     0.04      
10    1       95.24      92.09      0.18      
11    1       95.24      92.09      0.02      
12    1       95.24      92.09      0.44      
13    1       95.24      92.09      0.06      
14    1       95.24      92.09      0.14      

5     2       70.13      153.49     0.07      
6     3       70.13      153.49     0.01      
7     4       70.13      153.49     0.02      
8     4       70.13      153.49     0.02      
10    1       95.24      92.09      0.06      
11    1       95.24      92.09      0.22      
12    1       95.24      92.09      0.03      
13    1       95.24      92.09      0.37      
14    1       95.24      92.09      0.17      

6     3       70.13      153.49     0.05      
7     4       70.13      153.49     0.03      
10    1       95.24      92.09      0.27      
11    1       95.24      92.09      0.08      
12    1       95.24      92.09      0.23      
13    1       95.24      92.09      0.07      
14    1       95.24      92.09      0.19      

1     1       0          92.09      0.05      
1     10      0          214.89     0.23      
2     3       37.16      153.49     0.23      
3     2       37.16      153.49     0.23      
4     4       37.16      153.49     0.23      

2     2       37.16      153.49     0.21      
2     4       37.16      153.49     0.02      
3     3       37.16      153.49     0.21      
3     4       37.16      153.49     0.25      
4     2       37.16      153.49     0.25      
4     3       37.16      153.49     0.02      

2     2       37.16      153.49     0.06      
2     4       37.16      153.49     0.28      
3     3       37.16      153.49     0.06      
3     4       37.16      153.49     0.14      
4     2       37.16      153.49     0.14      
4     3       37.16      153.49     0.28      

2     2       37.16      153.49     0.2       
2     4       37.16      153.49     0.17      
3     3       37.16      153.49     0.2       
3     4       37.16      153.49     0.1       
4     2       37.16      153.49     0.1       
4     3       37.16      153.49     0.17      

2     8       37.16      214.89     0.01      
3     5       37.16      214.89     0.02      
3     6       37.16      214.89     0.02      
4     6       37.16      214.89     0.01      
4     7       37.16      214.89     0.01      
5     2       70.13      153.49     0.02      
5     3       70.13      153.49     0.02      
5     4       70.13      153.49     0.07      
6     2       70.13      153.49     0.02      
6     4       70.13      153.49     0.1       
7     2       70.13      153.49     0.06      
7     3       70.13      153.49     0.07      
7     4       70.13      153.49     0.05      
8     2       70.13      153.49     0.15      
8     3       70.13      153.49     0.04      
8     4       70.13      153.49     0.02      
9     2       70.13      153.49     0.15      
9     3       70.13      153.49     0.06      
9     4       70.13      153.49     0.03      

2     6       37.16      214.89     0.01      
3     5       37.16      214.89     0.01      
3     7       37.16      214.89     0.01      
3     8       37.16      214.89     0.01      
3     9       37.16      214.89     0.01      
4     5       37.16      214.89     0.01      
4     6       37.16      214.89     0.02      
5     2       70.13      153.49     0.08      
5     3       70.13      153.49     0.05      
5     4       70.13      153.49     0.06      
6     2       70.13      153.49     0.05      
6     3       70.13      153.49     0.08      
6     4       70.13      153.49     0.02      
7     2       70.13      153.49     0.08      
7     3       70.13      153.49     0.02      
8     2       70.13      153.49     0.07      
8     3       70.13      153.49     0.02      
8     4       70.13      153.49     0.08      
9     2       70.13      153.49     0.03      
9     3       70.13      153.49     0.05      
9     4       70.13      153.49     0.14      

2     7       37.16      214.89     0.02      
3     8       37.16      214.89     0.01      
3     9       37.16      214.89     0.02      
4     6       37.16      214.89     0.02      
5     2       70.13      153.49     0.06      
5     3       70.13      153.49     0.1       
5     4       70.13      153.49     0.01      
6     2       70.13      153.49     0.13      
6     3       70.13      153.49     0.04      
6     4       70.13      153.49     0.13      
7     2       70.13      153.49     0.09      
7     3       70.13      153.49     0.03      
7     4       70.13      153.49     0.06      
8     2       70.13      153.49     0.02      
8     3       70.13      153.49     0.02      
8     4       70.13      153.49     0.06      
9     2       70.13      153.49     0.03      
9     3       70.13      153.49     0.02      
9     4       70.13      153.49     0.04      

2     8       37.16      214.89     0.03      
2     9       37.16      214.89     0.02      
4     7       37.16      214.89     0.03      
5     2       70.13      153.49     0.02      
5     4       70.13      153.49     0.2       
6     2       70.13      153.49     0.04      
6     3       70.13      153.49     0.06      
6     4       70.13      153.49     0.03      
7     2       70.13      153.49     0.02      
7     3       70.13      153.49     0.17      
7     4       70.13      153.49     0.01      
8     2       70.13      153.49     0.04      
8     3       70.13      153.49     0.04      
8     4       70.13      153.49     0.02      
9     2       70.13      153.49     0.03      
9     3       70.13      153.49     0.1       
9     4       70.13      153.49     0.05      

2     5       37.16      214.89     0.03      
2     7       37.16      214.89     0.01      
3     6       37.16      214.89     0.01      
3     8       37.16      214.89     0.02      
4     8       37.16      214.89     0.01      
5     2       70.13      153.49     0.01      
5     3       70.13      153.49     0.08      
5     4       70.13      153.49     0.06      
6     2       70.13      153.49     0.04      
6     3       70.13      153.49     0.03      
6     4       70.13      153.49     0.06      
7     2       70.13      153.49     0.12      
7     3       70.13      153.49     0.04      
7     4       70.13      153.49     0.08      
8     2       70.13      153.49     0.02      
8     3       70.13      153.49     0.19      
8     4       70.13      153.49     0.01      
9     2       70.13      153.49     0.08      
9     3       70.13      153.49     0.02      

2     5       37.16      214.89     0.02      
2     8       37.16      214.89     0.02      
3     8       37.16      214.89     0.01      
4     9       37.16      214.89     0.02      
5     2       70.13      153.49     0.04      
5     3       70.13      153.49     0.05      
5     4       70.13      153.49     0.04      
6     2       70.13      153.49     0.05      
6     3       70.13      153.49     0.05      
7     2       70.13      153.49     0.09      
7     3       70.13      153.49     0.1       
8     2       70.13      153.49     0.04      
8     3       70.13      153.49     0.16      
8     4       70.13      153.49     0.04      
9     3       70.13      153.49     0.02      
9     4       70.13      153.49     0.13      

2     7       37.16      214.89     0.01      
2     8       37.16      214.89     0.01      
3     5       37.16      214.89     0.02      
3     6       37.16      214.89     0.01      
4     7       37.16      214.89     0.01      
4     9       37.16      214.89     0.03      
5     2       70.13      153.49     0.03      
5     3       70.13      153.49     0.08      
5     4       70.13      153.49     0.07      
6     2       70.13      153.49     0.06      
6     3       70.13      153.49     0.04      
6     4       70.13      153.49     0.08      
7     2       70.13      153.49     0.01      
7     3       70.13      153.49     0.08      
7     4       70.13      153.49     0.03      
8     2       70.13      153.49     0.13      
8     3       70.13      153.49     0.02      
8     4       70.13      153.49     0.03      
9     2       70.13      153.49     0.03      
9     3       70.13      153.49     0.04      
9     4       70.13      153.49     0.09      

1     5       0          214.89     0.06      
1     6       0          214.89     0.16      
1     7       0          214.89     0.1       
1     8       0          214.89     0.09      
1     9       0          214.89     0.03      
10    4       95.24      153.49     0.01      
14    2       95.24      153.49     0.03      
14    3       95.24      153.49     0.02      
15    1       136.59     92.09      0.08      
16    1       136.59     92.09      0.09      
17    1       136.59     92.09      0.05      
18    1       136.59     92.09      0.1       
19    1       136.59     92.09      0.08      

1     5       0          214.89     0.2       
1     6       0          214.89     0.02      
1     7       0          214.89     0.01      
1     8       0          214.89     0.07      
1     9       0          214.89     0.14      
10    2       95.24      153.49     0.02      
11    4       95.24      153.49     0.03      
12    2       95.24      153.49     0.02      
15    1       136.59     92.09      0.02      
16    1       136.59     92.09      0.01      
17    1       136.59     92.09      0.18      
18    1       136.59     92.09      0.12      
19    1       136.59     92.09      0.07      

1     5       0          214.89     0.03      
1     6       0          214.89     0.22      
1     7       0          214.89     0.09      
1     8       0          214.89     0.09      
1     9       0          214.89     0.01      
12    4       95.24      153.49     0.02      
13    2       95.24      153.49     0.02      
13    3       95.24      153.49     0.02      
15    1       136.59     92.09      0.17      
16    1       136.59     92.09      0.08      
17    1       136.59     92.09      0.03      
18    1       136.59     92.09      0.04      
19    1       136.59     92.09      0.08      

1     5       0          214.89     0.13      
1     6       0          214.89     0.01      
1     7       0          214.89     0.07      
1     8       0          214.89     0.02      
1     9       0          214.89     0.21      
10    2       95.24      153.49     0.01      
10    3       95.24      153.49     0.03      
11    4       95.24      153.49     0.02      
12    2       95.24      153.49     0.02      
12    3       95.24      153.49     0.02      
15    1       136.59     92.09      0.09      
16    1       136.59     92.09      0.06      
17    1       136.59     92.09      0.12      
18    1       136.59     92.09      0.11      
19    1       136.59     92.09      0.02      

1     5       0          214.89     0.03      
1     6       0          214.89     0.03      
1     7       0          214.89     0.16      
1     8       0          214.89     0.15      
1     9       0          214.89     0.06      
10    3       95.24      153.49     0.02      
13    2       95.24      153.49     0.02      
13    4       95.24      153.49     0.01      
14    4       95.24      153.49     0.02      
15    1       136.59     92.09      0.08      
16    1       136.59     92.09      0.15      
17    1       136.59     92.09      0.03      
19    1       136.59     92.09      0.14      

2     10      37.16      214.89     0.01      
3     10      37.16      214.89     0.05      
4     10      37.16      214.89     0.03      
5     3       70.13      153.49     0.09      
5     4       70.13      153.49     0.03      
6     2       70.13      153.49     0.13      
7     2       70.13      153.49     0.14      
7     3       70.13      153.49     0.03      
8     2       70.13      153.49     0.03      
8     3       70.13      153.49     0.14      
9     4       70.13      153.49     0.26      

2     10      37.16      214.89     0.04      
3     10      37.16      214.89     0.01      
4     10      37.16      214.89     0.03      
5     3       70.13      153.49     0.1       
5     4       70.13      153.49     0.11      
6     2       70.13      153.49     0.04      
6     3       70.13      153.49     0.02      
6     4       70.13      153.49     0.14      
7     2       70.13      153.49     0.05      
7     3       70.13      153.49     0.11      
8     2       70.13      153.49     0.11      
8     3       70.13      153.49     0.05      
9     2       70.13      153.49     0.08      
9     3       70.13      153.49     0.02      
9     4       70.13      153.49     0.05      

2     10      37.16      214.89     0.03      
3     10      37.16      214.89     0.03      
4     10      37.16      214.89     0.03      
5     3       70.13      153.49     0.09      
5     4       70.13      153.49     0.09      
6     2       70.13      153.49     0.02      
6     3       70.13      153.49     0.01      
6     4       70.13      153.49     0.19      
7     2       70.13      153.49     0.08      
7     3       70.13      153.49     0.09      
8     2       70.13      153.49     0.09      
8     3       70.13      153.49     0.08      
9     2       70.13      153.49     0.1       
9     3       70.13      153.49     0.02      
9     4       70.13      153.49     0.01      

2     6       37.16      214.89     0.01      
4     5       37.16      214.89     0.01      
5     2       70.13      153.49     0.1       
5     3       70.13      153.49     0.03      
6     2       70.13      153.49     0.06      
6     3       70.13      153.49     0.17      
7     2       70.13      153.49     0.02      
7     4       70.13      153.49     0.1       
8     3       70.13      153.49     0.02      
8     4       70.13      153.49     0.18      
9     2       70.13      153.49     0.01      
9     3       70.13      153.49     0.05      
10    1       95.24      92.09      0.01      
11    1       95.24      92.09      0.05      
12    1       95.24      92.09      0.03      
13    1       95.24      92.09      0.05      

3     9       37.16      214.89     0.02      
5     2       70.13      153.49     0.06      
6     2       70.13      153.49     0.1       
6     4       70.13      153.49     0.05      
7     2       70.13      153.49     0.1       
7     4       70.13      153.49     0.03      
8     3       70.13      153.49     0.1       
8     4       70.13      153.49     0.05      
9     2       70.13      153.49     0.2       
9     3       70.13      153.49     0.02      
9     4       70.13      153.49     0.04      
10    1       95.24      92.09      0.03      
11    1       95.24      92.09      0.01      
12    1       95.24      92.09      0.04      
14    1       95.24      92.09      0.06      

2     6       37.16      214.89     0.02      
3     7       37.16      214.89     0.02      
4     5       37.16      214.89     0.01      
5     2       70.13      153.49     0.28      
6     2       70.13      153.49     0.02      
6     3       70.13      153.49     0.15      
8     4       70.13      153.49     0.17      
9     2       70.13      153.49     0.01      
9     3       70.13      153.49     0.1       
11    1       95.24      92.09      0.05      
12    1       95.24      92.09      0.03      
13    1       95.24      92.09      0.04      
14    1       95.24      92.09      0.02      

4     8       37.16      214.89     0.02      
5     2       70.13      153.49     0.05      
5     3       70.13      153.49     0.08      
5     4       70.13      153.49     0.01      
6     2       70.13      153.49     0.07      
6     3       70.13      153.49     0.05      
7     3       70.13      153.49     0.01      
7     4       70.13      153.49     0.33      
8     2       70.13      153.49     0.01      
8     4       70.13      153.49     0.1       
9     2       70.13      153.49     0.02      
11    1       95.24      92.09      0.03      
12    1       95.24      92.09      0.04      
13    1       95.24      92.09      0.04      
14    1       95.24      92.09      0.02      

2     9       37.16      214.89     0.01      
4     8       37.16      214.89     0.01      
5     2       70.13      153.49     0.04      
5     3       70.13      153.49     0.04      
5     4       70.13      153.49     0.06      
6     2       70.13      153.49     0.01      
6     3       70.13      153.49     0.03      
7     3       70.13      153.49     0.06      
7     4       70.13      153.49     0.17      
8     2       70.13      153.49     0.06      
8     4       70.13      153.49     0.04      
9     2       70.13      153.49     0.04      
9     3       70.13      153.49     0.2       
10    1       95.24      92.09      0.05      
11    1       95.24      92.09      0.01      
13    1       95.24      92.09      0.03      
14    1       95.24      92.09      0.04      

1     10      0          214.89     0.77      
2     3       37.16      153.49     0.07      
3     2       37.16      153.49     0.07      
4     4       37.16      153.49     0.07      

1     5       0          214.89     0.02      
1     6       0          214.89     0.14      
1     7       0          214.89     0.19      
2     4       37.16      153.49     0.05      
3     4       37.16      153.49     0.04      
4     2       37.16      153.49     0.04      
4     3       37.16      153.49     0.05      
5     1       70.13      92.09      0.01      
5     10      70.13      214.89     0.01      
11    2       95.24      153.49     0.01      
11    3       95.24      153.49     0.01      
13    2       95.24      153.49     0.04      
13    3       95.24      153.49     0.04      
14    4       95.24      153.49     0.01      
15    1       136.59     92.09      0.07      
16    1       136.59     92.09      0.12      
17    1       136.59     92.09      0.02      
18    1       136.59     92.09      0.02      

1     5       0          214.89     0.22      
1     6       0          214.89     0.03      
1     7       0          214.89     0.04      
1     8       0          214.89     0.01      
1     9       0          214.89     0.07      
2     2       37.16      153.49     0.06      
3     2       37.16      153.49     0.01      
3     3       37.16      153.49     0.06      
4     4       37.16      153.49     0.02      
8     1       70.13      92.09      0.01      
8     10      70.13      214.89     0.02      
10    2       95.24      153.49     0.02      
10    3       95.24      153.49     0.03      
11    4       95.24      153.49     0.06      
15    1       136.59     92.09      0.01      
16    1       136.59     92.09      0.02      
17    1       136.59     92.09      0.14      
18    1       136.59     92.09      0.05      

1     6       0          214.89     0.07      
1     7       0          214.89     0.07      
1     8       0          214.89     0.21      
2     3       37.16      153.49     0.05      
2     4       37.16      153.49     0.02      
3     2       37.16      153.49     0.07      
3     4       37.16      153.49     0.02      
4     2       37.16      153.49     0.02      
4     3       37.16      153.49     0.02      
7     1       70.13      92.09      0.01      
7     10      70.13      214.89     0.01      
10    3       95.24      153.49     0.01      
10    4       95.24      153.49     0.01      
12    3       95.24      153.49     0.02      
12    4       95.24      153.49     0.02      
13    4       95.24      153.49     0.02      
14    2       95.24      153.49     0.01      
14    4       95.24      153.49     0.02      
15    1       136.59     92.09      0.04      
16    1       136.59     92.09      0.04      
18    1       136.59     92.09      0.01      
19    1       136.59     92.09      0.13      

1     5       0          214.89     0.09      
1     6       0          214.89     0.12      
1     7       0          214.89     0.07      
1     8       0          214.89     0.07      
1     9       0          214.89     0.02      
2     2       37.16      153.49     0.03      
2     3       37.16      153.49     0.01      
2     4       37.16      153.49     0.02      
3     2       37.16      153.49     0.03      
3     3       37.16      153.49     0.03      
3     4       37.16      153.49     0.03      
4     2       37.16      153.49     0.03      
4     3       37.16      153.49     0.02      
10    4       95.24      153.49     0.01      
11    4       95.24      153.49     0.03      
12    3       95.24      153.49     0.01      
14    2       95.24      153.49     0.02      
14    3       95.24      153.49     0.03      
15    1       136.59     92.09      0.03      
16    1       136.59     92.09      0.04      
17    1       136.59     92.09      0.06      
18    1       136.59     92.09      0.05      
19    1       136.59     92.09      0.04      

1     5       0          214.89     0.04      
1     8       0          214.89     0.03      
1     9       0          214.89     0.28      
2     2       37.16      153.49     0.01      
2     3       37.16      153.49     0.05      
3     2       37.16      153.49     0.01      
3     3       37.16      153.49     0.01      
4     4       37.16      153.49     0.1       
9     1       70.13      92.09      0.01      
9     10      70.13      214.89     0.01      
10    2       95.24      153.49     0.02      
10    3       95.24      153.49     0.03      
11    4       95.24      153.49     0.01      
12    2       95.24      153.49     0.05      
12    3       95.24      153.49     0.01      
14    2       95.24      153.49     0.01      
15    1       136.59     92.09      0.05      
17    1       136.59     92.09      0.03      
18    1       136.59     92.09      0.13      
19    1       136.59     92.09      0.02      

5     8       70.13      214.89     0.01      
7     7       70.13      214.89     0.01      
8     9       70.13      214.89     0.01      
9     5       70.13      214.89     0.01      
10    2       95.24      153.49     0.02      
10    3       95.24      153.49     0.04      
10    4       95.24      153.49     0.05      
11    2       95.24      153.49     0.05      
11    4       95.24      153.49     0.04      
12    2       95.24      153.49     0.03      
12    3       95.24      153.49     0.04      
12    4       95.24      153.49     0.15      
13    2       95.24      153.49     0.03      
13    3       95.24      153.49     0.08      
13    4       95.24      153.49     0.05      
14    2       95.24      153.49     0.08      
14    3       95.24      153.49     0.09      
14    4       95.24      153.49     0.09      

7     9       70.13      214.89     0.02      
8     6       70.13      214.89     0.02      
9     5       70.13      214.89     0.02      
9     8       70.13      214.89     0.02      
10    2       95.24      153.49     0.1       
10    3       95.24      153.49     0.05      
10    4       95.24      153.49     0.1       
11    2       95.24      153.49     0.15      
11    3       95.24      153.49     0.03      
11    4       95.24      153.49     0.02      
12    2       95.24      153.49     0.02      
12    3       95.24      153.49     0.04      
12    4       95.24      153.49     0.03      
13    2       95.24      153.49     0.02      
13    4       95.24      153.49     0.06      
14    2       95.24      153.49     0.03      
14    3       95.24      153.49     0.15      
14    4       95.24      153.49     0.03      

5     5       70.13      214.89     0.04      
8     7       70.13      214.89     0.04      
10    4       95.24      153.49     0.01      
11    2       95.24      153.49     0.03      
11    3       95.24      153.49     0.28      
12    2       95.24      153.49     0.02      
12    3       95.24      153.49     0.04      
12    4       95.24      153.49     0.06      
13    2       95.24      153.49     0.12      
13    3       95.24      153.49     0.06      
14    2       95.24      153.49     0.06      
14    3       95.24      153.49     0.03      
14    4       95.24      153.49     0.11      

5     6       70.13      214.89     0.02      
7     6       70.13      214.89     0.01      
8     9       70.13      214.89     0.02      
9     5       70.13      214.89     0.01      
9     8       70.13      214.89     0.01      
10    2       95.24      153.49     0.13      
10    4       95.24      153.49     0.06      
11    3       95.24      153.49     0.02      
11    4       95.24      153.49     0.08      
12    2       95.24      153.49     0.03      
12    4       95.24      153.49     0.12      
13    2       95.24      153.49     0.05      
13    3       95.24      153.49     0.07      
13    4       95.24      153.49     0.06      
14    2       95.24      153.49     0.14      
14    3       95.24      153.49     0.04      
14    4       95.24      153.49     0.02      

5     6       70.13      214.89     0.02      
6     7       70.13      214.89     0.02      
9     7       70.13      214.89     0.01      
10    2       95.24      153.49     0.09      
10    3       95.24      153.49     0.11      
10    4       95.24      153.49     0.11      
11    2       95.24      153.49     0.03      
11    3       95.24      153.49     0.05      
12    2       95.24      153.49     0.05      
12    3       95.24      153.49     0.04      
12    4       95.24      153.49     0.01      
13    2       95.24      153.49     0.02      
13    4       95.24      153.49     0.23      
14    2       95.24      153.49     0.06      
14    4       95.24      153.49     0.03      

5     8       70.13      214.89     0.02      
6     5       70.13      214.89     0.01      
6     8       70.13      214.89     0.03      
7     7       70.13      214.89     0.02      
7     9       70.13      214.89     0.03      
8     6       70.13      214.89     0.01      
10    2       95.24      153.49     0.01      
10    3       95.24      153.49     0.07      
11    2       95.24      153.49     0.17      
11    3       95.24      153.49     0.02      
12    2       95.24      153.49     0.15      
12    3       95.24      153.49     0.14      
13    3       95.24      153.49     0.05      
13    4       95.24      153.49     0.02      
14    3       95.24      153.49     0.05      
14    4       95.24      153.49     0.13      

5     8       70.13      214.89     0.01      
6     5       70.13      214.89     0.01      
6     8       70.13      214.89     0.02      
7     6       70.13      214.89     0.02      
7     7       70.13      214.89     0.01      
8     9       70.13      214.89     0.03      
9     5       70.13      214.89     0.01      
10    2       95.24      153.49     0.07      
10    3       95.24      153.49     0.06      
10    4       95.24      153.49     0.12      
11    2       95.24      153.49     0.02      
11    3       95.24      153.49     0.04      
11    4       95.24      153.49     0.11      
12    2       95.24      153.49     0.07      
12    3       95.24      153.49     0.08      
13    2       95.24      153.49     0.13      
13    3       95.24      153.49     0.1       
14    4       95.24      153.49     0.02      

5     9       70.13      214.89     0.01      
10    2       95.24      153.49     0.04      
10    3       95.24      153.49     0.02      
10    4       95.24      153.49     0.24      
11    2       95.24      153.49     0.16      
11    3       95.24      153.49     0.06      
12    2       95.24      153.49     0.01      
13    2       95.24      153.49     0.11      
13    3       95.24      153.49     0.13      
13    4       95.24      153.49     0.04      
14    3       95.24      153.49     0.08      

7     5       70.13      214.89     0.02      
8     8       70.13      214.89     0.02      
10    2       95.24      153.49     0.12      
10    3       95.24      153.49     0.06      
10    4       95.24      153.49     0.04      
11    2       95.24      153.49     0.01      
11    3       95.24      153.49     0.07      
12    3       95.24      153.49     0.09      
12    4       95.24      153.49     0.11      
13    2       95.24      153.49     0.04      
13    3       95.24      153.49     0.03      
13    4       95.24      153.49     0.16      
14    2       95.24      153.49     0.09      
14    3       95.24      153.49     0.04      
14    4       95.24      153.49     0.04      

10    2       95.24      153.49     0.03      
11    2       95.24      153.49     0.11      
11    3       95.24      153.49     0.15      
12    2       95.24      153.49     0.09      
12    3       95.24      153.49     0.11      
12    4       95.24      153.49     0.12      
13    4       95.24      153.49     0.02      
14    2       95.24      153.49     0.08      
14    3       95.24      153.49     0.06      
14    4       95.24      153.49     0.15      

5     10      70.13      214.89     0.02      
6     5       70.13      214.89     0.02      
8     9       70.13      214.89     0.01      
8     10      70.13      214.89     0.02      
9     7       70.13      214.89     0.01      
10    2       95.24      153.49     0.02      
10    3       95.24      153.49     0.03      
10    4       95.24      153.49     0.02      
11    2       95.24      153.49     0.03      
11    4       95.24      153.49     0.12      
12    2       95.24      153.49     0.05      
12    3       95.24      153.49     0.09      
12    4       95.24      153.49     0.02      
13    2       95.24      153.49     0.05      
13    3       95.24      153.49     0.02      
13    4       95.24      153.49     0.01      
14    4       95.24      153.49     0.01      
15    1       136.59     92.09      0.04      
16    1       136.59     92.09      0.11      
17    1       136.59     92.09      0.11      
19    1       136.59     92.09      0.03      

6     10      70.13      214.89     0.01      
8     9       70.13      214.89     0.01      
8     10      70.13      214.89     0.02      
9     5       70.13      214.89     0.02      
10    2       95.24      153.49     0.06      
10    3       95.24      153.49     0.04      
10    4       95.24      153.49     0.01      
11    2       95.24      153.49     0.01      
11    3       95.24      153.49     0.02      
11    4       95.24      153.49     0.13      
12    2       95.24      153.49     0.05      
12    4       95.24      153.49     0.03      
13    2       95.24      153.49     0.03      
13    3       95.24      153.49     0.03      
13    4       95.24      153.49     0.02      
14    2       95.24      153.49     0.01      
14    3       95.24      153.49     0.03      
14    4       95.24      153.49     0.01      
15    1       136.59     92.09      0.07      
16    1       136.59     92.09      0.06      
17    1       136.59     92.09      0.12      
18    1       136.59     92.09      0.02      
19    1       136.59     92.09      0.04      

5     10      70.13      214.89     0.01      
6     9       70.13      214.89     0.01      
6     10      70.13      214.89     0.02      
7     8       70.13      214.89     0.02      
8     5       70.13      214.89     0.02      
10    2       95.24      153.49     0.04      
10    3       95.24      153.49     0.04      
10    4       95.24      153.49     0.02      
11    2       95.24      153.49     0.03      
11    4       95.24      153.49     0.02      
12    2       95.24      153.49     0.09      
12    3       95.24      153.49     0.02      
12    4       95.24      153.49     0.03      
13    2       95.24      153.49     0.05      
13    3       95.24      153.49     0.02      
13    4       95.24      153.49     0.01      
14    2       95.24      153.49     0.09      
14    3       95.24      153.49     0.03      
15    1       136.59     92.09      0.11      
16    1       136.59     92.09      0.1       
17    1       136.59     92.09      0.02      
18    1       136.59     92.09      0.06      
19    1       136.59     92.09      0.03      

5     7       70.13      214.89     0.02      
7     9       70.13      214.89     0.01      
7     10      70.13      214.89     0.02      
9     8       70.13      214.89     0.01      
9     10      70.13      214.89     0.01      
10    3       95.24      153.49     0.12      
11    3       95.24      153.49     0.02      
11    4       95.24      153.49     0.07      
12    4       95.24      153.49     0.04      
13    3       95.24      153.49     0.03      
13    4       95.24      153.49     0.06      
14    2       95.24      153.49     0.02      
14    3       95.24      153.49     0.05      
14    4       95.24      153.49     0.05      
15    1       136.59     92.09      0.04      
17    1       136.59     92.09      0.06      
18    1       136.59     92.09      0.07      
19    1       136.59     92.09      0.14      

5     5       70.13      214.89     0.01      
6     8       70.13      214.89     0.02      
7     6       70.13      214.89     0.01      
7     10      70.13      214.89     0.01      
8     7       70.13      214.89     0.01      
9     6       70.13      214.89     0.01      
9     10      70.13      214.89     0.02      
10    2       95.24      153.49     0.03      
10    4       95.24      153.49     0.02      
11    3       95.24      153.49     0.04      
12    2       95.24      153.49     0.03      
12    3       95.24      153.49     0.02      
13    2       95.24      153.49     0.03      
13    3       95.24      153.49     0.08      
13    4       95.24      153.49     0.03      
14    2       95.24      153.49     0.05      
14    3       95.24      153.49     0.04      
14    4       95.24      153.49     0.08      
15    1       136.59     92.09      0.05      
16    1       136.59     92.09      0.03      
18    1       136.59     92.09      0.14      
19    1       136.59     92.09      0.08      

2     5       37.16      214.89     0.06      
2     6       37.16      214.89     0.01      
2     7       37.16      214.89     0.08      
2     8       37.16      214.89     0.08      
2     9       37.16      214.89     0.04      
3     5       37.16      214.89     0.03      
3     6       37.16      214.89     0.03      
3     7       37.16      214.89     0.01      
3     9       37.16      214.89     0.09      
4     5       37.16      214.89     0.01      
4     6       37.16      214.89     0.11      
4     7       37.16      214.89     0.06      
4     8       37.16      214.89     0.04      
4     9       37.16      214.89     0.03      
5     3       70.13      153.49     0.01      
7     3       70.13      153.49     0.01      
9     2       70.13      153.49     0.01      
9     4       70.13      153.49     0.02      
16    3       136.59     153.49     0.02      
16    4       136.59     153.49     0.01      
17    3       136.59     153.49     0.02      
18    2       136.59     153.49     0.02      
18    3       136.59     153.49     0.01      
18    4       136.59     153.49     0.03      
19    3       136.59     153.49     0.02      
19    4       136.59     153.49     0.01      

2     5       37.16      214.89     0.04      
2     6       37.16      214.89     0.04      
2     7       37.16      214.89     0.01      
2     8       37.16      214.89     0.02      
2     9       37.16      214.89     0.14      
3     5       37.16      214.89     0.1       
3     6       37.16      214.89     0.01      
3     7       37.16      214.89     0.04      
3     8       37.16      214.89     0.04      
4     5       37.16      214.89     0.04      
4     7       37.16      214.89     0.18      
4     8       37.16      214.89     0.01      
5     4       70.13      153.49     0.03      
6     3       70.13      153.49     0.02      
8     2       70.13      153.49     0.01      
15    3       136.59     153.49     0.03      
16    2       136.59     153.49     0.01      
16    4       136.59     153.49     0.05      
17    2       136.59     153.49     0.03      
17    3       136.59     153.49     0.01      
17    4       136.59     153.49     0.01      
18    3       136.59     153.49     0.01      

2     5       37.16      214.89     0.13      
2     6       37.16      214.89     0.07      
2     8       37.16      214.89     0.02      
2     9       37.16      214.89     0.07      
3     5       37.16      214.89     0.03      
3     7       37.16      214.89     0.07      
3     8       37.16      214.89     0.08      
3     9       37.16      214.89     0.02      
4     5       37.16      214.89     0.07      
4     6       37.16      214.89     0.03      
4     7       37.16      214.89     0.09      
5     4       70.13      153.49     0.01      
7     2       70.13      153.49     0.01      
8     3       70.13      153.49     0.02      
9     3       70.13      153.49     0.02      
16    2       136.59     153.49     0.02      
16    4       136.59     153.49     0.02      
17    3       136.59     153.49     0.03      
17    4       136.59     153.49     0.02      
18    3       136.59     153.49     0.03      
19    2       136.59     153.49     0.02      

2     7       37.16      214.89     0.06      
2     8       37.16      214.89     0.04      
3     5       37.16      214.89     0.02      
3     6       37.16      214.89     0.18      
4     6       37.16      214.89     0.01      
4     9       37.16      214.89     0.34      
6     2       70.13      153.49     0.01      
6     4       70.13      153.49     0.03      
9     2       70.13      153.49     0.01      
9     4       70.13      153.49     0.02      
15    2       136.59     153.49     0.03      
15    4       136.59     153.49     0.04      
16    3       136.59     153.49     0.02      
18    2       136.59     153.49     0.02      
18    4       136.59     153.49     0.05      

2     5       37.16      214.89     0.02      
2     6       37.16      214.89     0.02      
2     7       37.16      214.89     0.03      
2     8       37.16      214.89     0.03      
3     5       37.16      214.89     0.02      
3     6       37.16      214.89     0.01      
3     7       37.16      214.89     0.02      
3     8       37.16      214.89     0.13      
3     9       37.16      214.89     0.15      
4     5       37.16      214.89     0.02      
4     6       37.16      214.89     0.2       
4     8       37.16      214.89     0.02      
4     9       37.16      214.89     0.01      
6     2       70.13      153.49     0.01      
6     4       70.13      153.49     0.02      
7     2       70.13      153.49     0.02      
15    2       136.59     153.49     0.02      
15    4       136.59     153.49     0.04      
18    2       136.59     153.49     0.02      
19    2       136.59     153.49     0.03      

2     5       37.16      214.89     0.11      
2     6       37.16      214.89     0.07      
2     7       37.16      214.89     0.02      
2     8       37.16      214.89     0.07      
2     9       37.16      214.89     0.02      
3     5       37.16      214.89     0.05      
3     6       37.16      214.89     0.01      
3     7       37.16      214.89     0.07      
3     8       37.16      214.89     0.1       
3     9       37.16      214.89     0.02      
4     5       37.16      214.89     0.07      
4     6       37.16      214.89     0.03      
4     7       37.16      214.89     0.03      
4     8       37.16      214.89     0.02      
5     2       70.13      153.49     0.01      
6     3       70.13      153.49     0.01      
7     2       70.13      153.49     0.01      
8     3       70.13      153.49     0.02      
8     4       70.13      153.49     0.01      
15    3       136.59     153.49     0.02      
16    2       136.59     153.49     0.02      
17    2       136.59     153.49     0.01      
17    3       136.59     153.49     0.03      
17    4       136.59     153.49     0.02      
19    2       136.59     153.49     0.02      
19    3       136.59     153.49     0.02      

2     7       37.16      214.89     0.14      
2     8       37.16      214.89     0.13      
3     5       37.16      214.89     0.1       
3     6       37.16      214.89     0.14      
4     7       37.16      214.89     0.01      
4     8       37.16      214.89     0.13      
4     9       37.16      214.89     0.02      
5     3       70.13      153.49     0.02      
6     2       70.13      153.49     0.01      
7     3       70.13      153.49     0.02      
7     4       70.13      153.49     0.02      
8     2       70.13      153.49     0.01      
15    2       136.59     153.49     0.02      
16    3       136.59     153.49     0.04      
17    2       136.59     153.49     0.02      
18    2       136.59     153.49     0.01      
19    3       136.59     153.49     0.03      
19    4       136.59     153.49     0.03      

2     5       37.16      214.89     0.02      
2     10      37.16      214.89     0.15      
3     8       37.16      214.89     0.02      
3     10      37.16      214.89     0.6       
4     6       37.16      214.89     0.02      
7     2       70.13      153.49     0.02      
8     3       70.13      153.49     0.02      
15    4       136.59     153.49     0.01      
17    3       136.59     153.49     0.02      
19    2       136.59     153.49     0.02      

2     8       37.16      214.89     0.02      
2     10      37.16      214.89     0.55      
3     5       37.16      214.89     0.02      
3     10      37.16      214.89     0.11      
4     7       37.16      214.89     0.02      
4     10      37.16      214.89     0.09      
5     4       70.13      153.49     0.01      
7     3       70.13      153.49     0.01      
8     2       70.13      153.49     0.01      
16    4       136.59     153.49     0.02      
17    2       136.59     153.49     0.02      
19    3       136.59     153.49     0.02      

2     7       37.16      214.89     0.02      
2     10      37.16      214.89     0.06      
3     6       37.16      214.89     0.02      
3     10      37.16      214.89     0.03      
4     9       37.16      214.89     0.03      
4     10      37.16      214.89     0.66      
5     3       70.13      153.49     0.02      
6     2       70.13      153.49     0.01      
9     4       70.13      153.49     0.01      
15    2       136.59     153.49     0.01      
16    3       136.59     153.49     0.02      
18    4       136.59     153.49     0.02      

2     5       37.16      214.89     0.06      
2     6       37.16      214.89     0.08      
2     7       37.16      214.89     0.02      
2     8       37.16      214.89     0.04      
2     9       37.16      214.89     0.12      
3     5       37.16      214.89     0.04      
3     6       37.16      214.89     0.02      
3     8       37.16      214.89     0.06      
3     9       37.16      214.89     0.19      
4     5       37.16      214.89     0.05      
4     6       37.16      214.89     0.06      
4     7       37.16      214.89     0.04      
4     8       37.16      214.89     0.08      
18    3       136.59     153.49     0.01      

2     6       37.16      214.89     0.24      
2     7       37.16      214.89     0.08      
3     6       37.16      214.89     0.08      
3     7       37.16      214.89     0.06      
3     9       37.16      214.89     0.02      
4     5       37.16      214.89     0.06      
4     8       37.16      214.89     0.31      
7     4       70.13      153.49     0.01      
19    4       136.59     153.49     0.02      

2     5       37.16      214.89     0.02      
2     6       37.16      214.89     0.13      
2     7       37.16      214.89     0.06      
2     8       37.16      214.89     0.01      
2     9       37.16      214.89     0.04      
3     5       37.16      214.89     0.01      
3     6       37.16      214.89     0.06      
3     7       37.16      214.89     0.06      
3     8       37.16      214.89     0.02      
3     9       37.16      214.89     0.06      
4     5       37.16      214.89     0.11      
4     6       37.16      214.89     0.02      
4     7       37.16      214.89     0.01      
4     8       37.16      214.89     0.26      
15    3       136.59     153.49     0.01      
19    4       136.59     153.49     0.02      

2     6       37.16      214.89     0.04      
2     9       37.16      214.89     0.01      
3     7       37.16      214.89     0.38      
3     9       37.16      214.89     0.01      
4     5       37.16      214.89     0.39      
4     8       37.16      214.89     0.02      
5     2       70.13      153.49     0.01      
8     4       70.13      153.49     0.01      
16    2       136.59     153.49     0.02      
17    4       136.59     153.49     0.03      

2     5       37.16      214.89     0.05      
2     6       37.16      214.89     0.08      
2     8       37.16      214.89     0.04      
2     9       37.16      214.89     0.13      
3     5       37.16      214.89     0.04      
3     7       37.16      214.89     0.03      
3     8       37.16      214.89     0.05      
3     9       37.16      214.89     0.16      
4     5       37.16      214.89     0.18      
4     6       37.16      214.89     0.05      
4     7       37.16      214.89     0.04      
4     8       37.16      214.89     0.02      
17    4       136.59     153.49     0.01      

1     2       0          153.49     0.01      
1     3       0          153.49     0.02      
1     4       0          153.49     0.03      
2     5       37.16      214.89     0.05      
2     7       37.16      214.89     0.11      
2     8       37.16      214.89     0.09      
2     9       37.16      214.89     0.03      
2     10      37.16      214.89     0.02      
3     5       37.16      214.89     0.09      
3     6       37.16      214.89     0.11      
3     8       37.16      214.89     0.05      
3     9       37.16      214.89     0.02      
4     6       37.16      214.89     0.05      
4     7       37.16      214.89     0.09      
4     9       37.16      214.89     0.15      
4     10      37.16      214.89     0.02      

1     2       0          153.49     0.04      
1     4       0          153.49     0.02      
2     5       37.16      214.89     0.14      
2     7       37.16      214.89     0.08      
2     8       37.16      214.89     0.03      
3     5       37.16      214.89     0.03      
3     6       37.16      214.89     0.08      
3     8       37.16      214.89     0.14      
3     9       37.16      214.89     0.05      
3     10      37.16      214.89     0.03      
4     6       37.16      214.89     0.14      
4     7       37.16      214.89     0.03      
4     9       37.16      214.89     0.11      
4     10      37.16      214.89     0.01      

1     2       0          153.49     0.02      
1     3       0          153.49     0.04      
2     5       37.16      214.89     0.07      
2     7       37.16      214.89     0.03      
2     8       37.16      214.89     0.15      
2     9       37.16      214.89     0.05      
2     10      37.16      214.89     0.03      
3     5       37.16      214.89     0.15      
3     6       37.16      214.89     0.03      
3     8       37.16      214.89     0.07      
3     9       37.16      214.89     0.02      
3     10      37.16      214.89     0.01      
4     6       37.16      214.89     0.07      
4     7       37.16      214.89     0.15      
4     9       37.16      214.89     0.04      

5     5       70.13      214.89     0.08      
5     6       70.13      214.89     0.05      
5     7       70.13      214.89     0.01      
5     8       70.13      214.89     0.06      
5     9       70.13      214.89     0.02      
6     5       70.13      214.89     0.05      
6     7       70.13      214.89     0.07      
6     8       70.13      214.89     0.02      
6     9       70.13      214.89     0.01      
7     5       70.13      214.89     0.03      
7     6       70.13      214.89     0.05      
7     7       70.13      214.89     0.06      
7     8       70.13      214.89     0.07      
8     5       70.13      214.89     0.07      
8     6       70.13      214.89     0.05      
8     7       70.13      214.89     0.08      
8     8       70.13      214.89     0.03      
8     9       70.13      214.89     0.04      
9     5       70.13      214.89     0.04      
9     6       70.13      214.89     0.03      
9     8       70.13      214.89     0.04      
9     9       70.13      214.89     0.02      

5     5       70.13      214.89     0.02      
5     6       70.13      214.89     0.08      
5     7       70.13      214.89     0.04      
5     8       70.13      214.89     0.02      
5     9       70.13      214.89     0.04      
6     5       70.13      214.89     0.01      
6     7       70.13      214.89     0.03      
7     5       70.13      214.89     0.09      
7     6       70.13      214.89     0.02      
7     7       70.13      214.89     0.02      
7     8       70.13      214.89     0.1       
7     9       70.13      214.89     0.02      
8     5       70.13      214.89     0.11      
8     6       70.13      214.89     0.01      
8     7       70.13      214.89     0.02      
8     8       70.13      214.89     0.09      
8     9       70.13      214.89     0.06      
9     5       70.13      214.89     0.06      
9     6       70.13      214.89     0.01      
9     7       70.13      214.89     0.09      
9     8       70.13      214.89     0.02      
9     9       70.13      214.89     0.02      

5     5       70.13      214.89     0.04      
5     6       70.13      214.89     0.04      
5     8       70.13      214.89     0.12      
6     5       70.13      214.89     0.09      
6     7       70.13      214.89     0.03      
6     8       70.13      214.89     0.03      
6     9       70.13      214.89     0.01      
7     5       70.13      214.89     0.05      
7     6       70.13      214.89     0.03      
7     7       70.13      214.89     0.12      
7     8       70.13      214.89     0.02      
8     5       70.13      214.89     0.03      
8     6       70.13      214.89     0.15      
8     7       70.13      214.89     0.04      
8     8       70.13      214.89     0.05      
8     9       70.13      214.89     0.03      
9     5       70.13      214.89     0.1       
9     7       70.13      214.89     0.02      

5     5       70.13      214.89     0.03      
5     6       70.13      214.89     0.09      
5     7       70.13      214.89     0.11      
5     9       70.13      214.89     0.04      
6     5       70.13      214.89     0.04      
6     6       70.13      214.89     0.05      
6     7       70.13      214.89     0.09      
6     9       70.13      214.89     0.05      
7     5       70.13      214.89     0.02      
7     6       70.13      214.89     0.06      
7     8       70.13      214.89     0.03      
7     9       70.13      214.89     0.04      
8     5       70.13      214.89     0.02      
8     7       70.13      214.89     0.03      
8     8       70.13      214.89     0.02      
8     9       70.13      214.89     0.06      
9     5       70.13      214.89     0.03      
9     6       70.13      214.89     0.02      
9     7       70.13      214.89     0.04      
9     8       70.13      214.89     0.09      
9     9       70.13      214.89     0.02      

5     7       70.13      214.89     0.08      
5     9       70.13      214.89     0.05      
6     6       70.13      214.89     0.13      
6     7       70.13      214.89     0.03      
6     8       70.13      214.89     0.03      
6     9       70.13      214.89     0.17      
7     5       70.13      214.89     0.03      
7     6       70.13      214.89     0.1       
7     9       70.13      214.89     0.03      
8     5       70.13      214.89     0.02      
8     6       70.13      214.89     0.01      
8     8       70.13      214.89     0.03      
9     5       70.13      214.89     0.01      
9     6       70.13      214.89     0.08      
9     7       70.13      214.89     0.02      
9     8       70.13      214.89     0.1       
9     9       70.13      214.89     0.05      

5     5       70.13      214.89     0.04      
5     7       70.13      214.89     0.11      
5     8       70.13      214.89     0.01      
5     9       70.13      214.89     0.1       
6     5       70.13      214.89     0.04      
6     6       70.13      214.89     0.01      
6     7       70.13      214.89     0.03      
6     8       70.13      214.89     0.06      
6     9       70.13      214.89     0.04      
7     5       70.13      214.89     0.07      
7     6       70.13      214.89     0.03      
7     7       70.13      214.89     0.01      
7     8       70.13      214.89     0.04      
7     9       70.13      214.89     0.04      
8     5       70.13      214.89     0.02      
8     6       70.13      214.89     0.05      
8     7       70.13      214.89     0.04      
8     8       70.13      214.89     0.07      
9     6       70.13      214.89     0.04      
9     7       70.13      214.89     0.08      
9     8       70.13      214.89     0.01      
9     9       70.13      214.89     0.03      

5     5       70.13      214.89     0.04      
5     6       70.13      214.89     0.04      
5     7       70.13      214.89     0.09      
5     8       70.13      214.89     0.04      
5     9       70.13      214.89     0.04      
6     6       70.13      214.89     0.05      
6     7       70.13      214.89     0.02      
6     8       70.13      214.89     0.06      
6     9       70.13      214.89     0.06      
7     5       70.13      214.89     0.06      
7     6       70.13      214.89     0.04      
7     7       70.13      214.89     0.04      
7     8       70.13      214.89     0.06      
7     9       70.13      214.89     0.03      
8     5       70.13      214.89     0.05      
8     7       70.13      214.89     0.04      
8     8       70.13      214.89     0.06      
8     9       70.13      214.89     0.03      
9     5       70.13      214.89     0.02      
9     6       70.13      214.89     0.04      
9     7       70.13      214.89     0.06      
9     9       70.13      214.89     0.04      

5     5       70.13      214.89     0.05      
5     6       70.13      214.89     0.02      
5     8       70.13      214.89     0.03      
5     9       70.13      214.89     0.03      
6     7       70.13      214.89     0.02      
6     8       70.13      214.89     0.02      
6     9       70.13      214.89     0.02      
7     5       70.13      214.89     0.17      
7     6       70.13      214.89     0.03      
7     7       70.13      214.89     0.03      
7     8       70.13      214.89     0.13      
8     5       70.13      214.89     0.1       
8     7       70.13      214.89     0.05      
8     8       70.13      214.89     0.17      
8     9       70.13      214.89     0.02      
9     5       70.13      214.89     0.02      
9     6       70.13      214.89     0.02      
9     7       70.13      214.89     0.03      
9     8       70.13      214.89     0.02      

5     5       70.13      214.89     0.01      
5     7       70.13      214.89     0.02      
5     9       70.13      214.89     0.02      
6     5       70.13      214.89     0.02      
6     6       70.13      214.89     0.27      
6     8       70.13      214.89     0.03      
6     9       70.13      214.89     0.1       
7     5       70.13      214.89     0.01      
7     8       70.13      214.89     0.01      
7     9       70.13      214.89     0.04      
8     5       70.13      214.89     0.01      
8     6       70.13      214.89     0.03      
8     7       70.13      214.89     0.01      
8     8       70.13      214.89     0.01      
9     5       70.13      214.89     0.01      
9     6       70.13      214.89     0.12      
9     7       70.13      214.89     0.01      
9     8       70.13      214.89     0.01      
9     9       70.13      214.89     0.23      

4     8       37.16      214.89     0.02      
10    5       95.24      214.89     0.01      
10    7       95.24      214.89     0.02      
10    10      95.24      214.89     0.03      
11    10      95.24      214.89     0.01      
12    10      95.24      214.89     0.01      
14    10      95.24      214.89     0.01      
15    2       136.59     153.49     0.05      
15    3       136.59     153.49     0.06      
15    4       136.59     153.49     0.02      
16    3       136.59     153.49     0.04      
16    4       136.59     153.49     0.02      
17    2       136.59     153.49     0.02      
17    3       136.59     153.49     0.02      
17    4       136.59     153.49     0.08      
18    2       136.59     153.49     0.07      
18    3       136.59     153.49     0.09      
19    2       136.59     153.49     0.02      
19    3       136.59     153.49     0.02      
19    4       136.59     153.49     0.17      

3     9       37.16      214.89     0.02      
10    8       95.24      214.89     0.01      
11    7       95.24      214.89     0.02      
12    10      95.24      214.89     0.04      
13    10      95.24      214.89     0.01      
15    2       136.59     153.49     0.13      
15    4       136.59     153.49     0.05      
16    2       136.59     153.49     0.07      
16    3       136.59     153.49     0.02      
17    3       136.59     153.49     0.07      
17    4       136.59     153.49     0.04      
18    2       136.59     153.49     0.11      
18    3       136.59     153.49     0.04      
18    4       136.59     153.49     0.03      
19    2       136.59     153.49     0.07      
19    4       136.59     153.49     0.06      

3     7       37.16      214.89     0.02      
10    6       95.24      214.89     0.01      
11    8       95.24      214.89     0.01      
11    10      95.24      214.89     0.01      
12    10      95.24      214.89     0.01      
13    10      95.24      214.89     0.02      
14    5       95.24      214.89     0.01      
14    10      95.24      214.89     0.02      
15    3       136.59     153.49     0.12      
16    2       136.59     153.49     0.27      
16    4       136.59     153.49     0.03      
17    2       136.59     153.49     0.03      
17    4       136.59     153.49     0.1       
18    2       136.59     153.49     0.03      
18    3       136.59     153.49     0.05      
19    3       136.59     153.49     0.03      
19    4       136.59     153.49     0.01      

2     6       37.16      214.89     0.01      
2     9       37.16      214.89     0.01      
10    10      95.24      214.89     0.03      
11    6       95.24      214.89     0.01      
11    8       95.24      214.89     0.01      
13    9       95.24      214.89     0.02      
14    5       95.24      214.89     0.01      
14    10      95.24      214.89     0.03      
15    2       136.59     153.49     0.02      
15    3       136.59     153.49     0.17      
16    2       136.59     153.49     0.09      
16    3       136.59     153.49     0.02      
16    4       136.59     153.49     0.05      
17    2       136.59     153.49     0.05      
18    2       136.59     153.49     0.02      
18    3       136.59     153.49     0.14      
19    3       136.59     153.49     0.05      
19    4       136.59     153.49     0.07      

2     6       37.16      214.89     0.02      
4     5       37.16      214.89     0.02      
4     8       37.16      214.89     0.01      
10    6       95.24      214.89     0.01      
11    9       95.24      214.89     0.02      
11    10      95.24      214.89     0.04      
12    7       95.24      214.89     0.02      
13    5       95.24      214.89     0.02      
13    8       95.24      214.89     0.01      
13    10      95.24      214.89     0.03      
15    2       136.59     153.49     0.02      
15    3       136.59     153.49     0.1       
16    2       136.59     153.49     0.05      
16    3       136.59     153.49     0.04      
17    4       136.59     153.49     0.25      
18    2       136.59     153.49     0.03      
18    3       136.59     153.49     0.08      
19    4       136.59     153.49     0.15      

5     7       70.13      214.89     0.01      
5     8       70.13      214.89     0.05      
5     9       70.13      214.89     0.02      
5     10      70.13      214.89     0.54      
6     5       70.13      214.89     0.03      
6     10      70.13      214.89     0.04      
7     7       70.13      214.89     0.05      
7     9       70.13      214.89     0.01      
7     10      70.13      214.89     0.08      
8     6       70.13      214.89     0.05      
9     5       70.13      214.89     0.02      
9     7       70.13      214.89     0.01      

