state: 1 E_state =23.621619601713988
n_rot n_trans E_rot      E_trans    |<state|n_rot n_trans>|^2
1     1       23.8       92.09      0.38      
2     1       23.8       92.09      0.18      
3     1       23.8       92.09      0.37      

state: 2 E_state =23.621619601714652
n_rot n_trans E_rot      E_trans    |<state|n_rot n_trans>|^2
1     1       23.8       92.09      0.06      
2     1       23.8       92.09      0.39      
3     1       23.8       92.09      0.48      
5     4       42.4       153.49     0.01      
6     3       42.4       153.49     0.01      

state: 3 E_state =23.621619601715224
n_rot n_trans E_rot      E_trans    |<state|n_rot n_trans>|^2
1     1       23.8       92.09      0.8       
2     1       23.8       92.09      0.13      
4     3       42.4       153.49     0.02      
5     2       42.4       153.49     0.02      

state: 4 E_state =39.79748522824341
n_rot n_trans E_rot      E_trans    |<state|n_rot n_trans>|^2
1     2       23.8       153.49     0.03      
1     3       23.8       153.49     0.02      
2     2       23.8       153.49     0.02      
2     4       23.8       153.49     0.02      
3     3       23.8       153.49     0.02      
3     4       23.8       153.49     0.03      
4     1       42.4       92.09      0.2       
5     1       42.4       92.09      0.39      
6     1       42.4       92.09      0.25      

state: 5 E_state =39.79748522824396
n_rot n_trans E_rot      E_trans    |<state|n_rot n_trans>|^2
1     3       23.8       153.49     0.04      
2     2       23.8       153.49     0.03      
2     4       23.8       153.49     0.04      
3     3       23.8       153.49     0.03      
4     1       42.4       92.09      0.49      
6     1       42.4       92.09      0.35      

state: 6 E_state =39.79748522824438
n_rot n_trans E_rot      E_trans    |<state|n_rot n_trans>|^2
1     2       23.8       153.49     0.04      
2     2       23.8       153.49     0.02      
3     3       23.8       153.49     0.02      
3     4       23.8       153.49     0.04      
4     1       42.4       92.09      0.12      
5     1       42.4       92.09      0.46      
6     1       42.4       92.09      0.27      

state: 7 E_state =70.96095537812143
n_rot n_trans E_rot      E_trans    |<state|n_rot n_trans>|^2
1     2       23.8       153.49     0.06      
1     3       23.8       153.49     0.06      
2     3       23.8       153.49     0.12      
2     4       23.8       153.49     0.06      
3     2       23.8       153.49     0.12      
3     4       23.8       153.49     0.06      
8     1       79.51      92.09      0.11      
9     1       79.51      92.09      0.23      
10    1       79.51      92.09      0.12      
11    1       79.51      92.09      0.01      

state: 8 E_state =70.96095537812202
n_rot n_trans E_rot      E_trans    |<state|n_rot n_trans>|^2
1     3       23.8       153.49     0.05      
1     4       23.8       153.49     0.17      
2     2       23.8       153.49     0.05      
2     4       23.8       153.49     0.05      
3     2       23.8       153.49     0.12      
3     3       23.8       153.49     0.05      
7     1       79.51      92.09      0.24      
8     1       79.51      92.09      0.09      
9     1       79.51      92.09      0.04      
11    1       79.51      92.09      0.1       

state: 9 E_state =70.96095537812236
n_rot n_trans E_rot      E_trans    |<state|n_rot n_trans>|^2
1     2       23.8       153.49     0.07      
1     3       23.8       153.49     0.04      
1     4       23.8       153.49     0.11      
2     2       23.8       153.49     0.04      
2     3       23.8       153.49     0.05      
2     4       23.8       153.49     0.04      
3     2       23.8       153.49     0.03      
3     3       23.8       153.49     0.04      
3     4       23.8       153.49     0.07      
7     1       79.51      92.09      0.16      
8     1       79.51      92.09      0.08      
9     1       79.51      92.09      0.02      
10    1       79.51      92.09      0.14      
11    1       79.51      92.09      0.07      

state: 10 E_state =70.96095537812238
n_rot n_trans E_rot      E_trans    |<state|n_rot n_trans>|^2
1     2       23.8       153.49     0.11      
1     3       23.8       153.49     0.02      
1     4       23.8       153.49     0.01      
2     2       23.8       153.49     0.06      
2     3       23.8       153.49     0.07      
2     4       23.8       153.49     0.02      
3     2       23.8       153.49     0.02      
3     3       23.8       153.49     0.06      
3     4       23.8       153.49     0.11      
7     1       79.51      92.09      0.02      
8     1       79.51      92.09      0.04      
9     1       79.51      92.09      0.08      
10    1       79.51      92.09      0.21      
11    1       79.51      92.09      0.11      

state: 11 E_state =70.96095537812265
n_rot n_trans E_rot      E_trans    |<state|n_rot n_trans>|^2
1     2       23.8       153.49     0.04      
1     3       23.8       153.49     0.07      
1     4       23.8       153.49     0.02      
2     2       23.8       153.49     0.04      
2     3       23.8       153.49     0.12      
2     4       23.8       153.49     0.07      
3     2       23.8       153.49     0.05      
3     3       23.8       153.49     0.04      
3     4       23.8       153.49     0.04      
7     1       79.51      92.09      0.02      
8     1       79.51      92.09      0.13      
9     1       79.51      92.09      0.15      
10    1       79.51      92.09      0.08      
11    1       79.51      92.09      0.09      

state: 12 E_state =86.43276123356682
n_rot n_trans E_rot      E_trans    |<state|n_rot n_trans>|^2
1     4       23.8       153.49     0.32      
2     3       23.8       153.49     0.32      
3     2       23.8       153.49     0.32      

state: 13 E_state =89.38788004027681
n_rot n_trans E_rot      E_trans    |<state|n_rot n_trans>|^2
1     2       23.8       153.49     0.05      
1     3       23.8       153.49     0.23      
2     2       23.8       153.49     0.11      
2     4       23.8       153.49     0.23      
3     3       23.8       153.49     0.11      
3     4       23.8       153.49     0.05      
4     1       42.4       92.09      0.08      
4     10      42.4       214.89     0.01      
5     1       42.4       92.09      0.02      
6     1       42.4       92.09      0.04      

state: 14 E_state =89.38788004027721
n_rot n_trans E_rot      E_trans    |<state|n_rot n_trans>|^2
1     2       23.8       153.49     0.32      
1     3       23.8       153.49     0.07      
2     4       23.8       153.49     0.07      
3     4       23.8       153.49     0.32      
4     1       42.4       92.09      0.02      
5     1       42.4       92.09      0.11      
5     10      42.4       214.89     0.02      

state: 15 E_state =89.38788004027798
n_rot n_trans E_rot      E_trans    |<state|n_rot n_trans>|^2
1     2       23.8       153.49     0.02      
1     3       23.8       153.49     0.08      
2     2       23.8       153.49     0.28      
2     4       23.8       153.49     0.08      
3     3       23.8       153.49     0.28      
3     4       23.8       153.49     0.02      
4     1       42.4       92.09      0.03      
6     1       42.4       92.09      0.1       
6     10      42.4       214.89     0.02      

state: 16 E_state =95.23685418121468
n_rot n_trans E_rot      E_trans    |<state|n_rot n_trans>|^2
1     8       23.8       214.89     0.03      
2     6       23.8       214.89     0.02      
3     9       23.8       214.89     0.02      
4     2       42.4       153.49     0.1       
4     3       42.4       153.49     0.13      
5     2       42.4       153.49     0.13      
5     4       42.4       153.49     0.15      
6     3       42.4       153.49     0.15      
6     4       42.4       153.49     0.09      
12    1       135.32     92.09      0.01      
14    1       135.32     92.09      0.03      
15    1       135.32     92.09      0.03      

state: 17 E_state =95.23685418121475
n_rot n_trans E_rot      E_trans    |<state|n_rot n_trans>|^2
1     7       23.8       214.89     0.02      
1     8       23.8       214.89     0.01      
2     8       23.8       214.89     0.02      
2     9       23.8       214.89     0.05      
3     5       23.8       214.89     0.02      
4     3       42.4       153.49     0.05      
4     4       42.4       153.49     0.31      
5     2       42.4       153.49     0.05      
5     4       42.4       153.49     0.02      
6     2       42.4       153.49     0.31      
6     3       42.4       153.49     0.02      
13    1       135.32     92.09      0.06      
15    1       135.32     92.09      0.01      

state: 18 E_state =95.23685418121492
n_rot n_trans E_rot      E_trans    |<state|n_rot n_trans>|^2
1     5       23.8       214.89     0.03      
1     8       23.8       214.89     0.02      
3     7       23.8       214.89     0.02      
3     9       23.8       214.89     0.01      
4     2       42.4       153.49     0.09      
4     3       42.4       153.49     0.1       
4     4       42.4       153.49     0.05      
5     2       42.4       153.49     0.1       
5     3       42.4       153.49     0.21      
5     4       42.4       153.49     0.08      
6     2       42.4       153.49     0.05      
6     3       42.4       153.49     0.08      
6     4       42.4       153.49     0.03      
13    1       135.32     92.09      0.01      
14    1       135.32     92.09      0.02      
15    1       135.32     92.09      0.02      
16    1       135.32     92.09      0.03      

state: 19 E_state =95.23685418121566
n_rot n_trans E_rot      E_trans    |<state|n_rot n_trans>|^2
1     5       23.8       214.89     0.04      
3     7       23.8       214.89     0.01      
3     9       23.8       214.89     0.02      
4     2       42.4       153.49     0.2       
4     3       42.4       153.49     0.03      
4     4       42.4       153.49     0.02      
5     2       42.4       153.49     0.03      
5     3       42.4       153.49     0.23      
5     4       42.4       153.49     0.12      
6     2       42.4       153.49     0.02      
6     3       42.4       153.49     0.12      
14    1       135.32     92.09      0.02      
16    1       135.32     92.09      0.04      

state: 20 E_state =95.23685418121664
n_rot n_trans E_rot      E_trans    |<state|n_rot n_trans>|^2
1     8       23.8       214.89     0.02      
2     6       23.8       214.89     0.05      
3     7       23.8       214.89     0.04      
4     2       42.4       153.49     0.14      
4     3       42.4       153.49     0.07      
5     2       42.4       153.49     0.07      
5     3       42.4       153.49     0.07      
5     4       42.4       153.49     0.02      
6     3       42.4       153.49     0.02      
6     4       42.4       153.49     0.39      
12    1       135.32     92.09      0.06      
15    1       135.32     92.09      0.02      

state: 21 E_state =97.36866064348668
n_rot n_trans E_rot      E_trans    |<state|n_rot n_trans>|^2
1     2       23.8       153.49     0.04      
1     3       23.8       153.49     0.01      
1     4       23.8       153.49     0.01      
2     3       23.8       153.49     0.11      
2     4       23.8       153.49     0.01      
3     2       23.8       153.49     0.2       
3     4       23.8       153.49     0.04      
6     5       42.4       214.89     0.02      
7     1       79.51      92.09      0.03      
8     1       79.51      92.09      0.03      
9     1       79.51      92.09      0.36      
10    1       79.51      92.09      0.1       

state: 22 E_state =97.36866064348678
n_rot n_trans E_rot      E_trans    |<state|n_rot n_trans>|^2
1     2       23.8       153.49     0.13      
1     3       23.8       153.49     0.02      
2     2       23.8       153.49     0.01      
2     3       23.8       153.49     0.07      
2     4       23.8       153.49     0.02      
3     2       23.8       153.49     0.03      
3     3       23.8       153.49     0.01      
3     4       23.8       153.49     0.13      
5     9       42.4       214.89     0.01      
7     1       79.51      92.09      0.01      
8     1       79.51      92.09      0.05      
9     1       79.51      92.09      0.11      
10    1       79.51      92.09      0.32      
11    1       79.51      92.09      0.02      

state: 23 E_state =97.36866064348708
n_rot n_trans E_rot      E_trans    |<state|n_rot n_trans>|^2
1     3       23.8       153.49     0.08      
1     4       23.8       153.49     0.03      
2     2       23.8       153.49     0.1       
2     3       23.8       153.49     0.01      
2     4       23.8       153.49     0.08      
3     3       23.8       153.49     0.1       
6     8       42.4       214.89     0.01      
7     1       79.51      92.09      0.05      
8     1       79.51      92.09      0.2       
10    1       79.51      92.09      0.01      
11    1       79.51      92.09      0.25      

state: 24 E_state =97.36866064348773
n_rot n_trans E_rot      E_trans    |<state|n_rot n_trans>|^2
1     4       23.8       153.49     0.2       
2     2       23.8       153.49     0.05      
2     3       23.8       153.49     0.09      
3     2       23.8       153.49     0.02      
3     3       23.8       153.49     0.05      
4     7       42.4       214.89     0.01      
7     1       79.51      92.09      0.36      
8     1       79.51      92.09      0.01      
9     1       79.51      92.09      0.02      
10    1       79.51      92.09      0.02      
11    1       79.51      92.09      0.11      

state: 25 E_state =97.36866064348875
n_rot n_trans E_rot      E_trans    |<state|n_rot n_trans>|^2
1     2       23.8       153.49     0.03      
1     3       23.8       153.49     0.09      
1     4       23.8       153.49     0.05      
2     2       23.8       153.49     0.05      
2     4       23.8       153.49     0.09      
3     2       23.8       153.49     0.03      
3     3       23.8       153.49     0.05      
3     4       23.8       153.49     0.03      
7     1       79.51      92.09      0.08      
8     1       79.51      92.09      0.23      
9     1       79.51      92.09      0.01      
10    1       79.51      92.09      0.08      
11    1       79.51      92.09      0.12      

state: 26 E_state =102.33982335503677
n_rot n_trans E_rot      E_trans    |<state|n_rot n_trans>|^2
1     6       23.8       214.89     0.02      
1     10      23.8       214.89     0.01      
2     5       23.8       214.89     0.02      
2     10      23.8       214.89     0.01      
3     1       23.8       92.09      0.03      
3     8       23.8       214.89     0.02      
3     10      23.8       214.89     0.04      
4     3       42.4       153.49     0.07      
4     4       42.4       153.49     0.08      
5     2       42.4       153.49     0.07      
5     4       42.4       153.49     0.25      
6     2       42.4       153.49     0.08      
6     3       42.4       153.49     0.25      

state: 27 E_state =102.33982335503693
n_rot n_trans E_rot      E_trans    |<state|n_rot n_trans>|^2
1     1       23.8       92.09      0.02      
1     9       23.8       214.89     0.02      
1     10      23.8       214.89     0.03      
2     1       23.8       92.09      0.01      
2     7       23.8       214.89     0.01      
2     10      23.8       214.89     0.01      
3     1       23.8       92.09      0.01      
3     6       23.8       214.89     0.01      
3     10      23.8       214.89     0.02      
4     3       42.4       153.49     0.2       
4     4       42.4       153.49     0.09      
5     2       42.4       153.49     0.2       
5     4       42.4       153.49     0.11      
6     2       42.4       153.49     0.09      
6     3       42.4       153.49     0.11      

state: 28 E_state =102.33982335503819
n_rot n_trans E_rot      E_trans    |<state|n_rot n_trans>|^2
1     1       23.8       92.09      0.01      
1     7       23.8       214.89     0.01      
1     9       23.8       214.89     0.01      
1     10      23.8       214.89     0.02      
2     1       23.8       92.09      0.03      
2     8       23.8       214.89     0.01      
2     10      23.8       214.89     0.04      
3     5       23.8       214.89     0.01      
4     3       42.4       153.49     0.13      
4     4       42.4       153.49     0.24      
5     2       42.4       153.49     0.13      
5     4       42.4       153.49     0.03      
6     2       42.4       153.49     0.24      
6     3       42.4       153.49     0.03      

state: 29 E_state =106.18848073050415
n_rot n_trans E_rot      E_trans    |<state|n_rot n_trans>|^2
4     2       42.4       153.49     0.33      
5     3       42.4       153.49     0.33      
6     4       42.4       153.49     0.33      

state: 30 E_state =129.98878660010814
n_rot n_trans E_rot      E_trans    |<state|n_rot n_trans>|^2
1     6       23.8       214.89     0.02      
1     8       23.8       214.89     0.02      
1     9       23.8       214.89     0.11      
2     5       23.8       214.89     0.02      
2     7       23.8       214.89     0.06      
2     8       23.8       214.89     0.02      
3     5       23.8       214.89     0.02      
3     6       23.8       214.89     0.04      
3     8       23.8       214.89     0.03      
3     9       23.8       214.89     0.02      
7     2       79.51      153.49     0.02      
7     3       79.51      153.49     0.01      
7     4       79.51      153.49     0.16      
8     2       79.51      153.49     0.01      
8     3       79.51      153.49     0.09      
8     4       79.51      153.49     0.01      
9     2       79.51      153.49     0.05      
9     3       79.51      153.49     0.03      
9     4       79.51      153.49     0.02      
10    2       79.51      153.49     0.06      
10    3       79.51      153.49     0.01      
10    4       79.51      153.49     0.03      
11    2       79.51      153.49     0.03      
11    3       79.51      153.49     0.03      
11    4       79.51      153.49     0.01      

state: 31 E_state =129.9887866001082
n_rot n_trans E_rot      E_trans    |<state|n_rot n_trans>|^2
1     5       23.8       214.89     0.02      
1     6       23.8       214.89     0.04      
1     7       23.8       214.89     0.02      
1     9       23.8       214.89     0.06      
2     5       23.8       214.89     0.05      
2     6       23.8       214.89     0.02      
2     7       23.8       214.89     0.02      
2     8       23.8       214.89     0.03      
2     9       23.8       214.89     0.01      
3     5       23.8       214.89     0.03      
3     6       23.8       214.89     0.04      
3     7       23.8       214.89     0.02      
3     8       23.8       214.89     0.02      
3     9       23.8       214.89     0.03      
7     2       79.51      153.49     0.04      
7     3       79.51      153.49     0.02      
7     4       79.51      153.49     0.08      
8     2       79.51      153.49     0.03      
8     3       79.51      153.49     0.03      
8     4       79.51      153.49     0.02      
9     2       79.51      153.49     0.03      
9     3       79.51      153.49     0.04      
9     4       79.51      153.49     0.01      
10    2       79.51      153.49     0.06      
10    3       79.51      153.49     0.03      
10    4       79.51      153.49     0.05      
11    2       79.51      153.49     0.04      
11    3       79.51      153.49     0.07      
11    4       79.51      153.49     0.03      

state: 32 E_state =129.98878660010874
n_rot n_trans E_rot      E_trans    |<state|n_rot n_trans>|^2
1     5       23.8       214.89     0.08      
1     6       23.8       214.89     0.03      
2     5       23.8       214.89     0.02      
2     6       23.8       214.89     0.08      
2     8       23.8       214.89     0.02      
3     5       23.8       214.89     0.02      
3     7       23.8       214.89     0.08      
3     8       23.8       214.89     0.02      
3     9       23.8       214.89     0.02      
7     2       79.51      153.49     0.03      
8     2       79.51      153.49     0.12      
8     3       79.51      153.49     0.01      
8     4       79.51      153.49     0.01      
9     2       79.51      153.49     0.02      
9     3       79.51      153.49     0.02      
10    3       79.51      153.49     0.12      
10    4       79.51      153.49     0.04      
11    2       79.51      153.49     0.03      
11    3       79.51      153.49     0.03      
11    4       79.51      153.49     0.12      

state: 33 E_state =129.98878660010905
n_rot n_trans E_rot      E_trans    |<state|n_rot n_trans>|^2
1     6       23.8       214.89     0.02      
1     7       23.8       214.89     0.11      
1     8       23.8       214.89     0.03      
1     9       23.8       214.89     0.02      
2     7       23.8       214.89     0.03      
2     8       23.8       214.89     0.03      
2     9       23.8       214.89     0.08      
3     6       23.8       214.89     0.04      
3     8       23.8       214.89     0.02      
3     9       23.8       214.89     0.02      
7     2       79.51      153.49     0.02      
7     3       79.51      153.49     0.11      
7     4       79.51      153.49     0.03      
8     3       79.51      153.49     0.04      
8     4       79.51      153.49     0.15      
9     2       79.51      153.49     0.03      
9     3       79.51      153.49     0.04      
9     4       79.51      153.49     0.04      
10    2       79.51      153.49     0.06      
10    4       79.51      153.49     0.03      
11    3       79.51      153.49     0.01      

state: 34 E_state =129.98878660010996
n_rot n_trans E_rot      E_trans    |<state|n_rot n_trans>|^2
1     6       23.8       214.89     0.03      
1     7       23.8       214.89     0.03      
1     8       23.8       214.89     0.02      
1     9       23.8       214.89     0.02      
2     5       23.8       214.89     0.05      
2     8       23.8       214.89     0.05      
2     9       23.8       214.89     0.02      
3     5       23.8       214.89     0.04      
3     6       23.8       214.89     0.04      
3     8       23.8       214.89     0.08      
3     9       23.8       214.89     0.02      
7     2       79.51      153.49     0.03      
7     3       79.51      153.49     0.03      
7     4       79.51      153.49     0.03      
8     4       79.51      153.49     0.04      
9     2       79.51      153.49     0.11      
9     3       79.51      153.49     0.07      
9     4       79.51      153.49     0.02      
10    2       79.51      153.49     0.06      
10    4       79.51      153.49     0.04      
11    2       79.51      153.49     0.06      
11    3       79.51      153.49     0.07      

state: 35 E_state =129.98878660011053
n_rot n_trans E_rot      E_trans    |<state|n_rot n_trans>|^2
1     7       23.8       214.89     0.01      
1     9       23.8       214.89     0.06      
2     5       23.8       214.89     0.07      
2     7       23.8       214.89     0.03      
2     8       23.8       214.89     0.05      
3     5       23.8       214.89     0.07      
3     6       23.8       214.89     0.02      
3     8       23.8       214.89     0.06      
7     3       79.51      153.49     0.01      
7     4       79.51      153.49     0.09      
8     3       79.51      153.49     0.05      
8     4       79.51      153.49     0.02      
9     2       79.51      153.49     0.08      
9     3       79.51      153.49     0.08      
10    2       79.51      153.49     0.02      
11    2       79.51      153.49     0.09      
11    3       79.51      153.49     0.11      

state: 36 E_state =129.98878660011073
n_rot n_trans E_rot      E_trans    |<state|n_rot n_trans>|^2
1     6       23.8       214.89     0.05      
1     7       23.8       214.89     0.03      
1     8       23.8       214.89     0.06      
1     9       23.8       214.89     0.01      
2     7       23.8       214.89     0.08      
2     9       23.8       214.89     0.02      
3     5       23.8       214.89     0.03      
3     6       23.8       214.89     0.06      
3     8       23.8       214.89     0.01      
3     9       23.8       214.89     0.03      
7     2       79.51      153.49     0.05      
7     3       79.51      153.49     0.03      
7     4       79.51      153.49     0.02      
8     3       79.51      153.49     0.11      
8     4       79.51      153.49     0.04      
9     2       79.51      153.49     0.02      
9     3       79.51      153.49     0.01      
9     4       79.51      153.49     0.09      
10    2       79.51      153.49     0.08      
10    4       79.51      153.49     0.07      
11    2       79.51      153.49     0.04      

state: 37 E_state =136.39412959149203
n_rot n_trans E_rot      E_trans    |<state|n_rot n_trans>|^2
4     2       42.4       153.49     0.02      
4     3       42.4       153.49     0.01      
5     2       42.4       153.49     0.01      
5     4       42.4       153.49     0.01      
6     3       42.4       153.49     0.01      
6     4       42.4       153.49     0.01      
7     2       79.51      153.49     0.08      
7     3       79.51      153.49     0.02      
8     2       79.51      153.49     0.02      
8     3       79.51      153.49     0.02      
9     2       79.51      153.49     0.03      
9     4       79.51      153.49     0.1       
10    2       79.51      153.49     0.02      
10    3       79.51      153.49     0.11      
10    4       79.51      153.49     0.03      
11    3       79.51      153.49     0.03      
11    4       79.51      153.49     0.03      
12    1       135.32     92.09      0.09      
13    1       135.32     92.09      0.03      
14    1       135.32     92.09      0.11      
15    1       135.32     92.09      0.11      
16    1       135.32     92.09      0.04      

state: 38 E_state =136.39412959149308
n_rot n_trans E_rot      E_trans    |<state|n_rot n_trans>|^2
4     2       42.4       153.49     0.03      
4     3       42.4       153.49     0.02      
5     2       42.4       153.49     0.02      
5     3       42.4       153.49     0.02      
7     3       79.51      153.49     0.02      
8     2       79.51      153.49     0.01      
8     3       79.51      153.49     0.03      
9     4       79.51      153.49     0.12      
10    2       79.51      153.49     0.03      
10    3       79.51      153.49     0.1       
11    4       79.51      153.49     0.18      
12    1       135.32     92.09      0.02      
13    1       135.32     92.09      0.03      
15    1       135.32     92.09      0.13      
16    1       135.32     92.09      0.2       

state: 39 E_state =136.39412959149314
n_rot n_trans E_rot      E_trans    |<state|n_rot n_trans>|^2
4     4       42.4       153.49     0.01      
6     2       42.4       153.49     0.01      
6     4       42.4       153.49     0.03      
7     2       79.51      153.49     0.03      
7     3       79.51      153.49     0.07      
8     2       79.51      153.49     0.13      
8     4       79.51      153.49     0.02      
9     2       79.51      153.49     0.01      
9     3       79.51      153.49     0.02      
9     4       79.51      153.49     0.02      
10    3       79.51      153.49     0.14      
10    4       79.51      153.49     0.01      
11    2       79.51      153.49     0.02      
11    3       79.51      153.49     0.01      
12    1       135.32     92.09      0.2       
13    1       135.32     92.09      0.11      
14    1       135.32     92.09      0.05      
15    1       135.32     92.09      0.02      

state: 40 E_state =136.39412959149428
n_rot n_trans E_rot      E_trans    |<state|n_rot n_trans>|^2
4     4       42.4       153.49     0.02      
5     3       42.4       153.49     0.02      
6     2       42.4       153.49     0.02      
6     4       42.4       153.49     0.01      
7     2       79.51      153.49     0.04      
7     3       79.51      153.49     0.13      
8     2       79.51      153.49     0.1       
8     4       79.51      153.49     0.04      
9     2       79.51      153.49     0.01      
9     3       79.51      153.49     0.04      
9     4       79.51      153.49     0.02      
10    3       79.51      153.49     0.02      
10    4       79.51      153.49     0.01      
11    2       79.51      153.49     0.04      
11    3       79.51      153.49     0.01      
11    4       79.51      153.49     0.04      
12    1       135.32     92.09      0.08      
13    1       135.32     92.09      0.19      
14    1       135.32     92.09      0.06      
15    1       135.32     92.09      0.02      
16    1       135.32     92.09      0.04      

state: 41 E_state =136.39412959149462
n_rot n_trans E_rot      E_trans    |<state|n_rot n_trans>|^2
4     3       42.4       153.49     0.01      
5     2       42.4       153.49     0.01      
5     3       42.4       153.49     0.02      
5     4       42.4       153.49     0.02      
6     3       42.4       153.49     0.02      
7     2       79.51      153.49     0.11      
8     2       79.51      153.49     0.06      
8     3       79.51      153.49     0.02      
9     2       79.51      153.49     0.04      
9     4       79.51      153.49     0.09      
10    2       79.51      153.49     0.02      
10    4       79.51      153.49     0.04      
11    3       79.51      153.49     0.04      
11    4       79.51      153.49     0.09      
12    1       135.32     92.09      0.01      
14    1       135.32     92.09      0.16      
15    1       135.32     92.09      0.1       
16    1       135.32     92.09      0.1       

state: 42 E_state =137.1226014724377
n_rot n_trans E_rot      E_trans    |<state|n_rot n_trans>|^2
1     7       23.8       214.89     0.02      
2     8       23.8       214.89     0.02      
2     10      23.8       214.89     0.31      
3     5       23.8       214.89     0.02      
3     10      23.8       214.89     0.04      
7     3       79.51      153.49     0.05      
8     4       79.51      153.49     0.15      
9     2       79.51      153.49     0.02      
9     3       79.51      153.49     0.15      
10    4       79.51      153.49     0.02      
11    2       79.51      153.49     0.15      
11    3       79.51      153.49     0.02      

state: 43 E_state =137.1226014724399
n_rot n_trans E_rot      E_trans    |<state|n_rot n_trans>|^2
1     6       23.8       214.89     0.02      
2     5       23.8       214.89     0.02      
2     10      23.8       214.89     0.03      
3     8       23.8       214.89     0.02      
3     10      23.8       214.89     0.3       
7     2       79.51      153.49     0.05      
8     4       79.51      153.49     0.02      
9     2       79.51      153.49     0.15      
9     3       79.51      153.49     0.02      
10    4       79.51      153.49     0.15      
11    2       79.51      153.49     0.02      
11    3       79.51      153.49     0.15      

state: 44 E_state =137.1226014724406
n_rot n_trans E_rot      E_trans    |<state|n_rot n_trans>|^2
1     1       23.8       92.09      0.01      
1     9       23.8       214.89     0.03      
1     10      23.8       214.89     0.33      
2     7       23.8       214.89     0.02      
3     6       23.8       214.89     0.02      
7     4       79.51      153.49     0.22      
8     3       79.51      153.49     0.16      
10    2       79.51      153.49     0.16      

state: 45 E_state =147.6380867103428
n_rot n_trans E_rot      E_trans    |<state|n_rot n_trans>|^2
1     5       23.8       214.89     0.01      
1     6       23.8       214.89     0.02      
1     7       23.8       214.89     0.03      
1     8       23.8       214.89     0.01      
2     5       23.8       214.89     0.02      
2     8       23.8       214.89     0.03      
2     9       23.8       214.89     0.08      
3     5       23.8       214.89     0.03      
3     8       23.8       214.89     0.02      
3     9       23.8       214.89     0.07      
7     2       79.51      153.49     0.05      
7     3       79.51      153.49     0.06      
8     4       79.51      153.49     0.02      
9     2       79.51      153.49     0.02      
9     3       79.51      153.49     0.02      
9     4       79.51      153.49     0.01      
10    4       79.51      153.49     0.02      
11    2       79.51      153.49     0.02      
11    3       79.51      153.49     0.02      
13    1       135.32     92.09      0.2       
14    1       135.32     92.09      0.17      
15    1       135.32     92.09      0.03      
16    1       135.32     92.09      0.02      

state: 46 E_state =147.63808671034295
n_rot n_trans E_rot      E_trans    |<state|n_rot n_trans>|^2
1     5       23.8       214.89     0.02      
1     6       23.8       214.89     0.01      
1     8       23.8       214.89     0.04      
2     5       23.8       214.89     0.01      
2     6       23.8       214.89     0.04      
2     7       23.8       214.89     0.01      
3     6       23.8       214.89     0.01      
3     7       23.8       214.89     0.11      
3     8       23.8       214.89     0.01      
3     9       23.8       214.89     0.04      
7     2       79.51      153.49     0.03      
8     2       79.51      153.49     0.08      
9     2       79.51      153.49     0.01      
9     4       79.51      153.49     0.03      
10    3       79.51      153.49     0.03      
10    4       79.51      153.49     0.01      
11    3       79.51      153.49     0.01      
11    4       79.51      153.49     0.01      
12    1       135.32     92.09      0.17      
13    1       135.32     92.09      0.02      
14    1       135.32     92.09      0.11      
15    1       135.32     92.09      0.08      
16    1       135.32     92.09      0.04      

state: 47 E_state =147.63808671034428
n_rot n_trans E_rot      E_trans    |<state|n_rot n_trans>|^2
1     5       23.8       214.89     0.12      
2     6       23.8       214.89     0.17      
10    3       79.51      153.49     0.13      
11    4       79.51      153.49     0.09      
12    1       135.32     92.09      0.16      
14    1       135.32     92.09      0.01      
15    1       135.32     92.09      0.01      
16    1       135.32     92.09      0.22      

state: 48 E_state =147.6380867103443
n_rot n_trans E_rot      E_trans    |<state|n_rot n_trans>|^2
1     5       23.8       214.89     0.03      
1     8       23.8       214.89     0.1       
2     6       23.8       214.89     0.01      
2     7       23.8       214.89     0.03      
2     9       23.8       214.89     0.02      
3     6       23.8       214.89     0.03      
3     7       23.8       214.89     0.08      
7     3       79.51      153.49     0.02      
8     2       79.51      153.49     0.06      
8     3       79.51      153.49     0.02      
9     4       79.51      153.49     0.08      
10    2       79.51      153.49     0.02      
11    4       79.51      153.49     0.02      
12    1       135.32     92.09      0.1       
13    1       135.32     92.09      0.06      
15    1       135.32     92.09      0.2       
16    1       135.32     92.09      0.06      

state: 49 E_state =147.63808671034442
n_rot n_trans E_rot      E_trans    |<state|n_rot n_trans>|^2
1     6       23.8       214.89     0.02      
1     7       23.8       214.89     0.01      
1     8       23.8       214.89     0.09      
2     5       23.8       214.89     0.02      
2     7       23.8       214.89     0.02      
2     8       23.8       214.89     0.01      
2     9       23.8       214.89     0.04      
3     5       23.8       214.89     0.01      
3     6       23.8       214.89     0.02      
3     8       23.8       214.89     0.02      
3     9       23.8       214.89     0.05      
7     2       79.51      153.49     0.04      
7     3       79.51      153.49     0.03      
8     3       79.51      153.49     0.02      
9     2       79.51      153.49     0.01      
9     4       79.51      153.49     0.06      
10    2       79.51      153.49     0.02      
10    4       79.51      153.49     0.01      
11    3       79.51      153.49     0.01      
13    1       135.32     92.09      0.1       
14    1       135.32     92.09      0.14      
15    1       135.32     92.09      0.17      

state: 50 E_state =158.83906575659282
n_rot n_trans E_rot      E_trans    |<state|n_rot n_trans>|^2
1     6       23.8       214.89     0.05      
1     7       23.8       214.89     0.01      
1     9       23.8       214.89     0.25      
2     5       23.8       214.89     0.05      
2     7       23.8       214.89     0.19      
2     8       23.8       214.89     0.01      
3     5       23.8       214.89     0.01      
3     6       23.8       214.89     0.19      
3     8       23.8       214.89     0.05      
3     9       23.8       214.89     0.02      
4     3       42.4       153.49     0.03      
5     2       42.4       153.49     0.03      
7     4       79.51      153.49     0.02      
8     3       79.51      153.49     0.02      
10    2       79.51      153.49     0.02      

state: 51 E_state =158.83906575659344
n_rot n_trans E_rot      E_trans    |<state|n_rot n_trans>|^2
1     6       23.8       214.89     0.17      
1     7       23.8       214.89     0.03      
1     9       23.8       214.89     0.07      
2     5       23.8       214.89     0.17      
2     7       23.8       214.89     0.05      
2     8       23.8       214.89     0.03      
2     9       23.8       214.89     0.01      
3     5       23.8       214.89     0.03      
3     6       23.8       214.89     0.05      
3     8       23.8       214.89     0.17      
3     9       23.8       214.89     0.06      
5     4       42.4       153.49     0.03      
6     3       42.4       153.49     0.03      
9     2       79.51      153.49     0.02      
10    4       79.51      153.49     0.02      
11    3       79.51      153.49     0.02      

state: 52 E_state =158.83906575659415
n_rot n_trans E_rot      E_trans    |<state|n_rot n_trans>|^2
1     6       23.8       214.89     0.02      
1     7       23.8       214.89     0.21      
1     9       23.8       214.89     0.02      
2     5       23.8       214.89     0.02      
2     7       23.8       214.89     0.02      
2     8       23.8       214.89     0.21      
2     9       23.8       214.89     0.07      
3     5       23.8       214.89     0.21      
3     6       23.8       214.89     0.02      
3     8       23.8       214.89     0.02      
4     4       42.4       153.49     0.03      
6     2       42.4       153.49     0.03      
8     4       79.51      153.49     0.02      
9     3       79.51      153.49     0.02      
11    2       79.51      153.49     0.02      

state: 53 E_state =161.8020963727785
n_rot n_trans E_rot      E_trans    |<state|n_rot n_trans>|^2
4     5       42.4       214.89     0.06      
4     6       42.4       214.89     0.14      
4     7       42.4       214.89     0.06      
4     8       42.4       214.89     0.05      
4     9       42.4       214.89     0.02      
5     5       42.4       214.89     0.02      
5     6       42.4       214.89     0.06      
5     7       42.4       214.89     0.02      
5     8       42.4       214.89     0.08      
6     5       42.4       214.89     0.06      
6     6       42.4       214.89     0.02      
6     8       42.4       214.89     0.02      
6     9       42.4       214.89     0.18      
12    4       135.32     153.49     0.05      
13    2       135.32     153.49     0.03      
13    3       135.32     153.49     0.01      
14    2       135.32     153.49     0.01      
15    2       135.32     153.49     0.02      
15    4       135.32     153.49     0.01      
16    2       135.32     153.49     0.01      
16    3       135.32     153.49     0.02      

state: 54 E_state =161.80209637277883
n_rot n_trans E_rot      E_trans    |<state|n_rot n_trans>|^2
4     5       42.4       214.89     0.07      
4     7       42.4       214.89     0.03      
4     8       42.4       214.89     0.05      
5     5       42.4       214.89     0.06      
5     6       42.4       214.89     0.03      
5     7       42.4       214.89     0.05      
5     8       42.4       214.89     0.06      
5     9       42.4       214.89     0.15      
6     5       42.4       214.89     0.03      
6     7       42.4       214.89     0.2       
6     8       42.4       214.89     0.02      
6     9       42.4       214.89     0.03      
12    3       135.32     153.49     0.04      
14    3       135.32     153.49     0.01      
14    4       135.32     153.49     0.05      
15    2       135.32     153.49     0.02      
15    3       135.32     153.49     0.01      
16    2       135.32     153.49     0.01      
16    3       135.32     153.49     0.01      

state: 55 E_state =161.80209637277926
n_rot n_trans E_rot      E_trans    |<state|n_rot n_trans>|^2
4     5       42.4       214.89     0.1       
4     8       42.4       214.89     0.09      
4     9       42.4       214.89     0.07      
5     5       42.4       214.89     0.22      
5     7       42.4       214.89     0.01      
5     8       42.4       214.89     0.05      
5     9       42.4       214.89     0.04      
6     6       42.4       214.89     0.1       
6     7       42.4       214.89     0.05      
6     9       42.4       214.89     0.01      
12    2       135.32     153.49     0.02      
12    3       135.32     153.49     0.01      
13    4       135.32     153.49     0.03      
14    4       135.32     153.49     0.01      
15    2       135.32     153.49     0.03      
15    3       135.32     153.49     0.05      
16    2       135.32     153.49     0.02      
16    3       135.32     153.49     0.01      

state: 56 E_state =161.80209637277935
n_rot n_trans E_rot      E_trans    |<state|n_rot n_trans>|^2
4     5       42.4       214.89     0.07      
4     7       42.4       214.89     0.02      
4     8       42.4       214.89     0.02      
5     5       42.4       214.89     0.03      
5     6       42.4       214.89     0.02      
5     7       42.4       214.89     0.18      
5     8       42.4       214.89     0.09      
5     9       42.4       214.89     0.07      
6     5       42.4       214.89     0.02      
6     7       42.4       214.89     0.09      
6     8       42.4       214.89     0.05      
6     9       42.4       214.89     0.11      
12    3       135.32     153.49     0.02      
12    4       135.32     153.49     0.03      
14    3       135.32     153.49     0.04      
14    4       135.32     153.49     0.02      
15    2       135.32     153.49     0.02      
16    3       135.32     153.49     0.02      
16    4       135.32     153.49     0.01      

state: 57 E_state =161.80209637277977
n_rot n_trans E_rot      E_trans    |<state|n_rot n_trans>|^2
4     5       42.4       214.89     0.07      
4     6       42.4       214.89     0.16      
4     7       42.4       214.89     0.03      
4     8       42.4       214.89     0.01      
4     9       42.4       214.89     0.04      
5     6       42.4       214.89     0.03      
5     7       42.4       214.89     0.06      
5     8       42.4       214.89     0.08      
5     9       42.4       214.89     0.03      
6     5       42.4       214.89     0.03      
6     6       42.4       214.89     0.06      
6     7       42.4       214.89     0.04      
6     8       42.4       214.89     0.09      
6     9       42.4       214.89     0.04      
12    2       135.32     153.49     0.01      
12    4       135.32     153.49     0.01      
13    2       135.32     153.49     0.04      
13    4       135.32     153.49     0.01      
14    3       135.32     153.49     0.01      
15    2       135.32     153.49     0.02      
16    3       135.32     153.49     0.02      
16    4       135.32     153.49     0.02      

state: 58 E_state =161.80209637278068
n_rot n_trans E_rot      E_trans    |<state|n_rot n_trans>|^2
4     5       42.4       214.89     0.06      
4     6       42.4       214.89     0.07      
4     7       42.4       214.89     0.06      
4     8       42.4       214.89     0.03      
4     9       42.4       214.89     0.08      
5     6       42.4       214.89     0.06      
5     7       42.4       214.89     0.08      
5     8       42.4       214.89     0.08      
5     9       42.4       214.89     0.02      
6     5       42.4       214.89     0.06      
6     6       42.4       214.89     0.11      
6     7       42.4       214.89     0.02      
6     8       42.4       214.89     0.07      
12    2       135.32     153.49     0.02      
13    2       135.32     153.49     0.02      
13    3       135.32     153.49     0.02      
13    4       135.32     153.49     0.03      
14    2       135.32     153.49     0.02      
14    3       135.32     153.49     0.02      
15    2       135.32     153.49     0.01      
15    4       135.32     153.49     0.02      
16    3       135.32     153.49     0.02      
16    4       135.32     153.49     0.02      

state: 59 E_state =161.8020963727809
n_rot n_trans E_rot      E_trans    |<state|n_rot n_trans>|^2
4     6       42.4       214.89     0.08      
4     7       42.4       214.89     0.03      
4     8       42.4       214.89     0.15      
4     9       42.4       214.89     0.13      
5     5       42.4       214.89     0.03      
5     6       42.4       214.89     0.03      
5     9       42.4       214.89     0.01      
6     5       42.4       214.89     0.03      
6     6       42.4       214.89     0.17      
6     7       42.4       214.89     0.02      
6     8       42.4       214.89     0.01      
6     9       42.4       214.89     0.08      
12    2       135.32     153.49     0.03      
12    4       135.32     153.49     0.02      
13    2       135.32     153.49     0.02      
13    4       135.32     153.49     0.04      
16    2       135.32     153.49     0.04      

state: 60 E_state =166.5468766866485
n_rot n_trans E_rot      E_trans    |<state|n_rot n_trans>|^2
4     6       42.4       214.89     0.03      
4     8       42.4       214.89     0.02      
4     10      42.4       214.89     0.27      
5     5       42.4       214.89     0.02      
5     7       42.4       214.89     0.03      
5     10      42.4       214.89     0.02      
6     6       42.4       214.89     0.02      
6     9       42.4       214.89     0.04      
6     10      42.4       214.89     0.4       
12    4       135.32     153.49     0.03      
13    2       135.32     153.49     0.02      
13    4       135.32     153.49     0.01      
14    3       135.32     153.49     0.02      
15    3       135.32     153.49     0.01      
16    2       135.32     153.49     0.01      

state: 61 E_state =166.54687668665002
n_rot n_trans E_rot      E_trans    |<state|n_rot n_trans>|^2
4     5       42.4       214.89     0.02      
4     6       42.4       214.89     0.02      
4     8       42.4       214.89     0.02      
4     10      42.4       214.89     0.29      
5     5       42.4       214.89     0.02      
5     7       42.4       214.89     0.02      
5     8       42.4       214.89     0.02      
5     10      42.4       214.89     0.21      
6     6       42.4       214.89     0.02      
6     7       42.4       214.89     0.02      
6     9       42.4       214.89     0.02      
6     10      42.4       214.89     0.19      
12    4       135.32     153.49     0.01      
13    4       135.32     153.49     0.02      
14    4       135.32     153.49     0.01      
15    2       135.32     153.49     0.01      
15    3       135.32     153.49     0.02      
16    2       135.32     153.49     0.02      
16    3       135.32     153.49     0.01      

state: 62 E_state =166.5468766866509
n_rot n_trans E_rot      E_trans    |<state|n_rot n_trans>|^2
4     5       42.4       214.89     0.04      
4     10      42.4       214.89     0.12      
5     8       42.4       214.89     0.04      
5     9       42.4       214.89     0.01      
5     10      42.4       214.89     0.44      
6     7       42.4       214.89     0.04      
6     9       42.4       214.89     0.01      
6     10      42.4       214.89     0.12      
14    4       135.32     153.49     0.02      
15    2       135.32     153.49     0.02      
16    3       135.32     153.49     0.02      

state: 63 E_state =167.72775435152715
n_rot n_trans E_rot      E_trans    |<state|n_rot n_trans>|^2
1     10      23.8       214.89     0.28      
2     10      23.8       214.89     0.19      
3     10      23.8       214.89     0.13      
4     3       42.4       153.49     0.01      
5     2       42.4       153.49     0.01      
7     3       79.51      153.49     0.01      
7     4       79.51      153.49     0.06      
8     3       79.51      153.49     0.05      
8     4       79.51      153.49     0.03      
9     2       79.51      153.49     0.02      
9     3       79.51      153.49     0.03      
10    2       79.51      153.49     0.05      
10    4       79.51      153.49     0.02      
11    2       79.51      153.49     0.03      
11    3       79.51      153.49     0.02      

state: 64 E_state =167.7277543515282
n_rot n_trans E_rot      E_trans    |<state|n_rot n_trans>|^2
1     10      23.8       214.89     0.06      
2     10      23.8       214.89     0.34      
3     10      23.8       214.89     0.19      
4     4       42.4       153.49     0.01      
6     2       42.4       153.49     0.01      
7     2       79.51      153.49     0.01      
7     3       79.51      153.49     0.02      
7     4       79.51      153.49     0.01      
8     4       79.51      153.49     0.06      
9     2       79.51      153.49     0.03      
9     3       79.51      153.49     0.06      
10    4       79.51      153.49     0.03      
11    2       79.51      153.49     0.06      
11    3       79.51      153.49     0.03      

state: 65 E_state =167.7277543515288
n_rot n_trans E_rot      E_trans    |<state|n_rot n_trans>|^2
1     10      23.8       214.89     0.24      
2     10      23.8       214.89     0.06      
3     10      23.8       214.89     0.3       
5     4       42.4       153.49     0.01      
6     3       42.4       153.49     0.01      
7     2       79.51      153.49     0.02      
7     4       79.51      153.49     0.05      
8     3       79.51      153.49     0.04      
9     2       79.51      153.49     0.05      
10    2       79.51      153.49     0.04      
10    4       79.51      153.49     0.05      
11    3       79.51      153.49     0.05      

state: 66 E_state =168.70098510559
n_rot n_trans E_rot      E_trans    |<state|n_rot n_trans>|^2
1     5       23.8       214.89     0.03      
1     6       23.8       214.89     0.01      
1     8       23.8       214.89     0.12      
2     5       23.8       214.89     0.01      
2     6       23.8       214.89     0.06      
2     7       23.8       214.89     0.03      
2     9       23.8       214.89     0.02      
3     6       23.8       214.89     0.03      
3     7       23.8       214.89     0.15      
3     8       23.8       214.89     0.01      
3     9       23.8       214.89     0.04      
4     3       42.4       153.49     0.02      
5     2       42.4       153.49     0.02      
5     3       42.4       153.49     0.02      
6     4       42.4       153.49     0.03      
7     2       79.51      153.49     0.01      
8     2       79.51      153.49     0.06      
8     3       79.51      153.49     0.01      
9     4       79.51      153.49     0.05      
10    2       79.51      153.49     0.01      
10    3       79.51      153.49     0.02      
12    1       135.32     92.09      0.04      
13    1       135.32     92.09      0.01      
14    1       135.32     92.09      0.02      
15    1       135.32     92.09      0.04      

state: 67 E_state =168.70098510559097
n_rot n_trans E_rot      E_trans    |<state|n_rot n_trans>|^2
1     5       23.8       214.89     0.17      
1     6       23.8       214.89     0.02      
1     7       23.8       214.89     0.02      
1     8       23.8       214.89     0.02      
2     5       23.8       214.89     0.02      
2     6       23.8       214.89     0.09      
2     8       23.8       214.89     0.02      
2     9       23.8       214.89     0.05      
3     5       23.8       214.89     0.02      
3     7       23.8       214.89     0.02      
3     8       23.8       214.89     0.02      
3     9       23.8       214.89     0.07      
4     2       42.4       153.49     0.04      
5     3       42.4       153.49     0.02      
5     4       42.4       153.49     0.01      
6     3       42.4       153.49     0.01      
7     2       79.51      153.49     0.03      
7     3       79.51      153.49     0.02      
10    3       79.51      153.49     0.04      
11    4       79.51      153.49     0.07      
13    1       135.32     92.09      0.02      
14    1       135.32     92.09      0.03      
16    1       135.32     92.09      0.06      

state: 68 E_state =168.7009851055914
n_rot n_trans E_rot      E_trans    |<state|n_rot n_trans>|^2
1     7       23.8       214.89     0.06      
1     8       23.8       214.89     0.05      
2     6       23.8       214.89     0.04      
2     7       23.8       214.89     0.01      
2     8       23.8       214.89     0.06      
2     9       23.8       214.89     0.18      
3     5       23.8       214.89     0.06      
3     6       23.8       214.89     0.01      
3     7       23.8       214.89     0.03      
3     9       23.8       214.89     0.02      
4     4       42.4       153.49     0.04      
6     2       42.4       153.49     0.04      
7     3       79.51      153.49     0.07      
8     4       79.51      153.49     0.02      
9     3       79.51      153.49     0.02      
9     4       79.51      153.49     0.02      
10    3       79.51      153.49     0.02      
11    2       79.51      153.49     0.02      
12    1       135.32     92.09      0.01      
13    1       135.32     92.09      0.08      
15    1       135.32     92.09      0.02      

state: 69 E_state =168.70098510559149
n_rot n_trans E_rot      E_trans    |<state|n_rot n_trans>|^2
1     5       23.8       214.89     0.06      
1     6       23.8       214.89     0.02      
1     8       23.8       214.89     0.09      
2     5       23.8       214.89     0.02      
2     6       23.8       214.89     0.04      
2     7       23.8       214.89     0.02      
3     6       23.8       214.89     0.02      
3     7       23.8       214.89     0.16      
3     8       23.8       214.89     0.02      
3     9       23.8       214.89     0.07      
4     3       42.4       153.49     0.01      
5     2       42.4       153.49     0.01      
5     3       42.4       153.49     0.03      
5     4       42.4       153.49     0.01      
6     3       42.4       153.49     0.01      
6     4       42.4       153.49     0.02      
7     2       79.51      153.49     0.03      
8     2       79.51      153.49     0.06      
9     4       79.51      153.49     0.04      
10    3       79.51      153.49     0.02      
11    4       79.51      153.49     0.02      
12    1       135.32     92.09      0.04      
14    1       135.32     92.09      0.03      
15    1       135.32     92.09      0.03      
16    1       135.32     92.09      0.02      

state: 70 E_state =168.70098510559183
n_rot n_trans E_rot      E_trans    |<state|n_rot n_trans>|^2
1     5       23.8       214.89     0.09      
1     6       23.8       214.89     0.03      
1     7       23.8       214.89     0.01      
1     8       23.8       214.89     0.07      
2     5       23.8       214.89     0.03      
2     6       23.8       214.89     0.1       
2     7       23.8       214.89     0.02      
2     8       23.8       214.89     0.01      
2     9       23.8       214.89     0.03      
3     5       23.8       214.89     0.01      
3     6       23.8       214.89     0.02      
3     8       23.8       214.89     0.03      
3     9       23.8       214.89     0.09      
4     2       42.4       153.49     0.03      
4     3       42.4       153.49     0.01      
5     2       42.4       153.49     0.01      
5     4       42.4       153.49     0.02      
6     3       42.4       153.49     0.02      
7     2       79.51      153.49     0.04      
7     3       79.51      153.49     0.01      
9     2       79.51      153.49     0.01      
9     4       79.51      153.49     0.03      
10    3       79.51      153.49     0.04      
10    4       79.51      153.49     0.01      
11    3       79.51      153.49     0.01      
11    4       79.51      153.49     0.04      
12    1       135.32     92.09      0.01      
13    1       135.32     92.09      0.01      
14    1       135.32     92.09      0.04      
15    1       135.32     92.09      0.02      
16    1       135.32     92.09      0.03      

state: 71 E_state =168.9133679825126
n_rot n_trans E_rot      E_trans    |<state|n_rot n_trans>|^2
1     5       23.8       214.89     0.02      
1     6       23.8       214.89     0.06      
1     7       23.8       214.89     0.07      
1     9       23.8       214.89     0.01      
2     5       23.8       214.89     0.09      
2     6       23.8       214.89     0.02      
2     8       23.8       214.89     0.01      
2     9       23.8       214.89     0.05      
3     5       23.8       214.89     0.01      
3     6       23.8       214.89     0.01      
3     7       23.8       214.89     0.02      
3     8       23.8       214.89     0.16      
3     9       23.8       214.89     0.04      
7     2       79.51      153.49     0.03      
7     3       79.51      153.49     0.03      
8     2       79.51      153.49     0.02      
8     4       79.51      153.49     0.05      
9     2       79.51      153.49     0.11      
9     3       79.51      153.49     0.01      
10    3       79.51      153.49     0.02      
10    4       79.51      153.49     0.04      
11    3       79.51      153.49     0.06      
11    4       79.51      153.49     0.02      

state: 72 E_state =168.91336798251294
n_rot n_trans E_rot      E_trans    |<state|n_rot n_trans>|^2
1     7       23.8       214.89     0.06      
1     8       23.8       214.89     0.13      
2     5       23.8       214.89     0.02      
2     7       23.8       214.89     0.15      
2     9       23.8       214.89     0.04      
3     6       23.8       214.89     0.11      
3     8       23.8       214.89     0.03      
7     3       79.51      153.49     0.03      
8     3       79.51      153.49     0.1       
8     4       79.51      153.49     0.04      
9     2       79.51      153.49     0.02      
9     4       79.51      153.49     0.09      
10    2       79.51      153.49     0.07      
11    3       79.51      153.49     0.02      

state: 73 E_state =168.91336798251317
n_rot n_trans E_rot      E_trans    |<state|n_rot n_trans>|^2
1     5       23.8       214.89     0.04      
1     6       23.8       214.89     0.04      
1     8       23.8       214.89     0.02      
1     9       23.8       214.89     0.02      
2     5       23.8       214.89     0.04      
2     6       23.8       214.89     0.04      
2     7       23.8       214.89     0.04      
2     8       23.8       214.89     0.12      
3     5       23.8       214.89     0.11      
3     7       23.8       214.89     0.04      
3     8       23.8       214.89     0.01      
3     9       23.8       214.89     0.03      
7     2       79.51      153.49     0.02      
7     4       79.51      153.49     0.01      
8     2       79.51      153.49     0.03      
8     3       79.51      153.49     0.03      
9     3       79.51      153.49     0.09      
9     4       79.51      153.49     0.01      
10    3       79.51      153.49     0.03      
10    4       79.51      153.49     0.03      
11    2       79.51      153.49     0.08      
11    3       79.51      153.49     0.03      
11    4       79.51      153.49     0.03      

state: 74 E_state =168.91336798251322
n_rot n_trans E_rot      E_trans    |<state|n_rot n_trans>|^2
1     5       23.8       214.89     0.07      
1     6       23.8       214.89     0.06      
1     7       23.8       214.89     0.03      
1     8       23.8       214.89     0.01      
1     9       23.8       214.89     0.01      
2     5       23.8       214.89     0.03      
2     6       23.8       214.89     0.07      
2     7       23.8       214.89     0.02      
2     8       23.8       214.89     0.05      
2     9       23.8       214.89     0.02      
3     5       23.8       214.89     0.06      
3     6       23.8       214.89     0.01      
3     7       23.8       214.89     0.07      
3     9       23.8       214.89     0.05      
7     2       79.51      153.49     0.03      
7     3       79.51      153.49     0.02      
8     2       79.51      153.49     0.05      
8     3       79.51      153.49     0.01      
8     4       79.51      153.49     0.02      
9     3       79.51      153.49     0.03      
10    3       79.51      153.49     0.05      
10    4       79.51      153.49     0.04      
11    2       79.51      153.49     0.04      
11    3       79.51      153.49     0.02      
11    4       79.51      153.49     0.05      

state: 75 E_state =168.91336798251325
n_rot n_trans E_rot      E_trans    |<state|n_rot n_trans>|^2
1     5       23.8       214.89     0.02      
1     6       23.8       214.89     0.19      
1     7       23.8       214.89     0.04      
2     5       23.8       214.89     0.01      
2     6       23.8       214.89     0.02      
2     7       23.8       214.89     0.02      
2     8       23.8       214.89     0.02      
2     9       23.8       214.89     0.03      
3     7       23.8       214.89     0.02      
3     8       23.8       214.89     0.03      
3     9       23.8       214.89     0.15      
7     2       79.51      153.49     0.1       
7     3       79.51      153.49     0.02      
8     2       79.51      153.49     0.02      
8     3       79.51      153.49     0.01      
8     4       79.51      153.49     0.03      
9     2       79.51      153.49     0.02      
9     3       79.51      153.49     0.01      
10    3       79.51      153.49     0.02      
10    4       79.51      153.49     0.13      
11    4       79.51      153.49     0.02      

state: 76 E_state =168.91336798251444
n_rot n_trans E_rot      E_trans    |<state|n_rot n_trans>|^2
1     5       23.8       214.89     0.04      
1     7       23.8       214.89     0.02      
1     9       23.8       214.89     0.05      
2     5       23.8       214.89     0.07      
2     6       23.8       214.89     0.04      
2     7       23.8       214.89     0.02      
2     8       23.8       214.89     0.11      
2     9       23.8       214.89     0.01      
3     5       23.8       214.89     0.1       
3     6       23.8       214.89     0.03      
3     7       23.8       214.89     0.04      
3     8       23.8       214.89     0.05      
7     4       79.51      153.49     0.04      
8     2       79.51      153.49     0.03      
8     3       79.51      153.49     0.01      
8     4       79.51      153.49     0.01      
9     2       79.51      153.49     0.04      
9     3       79.51      153.49     0.07      
10    2       79.51      153.49     0.02      
10    3       79.51      153.49     0.03      
11    2       79.51      153.49     0.07      
11    3       79.51      153.49     0.05      
11    4       79.51      153.49     0.03      

state: 77 E_state =168.9133679825155
n_rot n_trans E_rot      E_trans    |<state|n_rot n_trans>|^2
1     6       23.8       214.89     0.02      
1     7       23.8       214.89     0.03      
1     9       23.8       214.89     0.23      
2     5       23.8       214.89     0.03      
2     7       23.8       214.89     0.04      
2     8       23.8       214.89     0.03      
2     9       23.8       214.89     0.02      
3     5       23.8       214.89     0.02      
3     6       23.8       214.89     0.13      
3     8       23.8       214.89     0.01      
3     9       23.8       214.89     0.01      
7     3       79.51      153.49     0.01      
7     4       79.51      153.49     0.16      
8     3       79.51      153.49     0.03      
8     4       79.51      153.49     0.02      
9     3       79.51      153.49     0.02      
10    2       79.51      153.49     0.09      
10    4       79.51      153.49     0.01      
11    2       79.51      153.49     0.01      
11    3       79.51      153.49     0.02      

state: 78 E_state =172.58906284115508
n_rot n_trans E_rot      E_trans    |<state|n_rot n_trans>|^2
4     5       42.4       214.89     0.02      
4     6       42.4       214.89     0.06      
4     7       42.4       214.89     0.22      
5     6       42.4       214.89     0.04      
5     7       42.4       214.89     0.06      
5     8       42.4       214.89     0.02      
5     9       42.4       214.89     0.05      
6     5       42.4       214.89     0.07      
6     7       42.4       214.89     0.02      
6     8       42.4       214.89     0.23      
14    2       135.32     153.49     0.03      
15    4       135.32     153.49     0.01      
16    4       135.32     153.49     0.04      

state: 79 E_state =172.58906284115656
n_rot n_trans E_rot      E_trans    |<state|n_rot n_trans>|^2
3     2       23.8       153.49     0.01      
4     5       42.4       214.89     0.05      
4     6       42.4       214.89     0.01      
4     7       42.4       214.89     0.01      
4     9       42.4       214.89     0.02      
5     6       42.4       214.89     0.21      
5     7       42.4       214.89     0.01      
5     8       42.4       214.89     0.05      
5     9       42.4       214.89     0.16      
6     5       42.4       214.89     0.12      
6     7       42.4       214.89     0.05      
6     8       42.4       214.89     0.05      
12    3       135.32     153.49     0.03      
13    3       135.32     153.49     0.03      
15    4       135.32     153.49     0.02      

state: 80 E_state =172.58906284115693
n_rot n_trans E_rot      E_trans    |<state|n_rot n_trans>|^2
1     3       23.8       153.49     0.01      
2     4       23.8       153.49     0.01      
4     5       42.4       214.89     0.02      
4     6       42.4       214.89     0.02      
4     7       42.4       214.89     0.09      
4     8       42.4       214.89     0.07      
4     9       42.4       214.89     0.2       
5     5       42.4       214.89     0.07      
5     6       42.4       214.89     0.07      
5     7       42.4       214.89     0.02      
5     8       42.4       214.89     0.02      
5     9       42.4       214.89     0.06      
6     6       42.4       214.89     0.07      
6     7       42.4       214.89     0.02      
6     8       42.4       214.89     0.07      
12    2       135.32     153.49     0.03      
13    3       135.32     153.49     0.01      
13    4       135.32     153.49     0.01      
14    2       135.32     153.49     0.01      
15    3       135.32     153.49     0.01      
16    2       135.32     153.49     0.01      
16    4       135.32     153.49     0.01      

state: 81 E_state =172.58906284115716
n_rot n_trans E_rot      E_trans    |<state|n_rot n_trans>|^2
3     2       23.8       153.49     0.02      
4     5       42.4       214.89     0.03      
4     8       42.4       214.89     0.02      
4     9       42.4       214.89     0.06      
5     5       42.4       214.89     0.02      
5     6       42.4       214.89     0.2       
5     8       42.4       214.89     0.03      
5     9       42.4       214.89     0.09      
6     5       42.4       214.89     0.26      
6     6       42.4       214.89     0.02      
6     7       42.4       214.89     0.03      
6     8       42.4       214.89     0.02      
12    3       135.32     153.49     0.01      
13    3       135.32     153.49     0.03      
15    4       135.32     153.49     0.04      

state: 82 E_state =172.5890628411576
n_rot n_trans E_rot      E_trans    |<state|n_rot n_trans>|^2
4     5       42.4       214.89     0.01      
4     6       42.4       214.89     0.04      
4     7       42.4       214.89     0.21      
4     8       42.4       214.89     0.03      
4     9       42.4       214.89     0.09      
5     5       42.4       214.89     0.03      
5     6       42.4       214.89     0.06      
5     7       42.4       214.89     0.04      
5     8       42.4       214.89     0.01      
5     9       42.4       214.89     0.04      
6     5       42.4       214.89     0.05      
6     6       42.4       214.89     0.03      
6     7       42.4       214.89     0.01      
6     8       42.4       214.89     0.14      
12    2       135.32     153.49     0.01      
14    2       135.32     153.49     0.03      
16    4       135.32     153.49     0.02      

state: 83 E_state =175.67246656499762
n_rot n_trans E_rot      E_trans    |<state|n_rot n_trans>|^2
4     5       42.4       214.89     0.09      
4     6       42.4       214.89     0.05      
4     8       42.4       214.89     0.09      
4     9       42.4       214.89     0.03      
4     10      42.4       214.89     0.06      
5     5       42.4       214.89     0.09      
5     7       42.4       214.89     0.05      
5     8       42.4       214.89     0.09      
5     9       42.4       214.89     0.03      
5     10      42.4       214.89     0.07      
6     6       42.4       214.89     0.09      
6     7       42.4       214.89     0.09      
6     9       42.4       214.89     0.06      
6     10      42.4       214.89     0.03      

state: 84 E_state =175.67246656499847
n_rot n_trans E_rot      E_trans    |<state|n_rot n_trans>|^2
4     5       42.4       214.89     0.09      
4     6       42.4       214.89     0.09      
4     8       42.4       214.89     0.05      
4     9       42.4       214.89     0.02      
4     10      42.4       214.89     0.03      
5     5       42.4       214.89     0.05      
5     7       42.4       214.89     0.09      
5     8       42.4       214.89     0.09      
5     9       42.4       214.89     0.03      
5     10      42.4       214.89     0.07      
6     6       42.4       214.89     0.05      
6     7       42.4       214.89     0.09      
6     9       42.4       214.89     0.12      
6     10      42.4       214.89     0.07      

state: 85 E_state =175.67246656500097
n_rot n_trans E_rot      E_trans    |<state|n_rot n_trans>|^2
4     5       42.4       214.89     0.04      
4     6       42.4       214.89     0.1       
4     8       42.4       214.89     0.09      
4     9       42.4       214.89     0.03      
4     10      42.4       214.89     0.07      
5     5       42.4       214.89     0.09      
5     7       42.4       214.89     0.1       
5     8       42.4       214.89     0.04      
5     9       42.4       214.89     0.01      
5     10      42.4       214.89     0.03      
6     6       42.4       214.89     0.09      
6     7       42.4       214.89     0.04      
6     9       42.4       214.89     0.13      
6     10      42.4       214.89     0.07      

state: 86 E_state =195.50597242264743
n_rot n_trans E_rot      E_trans    |<state|n_rot n_trans>|^2
4     7       42.4       214.89     0.02      
5     6       42.4       214.89     0.04      
5     9       42.4       214.89     0.02      
7     9       79.51      214.89     0.03      
7     10      79.51      214.89     0.12      
8     5       79.51      214.89     0.02      
8     7       79.51      214.89     0.01      
8     10      79.51      214.89     0.01      
9     6       79.51      214.89     0.02      
9     8       79.51      214.89     0.03      
10    8       79.51      214.89     0.02      
10    10      79.51      214.89     0.09      
11    5       79.51      214.89     0.03      
11    7       79.51      214.89     0.02      
11    10      79.51      214.89     0.01      
12    2       135.32     153.49     0.01      
12    3       135.32     153.49     0.08      
13    3       135.32     153.49     0.14      
14    2       135.32     153.49     0.08      
14    4       135.32     153.49     0.03      
15    2       135.32     153.49     0.03      
16    3       135.32     153.49     0.03      
16    4       135.32     153.49     0.01      

state: 87 E_state =195.50597242264828
n_rot n_trans E_rot      E_trans    |<state|n_rot n_trans>|^2
4     7       42.4       214.89     0.03      
4     9       42.4       214.89     0.02      
5     6       42.4       214.89     0.01      
6     8       42.4       214.89     0.02      
7     5       79.51      214.89     0.01      
7     9       79.51      214.89     0.02      
7     10      79.51      214.89     0.07      
8     8       79.51      214.89     0.02      
8     10      79.51      214.89     0.1       
9     7       79.51      214.89     0.02      
9     8       79.51      214.89     0.02      
9     10      79.51      214.89     0.01      
10    5       79.51      214.89     0.02      
10    6       79.51      214.89     0.01      
11    5       79.51      214.89     0.02      
11    6       79.51      214.89     0.02      
11    9       79.51      214.89     0.01      
11    10      79.51      214.89     0.05      
12    2       135.32     153.49     0.09      
13    2       135.32     153.49     0.01      
13    3       135.32     153.49     0.04      
13    4       135.32     153.49     0.03      
14    2       135.32     153.49     0.09      
14    3       135.32     153.49     0.01      
15    3       135.32     153.49     0.03      
15    4       135.32     153.49     0.02      
16    2       135.32     153.49     0.03      
16    4       135.32     153.49     0.06      

state: 88 E_state =195.50597242264917
n_rot n_trans E_rot      E_trans    |<state|n_rot n_trans>|^2
4     6       42.4       214.89     0.01      
5     7       42.4       214.89     0.01      
6     5       42.4       214.89     0.02      
6     8       42.4       214.89     0.04      
7     5       79.51      214.89     0.03      
7     8       79.51      214.89     0.01      
8     6       79.51      214.89     0.02      
8     7       79.51      214.89     0.01      
8     10      79.51      214.89     0.03      
9     9       79.51      214.89     0.01      
9     10      79.51      214.89     0.05      
10    7       79.51      214.89     0.02      
10    10      79.51      214.89     0.02      
11    9       79.51      214.89     0.03      
11    10      79.51      214.89     0.13      
12    2       135.32     153.49     0.03      
12    3       135.32     153.49     0.02      
13    2       135.32     153.49     0.04      
13    3       135.32     153.49     0.03      
14    2       135.32     153.49     0.01      
14    3       135.32     153.49     0.04      
15    4       135.32     153.49     0.06      
16    4       135.32     153.49     0.16      

state: 89 E_state =195.50597242264953
n_rot n_trans E_rot      E_trans    |<state|n_rot n_trans>|^2
4     7       42.4       214.89     0.02      
6     5       42.4       214.89     0.05      
6     8       42.4       214.89     0.01      
7     8       79.51      214.89     0.04      
8     7       79.51      214.89     0.02      
8     10      79.51      214.89     0.03      
9     9       79.51      214.89     0.04      
9     10      79.51      214.89     0.16      
10    6       79.51      214.89     0.03      
11    10      79.51      214.89     0.03      
12    2       135.32     153.49     0.03      
13    2       135.32     153.49     0.01      
13    3       135.32     153.49     0.02      
14    2       135.32     153.49     0.08      
14    3       135.32     153.49     0.01      
15    4       135.32     153.49     0.19      
16    4       135.32     153.49     0.04      

state: 90 E_state =195.50597242264962
n_rot n_trans E_rot      E_trans    |<state|n_rot n_trans>|^2
4     9       42.4       214.89     0.02      
5     9       42.4       214.89     0.02      
6     8       42.4       214.89     0.01      
7     5       79.51      214.89     0.01      
7     10      79.51      214.89     0.03      
8     5       79.51      214.89     0.02      
8     8       79.51      214.89     0.01      
8     10      79.51      214.89     0.07      
9     6       79.51      214.89     0.02      
9     7       79.51      214.89     0.01      
10    5       79.51      214.89     0.01      
10    8       79.51      214.89     0.02      
10    10      79.51      214.89     0.09      
11    6       79.51      214.89     0.01      
11    7       79.51      214.89     0.02      
11    9       79.51      214.89     0.01      
11    10      79.51      214.89     0.04      
12    2       135.32     153.49     0.07      
12    3       135.32     153.49     0.08      
13    2       135.32     153.49     0.01      
13    3       135.32     153.49     0.04      
13    4       135.32     153.49     0.02      
14    2       135.32     153.49     0.01      
14    3       135.32     153.49     0.01      
14    4       135.32     153.49     0.03      
15    2       135.32     153.49     0.03      
15    3       135.32     153.49     0.02      
16    2       135.32     153.49     0.02      
16    3       135.32     153.49     0.03      
16    4       135.32     153.49     0.05      

state: 91 E_state =200.01743511069247
n_rot n_trans E_rot      E_trans    |<state|n_rot n_trans>|^2
4     5       42.4       214.89     0.03      
4     6       42.4       214.89     0.02      
4     8       42.4       214.89     0.01      
4     9       42.4       214.89     0.01      
5     8       42.4       214.89     0.02      
6     6       42.4       214.89     0.01      
7     5       79.51      214.89     0.06      
7     7       79.51      214.89     0.02      
7     8       79.51      214.89     0.01      
8     5       79.51      214.89     0.04      
8     8       79.51      214.89     0.02      
8     9       79.51      214.89     0.02      
9     6       79.51      214.89     0.06      
9     7       79.51      214.89     0.02      
9     9       79.51      214.89     0.01      
10    5       79.51      214.89     0.05      
10    8       79.51      214.89     0.06      
11    6       79.51      214.89     0.05      
11    7       79.51      214.89     0.04      
11    9       79.51      214.89     0.06      
12    2       135.32     153.49     0.02      
13    2       135.32     153.49     0.04      
13    4       135.32     153.49     0.03      
15    2       135.32     153.49     0.06      
15    3       135.32     153.49     0.01      
16    2       135.32     153.49     0.03      
16    3       135.32     153.49     0.05      
16    4       135.32     153.49     0.02      

state: 92 E_state =200.01743511069262
n_rot n_trans E_rot      E_trans    |<state|n_rot n_trans>|^2
4     5       42.4       214.89     0.03      
4     9       42.4       214.89     0.01      
5     8       42.4       214.89     0.01      
5     9       42.4       214.89     0.02      
6     6       42.4       214.89     0.01      
6     7       42.4       214.89     0.03      
7     5       79.51      214.89     0.02      
7     6       79.51      214.89     0.05      
7     7       79.51      214.89     0.02      
8     5       79.51      214.89     0.01      
8     8       79.51      214.89     0.01      
8     9       79.51      214.89     0.02      
9     6       79.51      214.89     0.14      
9     7       79.51      214.89     0.01      
10    5       79.51      214.89     0.03      
10    8       79.51      214.89     0.14      
10    9       79.51      214.89     0.05      
11    6       79.51      214.89     0.03      
11    7       79.51      214.89     0.01      
11    9       79.51      214.89     0.02      
12    2       135.32     153.49     0.02      
12    3       135.32     153.49     0.05      
13    4       135.32     153.49     0.03      
14    3       135.32     153.49     0.01      
14    4       135.32     153.49     0.07      
15    2       135.32     153.49     0.07      
16    3       135.32     153.49     0.03      

state: 93 E_state =200.01743511069313
n_rot n_trans E_rot      E_trans    |<state|n_rot n_trans>|^2
4     7       42.4       214.89     0.02      
5     6       42.4       214.89     0.02      
5     7       42.4       214.89     0.02      
6     5       42.4       214.89     0.02      
6     9       42.4       214.89     0.03      
7     5       79.51      214.89     0.02      
7     8       79.51      214.89     0.11      
8     6       79.51      214.89     0.07      
8     8       79.51      214.89     0.01      
9     5       79.51      214.89     0.02      
9     7       79.51      214.89     0.01      
9     9       79.51      214.89     0.11      
10    5       79.51      214.89     0.02      
10    7       79.51      214.89     0.07      
11    6       79.51      214.89     0.02      
11    8       79.51      214.89     0.02      
11    9       79.51      214.89     0.02      
12    4       135.32     153.49     0.06      
13    3       135.32     153.49     0.04      
14    2       135.32     153.49     0.04      
14    3       135.32     153.49     0.05      
15    3       135.32     153.49     0.01      
15    4       135.32     153.49     0.04      
16    2       135.32     153.49     0.02      

state: 94 E_state =200.01743511069319
n_rot n_trans E_rot      E_trans    |<state|n_rot n_trans>|^2
4     7       42.4       214.89     0.01      
4     8       42.4       214.89     0.01      
5     5       42.4       214.89     0.02      
5     6       42.4       214.89     0.01      
5     8       42.4       214.89     0.01      
6     5       42.4       214.89     0.01      
6     9       42.4       214.89     0.01      
7     6       79.51      214.89     0.01      
7     8       79.51      214.89     0.09      
8     5       79.51      214.89     0.05      
8     6       79.51      214.89     0.03      
8     8       79.51      214.89     0.06      
9     7       79.51      214.89     0.06      
9     9       79.51      214.89     0.09      
10    5       79.51      214.89     0.02      
10    7       79.51      214.89     0.03      
10    9       79.51      214.89     0.01      
11    6       79.51      214.89     0.02      
11    7       79.51      214.89     0.05      
12    3       135.32     153.49     0.02      
12    4       135.32     153.49     0.02      
13    3       135.32     153.49     0.03      
14    2       135.32     153.49     0.03      
14    3       135.32     153.49     0.01      
14    4       135.32     153.49     0.02      
15    3       135.32     153.49     0.05      
15    4       135.32     153.49     0.03      
16    2       135.32     153.49     0.03      
16    3       135.32     153.49     0.02      

state: 95 E_state =200.01743511069333
n_rot n_trans E_rot      E_trans    |<state|n_rot n_trans>|^2
4     9       42.4       214.89     0.02      
5     7       42.4       214.89     0.03      
6     6       42.4       214.89     0.02      
6     8       42.4       214.89     0.02      
7     5       79.51      214.89     0.11      
7     7       79.51      214.89     0.04      
7     8       79.51      214.89     0.02      
8     5       79.51      214.89     0.01      
8     6       79.51      214.89     0.03      
8     8       79.51      214.89     0.05      
8     9       79.51      214.89     0.04      
9     7       79.51      214.89     0.05      
9     9       79.51      214.89     0.02      
10    5       79.51      214.89     0.01      
10    7       79.51      214.89     0.03      
11    6       79.51      214.89     0.01      
11    7       79.51      214.89     0.01      
11    9       79.51      214.89     0.11      
12    2       135.32     153.49     0.04      
12    4       135.32     153.49     0.02      
13    2       135.32     153.49     0.02      
13    4       135.32     153.49     0.05      
14    3       135.32     153.49     0.07      
14    4       135.32     153.49     0.01      
15    3       135.32     153.49     0.02      
16    4       135.32     153.49     0.04      

state: 96 E_state =200.0174351106937
n_rot n_trans E_rot      E_trans    |<state|n_rot n_trans>|^2
4     6       42.4       214.89     0.01      
5     8       42.4       214.89     0.02      
5     9       42.4       214.89     0.01      
6     7       42.4       214.89     0.02      
7     5       79.51      214.89     0.05      
7     6       79.51      214.89     0.03      
7     8       79.51      214.89     0.06      
8     5       79.51      214.89     0.1       
8     6       79.51      214.89     0.02      
9     9       79.51      214.89     0.06      
10    7       79.51      214.89     0.02      
10    9       79.51      214.89     0.03      
11    7       79.51      214.89     0.1       
11    9       79.51      214.89     0.05      
12    3       135.32     153.49     0.03      
12    4       135.32     153.49     0.02      
13    2       135.32     153.49     0.03      
13    3       135.32     153.49     0.02      
14    2       135.32     153.49     0.02      
14    3       135.32     153.49     0.02      
14    4       135.32     153.49     0.04      
15    2       135.32     153.49     0.02      
15    4       135.32     153.49     0.02      
16    3       135.32     153.49     0.05      
16    4       135.32     153.49     0.02      

state: 97 E_state =200.0174351106942
n_rot n_trans E_rot      E_trans    |<state|n_rot n_trans>|^2
4     6       42.4       214.89     0.02      
4     8       42.4       214.89     0.03      
5     5       42.4       214.89     0.02      
6     9       42.4       214.89     0.03      
7     5       79.51      214.89     0.02      
7     8       79.51      214.89     0.02      
8     6       79.51      214.89     0.07      
8     8       79.51      214.89     0.04      
9     5       79.51      214.89     0.02      
9     7       79.51      214.89     0.04      
9     9       79.51      214.89     0.02      
10    5       79.51      214.89     0.08      
10    7       79.51      214.89     0.07      
11    6       79.51      214.89     0.08      
11    8       79.51      214.89     0.02      
11    9       79.51      214.89     0.02      
12    4       135.32     153.49     0.06      
13    2       135.32     153.49     0.05      
13    4       135.32     153.49     0.01      
15    3       135.32     153.49     0.05      
16    2       135.32     153.49     0.07      

state: 98 E_state =204.0602757279166
n_rot n_trans E_rot      E_trans    |<state|n_rot n_trans>|^2
5     10      42.4       214.89     0.03      
6     10      42.4       214.89     0.04      
7     6       79.51      214.89     0.05      
8     5       79.51      214.89     0.02      
8     6       79.51      214.89     0.02      
9     5       79.51      214.89     0.09      
9     6       79.51      214.89     0.02      
10    7       79.51      214.89     0.02      
10    8       79.51      214.89     0.02      
10    9       79.51      214.89     0.05      
11    7       79.51      214.89     0.02      
11    8       79.51      214.89     0.09      
12    3       135.32     153.49     0.02      
12    4       135.32     153.49     0.1       
13    2       135.32     153.49     0.08      
14    3       135.32     153.49     0.08      
14    4       135.32     153.49     0.06      
15    2       135.32     153.49     0.06      
16    3       135.32     153.49     0.06      

state: 99 E_state =204.06027572791757
n_rot n_trans E_rot      E_trans    |<state|n_rot n_trans>|^2
4     10      42.4       214.89     0.03      
5     10      42.4       214.89     0.01      
6     10      42.4       214.89     0.03      
7     6       79.51      214.89     0.02      
7     7       79.51      214.89     0.06      
8     6       79.51      214.89     0.02      
8     8       79.51      214.89     0.02      
8     9       79.51      214.89     0.06      
9     5       79.51      214.89     0.06      
9     7       79.51      214.89     0.02      
10    5       79.51      214.89     0.02      
10    7       79.51      214.89     0.02      
10    9       79.51      214.89     0.02      
11    6       79.51      214.89     0.02      
11    8       79.51      214.89     0.06      
12    2       135.32     153.49     0.02      
12    4       135.32     153.49     0.07      
13    2       135.32     153.49     0.05      
13    4       135.32     153.49     0.07      
14    3       135.32     153.49     0.05      
14    4       135.32     153.49     0.02      
15    2       135.32     153.49     0.02      
15    3       135.32     153.49     0.07      
16    2       135.32     153.49     0.07      
16    3       135.32     153.49     0.02      

state: 100 E_state =204.06027572791842
n_rot n_trans E_rot      E_trans    |<state|n_rot n_trans>|^2
4     10      42.4       214.89     0.03      
5     10      42.4       214.89     0.03      
7     6       79.51      214.89     0.05      
7     7       79.51      214.89     0.06      
8     5       79.51      214.89     0.02      
8     8       79.51      214.89     0.02      
8     9       79.51      214.89     0.06      
9     5       79.51      214.89     0.02      
9     6       79.51      214.89     0.02      
9     7       79.51      214.89     0.02      
10    5       79.51      214.89     0.02      
10    8       79.51      214.89     0.02      
10    9       79.51      214.89     0.05      
11    6       79.51      214.89     0.02      
11    7       79.51      214.89     0.02      
11    8       79.51      214.89     0.02      
12    2       135.32     153.49     0.02      
12    3       135.32     153.49     0.02      
12    4       135.32     153.49     0.03      
13    2       135.32     153.49     0.02      
13    4       135.32     153.49     0.07      
14    3       135.32     153.49     0.02      
14    4       135.32     153.49     0.06      
15    2       135.32     153.49     0.06      
15    3       135.32     153.49     0.07      
16    2       135.32     153.49     0.07      
16    3       135.32     153.49     0.06      

