rotational analysis para
#nmax= 2 NR= 11 Ntheta= 11 Nphi= 11
#jmax= 2 Nalpha= 11 Nphi= 11 Nchi= 11
0.0
1 0.0 0.8642795507859395
2 37.15857925999999 0.020045062983207018
3 37.15857925999999 0.020045062983206602
4 37.158579259999996 0.020045062983207698

32.888566253037844
1 0.0 0.2802809146982475
2 37.15857925999999 0.11114335506554707
3 37.15857925999999 0.47655985248670746
4 37.158579259999996 0.022452638219404977

32.88856625303896
1 0.0 0.030000834203908817
2 37.15857925999999 0.5343482634127177
3 37.15857925999999 0.043349745637527165
4 37.158579259999996 0.04890600423685373

32.8885662530396
1 0.0 0.30631938546081117
2 37.15857925999999 0.1034469313489481
3 37.15857925999999 0.062043588750523765
4 37.158579259999996 0.6234790388730782

67.26956359304411
1 0.0 0.12054853060589962
2 37.15857925999999 0.022665464747330864
3 37.15857925999999 0.3847757875663088
4 37.158579259999996 0.11222185549255453

67.26956359304447
1 0.0 0.8107938917330195
2 37.15857925999999 0.09603135745441403
3 37.15857925999999 0.1822186194667202
4 37.158579259999996 0.059078271409557084

67.26956359304513
1 0.0 1.2934979684120067
2 37.15857925999999 0.15165274699774228
3 37.15857925999999 0.027547383692597377
4 37.158579259999996 0.015220382634007146

69.7719913477027
1 0.0 0.03795172426304658
2 37.15857925999999 0.06892252746556876
4 37.158579259999996 0.052733728083816975
5 70.1327540850525 0.19604172323282562
6 70.13275408505251 0.16285188117850022
7 70.13275408505251 0.2688597202857323
8 70.13275408505251 0.019237586204830737
9 70.13275408505255 0.10827303048521511
12 95.24446446000002 0.012636332032299333

69.77199134770319
2 37.15857925999999 0.013409562854428259
3 37.15857925999999 0.05982589963078707
5 70.1327540850525 0.2606371573313286
6 70.13275408505251 0.20159798296683504
7 70.13275408505251 0.1766867293788634
8 70.13275408505251 0.02151290973078025
9 70.13275408505255 0.09163177108274861
14 95.2444644600001 0.022804032703346102

69.77199134770319
1 0.0 0.01863948787950284
2 37.15857925999999 0.0668709320447528
3 37.15857925999999 0.0636099572760227
5 70.1327540850525 0.19263291369038207
6 70.13275408505251 0.03824720603610799
8 70.13275408505251 0.43715081876362727
9 70.13275408505255 0.08445185611621443
14 95.2444644600001 0.011843142374724972

69.77199134770338
2 37.15857925999999 0.050447243375060596
4 37.158579259999996 0.13530315685843208
5 70.1327540850525 0.03220892776810852
6 70.13275408505251 0.041303201752422955
7 70.13275408505251 0.16227291824783355
8 70.13275408505251 0.02999359641557394
9 70.13275408505255 0.5041730675560682

69.77199134770343
2 37.15857925999999 0.028091112586543964
3 37.15857925999999 0.05001433082543516
4 37.158579259999996 0.017086842608622994
5 70.1327540850525 0.16043302086808783
6 70.13275408505251 0.2564504839767696
7 70.13275408505251 0.1026058367329084
8 70.13275408505251 0.2105225002547424
9 70.13275408505255 0.02137560260022297
11 95.24446446 0.010354302047760847
12 95.24446446000002 0.01660037472517524

91.54360306142793
1 0.0 0.24190713580875847
3 37.15857925999999 0.06038862560160323
4 37.158579259999996 0.5408075908014395
6 70.13275408505251 0.0392872915035094
7 70.13275408505251 0.019298435779011365
8 70.13275408505251 0.0333630127015779
9 70.13275408505255 0.029422731862251545
12 95.24446446000002 0.015855374145411785
18 136.5874481549475 0.023346838915446217

91.54360306142827
1 0.0 0.11335361069968267
2 37.15857925999999 0.11220214182495268
3 37.15857925999999 0.12780522529563004
4 37.158579259999996 0.027794845829498517
5 70.1327540850525 0.039808653628286395
6 70.13275408505251 0.013526183970949974
7 70.13275408505251 0.11751204873048643
8 70.13275408505251 0.060828178937638776
9 70.13275408505255 0.010139234170821592
14 95.2444644600001 0.015082507645587008

91.54360306142837
1 0.0 0.14712384641183648
2 37.15857925999999 0.03928046464064226
3 37.15857925999999 0.7746009658244735
4 37.158579259999996 0.09242890619547046
6 70.13275408505251 0.03974187298574133
7 70.13275408505251 0.06423464919434729
8 70.13275408505251 0.032168850630598864
9 70.13275408505255 0.02016518362636149

91.54360306142891
1 0.0 0.05430963062400869
2 37.15857925999999 0.09602717656398436
3 37.15857925999999 0.04953492823417823
4 37.158579259999996 0.22447944723922159
6 70.13275408505251 0.0652094769333249
7 70.13275408505251 0.020737938955418974
8 70.13275408505251 0.057896035703564705
9 70.13275408505255 0.06820658781985199
12 95.24446446000002 0.011199618740956235
18 136.5874481549475 0.011858087578854912

91.54360306142901
1 0.0 0.31518416372907637
2 37.15857925999999 0.7892841335333556
3 37.15857925999999 0.03630692474017571
4 37.158579259999996 0.10146734890672353
5 70.1327540850525 0.04850852001538036
6 70.13275408505251 0.015683480963190555
7 70.13275408505251 0.022575383432163476
16 136.58744815494748 0.028355534997938334

93.50687094278314
5 70.1327540850525 0.049292352788772524
7 70.13275408505251 0.01861737156647283
9 70.13275408505255 0.06172214656635066
10 95.24446445999993 0.2900232112589466
11 95.24446446 0.013310795614469599
12 95.24446446000002 0.05327570272908414
13 95.24446446000005 0.14432323870939254
14 95.2444644600001 0.2782890420735338

93.50687094278359
5 70.1327540850525 0.01670068145442033
7 70.13275408505251 0.041076687739909135
8 70.13275408505251 0.04958652399627035
9 70.13275408505255 0.013781211050206525
10 95.24446445999993 0.015478648121755891
11 95.24446446 0.5130540757102687
12 95.24446446000002 0.04589900778979253
13 95.24446446000005 0.1585580895575019
14 95.2444644600001 0.08653236286259519

93.50687094278362
6 70.13275408505251 0.11114099604556975
7 70.13275408505251 0.010771403254362736
8 70.13275408505251 0.03910262465424655
10 95.24446445999993 0.12625743270523934
11 95.24446446 0.025658478564306177
12 95.24446446000002 0.4038718350850402
13 95.24446446000005 0.05060446727635032
14 95.2444644600001 0.11088246574487781

93.50687094278462
5 70.1327540850525 0.0556490172314908
7 70.13275408505251 0.02658568849667604
8 70.13275408505251 0.026246822679901423
10 95.24446445999993 0.0431966846299777
11 95.24446446 0.19312509245055837
12 95.24446446000002 0.024352633355347854
13 95.24446446000005 0.2893169035803535
14 95.2444644600001 0.15730806473752068

93.50687094278561
5 70.1327540850525 0.01921809895352544
6 70.13275408505251 0.054323444890267567
7 70.13275408505251 0.040223535192681015
8 70.13275408505251 0.024500906809113477
9 70.13275408505255 0.012467333785984478
10 95.24446445999993 0.22091208249082261
11 95.24446446 0.09452833083378215
12 95.24446446000002 0.24262117232091415
13 95.24446446000005 0.06122798641989045
14 95.2444644600001 0.18741315848013648

94.14295499816566
1 0.0 0.5100971241914495
2 37.15857925999999 0.2278145054127604
3 37.15857925999999 0.22781450541280945
4 37.158579259999996 0.22781450541279796

100.16219336894089
2 37.15857925999999 0.18535003339196982
3 37.15857925999999 0.3757416750493475
4 37.158579259999996 0.12452640426564884
6 70.13275408505251 0.010864600458873382

100.16219336894106
2 37.15857925999999 0.4950016763477107
3 37.15857925999999 0.13726247271693862
4 37.158579259999996 0.7971496247319627

100.16219336894163
2 37.15857925999999 0.30150448997589974
3 37.15857925999999 0.39908353610836944
4 37.158579259999996 0.044722381176917826

129.01569817031523
2 37.15857925999999 0.07483919064610674
3 37.15857925999999 0.05976074776892408
4 37.158579259999996 0.05195404846162738
5 70.1327540850525 0.07681489698647753
6 70.13275408505251 0.15638555006501242
7 70.13275408505251 0.28007961542492044
9 70.13275408505255 0.4392686783064414

129.01569817031583
2 37.15857925999999 0.030605510708581016
3 37.15857925999999 0.0917033590555676
5 70.1327540850525 0.3026068378933594
6 70.13275408505251 0.15313780544123737
7 70.13275408505251 0.02177271191342662
8 70.13275408505251 0.2878493044191255
9 70.13275408505255 0.112638582195413

129.01569817031688
2 37.15857925999999 0.03906303946479023
3 37.15857925999999 0.05277642320974906
4 37.158579259999996 0.06274484271886784
5 70.1327540850525 0.23513596543900467
6 70.13275408505251 0.026651707006813
7 70.13275408505251 0.14085746312089725
8 70.13275408505251 0.188222376638562
9 70.13275408505255 0.13500912122384154

129.01569817031688
4 37.158579259999996 0.11853682856731636
5 70.1327540850525 0.20237394285187094
6 70.13275408505251 0.3242520075226657
7 70.13275408505251 0.13230184870281889
8 70.13275408505251 0.0546009639282901
9 70.13275408505255 0.16709681276917288
12 95.24446446000002 0.015900711293912767

129.01569817031688
2 37.15857925999999 0.040181028655238246
3 37.15857925999999 0.03264332387745743
5 70.1327540850525 0.011120205554849976
6 70.13275408505251 0.019200311816818548
7 70.13275408505251 0.2894641651814159
8 70.13275408505251 0.15846402785240526
9 70.13275408505255 0.17900571324362816
14 95.2444644600001 0.013738435812057337

129.015698170317
2 37.15857925999999 0.026447864760214834
3 37.15857925999999 0.011394443973962847
4 37.158579259999996 0.07041580210776363
6 70.13275408505251 0.0517148299971505
7 70.13275408505251 0.1499796866586573
8 70.13275408505251 0.11479873247415841
9 70.13275408505255 0.28405792232834515

129.01569817031728
2 37.15857925999999 0.04970323839272165
3 37.15857925999999 0.09373258830553818
4 37.158579259999996 0.014831083420166058
5 70.1327540850525 0.34037875627478864
6 70.13275408505251 0.28383312439066116
7 70.13275408505251 0.12247789853967747
8 70.13275408505251 0.42245342162285315
11 95.24446446 0.013719838365305943
13 95.24446446000005 0.011254855712755613

133.42917621531944
1 0.0 0.19645657279409462
3 37.15857925999999 0.010284541934390509
12 95.24446446000002 0.019710252330089127
13 95.24446446000005 0.023462476346985388
14 95.2444644600001 0.06281389511434499
15 136.58744815494748 0.07053532345796197
16 136.58744815494748 0.07891013942250294
17 136.58744815494748 0.0468524935390574
18 136.5874481549475 0.08542962490535191
19 136.5874481549475 0.07358282910651856

133.42917621532044
1 0.0 0.38045591039533
9 70.13275408505255 0.02017914157250902
11 95.24446446 0.03556434695502716
12 95.24446446000002 0.036427571728279984
14 95.2444644600001 0.014910012329601522
15 136.58744815494748 0.015941782869377162
16 136.58744815494748 0.01058733726051318
17 136.58744815494748 0.16667640812496748
18 136.5874481549475 0.09886523667465619
19 136.5874481549475 0.0588218738247707

133.42917621532084
1 0.0 0.5060494053196585
5 70.1327540850525 0.015344958301392094
11 95.24446446 0.04218062853546717
12 95.24446446000002 0.0863521521331283
15 136.58744815494748 0.15783411212102388
16 136.58744815494748 0.06625395553467263
17 136.58744815494748 0.029550420442065715
18 136.5874481549475 0.036264117806779926
19 136.5874481549475 0.07324974144070943

133.42917621532087
1 0.0 0.6513051290955083
5 70.1327540850525 0.011738194941081121
11 95.24446446 0.016995468664812226
12 95.24446446000002 0.05738609890615168
14 95.2444644600001 0.014493857515843941
15 136.58744815494748 0.08239241627712754
16 136.58744815494748 0.04828797729198221
17 136.58744815494748 0.10692474195190382
18 136.5874481549475 0.09515032873565422
19 136.5874481549475 0.02053881796092526

133.42917621532274
1 0.0 0.17971598223595808
3 37.15857925999999 0.010542490763035949
5 70.1327540850525 0.011936797857465367
10 95.24446445999993 0.024235247908878047
11 95.24446446 0.015575166825765426
12 95.24446446000002 0.015703863680844553
14 95.2444644600001 0.074574998015993
15 136.58744815494748 0.0689001027652884
16 136.58744815494748 0.12846616583810344
17 136.58744815494748 0.028958769446964225
19 136.5874481549475 0.13005055892852513

134.77559880656554
2 37.15857925999999 0.014859882545241742
3 37.15857925999999 0.09766626234603529
4 37.158579259999996 0.04379528274492109
5 70.1327540850525 0.21703216722230984
6 70.13275408505251 0.22987284588251855
7 70.13275408505251 0.04435092587945946
8 70.13275408505251 0.3063227241088096
9 70.13275408505255 0.2319204900841576

134.77559880656744
2 37.15857925999999 0.07845349219059007
3 37.15857925999999 0.03682920783034527
4 37.158579259999996 0.0706570877027338
5 70.1327540850525 0.024257798370650147
6 70.13275408505251 0.09701042286898574
7 70.13275408505251 0.1295229442208148
8 70.13275408505251 0.1904631342104861
9 70.13275408505255 0.35576860482052713

134.7755988065676
2 37.15857925999999 0.06013772945578195
3 37.15857925999999 0.07033735026848335
4 37.158579259999996 0.05821024037012178
5 70.1327540850525 0.26693866887457535
6 70.13275408505251 0.06620197142728819
7 70.13275408505251 0.29402762786872183
8 70.13275408505251 0.046653658964548234
9 70.13275408505255 0.13933808760326927

137.6820506562064
2 37.15857925999999 0.010283030173429525
3 37.15857925999999 0.010987654231391867
4 37.158579259999996 0.037858629322754855
5 70.1327540850525 0.18610073551420825
6 70.13275408505251 0.17755505468457625
7 70.13275408505251 0.2351255542751975
8 70.13275408505251 0.18360955180674263
9 70.13275408505255 0.017795931130256883
10 95.24446445999993 0.019327582212308816
11 95.24446446 0.05685024940152483
12 95.24446446000002 0.05253708240862232
13 95.24446446000005 0.10607732036149432

137.6820506562071
2 37.15857925999999 0.013820295427728222
5 70.1327540850525 0.10664426237129081
6 70.13275408505251 0.3134457716294009
7 70.13275408505251 0.02277933343369642
8 70.13275408505251 0.28197721425113426
9 70.13275408505255 0.0944775686480377
10 95.24446445999993 0.15740507241046311
11 95.24446446 0.010939434667983968
12 95.24446446000002 0.06059981484195441
14 95.2444644600001 0.13358285492423955

137.68205065620836
2 37.15857925999999 0.014216981409578288
3 37.15857925999999 0.02060177443487176
4 37.158579259999996 0.020394077364340134
5 70.1327540850525 0.2992704702139152
6 70.13275408505251 0.20693807186246718
7 70.13275408505251 0.017632971064378458
8 70.13275408505251 0.1006665492676609
9 70.13275408505255 0.12265607822491148
11 95.24446446 0.07606916603290272
12 95.24446446000002 0.06237945481659717
13 95.24446446000005 0.1275825756766044
14 95.2444644600001 0.03817379948575408

137.6820506562088
3 37.15857925999999 0.014204893866420161
4 37.158579259999996 0.010262107327395725
5 70.1327540850525 0.017016319976977452
6 70.13275408505251 0.23142938769937213
7 70.13275408505251 0.35921388596616405
8 70.13275408505251 0.14434034035628246
9 70.13275408505255 0.06175687117061017
10 95.24446445999993 0.02714476655579562
11 95.24446446 0.03382998651177477
12 95.24446446000002 0.02342477664783119
13 95.24446446000005 0.09805626665147005
14 95.2444644600001 0.019428858137519236

137.68205065620884
2 37.15857925999999 0.044569682900024034
3 37.15857925999999 0.01163039286537908
5 70.1327540850525 0.15385058197038304
6 70.13275408505251 0.014750595097935302
7 70.13275408505251 0.2392098462492394
8 70.13275408505251 0.04331621629798025
9 70.13275408505255 0.23421438078694434
10 95.24446445999993 0.11123086735098583
11 95.24446446 0.02082212717973029
13 95.24446446000005 0.0768462025417492
14 95.2444644600001 0.03189388414651571

139.56039848875142
1 0.0 0.6248527404990958
2 37.15857925999999 0.06784601345213456
3 37.15857925999999 0.06784601345213567
4 37.158579259999996 0.06784601345213105

144.15651789140315
1 0.0 0.22502597167045837
2 37.15857925999999 0.02420211036723996
3 37.15857925999999 0.03416932690091022
4 37.158579259999996 0.12328574773953271
5 70.1327540850525 0.061594687149611374
6 70.13275408505251 0.023897652867911727
9 70.13275408505255 0.015146072504826158
11 95.24446446 0.07900319919331948
12 95.24446446000002 0.031574315174635985
14 95.2444644600001 0.04589273950030836
15 136.58744815494748 0.084865655098616
16 136.58744815494748 0.0871700224836963
17 136.58744815494748 0.03816615055523751
18 136.5874481549475 0.012815231845779386

144.1565178914035
1 0.0 0.2522381037134668
2 37.15857925999999 0.12387937767983492
3 37.15857925999999 0.14335708509566517
4 37.158579259999996 0.030043050949761823
5 70.1327540850525 0.013131408485515049
6 70.13275408505251 0.010566054146130046
8 70.13275408505251 0.05828371387507591
9 70.13275408505255 0.021311100173970587
11 95.24446446 0.03677376031598567
14 95.2444644600001 0.024294968041599894
16 136.58744815494748 0.013253549503294266
17 136.58744815494748 0.14801651429235765
18 136.5874481549475 0.040077061731516594
19 136.5874481549475 0.01316400121307216

144.15651789140387
1 0.0 0.5678925439358515
2 37.15857925999999 0.13823122637727345
3 37.15857925999999 0.0659058072018247
4 37.158579259999996 0.015561863896706132
5 70.1327540850525 0.02455806598376318
6 70.13275408505251 0.012355581984216204
7 70.13275408505251 0.0508091260387956
10 95.24446445999993 0.019316843665768718
12 95.24446446000002 0.04408650486309163
13 95.24446446000005 0.04400932749927809
14 95.2444644600001 0.027323649646369675
15 136.58744815494748 0.05076176148712821
16 136.58744815494748 0.027087121349998404
18 136.5874481549475 0.016176270019400783
19 136.5874481549475 0.15458764070394315

144.156517891404
1 0.0 0.374257380095828
2 37.15857925999999 0.06717004364348995
3 37.15857925999999 0.030941972975957806
4 37.158579259999996 0.013179372469513033
5 70.1327540850525 0.016423302909496708
7 70.13275408505251 0.015162298581195437
8 70.13275408505251 0.020801218928224053
9 70.13275408505255 0.025093606027404198
10 95.24446445999993 0.02623755727962691
11 95.24446446 0.0329134423023131
12 95.24446446000002 0.01966727960129865
13 95.24446446000005 0.0165815423397343
14 95.2444644600001 0.12749249961040157
15 136.58744815494748 0.03951023033561765
16 136.58744815494748 0.05096740316533199
17 136.58744815494748 0.0792270475472279
18 136.5874481549475 0.0627310896502069
19 136.5874481549475 0.06215500516737406

144.15651789140423
1 0.0 0.4308633393750795
2 37.15857925999999 0.017041560933936016
3 37.15857925999999 0.03508830415603707
4 37.158579259999996 0.15405491723498108
6 70.13275408505251 0.02984392891438068
9 70.13275408505255 0.060926270830293214
12 95.24446446000002 0.11557703035629288
14 95.2444644600001 0.023260491784281054
15 136.58744815494748 0.05105883936168143
17 136.58744815494748 0.036762246907110135
18 136.5874481549475 0.08698446986561606
19 136.5874481549475 0.015937188853646266

153.59343867927927
5 70.1327540850525 0.04648818544509775
6 70.13275408505251 0.05129522376174321
8 70.13275408505251 0.02368393793505228
9 70.13275408505255 0.014756455696678697
10 95.24446445999993 0.08166236260142923
11 95.24446446 0.1387774730860937
12 95.24446446000002 0.28979829624472
13 95.24446446000005 0.3030684927829787
14 95.2444644600001 0.044752587167146

153.59343867927956
6 70.13275408505251 0.010729634088680754
7 70.13275408505251 0.02654819569474603
8 70.13275408505251 0.02183031652342546
9 70.13275408505255 0.049586076245956914
10 95.24446445999993 0.44717646383293663
11 95.24446446 0.1764209320792553
12 95.24446446000002 0.041896546020950665
13 95.24446446000005 0.07844775965347682
14 95.2444644600001 0.16533285359207472

153.59343867927964
5 70.1327540850525 0.06843604507687642
6 70.13275408505251 0.05505174762065919
7 70.13275408505251 0.01637019704802884
8 70.13275408505251 0.050575444294073596
10 95.24446445999993 0.022360188427134157
11 95.24446446 0.42113010375621995
12 95.24446446000002 0.0416359324621021
13 95.24446446000005 0.052365011751070306
14 95.2444644600001 0.3184278812153275

153.59343867927976
5 70.1327540850525 0.038674208602829246
7 70.13275408505251 0.061169306270641904
8 70.13275408505251 0.04455384381204245
9 70.13275408505255 0.01416757933763721
10 95.24446445999993 0.24189740151078315
11 95.24446446 0.0723085591275898
12 95.24446446000002 0.048852720756876196
13 95.24446446000005 0.09284505901117134
14 95.2444644600001 0.20796436708367114

153.59343867928013
5 70.1327540850525 0.026896189672622806
6 70.13275408505251 0.016209532737007006
9 70.13275408505255 0.04093163800930706
10 95.24446445999993 0.3475771492772611
11 95.24446446 0.021150594962109193
12 95.24446446000002 0.18692022927219035
13 95.24446446000005 0.4128738373830896
14 95.2444644600001 0.03019932276560433

153.59343867928018
5 70.1327540850525 0.0203671715081849
6 70.13275408505251 0.0371130323888691
7 70.13275408505251 0.04478523082450014
8 70.13275408505251 0.015376815726352088
10 95.24446445999993 0.14102555729506439
11 95.24446446 0.25602351175494115
12 95.24446446000002 0.03184196423950608
13 95.24446446000005 0.047077697964671636
14 95.2444644600001 0.17557156771102345

153.59343867928033
5 70.1327540850525 0.03321251671929152
7 70.13275408505251 0.038431477334352954
8 70.13275408505251 0.034931486504881176
9 70.13275408505255 0.020465542926437756
10 95.24446445999993 0.16948016349107078
11 95.24446446 0.17036722707565383
12 95.24446446000002 0.2993463881518261
13 95.24446446000005 0.3996924821719796
14 95.2444644600001 0.06821050677180328

159.12373289729385
9 70.13275408505255 0.014090640076052052
10 95.24446445999993 0.6925785736221608
11 95.24446446 0.0240440324062962
12 95.24446446000002 0.032463088746600706
13 95.24446446000005 0.2472265127718159
14 95.2444644600001 0.09602070986714216

159.12373289729547
5 70.1327540850525 0.014393843712064312
6 70.13275408505251 0.02859976207569162
7 70.13275408505251 0.03729813743343223
8 70.13275408505251 0.025982332711407284
9 70.13275408505255 0.010149675727077888
10 95.24446445999993 0.16607535582816374
11 95.24446446 0.023824247132521865
12 95.24446446000002 0.013556530338689685
13 95.24446446000005 0.6224241421614715

159.12373289729626
6 70.13275408505251 0.037025747324450554
10 95.24446445999993 0.029300292176562485
11 95.24446446 0.5049795225078388
12 95.24446446000002 0.13699291755070342
14 95.2444644600001 0.16850452140056038

160.63865941801822
1 0.0 0.010664616086620112
5 70.1327540850525 0.2473488092787932
6 70.13275408505251 0.023142583247128576
8 70.13275408505251 0.028779910480465912
9 70.13275408505255 0.014675958283666414
10 95.24446445999993 0.011296228498463415
11 95.24446446 0.039730127883996096
12 95.24446446000002 0.1611080191419316
13 95.24446446000005 0.05870288873032798
14 95.2444644600001 0.021126048736034072
15 136.58744815494748 0.04997187464024356
16 136.58744815494748 0.20078863825461504
17 136.58744815494748 0.13488210780700638
18 136.5874481549475 0.014713233571107823
19 136.5874481549475 0.04133907857771519

160.63865941801907
5 70.1327540850525 0.029467169010910024
6 70.13275408505251 0.05291927532059609
8 70.13275408505251 0.014230249596910473
9 70.13275408505255 0.05636371371528729
10 95.24446445999993 0.03961738186865608
11 95.24446446 0.23643713165462463
12 95.24446446000002 0.21999425942290163
14 95.2444644600001 0.12835670838018282
15 136.58744815494748 0.09545387052367063
16 136.58744815494748 0.07265785685663412
17 136.58744815494748 0.13362954387855475
18 136.5874481549475 0.03419080828339141
19 136.5874481549475 0.043364154382573517

160.63865941801933
5 70.1327540850525 0.08886596437941371
6 70.13275408505251 0.04278856195550763
7 70.13275408505251 0.045423087572702116
8 70.13275408505251 0.03568395185637271
9 70.13275408505255 0.07589342452828621
11 95.24446446 0.09930307459533146
12 95.24446446000002 0.3525792019456036
13 95.24446446000005 0.0304013106650246
14 95.2444644600001 0.20470072223602742
15 136.58744815494748 0.13648524033098766
16 136.58744815494748 0.14478098721640936
18 136.5874481549475 0.09928664921597648
19 136.5874481549475 0.04549798063233918

160.6386594180196
5 70.1327540850525 0.023845397474967164
6 70.13275408505251 0.04140712167358447
8 70.13275408505251 0.02287599175975455
9 70.13275408505255 0.014079429487621972
10 95.24446445999993 0.08996403836430139
11 95.24446446 0.035345575765553014
12 95.24446446000002 0.031273632065491726
13 95.24446446000005 0.04938571560622644
14 95.2444644600001 0.2202705334392104
15 136.58744815494748 0.05839457181828218
17 136.58744815494748 0.08098437149479687
18 136.5874481549475 0.08807753958691031
19 136.5874481549475 0.13640329045305133

160.63865941802013
5 70.1327540850525 0.029605493647928756
7 70.13275408505251 0.04818398412799616
9 70.13275408505255 0.18952605553831933
10 95.24446445999993 0.033573125642370645
11 95.24446446 0.07228800211101537
12 95.24446446000002 0.07541983644437854
13 95.24446446000005 0.07577662819780873
14 95.2444644600001 0.11006851683869089
15 136.58744815494748 0.05279615363943934
16 136.58744815494748 0.04981538674321433
18 136.5874481549475 0.21841670440379002
19 136.5874481549475 0.10626916606658426

162.6410877590008
2 37.15857925999999 0.35924101350141413
3 37.15857925999999 0.2875519237397915
4 37.158579259999996 0.031161448633595674
5 70.1327540850525 0.039356171949601636
7 70.13275408505251 0.017393030607933194
8 70.13275408505251 0.026521994660596966
9 70.13275408505255 0.04384391765965158
10 95.24446445999993 0.014164838048411735
12 95.24446446000002 0.012188490721425398
13 95.24446446000005 0.012590844410331117
16 136.58744815494748 0.06876796326630741
17 136.58744815494748 0.046342503963674356
18 136.5874481549475 0.07193956560911151
19 136.5874481549475 0.03039125074125649

162.6410877590009
2 37.15857925999999 0.16294006619785714
3 37.15857925999999 0.5245912105054173
4 37.158579259999996 0.15488085668038487
5 70.1327540850525 0.021216282752293536
6 70.13275408505251 0.028618664648588314
8 70.13275408505251 0.060962479381267004
11 95.24446446 0.027761221976186762
14 95.2444644600001 0.011224983803002363
15 136.58744815494748 0.047356379945247155
16 136.58744815494748 0.037071708976822854
17 136.58744815494748 0.10652117152254433
19 136.5874481549475 0.013455311736253304

162.6410877590011
2 37.15857925999999 0.414599385196158
3 37.15857925999999 0.042406217307730795
4 37.158579259999996 0.2830502586793919
5 70.1327540850525 0.03219244867434315
7 70.13275408505251 0.02837923468437775
8 70.13275408505251 0.017908052021005795
9 70.13275408505255 0.0365042583755171
16 136.58744815494748 0.056250621394906095
17 136.58744815494748 0.03129115974817821
18 136.5874481549475 0.06246352820493343
19 136.5874481549475 0.04958770306218918

162.64108775900124
2 37.15857925999999 0.05592648721009059
3 37.15857925999999 0.11164962559195644
4 37.158579259999996 0.5756844718332523
6 70.13275408505251 0.07393102675992477
12 95.24446446000002 0.018630242593791323
14 95.2444644600001 0.015095076119804002
15 136.58744815494748 0.12159689808349325
17 136.58744815494748 0.015825472619472633
18 136.5874481549475 0.01949991502943295

162.64108775900144
2 37.15857925999999 0.21088221696519402
3 37.15857925999999 0.49299357311797887
4 37.158579259999996 0.43462338968840225
5 70.1327540850525 0.01709455643716572
7 70.13275408505251 0.04241661122267535
8 70.13275408505251 0.010444897502873115
9 70.13275408505255 0.04472847290161056
10 95.24446445999993 0.013793619341470244
12 95.24446446000002 0.011008447884669158
16 136.58744815494748 0.029869719814985377
17 136.58744815494748 0.01825061463594309
18 136.5874481549475 0.07445786539612362
19 136.5874481549475 0.07411554066226836

162.64108775900215
2 37.15857925999999 0.1327422846060774
3 37.15857925999999 0.14254844179777365
4 37.158579259999996 0.03671311442200566
12 95.24446446000002 0.013477866425354009
15 136.58744815494748 0.012631541277406426
16 136.58744815494748 0.016071635540346452

162.64108775900252
2 37.15857925999999 0.11580053661887217
3 37.15857925999999 0.22445147414887412
4 37.158579259999996 0.08840486205334283
5 70.1327540850525 0.019292786963047488
6 70.13275408505251 0.010022165467325189
7 70.13275408505251 0.037430925932631635
9 70.13275408505255 0.01278601967268025
13 95.24446446000005 0.021201451660318633
15 136.58744815494748 0.021450826106325097
16 136.58744815494748 0.03371073962372064
17 136.58744815494748 0.01654360376187964
18 136.5874481549475 0.018402451287814384
19 136.5874481549475 0.06540393569921846

165.24191910726267
2 37.15857925999999 0.2559077314862548
3 37.15857925999999 0.34059749562411074
4 37.158579259999996 0.025121078852166676
6 70.13275408505251 0.02395722358284985
7 70.13275408505251 0.011453554273919633
8 70.13275408505251 0.027501451960770442
15 136.58744815494748 0.029778969698413475
17 136.58744815494748 0.03421053378817677
19 136.5874481549475 0.014247691577936046

165.2419191072633
2 37.15857925999999 0.6974204462235418
3 37.15857925999999 0.052331798036368685
4 37.158579259999996 0.2415809186101355
5 70.1327540850525 0.02787743806748918
7 70.13275408505251 0.023920458070012425
8 70.13275408505251 0.010473775885629697
16 136.58744815494748 0.034678243108608814
17 136.58744815494748 0.013028892595790771
19 136.5874481549475 0.029755943075293754

165.24191910726415
3 37.15857925999999 0.03513203512200086
4 37.158579259999996 0.9433741926617865
9 70.13275408505255 0.047858910487334934
16 136.58744815494748 0.011304650517791788
18 136.5874481549475 0.05937992764596421

165.31768296611835
2 37.15857925999999 0.2985588347874168
3 37.15857925999999 0.07627654922770405
4 37.158579259999996 0.05802550585959924
6 70.13275408505251 0.014282014204966664
7 70.13275408505251 0.01701429950507142
10 95.24446445999993 0.02129233244980637
15 136.58744815494748 0.026998318730823725
16 136.58744815494748 0.010779078231152348
18 136.5874481549475 0.011068182741350222
19 136.5874481549475 0.030126980655692845

165.31768296611853
2 37.15857925999999 0.7784871951151386
3 37.15857925999999 0.17254702312845202
4 37.158579259999996 0.6643491691078418
13 95.24446446000005 0.030715455942779402
19 136.5874481549475 0.014923635662781676

165.31768296611858
2 37.15857925999999 0.01922495912162456
3 37.15857925999999 0.04772801635330336
4 37.158579259999996 0.06943412773235846
10 95.24446445999993 0.031299691777968146
14 95.2444644600001 0.013329911659645099

165.3176829661192
2 37.15857925999999 0.016215929807207142
3 37.15857925999999 0.3356542509661246
4 37.158579259999996 0.5916402818524811
5 70.1327540850525 0.016179531428899135
8 70.13275408505251 0.01315754194196262
11 95.24446446 0.01519547414133415
13 95.24446446000005 0.014195517090383209
16 136.58744815494748 0.02864886857264898
17 136.58744815494748 0.023297874322949528

165.31768296611926
2 37.15857925999999 0.574477482200499
3 37.15857925999999 0.1049903640198697
4 37.158579259999996 0.1409335601973223
6 70.13275408505251 0.017701162820682514
8 70.13275408505251 0.018713791796260284
15 136.58744815494748 0.028325957423948972
16 136.58744815494748 0.010460951936821675
17 136.58744815494748 0.03313624773518356
18 136.5874481549475 0.017351470097643328

173.12355538069096
1 0.0 0.08218866452371154
2 37.15857925999999 0.22668550751574068
3 37.15857925999999 0.5129410485104261
4 37.158579259999996 0.23768022363958882
16 136.58744815494748 0.013677085254297493
18 136.5874481549475 0.011229477247322995
19 136.5874481549475 0.010258222927251402

173.12355538069133
2 37.15857925999999 0.08722256098137672
3 37.15857925999999 0.9569635320987733
4 37.158579259999996 0.038761701547529205

173.12355538069272
1 0.0 0.09928487195280862
2 37.15857925999999 0.1782915720592213
3 37.15857925999999 0.10030879959814944
4 37.158579259999996 0.36571921326574613
17 136.58744815494748 0.01471390659904762

199.22206535405311
5 70.1327540850525 0.029904462516074728
6 70.13275408505251 0.16628882219931482
7 70.13275408505251 0.19516294106849244
8 70.13275408505251 0.20298551416025234
9 70.13275408505255 0.1569766249665685

199.22206535405334
6 70.13275408505251 0.02351312889105563
7 70.13275408505251 0.22340681479196942
8 70.13275408505251 0.6810315935690696
9 70.13275408505255 0.42551136366809844

199.2220653540534
5 70.1327540850525 0.1448331873762011
6 70.13275408505251 0.25981387336080514
7 70.13275408505251 0.03347556263367419
8 70.13275408505251 0.23791147828950823
9 70.13275408505255 0.1058134417859225

199.22206535405354
5 70.1327540850525 0.6791164264774404
6 70.13275408505251 0.025240534365882517
7 70.13275408505251 0.10672976427187392
8 70.13275408505251 0.1232133154226061
9 70.13275408505255 0.387739262001498

199.22206535405363
5 70.1327540850525 0.18856099607017962
7 70.13275408505251 0.24847016818069328
8 70.13275408505251 0.13301454847869595
9 70.13275408505255 0.7218191353242944

199.2220653540542
5 70.1327540850525 0.40838972428965326
6 70.13275408505251 0.4253029224108777
7 70.13275408505251 0.4840284161470883
8 70.13275408505251 0.029062081803207594

199.22206535405425
5 70.1327540850525 0.01484556473372627
6 70.13275408505251 0.06056124670742057
7 70.13275408505251 0.07632204895379968
8 70.13275408505251 0.33264715588756455
9 70.13275408505255 0.26212266094329484

199.2220653540551
5 70.1327540850525 0.015419548847588397
6 70.13275408505251 0.07034918553729413
7 70.13275408505251 0.43498158488249417
8 70.13275408505251 0.4022679366457002
9 70.13275408505255 0.06452349291826597

199.22206535405616
5 70.1327540850525 0.18243120401004342
6 70.13275408505251 0.7615549885811251
8 70.13275408505251 0.03884464063977461
9 70.13275408505255 0.08544262235246534

199.45569973473215
2 37.15857925999999 0.018128203479522594
10 95.24446445999993 0.16753787225291505
13 95.24446446000005 0.02303475403924634
14 95.2444644600001 0.03336897302834151
15 136.58744815494748 0.22408899353446296
16 136.58744815494748 0.042867150359339634
17 136.58744815494748 0.1128683858053093
18 136.5874481549475 0.06111124896574925
19 136.5874481549475 0.19852878403203975

199.45569973473215
2 37.15857925999999 0.04629550725880484
3 37.15857925999999 0.013824065840923478
4 37.158579259999996 0.034747226434665685
6 70.13275408505251 0.014057756934752664
10 95.24446445999993 0.06552307410423298
11 95.24446446 0.037313664069441345
12 95.24446446000002 0.0641036111355522
13 95.24446446000005 0.0713202947380075
14 95.2444644600001 0.0666291721142181
15 136.58744815494748 0.3535663082568514
16 136.58744815494748 0.04238552192527655
17 136.58744815494748 0.1129422349837045
18 136.5874481549475 0.10639121888643857
19 136.5874481549475 0.15413781874276164

199.45569973473252
2 37.15857925999999 0.019406084299940996
3 37.15857925999999 0.029730800044521506
5 70.1327540850525 0.012302616779155222
10 95.24446445999993 0.027402094392437844
11 95.24446446 0.041238326416568064
12 95.24446446000002 0.024995016405145662
13 95.24446446000005 0.14835057812882357
14 95.2444644600001 0.013825347757176622
15 136.58744815494748 0.1982145125490987
16 136.58744815494748 0.34294221247930634
17 136.58744815494748 0.2660215426786963
18 136.5874481549475 0.10524445880955509
19 136.5874481549475 0.0400711071414116

199.45569973473357
2 37.15857925999999 0.029048582344352408
10 95.24446445999993 0.1317226955159287
11 95.24446446 0.010894973752594688
13 95.24446446000005 0.03894433886267892
14 95.2444644600001 0.04091861741858634
15 136.58744815494748 0.12759026070041227
16 136.58744815494748 0.2608131699139141
17 136.58744815494748 0.03944083443265326
18 136.5874481549475 0.18434740890300544
19 136.5874481549475 0.1968062128960809

199.45569973473414
2 37.15857925999999 0.03747372758505896
3 37.15857925999999 0.014683084186086975
4 37.158579259999996 0.05824315853711183
10 95.24446445999993 0.019254080382010267
11 95.24446446 0.016642501085482278
12 95.24446446000002 0.03379279987954215
13 95.24446446000005 0.0837573505975734
15 136.58744815494748 0.04149851582197778
16 136.58744815494748 0.036615012068438375
17 136.58744815494748 0.2104002348906825
18 136.5874481549475 0.049880899879332016
19 136.5874481549475 0.12150764349353275

200.9180186515665
2 37.15857925999999 0.014524622030604735
5 70.1327540850525 0.0626026953775071
6 70.13275408505251 0.03554623969856621
7 70.13275408505251 0.07700868767658288
8 70.13275408505251 0.03030058878054616
9 70.13275408505255 0.011651301471551368

