rotational analysis ortho
#nmax= 2 NR= 11 Ntheta= 11 Nphi= 11
#jmax= 2 Nalpha= 11 Nphi= 11 Nchi= 11
23.621619601713988
1 23.79935855999999 0.3501267593869121
2 23.799358559999998 0.16109474475552304
3 23.799358559999998 0.34925628251190716
4 42.402163299999984 0.021001648291832892
5 42.402163299999984 0.024620697196436905

23.621619601714652
1 23.79935855999999 0.0560474817261931
2 23.799358559999998 0.36581954514008336
3 23.799358559999998 0.4708853197186436
4 42.402163299999984 0.015311744447745603
6 42.40216329999999 0.04166310203448067
9 79.51371234 0.01122987433362413

23.621619601715224
1 23.79935855999999 0.7034557868363255
2 23.799358559999998 0.11630780824994612
4 42.402163299999984 0.012540712349167042
5 42.402163299999984 0.017686176561782875

39.79748522824341
1 23.79935855999999 0.08380091368694485
2 23.799358559999998 0.021438624383812492
3 23.799358559999998 0.08839482762170317
4 42.402163299999984 0.20602603120689067
5 42.402163299999984 0.3648050880810363
6 42.40216329999999 0.2214450773292197

39.79748522824396
1 23.79935855999999 0.030534921058084204
2 23.799358559999998 0.08683618284598986
3 23.799358559999998 0.03070108073679474
4 42.402163299999984 0.48174354837756583
6 42.40216329999999 0.3038188251630061

39.79748522824438
1 23.79935855999999 0.01384636200457993
2 23.799358559999998 0.02082066579248708
3 23.799358559999998 0.013344877206647458
4 42.402163299999984 0.10554491588250034
5 42.402163299999984 0.3775702961286803
6 42.40216329999999 0.21401673918186842

70.96095537812143
1 23.79935855999999 0.18173817599146924
2 23.799358559999998 0.12174290558620926
3 23.799358559999998 0.13042584521629713
8 79.51371234 0.10682095832431049
9 79.51371234 0.15283646340718038
10 79.51371234 0.1007021800479929
11 79.51371234 0.013231835147103696

70.96095537812202
1 23.79935855999999 0.28198795297805596
2 23.799358559999998 0.1614372094523155
3 23.799358559999998 0.06472641762638826
7 79.51371233999998 0.20958362168067746
8 79.51371234 0.10187868894986044
9 79.51371234 0.01958483154021197
11 79.51371234 0.07219512543992224

70.96095537812236
1 23.79935855999999 0.11170434038611614
2 23.799358559999998 0.3687872416626529
3 23.799358559999998 0.05246423735433798
4 42.402163299999984 0.018510306187191572
7 79.51371233999998 0.15656465689040805
8 79.51371234 0.07412696227635063
9 79.51371234 0.026252789762955083
10 79.51371234 0.10149937743984674
11 79.51371234 0.05929308317619111

70.96095537812238
1 23.79935855999999 0.10620361274330592
2 23.799358559999998 0.10450413976593768
3 23.799358559999998 0.3917983031284414
5 42.402163299999984 0.025918152065154097
6 42.40216329999999 0.021876280715423524
7 79.51371233999998 0.025931234235450976
8 79.51371234 0.031244448809546427
9 79.51371234 0.07824125836350423
10 79.51371234 0.17954023737204117
11 79.51371234 0.08582010872794359

70.96095537812265
1 23.79935855999999 0.16790998473840824
2 23.799358559999998 0.10440153977618209
3 23.799358559999998 0.0461912923520303
6 42.40216329999999 0.011612915315681139
7 79.51371233999998 0.02515917126735253
8 79.51371234 0.12486281165400177
9 79.51371234 0.11775605600776037
10 79.51371234 0.058925215085784834
11 79.51371234 0.046811953988853836

86.43276123356682
1 23.79935855999999 0.3200771609357209
2 23.799358559999998 0.3200771609354212
3 23.799358559999998 0.32007716093573213

89.38788004027681
1 23.79935855999999 0.26950855311825594
2 23.799358559999998 0.10225714112325199
3 23.799358559999998 0.2460990524137656
4 42.402163299999984 0.10498508112459173
5 42.402163299999984 0.040316519574271605
6 42.40216329999999 0.14241594844655406

89.38788004027721
1 23.79935855999999 0.3672059928143173
2 23.799358559999998 0.067310929581751
3 23.799358559999998 0.3870173671196889
4 42.402163299999984 0.03193440799554531
5 42.402163299999984 0.2509119796085929
10 79.51371234 0.017150837281508676

89.38788004027798
1 23.79935855999999 0.1410697171046255
2 23.799358559999998 0.6231211944298592
3 23.799358559999998 0.17128019673177725
4 42.402163299999984 0.013863447509765219
5 42.402163299999984 0.036663606652957904
6 42.40216329999999 0.2678282823424121

95.23685418121468
3 23.799358559999998 0.01848961944559894
4 42.402163299999984 0.06950357170361478
5 42.402163299999984 0.2936041569238446
6 42.40216329999999 0.033372767658301467
14 135.32212655999996 0.02575664406577178

95.23685418121475
1 23.79935855999999 0.053827408375197304
2 23.799358559999998 0.14344212288602173
4 42.402163299999984 0.5617434159705821
5 42.402163299999984 0.043630385597204877
6 42.40216329999999 0.42678864096276325
13 135.32212655999996 0.03917745770264844

95.23685418121492
1 23.79935855999999 0.03542485711059478
4 42.402163299999984 0.11276529998648904
5 42.402163299999984 0.03050454595749064
6 42.40216329999999 0.18434755837738664
14 135.32212655999996 0.011147393519121303
16 135.32212655999996 0.010392786772003431

95.23685418121566
1 23.79935855999999 0.08641679280079817
2 23.799358559999998 0.037203676005168426
3 23.799358559999998 0.039424392673450506
4 42.402163299999984 0.22861245747183742
5 42.402163299999984 0.6699038466244682
6 42.40216329999999 0.14081844181124045
14 135.32212655999996 0.028160298889526002
16 135.32212655999996 0.02473534707275237

95.23685418121664
1 23.79935855999999 0.017907602623320418
2 23.799358559999998 0.08138798592562754
3 23.799358559999998 0.05629329640864315
4 42.402163299999984 0.314825684834677
5 42.402163299999984 0.23549698105008338
6 42.40216329999999 0.5031489913929081
12 135.32212655999996 0.054035613782305265
15 135.32212655999996 0.010473539318668564

97.36866064348668
2 23.799358559999998 0.1839900257993251
3 23.799358559999998 0.4142886566235389
5 42.402163299999984 0.037409171778253196
6 42.40216329999999 0.028470208557969414
7 79.51371233999998 0.045527132570112434
8 79.51371234 0.020074483924096744
9 79.51371234 0.45738926259835033
10 79.51371234 0.11172297791720079

97.36866064348678
1 23.79935855999999 0.09907045182544122
2 23.799358559999998 0.1306163308681301
3 23.799358559999998 0.08383044651593208
5 42.402163299999984 0.027701019322233865
8 79.51371234 0.05794254854179753
9 79.51371234 0.17056259224725867
10 79.51371234 0.41425180931636
11 79.51371234 0.020444888110998836

97.36866064348708
1 23.79935855999999 0.23679799288108846
2 23.799358559999998 0.19069720023898756
3 23.799358559999998 0.18511037014682458
5 42.402163299999984 0.010292290357016166
6 42.40216329999999 0.01264763473175736
7 79.51371233999998 0.04592796888751317
8 79.51371234 0.1817722423669649
11 79.51371234 0.314500354146405

97.36866064348773
1 23.79935855999999 0.2874065499625987
2 23.799358559999998 0.0827668327040218
3 23.799358559999998 0.03108615216404772
4 42.402163299999984 0.016894633714508167
7 79.51371233999998 0.35707809895619247
8 79.51371234 0.017637286174730225
9 79.51371234 0.011933186111763503
10 79.51371234 0.024349007261770212
11 79.51371234 0.16223906260152887

97.36866064348875
1 23.79935855999999 0.09859222746770502
2 23.799358559999998 0.13278919239579215
3 23.799358559999998 0.02713331467479287
4 42.402163299999984 0.010284300378394977
7 79.51371233999998 0.09457059825453701
8 79.51371234 0.24196577381521053
9 79.51371234 0.028682961870839754
10 79.51371234 0.10278390349452338
11 79.51371234 0.1835369510574511

102.33982335503677
1 23.79935855999999 0.1245478922767798
2 23.799358559999998 0.08316424903526538
3 23.799358559999998 0.057080078171053934
4 42.402163299999984 0.22903922103189284
5 42.402163299999984 0.1481674787168156
6 42.40216329999999 0.2473524720562815

102.33982335503693
1 23.79935855999999 0.13449488374416302
2 23.799358559999998 0.03575676315575836
3 23.799358559999998 0.011921718090419238
4 42.402163299999984 0.5600519811392526
5 42.402163299999984 0.41504553060067706
6 42.40216329999999 0.12030258029862304

102.33982335503819
1 23.79935855999999 0.20319589121402182
2 23.799358559999998 0.21657762664064378
3 23.799358559999998 0.02620651108024231
4 42.402163299999984 0.03740155593871896
5 42.402163299999984 0.23648144232552096
6 42.40216329999999 0.4186621852013352

106.18848073050415
4 42.402163299999984 0.32530101530823907
5 42.402163299999984 0.3253010153081742
6 42.40216329999999 0.32530101530818284

129.98878660010814
1 23.79935855999999 0.03066917463401037
2 23.799358559999998 0.10027254602535468
3 23.799358559999998 0.05592172731473952
7 79.51371233999998 0.06941945414764245
8 79.51371234 0.2603516182678686
9 79.51371234 0.04528400919688473
10 79.51371234 0.14193296813513992
11 79.51371234 0.04947940042899711

129.9887866001082
1 23.79935855999999 0.03203876379273785
2 23.799358559999998 0.1491758195162851
3 23.799358559999998 0.12403241664480197
7 79.51371233999998 0.07649747088125786
8 79.51371234 0.10192808262364078
9 79.51371234 0.0974452526484013
10 79.51371234 0.08859486730952536
11 79.51371234 0.12923740014870283

129.98878660010874
1 23.79935855999999 0.09169309896925887
2 23.799358559999998 0.1490292641823026
3 23.799358559999998 0.3981276680884271
7 79.51371233999998 0.010347051474167441
8 79.51371234 0.03899041382640436
9 79.51371234 0.11774043651271701
10 79.51371234 0.34926271549166543
11 79.51371234 0.18694652175134815

129.98878660010905
1 23.79935855999999 0.37526986396766615
2 23.799358559999998 0.03630492877522551
3 23.799358559999998 0.015445293322337699
7 79.51371233999998 0.43076982431666766
8 79.51371234 0.09574550528077487
9 79.51371234 0.06462276136235581
10 79.51371234 0.04716427276476487
11 79.51371234 0.014236688232359471

129.98878660010996
1 23.79935855999999 0.12899561917714522
2 23.799358559999998 0.12857936577601692
3 23.799358559999998 0.09767638975086246
7 79.51371233999998 0.0721633486243852
9 79.51371234 0.37353369645005663
11 79.51371234 0.11242603059708292

129.98878660011053
1 23.79935855999999 0.12829425113916004
2 23.799358559999998 0.07578178574657532
3 23.799358559999998 0.1878866374214411
7 79.51371233999998 0.13204543427039636
8 79.51371234 0.014913854757104099
9 79.51371234 0.023712755562224647
11 79.51371234 0.21243024185664042

129.98878660011073
1 23.79935855999999 0.17372879664445262
2 23.799358559999998 0.23659575219039786
3 23.799358559999998 0.17039874591954168
7 79.51371233999998 0.05708030375525524
8 79.51371234 0.3287546722401582
9 79.51371234 0.09892891936934259
10 79.51371234 0.20454358653898216
11 79.51371234 0.029485494629562795

136.39412959149203
4 42.402163299999984 0.03259057748789772
5 42.402163299999984 0.0348944292983312
7 79.51371233999998 0.04999751121517008
8 79.51371234 0.11228967240022694
9 79.51371234 0.12983740761911722
10 79.51371234 0.25020459881303825
11 79.51371234 0.06388799672673688
12 135.32212655999996 0.09150433529613484
13 135.32212655999996 0.033602998269393024
14 135.32212655999996 0.08435889690594642
15 135.32212655999996 0.12649954718698103
16 135.32212655999996 0.055540421017517584

136.39412959149308
4 42.402163299999984 0.05517293290735481
5 42.402163299999984 0.02079817123275983
7 79.51371233999998 0.030127371463700568
8 79.51371234 0.08142598010268164
9 79.51371234 0.16833936394799326
10 79.51371234 0.07752738309345945
11 79.51371234 0.20033616106309995
12 135.32212655999996 0.01892777290086184
13 135.32212655999996 0.04540716543345341
15 135.32212655999996 0.14514247397363203
16 135.32212655999996 0.2330850408850976

136.39412959149314
4 42.402163299999984 0.023353996310069756
6 42.40216329999999 0.09878718249192196
7 79.51371233999998 0.04118796003171048
8 79.51371234 0.11211062349291351
9 79.51371234 0.02155486976171992
10 79.51371234 0.08192704924433539
11 79.51371234 0.02224280703581609
12 135.32212655999996 0.1490797136962534
13 135.32212655999996 0.0935371944232998
14 135.32212655999996 0.022580991638016
15 135.32212655999996 0.01603317406275832

136.39412959149428
4 42.402163299999984 0.0287894560223431
5 42.402163299999984 0.013476669356523883
6 42.40216329999999 0.020774078133267013
7 79.51371233999998 0.30569055901900133
8 79.51371234 0.12325572615384113
10 79.51371234 0.05678507965251789
11 79.51371234 0.18298101105546258
12 135.32212655999996 0.05125008837013392
13 135.32212655999996 0.19717424206592202
14 135.32212655999996 0.06293624378937308
15 135.32212655999996 0.015065352295357394
16 135.32212655999996 0.04702798419917746

136.39412959149462
5 42.402163299999984 0.07617268955437802
6 42.40216329999999 0.016442560778010387
7 79.51371233999998 0.07906586268261707
8 79.51371234 0.0686327285615353
9 79.51371234 0.19075708654377765
10 79.51371234 0.06682363128179558
11 79.51371234 0.04215892981334082
14 135.32212655999996 0.10751554135660998
15 135.32212655999996 0.12144424165896654
16 135.32212655999996 0.09666445343170028

137.1226014724377
2 23.799358559999998 0.3968542989473502
3 23.799358559999998 0.1915082031988457
7 79.51371233999998 0.013223147347672048
8 79.51371234 0.17493030040721508
9 79.51371234 0.26750338721500405
10 79.51371234 0.012760933731952437
11 79.51371234 0.06824885869799616

137.1226014724399
1 23.79935855999999 0.012595155089872204
3 23.799358559999998 0.6305672238879465
7 79.51371233999998 0.0532683776395905
8 79.51371234 0.03421281254292968
9 79.51371234 0.0691174496696359
10 79.51371234 0.1990139629809311
11 79.51371234 0.26022437819345773

137.1226014724406
1 23.79935855999999 0.30395857708894486
2 23.799358559999998 0.037040793713043384
3 23.799358559999998 0.06975933740823581
7 79.51371233999998 0.274152557658222
8 79.51371234 0.1277916333108934
10 79.51371234 0.12321801824744215
11 79.51371234 0.011474570819079124

147.6380867103428
1 23.79935855999999 0.061737071620300024
2 23.799358559999998 0.20790778000869273
3 23.799358559999998 0.0569272798009194
7 79.51371233999998 0.0973651425086249
8 79.51371234 0.011886663592323007
9 79.51371234 0.0854616240709569
10 79.51371234 0.03639511574475262
11 79.51371234 0.041141903635695073
13 135.32212655999996 0.2136620327290995
14 135.32212655999996 0.19784973071532733
15 135.32212655999996 0.021180091484624318
16 135.32212655999996 0.02180251083411251

147.63808671034295
1 23.79935855999999 0.11755036157131646
2 23.799358559999998 0.08066452546309778
3 23.799358559999998 0.21449445845708437
7 79.51371233999998 0.05642986821262848
8 79.51371234 0.041025425792669164
9 79.51371234 0.06002531335207689
10 79.51371234 0.046726496496403404
11 79.51371234 0.011731768988076879
12 135.32212655999996 0.2203390004728821
13 135.32212655999996 0.02288862913906177
14 135.32212655999996 0.12542030641202684
15 135.32212655999996 0.08107913797437645
16 135.32212655999996 0.05050046086288874

147.63808671034428
1 23.79935855999999 0.17863916168178165
2 23.799358559999998 0.25810202909802926
8 79.51371234 0.013822699972767844
10 79.51371234 0.12415033830698131
11 79.51371234 0.0652683116291633
12 135.32212655999996 0.17162460465860443
14 135.32212655999996 0.020076009620219843
15 135.32212655999996 0.01337407988261815
16 135.32212655999996 0.21108726202038275

147.6380867103443
1 23.79935855999999 0.15678019069698307
2 23.799358559999998 0.10112979807204797
3 23.799358559999998 0.02356133866250746
7 79.51371233999998 0.019588403133131
8 79.51371234 0.15890302975289414
9 79.51371234 0.10087190400904722
10 79.51371234 0.049384755528860985
11 79.51371234 0.05432813048711229
12 135.32212655999996 0.10983947543808469
13 135.32212655999996 0.050667324375901615
15 135.32212655999996 0.18814448637406245
16 135.32212655999996 0.06446806947767722

147.63808671034442
1 23.79935855999999 0.06059052860032116
2 23.799358559999998 0.1444569067333605
3 23.799358559999998 0.02539150692498173
7 79.51371233999998 0.04594731331080562
8 79.51371234 0.017154883024908654
11 79.51371234 0.023218619918900858
13 135.32212655999996 0.11756739611872914
14 135.32212655999996 0.18922615631304288
15 135.32212655999996 0.1815602102730548

158.83906575659282
1 23.79935855999999 0.39501525414602856
2 23.799358559999998 0.36984622725923555
3 23.799358559999998 0.025298456203692588
4 42.402163299999984 0.04297871756045959
5 42.402163299999984 0.012091932741630796
6 42.40216329999999 0.012871125340427636
7 79.51371233999998 0.019847319980907923
8 79.51371234 0.012050553254097231
10 79.51371234 0.03932258361585741

158.83906575659344
1 23.79935855999999 0.20866788017593502
2 23.799358559999998 0.13330028711688635
3 23.799358559999998 0.4336412488953161
4 42.402163299999984 0.021181653966505815
5 42.402163299999984 0.05539632031795033
7 79.51371233999998 0.02953426589525877
11 79.51371234 0.03330047511260183

158.83906575659415
1 23.79935855999999 0.22423173865692408
2 23.799358559999998 0.03648663076777525
3 23.799358559999998 0.6547217675265029
4 42.402163299999984 0.017802781188513125
5 42.402163299999984 0.01190643429078413
6 42.40216329999999 0.056820111055280634
8 79.51371234 0.0332768136579289
9 79.51371234 0.034781275629655994
11 79.51371234 0.01091601534162598

161.8020963727785
4 42.402163299999984 0.35490033514494934
5 42.402163299999984 0.064535496820928
6 42.40216329999999 0.4068736558313456
12 135.32212655999996 0.024430518692812743
13 135.32212655999996 0.02173857000786202
15 135.32212655999996 0.02404342702231775
16 135.32212655999996 0.036116374383252325

161.80209637277883
4 42.402163299999984 0.3685586980910917
5 42.402163299999984 0.07130688389890594
6 42.40216329999999 0.21018451121090465
12 135.32212655999996 0.08447999089340574
14 135.32212655999996 0.033262530319759426
15 135.32212655999996 0.11366020123228557
16 135.32212655999996 0.024879720519447528

161.80209637277926
4 42.402163299999984 0.16546531739271725
5 42.402163299999984 0.6058345749076581
6 42.40216329999999 0.027942383443833988
13 135.32212655999996 0.05066647805324765
16 135.32212655999996 0.0672101690106299

161.80209637277935
4 42.402163299999984 0.33133773255105925
5 42.402163299999984 0.17665452154307004
6 42.40216329999999 0.012155272513410035
14 135.32212655999996 0.11345208551520915
15 135.32212655999996 0.08212159891513879

161.80209637277977
4 42.402163299999984 0.5098695102298867
5 42.402163299999984 0.05712577819736283
6 42.40216329999999 0.14217200997753066
12 135.32212655999996 0.03653751628101956
13 135.32212655999996 0.15420737798483453
15 135.32212655999996 0.017287686143726718
16 135.32212655999996 0.012570869225596817

161.80209637278068
5 42.402163299999984 0.4063167627445552
6 42.40216329999999 0.3638779430995286
12 135.32212655999996 0.01174890638549321
14 135.32212655999996 0.07298260376590668
15 135.32212655999996 0.015314731170814673
16 135.32212655999996 0.11147436780144021

161.8020963727809
4 42.402163299999984 0.36496525924866446
5 42.402163299999984 0.13229012115315886
6 42.40216329999999 0.742774195328157
12 135.32212655999996 0.12359776594381826
13 135.32212655999996 0.03864044066069164
14 135.32212655999996 0.01883844028382703
15 135.32212655999996 0.01343735597706767
16 135.32212655999996 0.04349411278070903

166.5468766866485
4 42.402163299999984 0.5510712044182859
5 42.402163299999984 0.09908558976557408
6 42.40216329999999 0.14275086740289827
12 135.32212655999996 0.018053691634812158
13 135.32212655999996 0.05289247870834937
14 135.32212655999996 0.025262694771033864
15 135.32212655999996 0.01122141665202034
16 135.32212655999996 0.01958063545652157

166.54687668665002
4 42.402163299999984 0.8784454681039511
5 42.402163299999984 0.16284413191156813
6 42.40216329999999 0.06937211986795284
13 135.32212655999996 0.017404749138443316
14 135.32212655999996 0.041802840403304314
15 135.32212655999996 0.014794987502010956
16 135.32212655999996 0.03834985932455729

166.5468766866509
4 42.402163299999984 0.23565324516221509
5 42.402163299999984 0.4316689843479552
6 42.40216329999999 0.26540981947372744
12 135.32212655999996 0.046536625574800816
15 135.32212655999996 0.04549939853888549
16 135.32212655999996 0.014499310172442815

167.72775435152715
1 23.79935855999999 0.21312354724830704
2 23.799358559999998 0.14377668406399488
3 23.799358559999998 0.0739338754009782
4 42.402163299999984 0.035618394502516866
5 42.402163299999984 0.023568556685316044
7 79.51371233999998 0.15854777108838894
9 79.51371234 0.010484659801771573
10 79.51371234 0.03792171989770147
11 79.51371234 0.09507414209428204

167.7277543515282
1 23.79935855999999 0.07429752285266156
2 23.799358559999998 0.27359254955598106
3 23.799358559999998 0.09679329890795722
6 42.40216329999999 0.03257422660107251
8 79.51371234 0.09459423944896878
9 79.51371234 0.13377309047016725
10 79.51371234 0.055429013382422274
11 79.51371234 0.04486895693974559

167.7277543515288
1 23.79935855999999 0.24545498171185764
2 23.799358559999998 0.06395527664462888
3 23.799358559999998 0.16861584620478054
5 42.402163299999984 0.01913395915778839
6 42.40216329999999 0.015127833934244363
7 79.51371233999998 0.039376598589592526
8 79.51371234 0.08716007746301663
9 79.51371234 0.062125714365685765
10 79.51371234 0.10092602359539435
11 79.51371234 0.05578814389735891

168.70098510559
1 23.79935855999999 0.07810736623635306
2 23.799358559999998 0.014305648578203923
3 23.799358559999998 0.3271703394335738
4 42.402163299999984 0.02196056460165221
5 42.402163299999984 0.06822690720519828
6 42.40216329999999 0.07347755179765073
7 79.51371233999998 0.018803818657532452
8 79.51371234 0.036007975814679474
9 79.51371234 0.04270194852634762
11 79.51371234 0.013247354146356851
12 135.32212655999996 0.06567414865262937
13 135.32212655999996 0.015430253172586578
14 135.32212655999996 0.024729386785232437
15 135.32212655999996 0.0605165978967393
16 135.32212655999996 0.012423633653416505

168.70098510559097
1 23.79935855999999 0.2548692387636316
2 23.799358559999998 0.15050868973975554
3 23.799358559999998 0.02739634888740516
4 42.402163299999984 0.02160314534417266
5 42.402163299999984 0.040683572359811626
6 42.40216329999999 0.029389831867510166
7 79.51371233999998 0.0594617737413473
8 79.51371234 0.016818211422540894
9 79.51371234 0.024161989526168274
10 79.51371234 0.05195386997749079
11 79.51371234 0.10288706676744742
13 135.32212655999996 0.02981778132650756
14 135.32212655999996 0.046783320643313635
16 135.32212655999996 0.08463527327616252

168.7009851055914
1 23.79935855999999 0.10892649034782642
2 23.799358559999998 0.5909288208958371
3 23.799358559999998 0.018438695628925573
4 42.402163299999984 0.05665551663240132
6 42.40216329999999 0.023333481565541707
7 79.51371233999998 0.043627971060482156
8 79.51371234 0.08587970407039876
9 79.51371234 0.08909252086019305
10 79.51371234 0.05343900129590708
12 135.32212655999996 0.021087040904420543
13 135.32212655999996 0.11754707391005112
14 135.32212655999996 0.010057298693200621
15 135.32212655999996 0.024976792568880676

168.70098510559149
1 23.79935855999999 0.11553693193797622
2 23.799358559999998 0.10179803308771398
3 23.799358559999998 0.2015408188088239
4 42.402163299999984 0.044744709148047256
5 42.402163299999984 0.06256659465983744
6 42.40216329999999 0.0536670365515458
7 79.51371233999998 0.012283510507792823
8 79.51371234 0.05513423955974143
11 79.51371234 0.04000116480641277
12 135.32212655999996 0.055755003097259545
14 135.32212655999996 0.045191154721470596
15 135.32212655999996 0.04482776246208162
16 135.32212655999996 0.028225907397824004

168.70098510559183
1 23.79935855999999 0.39161100973095014
2 23.799358559999998 0.47309996596759707
3 23.799358559999998 0.019692216819581436
4 42.402163299999984 0.06252028330263788
5 42.402163299999984 0.012283513099850766
7 79.51371233999998 0.08963205005236838
9 79.51371234 0.045189277020822
10 79.51371234 0.08405864334317936
11 79.51371234 0.05133230375581244
12 135.32212655999996 0.019371860145656027
13 135.32212655999996 0.0215995691951789
14 135.32212655999996 0.05913320841060779
15 135.32212655999996 0.03328832214050179
16 135.32212655999996 0.04435775147640166

168.9133679825126
1 23.79935855999999 0.07047733559381379
2 23.799358559999998 0.21620348953335516
3 23.799358559999998 0.32185571974326826
7 79.51371233999998 0.05081522728248556
8 79.51371234 0.07642183651477318
9 79.51371234 0.07483076495454265
10 79.51371234 0.05329001682673265
11 79.51371234 0.06634538370929888

168.91336798251294
1 23.79935855999999 0.02455248242875048
2 23.799358559999998 0.2308420149814976
3 23.799358559999998 0.012540708073196623
7 79.51371233999998 0.04125115959494923
8 79.51371234 0.047681113584690925
9 79.51371234 0.238689854219327
10 79.51371234 0.04193970225788274
11 79.51371234 0.0643941056988527

168.91336798251317
1 23.79935855999999 0.06672471727253546
2 23.799358559999998 0.16159043060868503
3 23.799358559999998 0.0626091173981776
7 79.51371233999998 0.02636527897838174
9 79.51371234 0.036075238689736486
10 79.51371234 0.010084069443173546
11 79.51371234 0.05604374440958609

168.91336798251322
1 23.79935855999999 0.21729925761478563
2 23.799358559999998 0.17946761146529594
3 23.799358559999998 0.17828671090366496
7 79.51371233999998 0.03261781069685247
8 79.51371234 0.10275215358739069
9 79.51371234 0.032113022622295956
10 79.51371234 0.23190160978291824
11 79.51371234 0.06397795996661033

168.91336798251325
1 23.79935855999999 0.12246862729381017
2 23.799358559999998 0.09960482358319854
3 23.799358559999998 0.49780985762247404
7 79.51371233999998 0.05174279843490554
8 79.51371234 0.07308676078768193
9 79.51371234 0.03281066958080725
10 79.51371234 0.26059340538322423
11 79.51371234 0.033692190084601024

168.91336798251444
1 23.79935855999999 0.21429856202418957
2 23.799358559999998 0.1281212789028089
3 23.799358559999998 0.24928130384517408
7 79.51371233999998 0.06222317200044366
8 79.51371234 0.011408305310522502
9 79.51371234 0.13014829039129758
10 79.51371234 0.06026669817619997
11 79.51371234 0.21429944781471105

168.9133679825155
1 23.79935855999999 0.6340652260573035
2 23.799358559999998 0.040181998194623585
3 23.799358559999998 0.24134849915466788
7 79.51371233999998 0.3143937471409844
8 79.51371234 0.03409448336158151
9 79.51371234 0.040289277686351856
10 79.51371234 0.09195447690075861
11 79.51371234 0.02611206154963787

172.58906284115508
1 23.79935855999999 0.02395389768096608
2 23.799358559999998 0.01189022670604734
3 23.799358559999998 0.017863657159382495
4 42.402163299999984 0.2759068575842334
5 42.402163299999984 0.172401641570121
6 42.40216329999999 0.4515362385133558
7 79.51371233999998 0.017289489216720622
13 135.32212655999996 0.016544155082942522
14 135.32212655999996 0.030448213043538577
16 135.32212655999996 0.02790693493954764

172.58906284115656
3 23.799358559999998 0.030025336149090875
4 42.402163299999984 0.04130867738373732
5 42.402163299999984 0.8193153226170186
6 42.40216329999999 0.18293230952649797
11 79.51371234 0.017678479605770087
12 135.32212655999996 0.012309603010394445
13 135.32212655999996 0.0525482870387861
14 135.32212655999996 0.029283869464624513
15 135.32212655999996 0.012943103825568798
16 135.32212655999996 0.037442172175080626

172.58906284115693
2 23.799358559999998 0.021584441006579996
4 42.402163299999984 0.39797406616408804
5 42.402163299999984 0.2016663396982791
6 42.40216329999999 0.22693679174559023
9 79.51371234 0.01864695203153694
12 135.32212655999996 0.07474365618020642
13 135.32212655999996 0.04470547531042521
15 135.32212655999996 0.026229450337220152
16 135.32212655999996 0.01928692721904871

172.58906284115716
1 23.79935855999999 0.029157915574999152
2 23.799358559999998 0.01737681517663929
4 42.402163299999984 0.02224189391883521
5 42.402163299999984 0.05944856026122168
6 42.40216329999999 0.2756224063897292
8 79.51371234 0.03160580116798227
13 135.32212655999996 0.014699375427429173
14 135.32212655999996 0.011073700576612028
15 135.32212655999996 0.042326804292061475
16 135.32212655999996 0.023971905694024975

172.5890628411576
1 23.79935855999999 0.01140637700121501
2 23.799358559999998 0.01309814256597011
3 23.799358559999998 0.0123434256044184
4 42.402163299999984 0.12935031161333327
5 42.402163299999984 0.5614800502860263
6 42.40216329999999 0.12583030769977038
7 79.51371233999998 0.013887255760717986
10 79.51371234 0.012709747895359901
12 135.32212655999996 0.03479751852103063
14 135.32212655999996 0.05208932659505467
15 135.32212655999996 0.03941674323314248
16 135.32212655999996 0.011189522346820746

175.67246656499762
4 42.402163299999984 0.0784027502772562
5 42.402163299999984 0.7711048940295551
6 42.40216329999999 1.021807065407208

175.67246656499847
1 23.79935855999999 0.024528687961641052
2 23.799358559999998 0.014831636115687358
3 23.799358559999998 0.02370346212097852
4 42.402163299999984 0.24495327590856406
5 42.402163299999984 0.03674283390280574
6 42.40216329999999 0.21582850788775063

175.67246656500097
1 23.79935855999999 0.01855734804914101
2 23.799358559999998 0.028371192616937605
3 23.799358559999998 0.018520765503370732
4 42.402163299999984 0.26037114355524205
6 42.40216329999999 0.12285611977050688

195.50597242264743
4 42.402163299999984 0.049497376670648636
5 42.402163299999984 0.07072827389122885
7 79.51371233999998 0.3125186145854803
8 79.51371234 0.06095659042695369
9 79.51371234 0.040399924236012005
10 79.51371234 0.0972521398121296
11 79.51371234 0.09131399811656377
12 135.32212655999996 0.07664421669675667
13 135.32212655999996 0.14069778606813113
14 135.32212655999996 0.05933999508283867
15 135.32212655999996 0.05497657647574656
16 135.32212655999996 0.03397640571342135

195.50597242264828
5 42.402163299999984 0.026046535347439267
7 79.51371233999998 0.22051972289300992
8 79.51371234 0.4977007360656656
10 79.51371234 0.10519129760025173
11 79.51371234 0.0379789658202674
12 135.32212655999996 0.08845253311615413
13 135.32212655999996 0.021637021799672633
14 135.32212655999996 0.16600474195729964
15 135.32212655999996 0.07749802463224915

195.50597242264917
4 42.402163299999984 0.02692858029074721
5 42.402163299999984 0.021390400519037688
6 42.40216329999999 0.024588556080086574
7 79.51371233999998 0.1308423802460422
8 79.51371234 0.03427204308264441
9 79.51371234 0.018811723206277785
10 79.51371234 0.01860674767187954
11 79.51371234 0.018165438078445097
12 135.32212655999996 0.01227446911935817
13 135.32212655999996 0.15949695152729892
14 135.32212655999996 0.029954747387736864
15 135.32212655999996 0.0512138657306017
16 135.32212655999996 0.31180084232128086

195.50597242264953
4 42.402163299999984 0.023092731216895354
6 42.40216329999999 0.09818021046680755
7 79.51371233999998 0.05495625924549048
8 79.51371234 0.23235122048867696
9 79.51371234 0.11168395606959639
10 79.51371234 0.013890256642380031
11 79.51371234 0.029942802082139567
14 135.32212655999996 0.15093368502205134
15 135.32212655999996 0.1590238271539906
16 135.32212655999996 0.07434399173714897

195.50597242264962
4 42.402163299999984 0.017148352663630136
5 42.402163299999984 0.1260274438565373
6 42.40216329999999 0.06553367134871808
7 79.51371233999998 0.042188544108009374
8 79.51371234 0.12124940216157563
9 79.51371234 0.05474188096896892
10 79.51371234 0.10873762859857908
11 79.51371234 0.0760534912634145
12 135.32212655999996 0.23980243315224975
13 135.32212655999996 0.11672798098445189
14 135.32212655999996 0.011783744697828771
15 135.32212655999996 0.09937085908811259
16 135.32212655999996 0.026260030032151247

200.01743511069247
4 42.402163299999984 0.02805455872925175
5 42.402163299999984 0.029415938468403693
7 79.51371233999998 0.19516288050525454
8 79.51371234 0.2683713212001192
9 79.51371234 0.10674537333742835
10 79.51371234 0.124260338273422
11 79.51371234 0.13314889407174
13 135.32212655999996 0.16303214094597063
15 135.32212655999996 0.058493288917606065
16 135.32212655999996 0.078601730335211

200.01743511069262
4 42.402163299999984 0.09496974104229808
5 42.402163299999984 0.09902570803495972
6 42.40216329999999 0.01192173078138684
7 79.51371233999998 0.187313990288601
8 79.51371234 0.10426367986422243
9 79.51371234 0.12502869413624268
10 79.51371234 0.030539427893504566
11 79.51371234 0.09498338978130791
13 135.32212655999996 0.03446487893180979
14 135.32212655999996 0.1087611216057599
15 135.32212655999996 0.06537871984368479
16 135.32212655999996 0.06506667024420965

200.01743511069313
4 42.402163299999984 0.04846866406690159
5 42.402163299999984 0.06370242055811588
7 79.51371233999998 0.022576092089261226
8 79.51371234 0.039788184660062495
9 79.51371234 0.12157375521171726
10 79.51371234 0.14994104681886672
12 135.32212655999996 0.11195493686422155
13 135.32212655999996 0.0355214171147564
14 135.32212655999996 0.1576309531230452
15 135.32212655999996 0.10799925408614311

200.01743511069319
5 42.402163299999984 0.03745618489162052
6 42.40216329999999 0.04290462881758135
7 79.51371233999998 0.1439003290603579
8 79.51371234 0.012605174492627227
9 79.51371234 0.10815026824830352
10 79.51371234 0.02238536775280067
11 79.51371234 0.0625407536711094
12 135.32212655999996 0.07183383652344474
13 135.32212655999996 0.012252279567219474
15 135.32212655999996 0.02732682523600018
16 135.32212655999996 0.0697254481152398

200.01743511069333
5 42.402163299999984 0.024059304160726606
6 42.40216329999999 0.08102839313975979
7 79.51371233999998 0.15397055373938606
8 79.51371234 0.1569850775110742
9 79.51371234 0.09808629052104172
10 79.51371234 0.017188821621606606
11 79.51371234 0.08027339841441469
12 135.32212655999996 0.04398049198644153
13 135.32212655999996 0.025165612003922727
14 135.32212655999996 0.11626954305810813
16 135.32212655999996 0.026784699460640642

200.0174351106937
4 42.402163299999984 0.06434967527232854
5 42.402163299999984 0.01976414648019733
6 42.40216329999999 0.09473986443981951
7 79.51371233999998 0.03011160404027158
8 79.51371234 0.1281287450525746
9 79.51371234 0.07163740994571248
10 79.51371234 0.01543593129732253
11 79.51371234 0.17166650978334128
12 135.32212655999996 0.09061132311694066
13 135.32212655999996 0.045282673488723744
14 135.32212655999996 0.061220925061346715
15 135.32212655999996 0.044178097096185955
16 135.32212655999996 0.09324235529067794

200.0174351106942
4 42.402163299999984 0.10061731651270539
5 42.402163299999984 0.03484125114731173
6 42.40216329999999 0.07307059560736691
7 79.51371233999998 0.07606442078301891
8 79.51371234 0.20754788884155986
9 79.51371234 0.1342216650422438
10 79.51371234 0.22107348217385225
11 79.51371234 0.1723409171946788
12 135.32212655999996 0.07790548554202945
13 135.32212655999996 0.10805978455692361
14 135.32212655999996 0.01424674364138529
15 135.32212655999996 0.08737712158472817
16 135.32212655999996 0.07512216461503941

204.0602757279166
4 42.402163299999984 0.013962036333628412
5 42.402163299999984 0.020176589926795267
6 42.40216329999999 0.013513356596532048
7 79.51371233999998 0.08364424737916719
8 79.51371234 0.05677094394812801
9 79.51371234 0.1460541686011858
10 79.51371234 0.1881076354910582
11 79.51371234 0.13306738445453742
12 135.32212655999996 0.16955812944602805
13 135.32212655999996 0.05888289765371251
14 135.32212655999996 0.07939051262707597
15 135.32212655999996 0.04369710959227522
16 135.32212655999996 0.09710480885527584

204.06027572791757
4 42.402163299999984 0.04590530901362679
5 42.402163299999984 0.011560114583860345
7 79.51371233999998 0.1273993733424284
9 79.51371234 0.03172256255801277
11 79.51371234 0.11962677783824179
12 135.32212655999996 0.036827558022385784
13 135.32212655999996 0.17199903756907517
14 135.32212655999996 0.09900013128508127
15 135.32212655999996 0.03387249166945838
16 135.32212655999996 0.14790128651188947

204.06027572791842
4 42.402163299999984 0.034122435553660485
7 79.51371233999998 0.032303104729553965
8 79.51371234 0.046120167091331696
9 79.51371234 0.0773690144186227
10 79.51371234 0.20005561857997928
12 135.32212655999996 0.08981972570551008
13 135.32212655999996 0.06486032032928694
14 135.32212655999996 0.11415784292692367
15 135.32212655999996 0.21196488844097874
16 135.32212655999996 0.03750152471306143

