1 0.0 1  0.0 8.581377194738036e-30
1 0.0 2  32.89 0.2961709439617929
1 0.0 3  32.89 0.29617094396179305
1 0.0 4  32.89 0.2961709439617938
1 0.0 5  67.27 0.03557523101374645
1 0.0 6  67.27 0.035575231013745996
1 0.0 7  67.27 0.03557523101374643
1 0.0 8  69.77 6.499864347071133e-31
1 0.0 9  69.77 7.722849990445986e-30
1 0.0 10  69.77 1.0158470010110682e-30
1 0.0 11  69.77 1.0396989088902397e-29
1 0.0 12  69.77 7.840332885369486e-28
1 0.0 13  91.54 7.155007014739285e-31
1 0.0 14  91.54 1.2175565207397161e-30
1 0.0 15  91.54 3.268512674946878e-30
1 0.0 16  91.54 1.3804453052264256e-30
1 0.0 17  91.54 1.096425668121029e-30
1 0.0 18  93.51 1.5023428624636418e-31
1 0.0 19  93.51 3.6218143936773686e-32
1 0.0 20  93.51 3.1179377674572765e-32
1 0.0 21  93.51 8.630167579087192e-31
1 0.0 22  93.51 3.6254170776230024e-32
1 0.0 23  94.14 2.9834586372611895e-30
1 0.0 24  100.16 1.851946143041685e-30
1 0.0 25  100.16 1.059617072396027e-30
1 0.0 26  100.16 1.5759292554215782e-30
1 0.0 27  129.02 2.3888142936029286e-32
1 0.0 28  129.02 2.3926176222327396e-31
1 0.0 29  129.02 3.891708599555558e-32
1 0.0 30  129.02 2.08191742724651e-32
1 0.0 31  129.02 2.698574143120795e-33
1 0.0 32  129.02 8.566508678741232e-33
1 0.0 33  129.02 1.6430376809135973e-32
1 0.0 34  133.43 8.605441923338984e-31
1 0.0 35  133.43 1.9441708964803446e-31
1 0.0 36  133.43 5.365267960199413e-31
1 0.0 37  133.43 4.276562401692199e-31
1 0.0 38  133.43 2.415835786557019e-31
1 0.0 39  134.78 3.512587062781315e-6
1 0.0 40  134.78 3.5125870627808974e-6
1 0.0 41  134.78 3.5125870627814784e-6
1 0.0 42  137.68 1.0664008626625947e-31
1 0.0 43  137.68 1.020161929001063e-31
1 0.0 44  137.68 2.7279496367868735e-32
1 0.0 45  137.68 2.1908947771474403e-32
1 0.0 46  137.68 5.814440676047501e-33
1 0.0 47  139.56 1.3656430078877903e-31
1 0.0 48  144.16 6.854025762915234e-31
1 0.0 49  144.16 1.486311439578264e-31
1 0.0 50  144.16 5.146868613571308e-31
1 0.0 51  144.16 1.3749331925882185e-30
1 0.0 52  144.16 7.819807090819792e-31
1 0.0 53  153.59 9.840080586654748e-33
1 0.0 54  153.59 1.4286070974914865e-32
1 0.0 55  153.59 1.9077017525549402e-31
1 0.0 56  153.59 7.51155819784275e-32
1 0.0 57  153.59 1.4415776212947756e-32
1 0.0 58  153.59 1.335125465843151e-32
1 0.0 59  153.59 2.718427504464824e-32
1 0.0 60  159.12 4.607458270716804e-31
1 0.0 61  159.12 1.468202547452469e-31
1 0.0 62  159.12 1.2138169454034571e-30
1 0.0 63  160.64 6.825089557577231e-32
1 0.0 64  160.64 2.689942375612909e-31
1 0.0 65  160.64 1.6338326676068803e-31
1 0.0 66  160.64 3.1779707867320106e-31
1 0.0 67  160.64 1.359110852778902e-31
1 0.0 68  162.64 3.352028893304705e-31
1 0.0 69  162.64 1.963257488384854e-32
1 0.0 70  162.64 2.2501042111277982e-32
1 0.0 71  162.64 2.5799517564474857e-31
1 0.0 72  162.64 3.0383144339444897e-32
1 0.0 73  162.64 4.226228835832198e-33
1 0.0 74  162.64 1.8950572907157916e-30
1 0.0 75  165.24 0.00030152264819621397
1 0.0 76  165.24 0.00030152264819622497
1 0.0 77  165.24 0.0003015226481962162
1 0.0 78  165.32 4.2488817878628304e-29
1 0.0 79  165.32 4.47313977272978e-29
1 0.0 80  165.32 8.860772667770181e-29
1 0.0 81  165.32 1.2231084999545479e-27
1 0.0 82  165.32 5.08436298380966e-29
1 0.0 83  173.12 0.00015215859167050805
1 0.0 84  173.12 0.00015215859167050746
1 0.0 85  173.12 0.00015215859167051394
1 0.0 86  199.22 2.289150780944594e-33
1 0.0 87  199.22 1.0165481003960032e-33
1 0.0 88  199.22 1.5149858451536876e-33
1 0.0 89  199.22 1.1384582107565774e-33
1 0.0 90  199.22 2.5314768267054695e-33
1 0.0 91  199.22 5.1476948953852384e-33
1 0.0 92  199.22 1.1317699128160282e-33
1 0.0 93  199.22 3.446261213024636e-31
1 0.0 94  199.22 1.4897508822702643e-31
1 0.0 95  199.46 3.8967015372560925e-31
1 0.0 96  199.46 1.7292792942244454e-32
1 0.0 97  199.46 5.080745150011466e-33
1 0.0 98  199.46 9.075904772938661e-31
1 0.0 99  199.46 6.335146440404682e-33
1 0.0 100  200.92 6.187853126437169e-32
2 32.89 2  0.0 1.5376514137591261e-30
2 32.89 3  0.0 2.817144892161922e-31
2 32.89 4  0.0 6.578960691354012e-30
2 32.89 5  34.38 2.8987859474301796e-28
2 32.89 6  34.38 2.6679643941990247e-30
2 32.89 7  34.38 1.9392493127653667e-29
2 32.89 8  36.88 0.06355384465649885
2 32.89 9  36.88 0.06245446905318682
2 32.89 10  36.88 0.06134150149446163
2 32.89 11  36.88 0.04582603977535755
2 32.89 12  36.88 0.0674639936100449
2 32.89 13  58.66 0.004437806766354504
2 32.89 14  58.66 0.017914012628045064
2 32.89 15  58.66 0.018388874038675968
2 32.89 16  58.66 0.024744913973177955
2 32.89 17  58.66 0.009535821283528964
2 32.89 18  60.62 5.472494675682515e-27
2 32.89 19  60.62 2.344356522970809e-29
2 32.89 20  60.62 3.02822759072129e-28
2 32.89 21  60.62 4.874829666495068e-29
2 32.89 22  60.62 2.3532230513163593e-29
2 32.89 23  61.25 0.006518431962083022
2 32.89 24  67.27 0.01958040823182093
2 32.89 25  67.27 0.016776238482905544
2 32.89 26  67.27 0.007078652529241254
2 32.89 27  96.13 2.8352146222908954e-29
2 32.89 28  96.13 1.6085153538017382e-28
2 32.89 29  96.13 3.6715936599175587e-29
2 32.89 30  96.13 6.78646632984473e-29
2 32.89 31  96.13 3.542755058887666e-30
2 32.89 32  96.13 3.0282202253215933e-30
2 32.89 33  96.13 6.726968633515208e-31
2 32.89 34  100.54 0.02204040935816022
2 32.89 35  100.54 0.02176619036094634
2 32.89 36  100.54 0.039049694525331906
2 32.89 37  100.54 0.02960742574966398
2 32.89 38  100.54 0.04834903838117398
2 32.89 39  101.89 4.516427012291155e-29
2 32.89 40  101.89 8.874960321496282e-28
2 32.89 41  101.89 4.0800565096165065e-28
2 32.89 42  104.79 1.0021493928575857e-28
2 32.89 43  104.79 9.337292235633657e-29
2 32.89 44  104.79 1.9865188146445907e-29
2 32.89 45  104.79 5.9276385882679914e-30
2 32.89 46  104.79 1.3733328072175608e-29
2 32.89 47  106.67 0.0009369727834354292
2 32.89 48  111.27 0.008830898571022958
2 32.89 49  111.27 0.014023547079256201
2 32.89 50  111.27 0.00760088969723907
2 32.89 51  111.27 0.01071149981434574
2 32.89 52  111.27 0.002373775329388837
2 32.89 53  120.7 9.439398591640447e-31
2 32.89 54  120.7 2.0180133132870984e-30
2 32.89 55  120.7 3.4899422659584035e-29
2 32.89 56  120.7 8.27384940219733e-30
2 32.89 57  120.7 2.9820519584862335e-31
2 32.89 58  120.7 8.505907344879856e-31
2 32.89 59  120.7 1.437579842688333e-29
2 32.89 60  126.24 0.00011751314236249465
2 32.89 61  126.24 0.0003005473480558038
2 32.89 62  126.24 0.00032517555368986574
2 32.89 63  127.75 0.006702219833814768
2 32.89 64  127.75 0.011163972452722984
2 32.89 65  127.75 0.0029002914078754658
2 32.89 66  127.75 0.014368151143523309
2 32.89 67  127.75 0.01193371611575234
2 32.89 68  129.75 1.2466195828404805e-29
2 32.89 69  129.75 1.5660864320683044e-30
2 32.89 70  129.75 9.8043790589837e-31
2 32.89 71  129.75 5.245229563765526e-29
2 32.89 72  129.75 1.4189382336891298e-28
2 32.89 73  129.75 8.219700829777633e-31
2 32.89 74  129.75 2.32170010029099e-28
2 32.89 75  132.35 1.1516035730118116e-30
2 32.89 76  132.35 7.895798538012397e-31
2 32.89 77  132.35 4.605429816006182e-30
2 32.89 78  132.43 8.92274667318707e-31
2 32.89 79  132.43 8.168724827166213e-30
2 32.89 80  132.43 5.664590028441411e-30
2 32.89 81  132.43 3.119876501751297e-29
2 32.89 82  132.43 1.5014267696680025e-29
2 32.89 83  140.23 6.927417605024667e-30
2 32.89 84  140.23 2.636382904068342e-30
2 32.89 85  140.23 1.9671784597110982e-30
2 32.89 86  166.33 4.8821898858858977e-32
2 32.89 87  166.33 5.351774280950722e-32
2 32.89 88  166.33 2.2851160906887272e-32
2 32.89 89  166.33 1.0518078508980472e-31
2 32.89 90  166.33 6.135032609029022e-32
2 32.89 91  166.33 7.367756706014289e-31
2 32.89 92  166.33 4.302934702351971e-31
2 32.89 93  166.33 5.924523599844062e-31
2 32.89 94  166.33 3.426608842151751e-31
2 32.89 95  166.57 1.0531199942403186e-30
2 32.89 96  166.57 1.86016860166191e-30
2 32.89 97  166.57 3.1236371350144203e-31
2 32.89 98  166.57 1.7653448327150634e-30
2 32.89 99  166.57 5.445058558440636e-32
2 32.89 100  168.03 1.6445313131534464e-5
3 32.89 3  0.0 3.1508381492658465e-31
3 32.89 4  0.0 2.6559455927731274e-30
3 32.89 5  34.38 2.7344153929196324e-28
3 32.89 6  34.38 1.4278315625657436e-30
3 32.89 7  34.38 1.318717017495674e-29
3 32.89 8  36.88 0.041544272566367474
3 32.89 9  36.88 0.06354264567822424
3 32.89 10  36.88 0.07508229979436362
3 32.89 11  36.88 0.06580474991449095
3 32.89 12  36.88 0.05791143655403083
3 32.89 13  58.66 0.018891598554441794
3 32.89 14  58.66 0.023789123667186433
3 32.89 15  58.66 0.004960630137599481
3 32.89 16  58.66 0.01132133936132805
3 32.89 17  58.66 0.01668577671730731
3 32.89 18  60.62 4.0483668287078794e-27
3 32.89 19  60.62 3.873543821121568e-29
3 32.89 20  60.62 1.4324529445269647e-28
3 32.89 21  60.62 9.762353854780693e-29
3 32.89 22  60.62 8.229907595577868e-29
3 32.89 23  61.25 0.006518431962082646
3 32.89 24  67.27 0.01357410539733641
3 32.89 25  67.27 0.011229190441098625
3 32.89 26  67.27 0.019298578609038455
3 32.89 27  96.13 2.955107168732976e-29
3 32.89 28  96.13 1.5781574297873774e-28
3 32.89 29  96.13 3.4334411887077026e-29
3 32.89 30  96.13 3.748213347094234e-29
3 32.89 31  96.13 4.407338576420445e-30
3 32.89 32  96.13 2.6826033051840904e-30
3 32.89 33  96.13 4.694936093418708e-31
3 32.89 34  100.54 0.02983243226082933
3 32.89 35  100.54 0.05243193062142378
3 32.89 36  100.54 0.027410499697892617
3 32.89 37  100.54 0.03163251378331262
3 32.89 38  100.54 0.03436855765984043
3 32.89 39  101.89 7.704801992231894e-29
3 32.89 40  101.89 1.3274098343572523e-27
3 32.89 41  101.89 6.236359088899229e-28
3 32.89 42  104.79 1.4774218017757884e-28
3 32.89 43  104.79 1.087410783323717e-28
3 32.89 44  104.79 1.123671355775341e-29
3 32.89 45  104.79 1.343392246558758e-29
3 32.89 46  104.79 2.9687662005744005e-29
3 32.89 47  106.67 0.0009369727834353236
3 32.89 48  111.27 0.008893548506369111
3 32.89 49  111.27 0.008505267122926211
3 32.89 50  111.27 0.010011896909495525
3 32.89 51  111.27 0.01000890344995928
3 32.89 52  111.27 0.01003478646129048
3 32.89 53  120.7 1.7442711991285865e-30
3 32.89 54  120.7 3.622445831028972e-30
3 32.89 55  120.7 1.3353574351041098e-29
3 32.89 56  120.7 1.1809373614080218e-29
3 32.89 57  120.7 3.361224581216951e-31
3 32.89 58  120.7 1.0198663863336088e-29
3 32.89 59  120.7 8.017609542939285e-30
3 32.89 60  126.24 0.0003659456461584312
3 32.89 61  126.24 0.00022160653430249443
3 32.89 62  126.24 0.00016795345666124678
3 32.89 63  127.75 0.01238020506836504
3 32.89 64  127.75 0.011413258265956173
3 32.89 65  127.75 0.011161526680756977
3 32.89 66  127.75 0.003998994062322316
3 32.89 67  127.75 0.008525951226758756
3 32.89 68  129.75 5.200104378091254e-30
3 32.89 69  129.75 7.723066953892918e-31
3 32.89 70  129.75 1.4997536117796832e-30
3 32.89 71  129.75 6.041691167714917e-29
3 32.89 72  129.75 1.0077101091853541e-28
3 32.89 73  129.75 5.409568278331075e-31
3 32.89 74  129.75 4.381540347630281e-28
3 32.89 75  132.35 2.1803917830494476e-30
3 32.89 76  132.35 2.9768083641124867e-30
3 32.89 77  132.35 6.0675003618232105e-30
3 32.89 78  132.43 1.4983162350956801e-30
3 32.89 79  132.43 5.591281034089075e-30
3 32.89 80  132.43 7.848529947726065e-30
3 32.89 81  132.43 7.835019800967967e-29
3 32.89 82  132.43 2.668417877471548e-29
3 32.89 83  140.23 1.026255641997353e-29
3 32.89 84  140.23 7.684208640101705e-31
3 32.89 85  140.23 1.7446562622731217e-30
3 32.89 86  166.33 2.4353550263774164e-32
3 32.89 87  166.33 4.7096740329900814e-32
3 32.89 88  166.33 3.1729790002793884e-32
3 32.89 89  166.33 6.469740435864899e-32
3 32.89 90  166.33 2.45406237688974e-32
3 32.89 91  166.33 2.876305947789985e-31
3 32.89 92  166.33 3.858976391142977e-31
3 32.89 93  166.33 3.4455438977979386e-31
3 32.89 94  166.33 7.231073741756631e-31
3 32.89 95  166.57 1.089525557631177e-30
3 32.89 96  166.57 6.550676835068925e-31
3 32.89 97  166.57 1.7781265889511545e-31
3 32.89 98  166.57 8.681683133063627e-31
3 32.89 99  166.57 1.8864388602954697e-31
3 32.89 100  168.03 2.9836008009035133e-5
4 32.89 4  0.0 6.2996803298733794e-30
4 32.89 5  34.38 2.828045986709571e-28
4 32.89 6  34.38 2.7745714824903384e-30
4 32.89 7  34.38 2.3059473860148623e-29
4 32.89 8  36.88 0.08997926893457528
4 32.89 9  36.88 0.06030800366737655
4 32.89 10  36.88 0.03312903717355118
4 32.89 11  36.88 0.06498669147661275
4 32.89 12  36.88 0.05433954364710056
4 32.89 13  58.66 0.01919698452127322
4 32.89 14  58.66 0.0043201169813814715
4 32.89 15  58.66 0.026887707924388143
4 32.89 16  58.66 0.004661274062359092
4 32.89 17  58.66 0.016851010812574563
4 32.89 18  60.62 5.8014379140141445e-27
4 32.89 19  60.62 3.4926059916126616e-29
4 32.89 20  60.62 1.128110750741729e-28
4 32.89 21  60.62 7.986215221998369e-29
4 32.89 22  60.62 6.811870310294479e-29
4 32.89 23  61.25 0.006518431962082693
4 32.89 24  67.27 0.008917681376403678
4 32.89 25  67.27 0.014667761590271833
4 32.89 26  67.27 0.019405967948456317
4 32.89 27  96.13 1.2317465263447211e-29
4 32.89 28  96.13 2.0558845254276085e-28
4 32.89 29  96.13 1.3351930986596118e-29
4 32.89 30  96.13 5.6944857591036556e-30
4 32.89 31  96.13 2.658635223403012e-31
4 32.89 32  96.13 1.2167652805292016e-30
4 32.89 33  96.13 4.842009539967987e-31
4 32.89 34  100.54 0.05136817215083922
4 32.89 35  100.54 0.02792621176262239
4 32.89 36  100.54 0.03564514983257823
4 32.89 37  100.54 0.037747964115214
4 32.89 38  100.54 0.018625890136306403
4 32.89 39  101.89 1.1995329995480217e-28
4 32.89 40  101.89 2.191111397195568e-27
4 32.89 41  101.89 1.8799006769576419e-28
4 32.89 42  104.79 2.984783893465281e-28
4 32.89 43  104.79 7.90666105260814e-29
4 32.89 44  104.79 2.4829703795766963e-29
4 32.89 45  104.79 6.543988173167318e-30
4 32.89 46  104.79 2.6277291764687027e-29
4 32.89 47  106.67 0.0009369727834355433
4 32.89 48  111.27 0.009556145187224559
4 32.89 49  111.27 0.00494246350909196
4 32.89 50  111.27 0.011659841988967478
4 32.89 51  111.27 0.0036934639763155325
4 32.89 52  111.27 0.014378398238222179
4 32.89 53  120.7 9.886499212350568e-31
4 32.89 54  120.7 4.279585945442017e-30
4 32.89 55  120.7 1.6042850984578376e-29
4 32.89 56  120.7 4.750730613124139e-30
4 32.89 57  120.7 2.323503967404584e-31
4 32.89 58  120.7 1.2267001501840465e-29
4 32.89 59  120.7 7.418490215848792e-30
4 32.89 60  126.24 0.00024710399948603407
4 32.89 61  126.24 0.00023010111599314968
4 32.89 62  126.24 0.000265376506472074
4 32.89 63  127.75 0.0075263836928444496
4 32.89 64  127.75 0.004606748284729704
4 32.89 65  127.75 0.01372466001825768
4 32.89 66  127.75 0.014270942046162197
4 32.89 67  127.75 0.006835107801266257
4 32.89 68  129.75 2.0130497490210903e-29
4 32.89 69  129.75 1.629107053640588e-30
4 32.89 70  129.75 1.1180094175609138e-30
4 32.89 71  129.75 6.436374142338103e-29
4 32.89 72  129.75 1.1701062428695292e-28
4 32.89 73  129.75 4.916663317169655e-31
4 32.89 74  129.75 2.806886642838795e-28
4 32.89 75  132.35 6.91842505741637e-31
4 32.89 76  132.35 2.200673353667347e-30
4 32.89 77  132.35 1.1405740258671925e-30
4 32.89 78  132.43 1.5729681076058299e-30
4 32.89 79  132.43 3.347681917501981e-30
4 32.89 80  132.43 1.6757408102703212e-29
4 32.89 81  132.43 5.375920430947122e-29
4 32.89 82  132.43 1.013851028670446e-29
4 32.89 83  140.23 4.836822898016052e-30
4 32.89 84  140.23 9.499758469506834e-31
4 32.89 85  140.23 4.153248683853963e-30
4 32.89 86  166.33 1.8443760958100454e-32
4 32.89 87  166.33 4.185383093505739e-32
4 32.89 88  166.33 1.977296593619058e-32
4 32.89 89  166.33 8.909028500748058e-32
4 32.89 90  166.33 2.56450986178357e-32
4 32.89 91  166.33 5.210313612674014e-31
4 32.89 92  166.33 3.990727069757612e-31
4 32.89 93  166.33 9.314990290093221e-31
4 32.89 94  166.33 7.0320531593152465e-31
4 32.89 95  166.57 8.016371316206804e-31
4 32.89 96  166.57 1.5425191746006825e-30
4 32.89 97  166.57 2.6963689988423636e-31
4 32.89 98  166.57 8.747534936857303e-31
4 32.89 99  166.57 9.456033281520676e-32
4 32.89 100  168.03 3.693244703518687e-5
5 67.27 5  0.0 3.699951188215579e-30
5 67.27 6  0.0 8.690250272855947e-30
5 67.27 7  0.0 9.002249692804492e-30
5 67.27 8  2.5 0.0002400049223168636
5 67.27 9  2.5 0.0002753391999212176
5 67.27 10  2.5 0.00019072783975764972
5 67.27 11  2.5 9.391943478308812e-5
5 67.27 12  2.5 0.0002722260114362069
5 67.27 13  24.27 0.03213094936329847
5 67.27 14  24.27 0.09685845162491558
5 67.27 15  24.27 0.050009399240908484
5 67.27 16  24.27 0.0834964713079212
5 67.27 17  24.27 0.05832443401087793
5 67.27 18  26.24 5.244808765044725e-26
5 67.27 19  26.24 5.4263306763048835e-28
5 67.27 20  26.24 1.7415691347654114e-27
5 67.27 21  26.24 6.0950300198437995e-28
5 67.27 22  26.24 6.652949801564495e-28
5 67.27 23  26.87 0.09542124974906181
5 67.27 24  32.89 0.13813301703238315
5 67.27 25  32.89 0.05709482637941406
5 67.27 26  32.89 0.08885337478659903
5 67.27 27  61.75 5.959106810665671e-29
5 67.27 28  61.75 2.787675536114466e-29
5 67.27 29  61.75 4.3563835785822426e-29
5 67.27 30  61.75 6.405983016202766e-29
5 67.27 31  61.75 3.256683951757347e-29
5 67.27 32  61.75 1.315300307882584e-29
5 67.27 33  61.75 2.7904172994449816e-29
5 67.27 34  66.16 0.0036228178582944667
5 67.27 35  66.16 0.008093059775834972
5 67.27 36  66.16 0.012932240299725563
5 67.27 37  66.16 0.009068000957666994
5 67.27 38  66.16 0.004422421755069421
5 67.27 39  67.51 9.32003793001478e-30
5 67.27 40  67.51 2.898972608859724e-28
5 67.27 41  67.51 1.396083906967892e-28
5 67.27 42  70.41 2.080816443659985e-28
5 67.27 43  70.41 7.813808753426075e-29
5 67.27 44  70.41 7.352804997759707e-29
5 67.27 45  70.41 3.593597990299943e-29
5 67.27 46  70.41 1.830103317403114e-28
5 67.27 47  72.29 0.010535591407620776
5 67.27 48  76.89 0.04546698139066275
5 67.27 49  76.89 0.023380739493203198
5 67.27 50  76.89 0.026640749510001022
5 67.27 51  76.89 0.033523680135629494
5 67.27 52  76.89 0.020697633847269505
5 67.27 53  86.32 1.873207738365835e-30
5 67.27 54  86.32 1.801741210609412e-30
5 67.27 55  86.32 1.496318854512697e-29
5 67.27 56  86.32 1.1145869586119133e-29
5 67.27 57  86.32 2.0539921498606754e-31
5 67.27 58  86.32 5.1831751372959735e-30
5 67.27 59  86.32 9.502179528397396e-30
5 67.27 60  91.85 1.432124784979766e-5
5 67.27 61  91.85 8.669052706422275e-6
5 67.27 62  91.85 1.056217837277557e-5
5 67.27 63  93.37 0.005477297667289603
5 67.27 64  93.37 0.017006920970818257
5 67.27 65  93.37 0.004192070660937248
5 67.27 66  93.37 0.006765139915936523
5 67.27 67  93.37 0.0035617314090814088
5 67.27 68  95.37 2.060521479594963e-29
5 67.27 69  95.37 1.662532243512044e-29
5 67.27 70  95.37 4.894414131121938e-30
5 67.27 71  95.37 3.951612211826593e-29
5 67.27 72  95.37 6.179117488653386e-29
5 67.27 73  95.37 4.1117593095293034e-30
5 67.27 74  95.37 4.110467881701062e-28
5 67.27 75  97.97 2.6900152144615293e-30
5 67.27 76  97.97 1.8774846746355034e-30
5 67.27 77  97.97 2.842362866140069e-30
5 67.27 78  98.05 1.741058701554207e-30
5 67.27 79  98.05 3.255908495736579e-30
5 67.27 80  98.05 1.4993047925860323e-29
5 67.27 81  98.05 4.635168875057187e-29
5 67.27 82  98.05 7.57107272976691e-30
5 67.27 83  105.85 1.4769833289965348e-29
5 67.27 84  105.85 5.687306233987578e-30
5 67.27 85  105.85 2.5569671006297282e-30
5 67.27 86  131.95 6.718338089290737e-32
5 67.27 87  131.95 1.174190057315655e-31
5 67.27 88  131.95 3.008492587933423e-32
5 67.27 89  131.95 1.794172216001291e-31
5 67.27 90  131.95 1.3012805687887495e-31
5 67.27 91  131.95 3.1887789801652347e-31
5 67.27 92  131.95 1.2540280555156438e-30
5 67.27 93  131.95 1.1902654412226379e-30
5 67.27 94  131.95 1.2827873726602408e-30
5 67.27 95  132.19 1.8441810326337675e-29
5 67.27 96  132.19 5.267049550343935e-30
5 67.27 97  132.19 4.605163723211058e-30
5 67.27 98  132.19 3.0249979387091815e-30
5 67.27 99  132.19 6.201849561393897e-30
5 67.27 100  133.65 6.737905755501443e-5
6 67.27 6  0.0 1.12358778028152e-30
6 67.27 7  0.0 2.6978846118776892e-30
6 67.27 8  2.5 8.739015158137941e-5
6 67.27 9  2.5 0.0002597164224509759
6 67.27 10  2.5 0.0002071834861085491
6 67.27 11  2.5 0.00029226674537568024
6 67.27 12  2.5 0.00023693826913489814
6 67.27 13  24.27 0.08048474321741465
6 67.27 14  24.27 0.061624492348277445
6 67.27 15  24.27 0.06216100709527013
6 67.27 16  24.27 0.10454179408905945
6 67.27 17  24.27 0.04408859829647953
6 67.27 18  26.24 7.71566577998935e-26
6 67.27 19  26.24 1.3919075369479156e-28
6 67.27 20  26.24 1.3885172099155707e-27
6 67.27 21  26.24 8.850197454151618e-28
6 67.27 22  26.24 2.3090556296523527e-28
6 67.27 23  26.87 0.09542124974907228
6 67.27 24  32.89 0.11604580808900532
6 67.27 25  32.89 0.10313492681774017
6 67.27 26  32.89 0.07300228424410288
6 67.27 27  61.75 9.504322542455797e-30
6 67.27 28  61.75 3.1899523926708794e-29
6 67.27 29  61.75 8.04540557727368e-30
6 67.27 30  61.75 1.660529927626479e-29
6 67.27 31  61.75 2.2270579549510502e-30
6 67.27 32  61.75 2.5233411695045602e-30
6 67.27 33  61.75 1.1587578420549097e-30
6 67.27 34  66.16 0.007321860732467861
6 67.27 35  66.16 0.005527353235756613
6 67.27 36  66.16 0.004027186531290643
6 67.27 37  66.16 0.009863326901855927
6 67.27 38  66.16 0.012416209548146016
6 67.27 39  67.51 2.37954689643016e-29
6 67.27 40  67.51 2.784689452752811e-28
6 67.27 41  67.51 1.2349258178221455e-28
6 67.27 42  70.41 7.887045912964256e-29
6 67.27 43  70.41 1.0632953800584445e-28
6 67.27 44  70.41 1.2613624332312056e-29
6 67.27 45  70.41 2.1313636187548716e-29
6 67.27 46  70.41 6.942333864403024e-29
6 67.27 47  72.29 0.010535591407621704
6 67.27 48  76.89 0.02477969121011911
6 67.27 49  76.89 0.040838675096557114
6 67.27 50  76.89 0.028134664057467104
6 67.27 51  76.89 0.039286342424743964
6 67.27 52  76.89 0.036798076114503184
6 67.27 53  86.32 1.1880086042730464e-30
6 67.27 54  86.32 3.63632042843032e-30
6 67.27 55  86.32 2.7051096584456587e-29
6 67.27 56  86.32 6.580149058144954e-30
6 67.27 57  86.32 6.923764929343784e-31
6 67.27 58  86.32 7.775625850394583e-30
6 67.27 59  86.32 1.5361288326491143e-29
6 67.27 60  91.85 9.334677413871597e-6
6 67.27 61  91.85 1.0479407822291834e-5
6 67.27 62  91.85 1.3922312339575478e-5
6 67.27 63  93.37 0.010341073685589244
6 67.27 64  93.37 0.00111285959631179
6 67.27 65  93.37 0.005121535303014404
6 67.27 66  93.37 0.0065873450356861585
6 67.27 67  93.37 0.013672111193433574
6 67.27 68  95.37 5.1560654476960875e-30
6 67.27 69  95.37 2.2013996049882193e-30
6 67.27 70  95.37 1.563957765917118e-30
6 67.27 71  95.37 4.625901396692281e-29
6 67.27 72  95.37 1.1690261243785575e-28
6 67.27 73  95.37 2.6287353371035606e-30
6 67.27 74  95.37 1.3157709774408603e-28
6 67.27 75  97.97 1.6537397637076207e-30
6 67.27 76  97.97 6.904057252788212e-30
6 67.27 77  97.97 3.967093492748991e-30
6 67.27 78  98.05 9.264466339756329e-31
6 67.27 79  98.05 9.943756090832373e-30
6 67.27 80  98.05 3.965320013078548e-30
6 67.27 81  98.05 8.269644724729166e-29
6 67.27 82  98.05 7.271934911860071e-30
6 67.27 83  105.85 1.6376731196768395e-30
6 67.27 84  105.85 1.2560589148762847e-30
6 67.27 85  105.85 3.603463776500852e-30
6 67.27 86  131.95 4.6735044466505e-32
6 67.27 87  131.95 5.226956032545493e-32
6 67.27 88  131.95 4.5230778247520485e-32
6 67.27 89  131.95 2.1714325018050718e-31
6 67.27 90  131.95 2.873812035215706e-31
6 67.27 91  131.95 4.36328641182188e-31
6 67.27 92  131.95 1.9084397908666564e-30
6 67.27 93  131.95 4.374553387933127e-31
6 67.27 94  131.95 9.308979750030996e-31
6 67.27 95  132.19 1.88214559473076e-30
6 67.27 96  132.19 1.156596442457836e-30
6 67.27 97  132.19 8.323822122931705e-31
6 67.27 98  132.19 1.4562685474073871e-30
6 67.27 99  132.19 1.4434162015314966e-31
6 67.27 100  133.65 6.201609950811197e-5
7 67.27 7  0.0 1.388836744703132e-29
7 67.27 8  2.5 0.0003239036738347345
7 67.27 9  2.5 0.00011392681663365955
7 67.27 10  2.5 0.00025961303021579033
7 67.27 11  2.5 0.00025311786826917224
7 67.27 12  2.5 0.00013627151762829806
7 67.27 13  24.27 0.08461355333120898
7 67.27 14  24.27 0.04392859650558815
7 67.27 15  24.27 0.09014981705997185
7 67.27 16  24.27 0.011794147079119724
7 67.27 17  24.27 0.09611676379322533
7 67.27 18  26.24 6.977403068552786e-26
7 67.27 19  26.24 1.1950737014391933e-28
7 67.27 20  26.24 1.30832478432244e-28
7 67.27 21  26.24 2.8006799230504366e-28
7 67.27 22  26.24 3.5525248076831243e-28
7 67.27 23  26.87 0.0954212497490659
7 67.27 24  32.89 0.030527072198185717
7 67.27 25  32.89 0.12384483221417589
7 67.27 26  32.89 0.1254339193907058
7 67.27 27  61.75 5.665242507867412e-30
7 67.27 28  61.75 5.186408637224033e-29
7 67.27 29  61.75 5.502837748212117e-30
7 67.27 30  61.75 1.0254126373304057e-29
7 67.27 31  61.75 4.328394378683547e-30
7 67.27 32  61.75 3.292132350460362e-30
7 67.27 33  61.75 5.650974538893192e-30
7 67.27 34  66.16 0.012210791206055043
7 67.27 35  66.16 0.0097654722363856
7 67.27 36  66.16 0.00613240152650694
7 67.27 37  66.16 0.004269937727021483
7 67.27 38  66.16 0.006237196015110186
7 67.27 39  67.51 4.047159836466222e-29
7 67.27 40  67.51 5.835587082641394e-28
7 67.27 41  67.51 9.422855165594111e-29
7 67.27 42  70.41 4.397978944670338e-29
7 67.27 43  70.41 4.8729605710197653e-29
7 67.27 44  70.41 3.073782442613898e-29
7 67.27 45  70.41 1.4325488920781363e-29
7 67.27 46  70.41 1.0263450464439342e-28
7 67.27 47  72.29 0.010535591407621895
7 67.27 48  76.89 0.022745025658559945
7 67.27 49  76.89 0.02961222563893647
7 67.27 50  76.89 0.040302752173462714
7 67.27 51  76.89 0.02130814856410725
7 67.27 52  76.89 0.0351794421743277
7 67.27 53  86.32 1.2259083791559206e-30
7 67.27 54  86.32 4.314451883297873e-30
7 67.27 55  86.32 3.646508346878981e-29
7 67.27 56  86.32 1.7068860361023724e-29
7 67.27 57  86.32 4.609967578943813e-31
7 67.27 58  86.32 1.0696724398268462e-29
7 67.27 59  86.32 2.6168013883339516e-30
7 67.27 60  91.85 9.451992785110223e-6
7 67.27 61  91.85 1.5060595993010147e-5
7 67.27 62  91.85 9.046940360769299e-6
7 67.27 63  93.37 0.006833351013976457
7 67.27 64  93.37 0.0041731830662925
7 67.27 65  93.37 0.012760448565784262
7 67.27 66  93.37 0.009296258440991
7 67.27 67  93.37 0.004917186111294053
7 67.27 68  95.37 1.554842668330631e-29
7 67.27 69  95.37 2.3980522684885892e-30
7 67.27 70  95.37 2.441056029125775e-30
7 67.27 71  95.37 4.422252495226526e-29
7 67.27 72  95.37 9.002853934449297e-29
7 67.27 73  95.37 8.293661615535853e-31
7 67.27 74  95.37 2.4642657421374414e-28
7 67.27 75  97.97 1.6101724205326824e-30
7 67.27 76  97.97 3.0275941065510576e-30
7 67.27 77  97.97 4.187057437081621e-30
7 67.27 78  98.05 1.0898272121977258e-30
7 67.27 79  98.05 3.0480940782813172e-30
7 67.27 80  98.05 1.2572969357891e-29
7 67.27 81  98.05 4.9664315445386135e-29
7 67.27 82  98.05 1.0436930296775317e-29
7 67.27 83  105.85 2.6555663933170975e-30
7 67.27 84  105.85 8.95282147617772e-31
7 67.27 85  105.85 1.6433939688814913e-30
7 67.27 86  131.95 3.112784698265161e-32
7 67.27 87  131.95 1.3093916640131495e-31
7 67.27 88  131.95 1.1679932084666023e-31
7 67.27 89  131.95 2.348772923870336e-31
7 67.27 90  131.95 8.27460466583945e-32
7 67.27 91  131.95 1.346068187924469e-30
7 67.27 92  131.95 2.754815408238175e-31
7 67.27 93  131.95 1.0494036013741045e-30
7 67.27 94  131.95 5.7251265418702795e-31
7 67.27 95  132.19 2.75247100846533e-30
7 67.27 96  132.19 3.500756506704465e-30
7 67.27 97  132.19 8.209721273408912e-31
7 67.27 98  132.19 4.1590307522461204e-30
7 67.27 99  132.19 1.8158865602979703e-31
7 67.27 100  133.65 0.00010675951742648604
8 69.77 8  0.0 6.899184332975157e-30
8 69.77 9  0.0 4.682376672643847e-30
8 69.77 10  0.0 9.862030969201854e-30
8 69.77 11  0.0 1.5138468492116023e-30
8 69.77 12  0.0 9.366070505592726e-30
8 69.77 13  21.77 3.773014014705829e-29
8 69.77 14  21.77 7.78956351103379e-29
8 69.77 15  21.77 3.839282701827983e-27
8 69.77 16  21.77 9.760089987964083e-29
8 69.77 17  21.77 2.619516695030685e-29
8 69.77 18  23.73 0.07934492309444355
8 69.77 19  23.73 0.08574893157008173
8 69.77 20  23.73 0.020560899592935757
8 69.77 21  23.73 0.05907059612896115
8 69.77 22  23.73 0.04500598700154662
8 69.77 23  24.37 5.084825665773262e-26
8 69.77 24  30.39 2.588258126422467e-29
8 69.77 25  30.39 1.3487365012347167e-28
8 69.77 26  30.39 3.612420591593382e-30
8 69.77 27  59.24 0.004523305606470275
8 69.77 28  59.24 0.00258828246870092
8 69.77 29  59.24 0.008696858138104495
8 69.77 30  59.24 0.009549042655499619
8 69.77 31  59.24 0.012103465057619934
8 69.77 32  59.24 0.010864068040243634
8 69.77 33  59.24 0.006686091853177032
8 69.77 34  63.66 1.3095933405658812e-28
8 69.77 35  63.66 1.1836930159492294e-29
8 69.77 36  63.66 3.6032750077320687e-29
8 69.77 37  63.66 2.377112280097234e-29
8 69.77 38  63.66 3.842711774559862e-29
8 69.77 39  65.0 0.0012893553298969989
8 69.77 40  65.0 0.0015981486062001849
8 69.77 41  65.0 0.0014909502918748633
8 69.77 42  67.91 0.012955916561956684
8 69.77 43  67.91 0.004230893799539845
8 69.77 44  67.91 0.010369954263022948
8 69.77 45  67.91 0.011911088925169688
8 69.77 46  67.91 0.007300683768350492
8 69.77 47  69.79 5.953764473519186e-30
8 69.77 48  74.38 6.906779263350248e-30
8 69.77 49  74.38 1.0922447587411122e-29
8 69.77 50  74.38 2.4970607521152395e-29
8 69.77 51  74.38 3.86883957658326e-30
8 69.77 52  74.38 1.8992248140420223e-29
8 69.77 53  83.82 2.304000023543494e-30
8 69.77 54  83.82 8.65387101785233e-31
8 69.77 55  83.82 2.343326425914731e-30
8 69.77 56  83.82 2.473657600693961e-30
8 69.77 57  83.82 1.4371189917094479e-30
8 69.77 58  83.82 7.7743820233797036e-31
8 69.77 59  83.82 1.0052072343732116e-30
8 69.77 60  89.35 2.9316226729993528e-30
8 69.77 61  89.35 5.376482638606583e-30
8 69.77 62  89.35 7.191412253300124e-30
8 69.77 63  90.87 5.536614061517824e-30
8 69.77 64  90.87 2.2254611198348723e-29
8 69.77 65  90.87 8.749913963983468e-30
8 69.77 66  90.87 2.6214596437365324e-30
8 69.77 67  90.87 3.1123711730753597e-29
8 69.77 68  92.87 0.0008135527401999509
8 69.77 69  92.87 0.0013533651239172819
8 69.77 70  92.87 0.000938875133640335
8 69.77 71  92.87 0.0002839698633340598
8 69.77 72  92.87 0.0018863554731544199
8 69.77 73  92.87 0.0013143525583729195
8 69.77 74  92.87 0.0007121489602705276
8 69.77 75  95.47 3.6172095469112764e-5
8 69.77 76  95.47 5.263749353977911e-5
8 69.77 77  95.47 2.6829908592320972e-5
8 69.77 78  95.55 0.000398753150026009
8 69.77 79  95.55 0.000680038710759515
8 69.77 80  95.55 0.00020529453182050516
8 69.77 81  95.55 0.0003053545185970327
8 69.77 82  95.55 0.00019631331952449935
8 69.77 83  103.35 0.0003232090674950165
8 69.77 84  103.35 0.0004190986739169173
8 69.77 85  103.35 0.0003261479229897584
8 69.77 86  129.45 6.428882529045524e-30
8 69.77 87  129.45 1.613254526856522e-29
8 69.77 88  129.45 3.889557222354509e-30
8 69.77 89  129.45 1.7741834361019982e-28
8 69.77 90  129.45 4.616534268579243e-29
8 69.77 91  129.45 2.0191346102935672e-28
8 69.77 92  129.45 2.847165948978849e-28
8 69.77 93  129.45 8.501498085233978e-28
8 69.77 94  129.45 1.1689304031413723e-27
8 69.77 95  129.68 0.0011326620049381911
8 69.77 96  129.68 0.0011356895220117889
8 69.77 97  129.68 0.0008167959882154954
8 69.77 98  129.68 0.0012856553045999736
8 69.77 99  129.68 0.001642662942968633
8 69.77 100  131.15 8.306604509174107e-30
9 69.77 9  0.0 3.1151854875101872e-30
9 69.77 10  0.0 9.52651278955439e-31
9 69.77 11  0.0 2.0911187516635655e-30
9 69.77 12  0.0 1.5876069333548964e-30
9 69.77 13  21.77 8.958492675988574e-29
9 69.77 14  21.77 8.753663604933822e-29
9 69.77 15  21.77 4.731885528785649e-27
9 69.77 16  21.77 6.586503826795693e-29
9 69.77 17  21.77 9.816124995375567e-29
9 69.77 18  23.73 0.08480651076655041
9 69.77 19  23.73 0.02560273129018576
9 69.77 20  23.73 0.018298332075413506
9 69.77 21  23.73 0.09659362640269592
9 69.77 22  23.73 0.07405881264942812
9 69.77 23  24.37 5.63207463134558e-26
9 69.77 24  30.39 1.0879326417044217e-28
9 69.77 25  30.39 3.0545334460224016e-28
9 69.77 26  30.39 4.264399288346025e-29
9 69.77 27  59.24 0.01031965592077369
9 69.77 28  59.24 0.009844099669478475
9 69.77 29  59.24 0.007386646554271438
9 69.77 30  59.24 0.001352716317638622
9 69.77 31  59.24 0.00756119254891779
9 69.77 32  59.24 0.0033790937880609443
9 69.77 33  59.24 0.013494116767885783
9 69.77 34  63.66 1.2344887186943244e-28
9 69.77 35  63.66 1.1636601305543553e-29
9 69.77 36  63.66 1.022418118609813e-29
9 69.77 37  63.66 1.475755424998387e-29
9 69.77 38  63.66 2.5977229693558955e-29
9 69.77 39  65.0 0.0014262948611193582
9 69.77 40  65.0 0.0018681179052672894
9 69.77 41  65.0 0.0012843041519913331
9 69.77 42  67.91 0.008099567084469482
9 69.77 43  67.91 0.008557941501081879
9 69.77 44  67.91 0.004327887756824668
9 69.77 45  67.91 0.009542178439971696
9 69.77 46  67.91 0.013022896440187377
9 69.77 47  69.79 2.9668475469026063e-30
9 69.77 48  74.38 8.087742016294998e-30
9 69.77 49  74.38 3.471970503874317e-29
9 69.77 50  74.38 6.236691931480231e-29
9 69.77 51  74.38 1.3289103239601987e-29
9 69.77 52  74.38 2.2321314492961447e-29
9 69.77 53  83.82 1.111263081762036e-30
9 69.77 54  83.82 4.740288522960925e-31
9 69.77 55  83.82 5.504973692835716e-31
9 69.77 56  83.82 9.828853583347785e-31
9 69.77 57  83.82 1.7999510871352775e-30
9 69.77 58  83.82 5.678260750779619e-31
9 69.77 59  83.82 2.9575611284224627e-31
9 69.77 60  89.35 4.0785545867195146e-30
9 69.77 61  89.35 6.412830346621404e-30
9 69.77 62  89.35 1.8183182780936683e-29
9 69.77 63  90.87 4.675375623680306e-30
9 69.77 64  90.87 2.9248002654504314e-29
9 69.77 65  90.87 1.2953087727656763e-29
9 69.77 66  90.87 2.7274898316600414e-30
9 69.77 67  90.87 1.3676853712036435e-29
9 69.77 68  92.87 0.00029033928422779725
9 69.77 69  92.87 0.0009100090470457363
9 69.77 70  92.87 0.0008593453064971976
9 69.77 71  92.87 0.0011765970080000103
9 69.77 72  92.87 0.001057542760430251
9 69.77 73  92.87 0.0008006654384716466
9 69.77 74  92.87 0.0015154969676000004
9 69.77 75  95.47 4.838339601291702e-5
9 69.77 76  95.47 1.2974872970334566e-5
9 69.77 77  95.47 5.43482464397809e-5
9 69.77 78  95.55 0.0002871225710313893
9 69.77 79  95.55 0.0002699625688586629
9 69.77 80  95.55 0.00018150055053775397
9 69.77 81  95.55 0.0003252032164274618
9 69.77 82  95.55 0.0005487621804325089
9 69.77 83  103.35 0.00022691490905911356
9 69.77 84  103.35 0.00036281043724377307
9 69.77 85  103.35 0.0004121702567582966
9 69.77 86  129.45 6.1384559252784774e-30
9 69.77 87  129.45 3.779800539057741e-30
9 69.77 88  129.45 8.591865220801387e-30
9 69.77 89  129.45 6.63062746290591e-29
9 69.77 90  129.45 1.878452284991534e-29
9 69.77 91  129.45 8.7523293598559e-29
9 69.77 92  129.45 2.074152910634033e-28
9 69.77 93  129.45 1.1948259750922871e-27
9 69.77 94  129.45 7.8197131649955745e-28
9 69.77 95  129.68 0.0008341120555921692
9 69.77 96  129.68 0.0005468852965985709
9 69.77 97  129.68 0.002058749026470608
9 69.77 98  129.68 0.002000161478995928
9 69.77 99  129.68 0.00043115227500208563
9 69.77 100  131.15 2.904049275332927e-30
10 69.77 10  0.0 2.987275229278188e-30
10 69.77 11  0.0 3.754361695227914e-30
10 69.77 12  0.0 1.40622429058302e-29
10 69.77 13  21.77 3.217240371375207e-29
10 69.77 14  21.77 4.503565303246936e-29
10 69.77 15  21.77 2.9318008125334653e-27
10 69.77 16  21.77 9.227972758229618e-29
10 69.77 17  21.77 1.3550552214733294e-28
10 69.77 18  23.73 0.05883396446535995
10 69.77 19  23.73 0.08394893686940894
10 69.77 20  23.73 0.02045307440881495
10 69.77 21  23.73 0.08704595145023045
10 69.77 22  23.73 0.04567752004932385
10 69.77 23  24.37 3.864750578266539e-26
10 69.77 24  30.39 5.362346836268189e-29
10 69.77 25  30.39 2.269717682047205e-28
10 69.77 26  30.39 4.892499405868652e-30
10 69.77 27  59.24 0.008333306295350194
10 69.77 28  59.24 0.014621740798579797
10 69.77 29  59.24 0.005554245301632202
10 69.77 30  59.24 0.002765298067013725
10 69.77 31  59.24 0.005251305443972074
10 69.77 32  59.24 0.011699377882620288
10 69.77 33  59.24 0.006014706589441473
10 69.77 34  63.66 1.9081071141243273e-28
