translational analysis ortho
#nmax= 2 NR= 11 Ntheta= 11 Nphi= 11
#jmax= 2 Nalpha= 11 Nphi= 11 Nchi= 11
23.621619601713988
1 92.09423955738453 0.7501843873618114
3 153.4903992623075 0.018709188680982317
4 153.49039926230753 0.02051723638631756

23.621619601714652
1 92.09423955738453 1.2148871593538288
2 153.4903992623075 0.03830163133653537
3 153.4903992623075 0.03272719321185352

23.621619601715224
1 92.09423955738453 0.9010018243052436
2 153.4903992623075 0.019778174153883856
3 153.4903992623075 0.035614663488918674
4 153.49039926230753 0.022778089734943788

39.79748522824341
1 92.09423955738453 0.40858600680584356
3 153.4903992623075 0.03951015217568409
4 153.49039926230753 0.0648075327594213

39.79748522824396
1 92.09423955738453 1.7391413693773792
2 153.4903992623075 0.010185641337590675
3 153.4903992623075 0.12531499261010598

39.79748522824438
1 92.09423955738453 0.3409888181962833
2 153.4903992623075 0.06793686678359763
3 153.4903992623075 0.03347806241946867
4 153.49039926230753 0.07386398366956864

70.96095537812143
1 92.09423955738453 0.9595613598753914
2 153.4903992623075 0.21693168644064312
3 153.4903992623075 0.07317439848712917
4 153.49039926230753 0.14373942099383716
9 214.88655896723057 0.011282295544288336

70.96095537812202
1 92.09423955738453 0.5944667119005351
2 153.4903992623075 0.23768446393483295
3 153.4903992623075 0.26855218744222176
4 153.49039926230753 0.19609131591639986
8 214.8865589672305 0.016314508955943656

70.96095537812236
1 92.09423955738453 0.4060765146763636
2 153.4903992623075 0.15691927217798532
3 153.4903992623075 0.2914178552577516
4 153.49039926230753 0.3208891444205628
7 214.8865589672305 0.026498106982354344

70.96095537812238
1 92.09423955738453 0.207140624577852
2 153.4903992623075 0.2581976519285253
3 153.4903992623075 0.03408443767884234
4 153.49039926230753 0.335133332919247
5 214.8865589672305 0.01668136183063755
7 214.8865589672305 0.012680464143567823

70.96095537812265
1 92.09423955738453 0.44256181845661435
2 153.4903992623075 0.09222989273203822
3 153.4903992623075 0.010470052578354101
4 153.49039926230753 0.04950614870638156

86.43276123356682
2 153.4903992623075 0.6401543218712887
4 153.49039926230753 0.3200771609355899
6 214.8865589672305 0.01590740687724383
8 214.8865589672305 0.015907406877246535

89.38788004027681
1 92.09423955738453 0.08167513107234692
2 153.4903992623075 0.05106268311090943
3 153.4903992623075 0.10925124471261428
4 153.49039926230753 0.09822848093150599
5 214.8865589672305 0.01302098528493928
6 214.8865589672305 0.01078516273978028
8 214.8865589672305 0.011231143127391173
9 214.88655896723057 0.016969922561346606
10 214.88655896723057 0.01337280151788749

89.38788004027721
1 92.09423955738453 0.046344968834634834
2 153.4903992623075 0.3225307718812937
3 153.4903992623075 0.06622643633365119
4 153.49039926230753 0.6463676984121755
5 214.8865589672305 0.013570577100346603
6 214.8865589672305 0.02606765206600221
9 214.88655896723057 0.015131695987754674

89.38788004027798
1 92.09423955738453 0.2815651131353229
2 153.4903992623075 0.021262957955374893
3 153.4903992623075 1.0171809116920303
4 153.49039926230753 0.042338537972708694
5 214.8865589672305 0.016019507192736246
6 214.8865589672305 0.016526351160261677
10 214.88655896723057 0.046101112087409156

95.23685418121468
1 92.09423955738453 0.07006716678769961
2 153.4903992623075 0.1596405180294966
3 153.4903992623075 0.4899761603656888
4 153.49039926230753 0.09388938799016282
6 214.8865589672305 0.021258447621359207
7 214.8865589672305 0.02191164106866888
8 214.8865589672305 0.02697710181078833
9 214.88655896723057 0.048254195238719884

95.23685418121475
1 92.09423955738453 0.110656244012523
2 153.4903992623075 0.331599325690442
3 153.4903992623075 0.06870481551809184
4 153.49039926230753 0.5954592619389426
5 214.8865589672305 0.037019006865968825
8 214.8865589672305 0.022733695187420258

95.23685418121492
1 92.09423955738453 0.033793821133682914
2 153.4903992623075 0.32005827910595214
3 153.4903992623075 0.3249470116449032
4 153.49039926230753 0.15183474118890386
5 214.8865589672305 0.034278878066604075
6 214.8865589672305 0.01751822608770147
7 214.8865589672305 0.05273600377178064
8 214.8865589672305 0.022446068694623452
9 214.88655896723057 0.03692053942749328

95.23685418121566
1 92.09423955738453 0.10960669793400993
2 153.4903992623075 0.3294757557367266
3 153.4903992623075 0.23847437699023505
4 153.49039926230753 0.013146947745681786
5 214.8865589672305 0.04784076364453085
6 214.8865589672305 0.011012804784487374
7 214.8865589672305 0.03537908820755825
8 214.8865589672305 0.029089491219899444
9 214.88655896723057 0.025163644417912502

95.23685418121664
1 92.09423955738453 0.08292775429603508
2 153.4903992623075 0.28939310647141603
3 153.4903992623075 0.09409131486850707
4 153.49039926230753 0.4510912764669682
6 214.8865589672305 0.011015084983330292
7 214.8865589672305 0.06936407669441935
8 214.8865589672305 0.027214189434879844

97.36866064348668
1 92.09423955738453 0.32753387982738197
2 153.4903992623075 0.6941395730182298
3 153.4903992623075 0.027329707712409577
4 153.49039926230753 0.033720612870581236
5 214.8865589672305 0.03267757665259559

97.36866064348678
1 92.09423955738453 1.355212367747296
2 153.4903992623075 0.016053357652483693
3 153.4903992623075 0.05273630709607946
4 153.49039926230753 0.17627680137365123

97.36866064348708
1 92.09423955738453 0.057958019294181956
2 153.4903992623075 0.026060941727633118
3 153.4903992623075 0.4111918286586451
4 153.49039926230753 0.03319819708510695
6 214.8865589672305 0.011009213347344945
8 214.8865589672305 0.02473453468814083
9 214.88655896723057 0.018457797623740915

97.36866064348773
1 92.09423955738453 0.373294957019341
2 153.4903992623075 0.014230834749355175
3 153.4903992623075 0.05439830366592863
4 153.49039926230753 0.30710967948258117
7 214.8865589672305 0.031663249890893114

97.36866064348875
1 92.09423955738453 0.46162628411118545
2 153.4903992623075 0.0533406812557608
3 153.4903992623075 0.1076666750586485
4 153.49039926230753 0.17468733732331002
7 214.8865589672305 0.016187892426092487
9 214.88655896723057 0.01345083027310138

102.33982335503677
1 92.09423955738453 0.09586555119222888
2 153.4903992623075 0.07645820031810696
3 153.4903992623075 0.641994327435134
4 153.49039926230753 0.150294262424549
6 214.8865589672305 0.04324442057404597
8 214.8865589672305 0.03309232221225149
9 214.88655896723057 0.013211663697487105
10 214.88655896723057 0.1305407329264137

102.33982335503693
1 92.09423955738453 0.03094772368497548
2 153.4903992623075 0.09168461109757255
3 153.4903992623075 0.3592306680198313
4 153.49039926230753 0.17973972592391185
6 214.8865589672305 0.038945335668009395
8 214.8865589672305 0.01571726679474693
9 214.88655896723057 0.04190086749803325
10 214.88655896723057 0.042141712867636044

102.33982335503819
2 153.4903992623075 0.23952194484750156
3 153.4903992623075 0.16645217775453758
4 153.49039926230753 0.48495074413928624
5 214.8865589672305 0.05801874865060146
7 214.8865589672305 0.021667864453666055
10 214.88655896723057 0.010837009480525387

106.18848073050415
2 153.4903992623075 0.6506020306164234
4 153.49039926230753 0.3253010153081725

129.98878660010814
2 153.4903992623075 0.4617303273157685
3 153.4903992623075 0.07474542470009339
4 153.49039926230753 0.06428307192055879
5 214.8865589672305 0.09375975688907766
6 214.8865589672305 0.17208078847370784
7 214.8865589672305 0.05901495814194828
8 214.8865589672305 0.020601659320170232
9 214.88655896723057 0.08181172834811798

129.9887866001082
2 153.4903992623075 0.06630663040448043
3 153.4903992623075 0.15073464654133212
4 153.49039926230753 0.3649723975518914
5 214.8865589672305 0.07986604057655884
6 214.8865589672305 0.06975653903184063
7 214.8865589672305 0.14176812092696967
8 214.8865589672305 0.014936200770111544
9 214.88655896723057 0.09958620914005098

129.98878660010874
2 153.4903992623075 0.13150246048014824
3 153.4903992623075 0.18935543403973643
4 153.49039926230753 0.03444315472291164
5 214.8865589672305 0.1669480364963839
6 214.8865589672305 0.07848760797750334
7 214.8865589672305 0.09029665938247472
8 214.8865589672305 0.03420759779361396
9 214.88655896723057 0.067000770011729

129.98878660010905
2 153.4903992623075 0.05551197687374618
4 153.49039926230753 0.3003819325903756
6 214.8865589672305 0.056866333642903874
7 214.8865589672305 0.05105693424593981
8 214.8865589672305 0.11481127211874462
9 214.88655896723057 0.11653942791240854

129.98878660010996
2 153.4903992623075 0.14208068834179938
3 153.4903992623075 0.08773249447512697
4 153.49039926230753 0.4186543381247101
5 214.8865589672305 0.11237717752050831
6 214.8865589672305 0.010593934188066537
7 214.8865589672305 0.024277336448483528
8 214.8865589672305 0.27819568955362134
9 214.88655896723057 0.11260733583087246

129.98878660011053
2 153.4903992623075 0.2978068716696038
3 153.4903992623075 0.330424673615093
4 153.49039926230753 0.1359924017835384
5 214.8865589672305 0.0713629978020509
6 214.8865589672305 0.019390997462673462
7 214.8865589672305 0.030339027424928677
8 214.8865589672305 0.12880833061371408
9 214.88655896723057 0.1032476305568869

129.98878660011073
2 153.4903992623075 0.5434107729079387
3 153.4903992623075 0.19560803049923603
4 153.49039926230753 0.129021917555578
5 214.8865589672305 0.042620350848446106
6 214.8865589672305 0.23024542288319505
7 214.8865589672305 0.06982134993731187
8 214.8865589672305 0.02181508339909731
9 214.88655896723057 0.03316897895608211

136.39412959149203
1 92.09423955738453 0.6863074093274885
2 153.4903992623075 0.07795933597118951
3 153.4903992623075 0.374759329698209
4 153.49039926230753 0.3355560818147114

136.39412959149308
1 92.09423955738453 0.6177309391657331
2 153.4903992623075 0.0451470496350526
3 153.4903992623075 0.2667494104976403
4 153.49039926230753 0.27017687207911867

136.39412959149314
1 92.09423955738453 0.24769617914185038
2 153.4903992623075 0.09695252348155038
3 153.4903992623075 0.42312242979521086

136.39412959149428
1 92.09423955738453 0.2654572164836842
2 153.4903992623075 0.0542852310812298
3 153.4903992623075 0.586897288169398
4 153.49039926230753 0.019565209886275844

136.39412959149462
1 92.09423955738453 0.0955524712722452
2 153.4903992623075 0.08451210672204648
3 153.4903992623075 0.036408458117852684
4 153.49039926230753 0.37019501333738086

137.1226014724377
2 153.4903992623075 0.052995664804607726
3 153.4903992623075 0.09536691114032726
4 153.49039926230753 0.06659119295218463
5 214.8865589672305 0.03456540503608829
7 214.8865589672305 0.018213513893644326
10 214.88655896723057 0.056553482818847645

137.1226014724399
1 92.09423955738453 0.02423626146219953
2 153.4903992623075 0.4965198706510507
3 153.4903992623075 0.036742659897677735
4 153.49039926230753 0.34010524862377056
6 214.8865589672305 0.02941853597129892
8 214.8865589672305 0.03463228588756679
10 214.88655896723057 0.7445745467621849

137.1226014724406
2 153.4903992623075 0.47875019639301253
4 153.49039926230753 0.16373105916046737
6 214.8865589672305 0.031475876388980334
9 214.88655896723057 0.030944336313464844
10 214.88655896723057 0.2232105385576236

147.6380867103428
1 92.09423955738453 0.5515583654445564
3 153.4903992623075 0.1934339035367109
4 153.49039926230753 0.11080732301964316
5 214.8865589672305 0.03353909031853603
6 214.8865589672305 0.04803108874822484
7 214.8865589672305 0.021121628470603487
8 214.8865589672305 0.11171203874667071
9 214.88655896723057 0.12586965962051253

147.63808671034295
1 92.09423955738453 0.019220387536773294
3 153.4903992623075 0.031168260076733557
4 153.49039926230753 0.11509620758397363
6 214.8865589672305 0.055634014657979916
7 214.8865589672305 0.1790745916313724
8 214.8865589672305 0.10651850226628717
9 214.88655896723057 0.09106187423991736

147.63808671034428
1 92.09423955738453 1.325316906423617
3 153.4903992623075 0.32816992327716354
4 153.49039926230753 0.02467868814580603
5 214.8865589672305 0.09354897724302842
6 214.8865589672305 0.012738172880127656
7 214.8865589672305 0.022414606757588967
8 214.8865589672305 0.020697755441291286
9 214.88655896723057 0.013556947506392058

147.6380867103443
1 92.09423955738453 0.08195834440487322
2 153.4903992623075 0.03532853492563264
3 153.4903992623075 0.11163268490115236
4 153.49039926230753 0.1929800620845831
5 214.8865589672305 0.09720007538381355
6 214.8865589672305 0.06459444246917637
7 214.8865589672305 0.2243407771230861
8 214.8865589672305 0.12726801365669882

147.63808671034442
1 92.09423955738453 0.1470405198413363
2 153.4903992623075 0.0576061203568506
3 153.4903992623075 0.11076201978589166
4 153.49039926230753 0.03649616681712453
5 214.8865589672305 0.03959909412433114
6 214.8865589672305 0.013597075980532537
7 214.8865589672305 0.04179484104087728
8 214.8865589672305 0.019806760271006897
9 214.88655896723057 0.11141417764507508

158.83906575659282
2 153.4903992623075 0.022398686319671908
3 153.4903992623075 0.09287244289969539
4 153.49039926230753 0.08311890752341305
5 214.8865589672305 0.027968824682107582
6 214.8865589672305 0.6511143947979847
7 214.8865589672305 0.013473794168720882
8 214.8865589672305 0.10816357462036999
9 214.88655896723057 0.1259499465363768

158.83906575659344
2 153.4903992623075 0.1591381939228137
3 153.4903992623075 0.024063034258190976
5 214.8865589672305 0.07752202742989658
6 214.8865589672305 0.0931203332479053
7 214.8865589672305 0.033148839000924
8 214.8865589672305 0.32395916782200523
9 214.88655896723057 0.29431495395854995

158.83906575659415
3 153.4903992623075 0.019384773114039962
4 153.49039926230753 0.07531078746491793
5 214.8865589672305 0.40649222402931495
7 214.8865589672305 0.20869469001152668
8 214.8865589672305 0.053596290362512095
9 214.88655896723057 0.08495371667136546

161.8020963727785
3 153.4903992623075 0.0709686070066161
4 153.49039926230753 0.16134357665548732
5 214.8865589672305 0.1351346094250326
6 214.8865589672305 0.15548977432539393
7 214.8865589672305 0.14735429871494987
8 214.8865589672305 0.22137166095881322
9 214.88655896723057 0.3101565441145375

161.80209637277883
2 153.4903992623075 0.020490300088556873
3 153.4903992623075 0.11208899009661438
5 214.8865589672305 0.05440969660468291
7 214.8865589672305 0.4341370282510507
8 214.8865589672305 0.01788175882490725
9 214.88655896723057 0.04683592446390803

161.80209637277926
2 153.4903992623075 0.015575847668927192
3 153.4903992623075 0.07665298000858997
4 153.49039926230753 0.07513281431521704
5 214.8865589672305 0.16934132491780943
6 214.8865589672305 0.0396761606162916
7 214.8865589672305 0.05309355044871958
8 214.8865589672305 0.2096460763422637
9 214.88655896723057 0.233830592398967

161.80209637277935
3 153.4903992623075 0.08674141681819729
5 214.8865589672305 0.06354112357732151
6 214.8865589672305 0.03484072328037194
7 214.8865589672305 0.24266178738265282
8 214.8865589672305 0.12422880668430995
9 214.88655896723057 0.06249808659538248

161.80209637277977
2 153.4903992623075 0.055531169842155156
3 153.4903992623075 0.018917864866003203
4 153.49039926230753 0.19582563078637572
5 214.8865589672305 0.3226744865088652
6 214.8865589672305 0.14342623560408715
7 214.8865589672305 0.01333782043283586
8 214.8865589672305 0.16987678826068575
9 214.88655896723057 0.18093782307795764

161.80209637278068
2 153.4903992623075 0.17893954931288017
3 153.4903992623075 0.030169483072908416
4 153.49039926230753 0.01164429810850395
5 214.8865589672305 0.1878211559916437
6 214.8865589672305 0.4967257090277524
7 214.8865589672305 0.06259525762789223
8 214.8865589672305 0.06263244257136646
9 214.88655896723057 0.14724887420159855

161.8020963727809
2 153.4903992623075 0.38937372540787135
4 153.49039926230753 0.028759468672922735
5 214.8865589672305 0.10213258886707471
6 214.8865589672305 0.5784486424757732
7 214.8865589672305 0.044140489566347925
8 214.8865589672305 0.21552471939712559
9 214.88655896723057 0.1090014791670116

166.5468766866485
2 153.4903992623075 0.14940970590010685
4 153.49039926230753 0.02582897168164386
6 214.8865589672305 0.05122948885244363
8 214.8865589672305 0.04438848664541452
9 214.88655896723057 0.08332083509175177
10 214.88655896723057 0.48384969778336817

166.54687668665002
2 153.4903992623075 0.05791768278813253
3 153.4903992623075 0.018477400274205254
4 153.49039926230753 0.04467753024746131
5 214.8865589672305 0.031152142076629582
6 214.8865589672305 0.07882895558099033
7 214.8865589672305 0.015362196557045899
8 214.8865589672305 0.04626735116161504
9 214.88655896723057 0.026729842484831484
10 214.88655896723057 0.9757625452497772

166.5468766866509
2 153.4903992623075 0.012320831611610423
4 153.49039926230753 0.056868802537916284
5 214.8865589672305 0.07637198967340034
6 214.8865589672305 0.04322233797661947
7 214.8865589672305 0.03854432425696578
8 214.8865589672305 0.021505362576756636
10 214.88655896723057 0.6261454797647193

167.72775435152715
2 153.4903992623075 0.17755887940013665
3 153.4903992623075 0.06216095665026217
4 153.49039926230753 0.057904845880063366
5 214.8865589672305 0.013438212317121162
10 214.88655896723057 0.27909424090377105

167.7277543515282
2 153.4903992623075 0.18327462055345317
3 153.4903992623075 0.059900702151375176
4 153.49039926230753 0.10548049064004271
10 214.88655896723057 0.5542520383282914

167.7277543515288
1 92.09423955738453 0.01613059004448565
2 153.4903992623075 0.27746922921637035
3 153.4903992623075 0.02119046667536162
4 153.49039926230753 0.20289047836184576
10 214.88655896723057 0.9250812054993267

168.70098510559
2 153.4903992623075 0.06297255560834686
4 153.49039926230753 0.07982289404300318
6 214.8865589672305 0.029486095078622827
7 214.8865589672305 0.21841137336565258
8 214.8865589672305 0.05878427470240244
9 214.88655896723057 0.07569248874465866

168.70098510559097
1 92.09423955738453 0.06541878456126804
2 153.4903992623075 0.10803841289061808
4 153.49039926230753 0.10043282027125866
5 214.8865589672305 0.3217970888312539
6 214.8865589672305 0.061507630063778754
7 214.8865589672305 0.06907117528288817
8 214.8865589672305 0.12333249491444846
9 214.88655896723057 0.14343159874638345

168.7009851055914
1 92.09423955738453 0.3186346754666446
2 153.4903992623075 0.021874748375001026
3 153.4903992623075 0.6266760273448193
4 153.49039926230753 0.07643284094983649
5 214.8865589672305 0.07481711653502654
6 214.8865589672305 0.0519822989470001
7 214.8865589672305 0.19865871354145645
8 214.8865589672305 0.10345941952009177
9 214.88655896723057 0.030665245111826757
10 214.88655896723057 0.017007490142677245

168.70098510559149
1 92.09423955738453 0.03841882419038164
2 153.4903992623075 0.04098195296101953
3 153.4903992623075 0.023774203769993354
4 153.49039926230753 0.09264589438693582
5 214.8865589672305 0.04078541377576177
7 214.8865589672305 0.3009790631196122
8 214.8865589672305 0.01985026408974207
9 214.88655896723057 0.1384774106215509

168.70098510559183
1 92.09423955738453 0.19274865544400155
2 153.4903992623075 0.033114579719861134
3 153.4903992623075 0.1485473714806685
4 153.49039926230753 0.2380723634649584
5 214.8865589672305 0.07857950894580935
6 214.8865589672305 0.1274351846239683
8 214.8865589672305 0.25530736006373245
9 214.88655896723057 0.18201423400812647
10 214.88655896723057 0.010288179880848883

168.9133679825126
2 153.4903992623075 0.5775700631460374
3 153.4903992623075 0.01655090439200512
4 153.49039926230753 0.025579431975982864
5 214.8865589672305 0.06478093438268909
6 214.8865589672305 0.16503220014857423
7 214.8865589672305 0.10435639251073575
8 214.8865589672305 0.2721485355271141
9 214.88655896723057 0.05237318108944

168.91336798251294
2 153.4903992623075 0.034416924191972585
4 153.49039926230753 0.16821468744861207
5 214.8865589672305 0.030635571447549644
6 214.8865589672305 0.19966845810794973
7 214.8865589672305 0.04344866678366006
8 214.8865589672305 0.32809863702517855
9 214.88655896723057 0.015854528436900415

168.91336798251317
2 153.4903992623075 0.01818509125330179
3 153.4903992623075 0.3880450281302015
4 153.49039926230753 0.11851248464338557
5 214.8865589672305 0.08402822725117692
7 214.8865589672305 0.05901583211349955
8 214.8865589672305 0.011691809169741198
9 214.88655896723057 0.04831372003040922

168.91336798251322
2 153.4903992623075 0.08172754287753074
3 153.4903992623075 0.327764109244994
4 153.49039926230753 0.06980088655525823
5 214.8865589672305 0.06336825052404196
6 214.8865589672305 0.13336277042112638
7 214.8865589672305 0.16638943220897137
9 214.88655896723057 0.025318453730343478

168.91336798251325
2 153.4903992623075 0.3426019053355039
3 153.4903992623075 0.03635926656175597
4 153.49039926230753 0.2112484281516382
5 214.8865589672305 0.030030884726877493
6 214.8865589672305 0.27701002108565487
7 214.8865589672305 0.04348294944422663
8 214.8865589672305 0.05408626617939674
9 214.88655896723057 0.36031005952343975

168.91336798251444
3 153.4903992623075 0.019448492797128188
4 153.49039926230753 0.03176448778430009
5 214.8865589672305 0.41531497506311343
6 214.8865589672305 0.09200533143578583
7 214.8865589672305 0.11862031490796304
8 214.8865589672305 0.14902237016954675
9 214.88655896723057 0.027392716455129987

168.9133679825155
2 153.4903992623075 0.1760492435248692
4 153.49039926230753 0.3468953815540012
5 214.8865589672305 0.09479342178649684
6 214.8865589672305 0.18813733601820867
7 214.8865589672305 0.09008398698516434
8 214.8865589672305 0.012021257991604199
9 214.88655896723057 0.3154740790855772

172.58906284115508
2 153.4903992623075 0.02863328930416461
3 153.4903992623075 0.13423276085238361
4 153.49039926230753 0.05313313027051658
5 214.8865589672305 0.18674410629561525
6 214.8865589672305 0.11723739770657708
7 214.8865589672305 0.6898244230569238
8 214.8865589672305 0.19269643410722584

172.58906284115656
2 153.4903992623075 0.04105033233962723
4 153.49039926230753 0.03675810745587664
5 214.8865589672305 0.4631932851043827
6 214.8865589672305 0.02067184546449656
8 214.8865589672305 0.08864827660267335
9 214.88655896723057 0.02640187296871713

172.58906284115693
3 153.4903992623075 0.048793617312770425
4 153.49039926230753 0.09959744212791596
5 214.8865589672305 0.040244595650754736
6 214.8865589672305 0.08495226303281586
7 214.8865589672305 0.19080518060974289
8 214.8865589672305 0.2409711446910637
9 214.88655896723057 0.4963998455241815

172.58906284115716
2 153.4903992623075 0.019997600785552853
3 153.4903992623075 0.2423927407549405
4 153.49039926230753 0.01567637804562498
5 214.8865589672305 0.0909143903489057
6 214.8865589672305 0.055554496827099425
7 214.8865589672305 0.02277685984020625
8 214.8865589672305 0.01618187996315281
9 214.88655896723057 0.15631245511316538

172.5890628411576
2 153.4903992623075 0.02068368078774552
3 153.4903992623075 0.017492333415588257
4 153.49039926230753 0.0697224105830075
5 214.8865589672305 0.015794599771069253
6 214.8865589672305 0.1290870774498573
7 214.8865589672305 0.36273416091026534
8 214.8865589672305 0.2918375771831904
9 214.88655896723057 0.12626551540554196

175.67246656499762
4 153.49039926230753 0.02359328608090425
5 214.8865589672305 0.12986214855282346
7 214.8865589672305 0.0854455491953345
8 214.8865589672305 0.20799148353075178
9 214.88655896723057 0.29755394129451024
10 214.88655896723057 0.03465547935734014

175.67246656499847
2 153.4903992623075 0.02276239041320704
3 153.4903992623075 0.025505064143262816
4 153.49039926230753 0.01592314914822792
5 214.8865589672305 0.2244478070118146
6 214.8865589672305 0.2636064452246161
7 214.8865589672305 0.0961772068007129
8 214.8865589672305 0.07965658253325328
9 214.88655896723057 0.1098767363966553
10 214.88655896723057 0.15159854156986768

175.67246656500097
2 153.4903992623075 0.01312914813125702
3 153.4903992623075 0.0414936841378575
4 153.49039926230753 0.012355858568293333
5 214.8865589672305 0.11203066178530766
6 214.8865589672305 0.4332658434726281
7 214.8865589672305 0.047337786226280765
8 214.8865589672305 0.17866395968196944
9 214.88655896723057 0.0684688799006411
10 214.88655896723057 0.3141041403052605

195.50597242264743
1 92.09423955738453 0.010381086870240523
3 153.4903992623075 0.6791360584834829
4 153.49039926230753 0.04819953586535382
7 214.8865589672305 0.13931285457355358
8 214.8865589672305 0.08862377512423779
9 214.88655896723057 0.01924528230583311
10 214.88655896723057 0.4854900184552931

195.50597242264828
2 153.4903992623075 0.01723776296069306
3 153.4903992623075 0.05869798146630598
4 153.49039926230753 0.3812836679741916
6 214.8865589672305 0.09586526156929394
7 214.8865589672305 0.046675193311588606
8 214.8865589672305 0.16415713838370724
9 214.88655896723057 0.16151985127384583
10 214.88655896723057 0.0577596775704858

195.50597242264917
2 153.4903992623075 0.13046692334880716
3 153.4903992623075 0.03178485579733486
4 153.49039926230753 0.17250741866533256
5 214.8865589672305 0.03053773344810061
7 214.8865589672305 0.040544107946102644
8 214.8865589672305 0.03349784257455875
9 214.88655896723057 0.08244731939024176
10 214.88655896723057 0.03721722526885645

195.50597242264953
2 153.4903992623075 0.013007302677821644
3 153.4903992623075 0.13773701049076698
4 153.49039926230753 0.08682727268470947
5 214.8865589672305 0.11434927742894781
6 214.8865589672305 0.08676799500434554
7 214.8865589672305 0.10232342619958207
8 214.8865589672305 0.053962592784519356
9 214.88655896723057 0.028649751710020342
10 214.88655896723057 0.38947866050222374

195.50597242264962
2 153.4903992623075 0.02161121034051571
3 153.4903992623075 0.33547669195926794
4 153.49039926230753 0.09768888405822233
5 214.8865589672305 0.11083217849078017
7 214.8865589672305 0.09227576361000844
8 214.8865589672305 0.05068859907174042
9 214.88655896723057 0.014858766005024435
10 214.88655896723057 0.24058623600009943

200.01743511069247
2 153.4903992623075 0.1498133134292369
3 153.4903992623075 0.06500330670596152
4 153.49039926230753 0.24241009684849557
5 214.8865589672305 0.18121271613878176
6 214.8865589672305 0.1646321013418965
7 214.8865589672305 0.1928009520662058
8 214.8865589672305 0.04388945163072078
9 214.88655896723057 0.013513825016512781

200.01743511069262
2 153.4903992623075 0.08368628201782535
3 153.4903992623075 0.18671436803549626
4 153.49039926230753 0.06091997319851736
5 214.8865589672305 0.1168788860404947
6 214.8865589672305 0.14295524558693645
7 214.8865589672305 0.17264912361289053
8 214.8865589672305 0.3902466499867869
9 214.88655896723057 0.06843129516005135

200.01743511069313
2 153.4903992623075 0.05036833137885329
3 153.4903992623075 0.15437338378344864
5 214.8865589672305 0.0204436602441005
7 214.8865589672305 0.2442970106372334
8 214.8865589672305 0.16669256498346574
9 214.88655896723057 0.15925257145474606

200.01743511069319
2 153.4903992623075 0.015673854876858018
3 153.4903992623075 0.023527816946556583
4 153.49039926230753 0.02513174984419661
5 214.8865589672305 0.03475191028717675
6 214.8865589672305 0.031064454892911524
7 214.8865589672305 0.04715049661569083
8 214.8865589672305 0.05023022675742704
9 214.88655896723057 0.43005267677481535

200.01743511069333
2 153.4903992623075 0.1557431459870722
3 153.4903992623075 0.023955953005168985
4 153.49039926230753 0.021811181622057422
5 214.8865589672305 0.15059818315883566
6 214.8865589672305 0.10584908767295986
7 214.8865589672305 0.3258287281872329
8 214.8865589672305 0.06945647281326395
9 214.88655896723057 0.18867987781042872

200.0174351106937
2 153.4903992623075 0.015421343772180199
3 153.4903992623075 0.08362723286188997
4 153.49039926230753 0.12993041090420657
5 214.8865589672305 0.08930835252430305
6 214.8865589672305 0.04235222581006646
7 214.8865589672305 0.028561885242368298
8 214.8865589672305 0.06701504855192165
9 214.88655896723057 0.12476343545675786

200.0174351106942
2 153.4903992623075 0.33409485247947024
3 153.4903992623075 0.016330538423601437
4 153.49039926230753 0.20947344551892644
5 214.8865589672305 0.40708498281593836
6 214.8865589672305 0.021214270933436485
7 214.8865589672305 0.4007811072486333
8 214.8865589672305 0.11958845889610084
9 214.88655896723057 0.0514278095379663

204.0602757279166
2 153.4903992623075 0.14011999839735903
3 153.4903992623075 0.04133917816453609
4 153.49039926230753 0.16843010493241192
5 214.8865589672305 0.1271324114440542
6 214.8865589672305 0.19680029268541355
7 214.8865589672305 0.04175286834495957
8 214.8865589672305 0.04080173299966354
9 214.88655896723057 0.1282967814482729
10 214.88655896723057 0.06110789895449805

204.06027572791757
2 153.4903992623075 0.5347021335748164
3 153.4903992623075 0.031837945675080775
4 153.49039926230753 0.10758133535977867
5 214.8865589672305 0.21960542491053833
6 214.8865589672305 0.03917722814151915
7 214.8865589672305 0.032263036225579425
8 214.8865589672305 0.02635934279944395
9 214.88655896723057 0.04602098814280337
10 214.88655896723057 0.06040421728491554

204.06027572791842
2 153.4903992623075 0.2032778151803576
3 153.4903992623075 0.040129669492368056
4 153.49039926230753 0.21762410502602544
5 214.8865589672305 0.09179130864334528
6 214.8865589672305 0.18383679236753953
7 214.8865589672305 0.01999325559582819
8 214.8865589672305 0.022216618044718923
9 214.88655896723057 0.07978192900844379
10 214.88655896723057 0.08727187806057353

