translational analysis para
#nmax= 2 NR= 11 Ntheta= 11 Nphi= 11
#jmax= 2 Nalpha= 11 Nphi= 11 Nchi= 11
0.0
1 92.09423955738453 0.9374689377126741
2 153.4903992623075 0.020045062983206626
3 153.4903992623075 0.020045062983206477
4 153.49039926230753 0.020045062983206796

32.888566253037844
1 92.09423955738453 1.0629643711804817
2 153.4903992623075 0.12868879364177185
3 153.4903992623075 0.0493296376387171

32.88856625303896
1 92.09423955738453 0.11377805691400891
3 153.4903992623075 0.14351442228072558

32.8885662530396
1 92.09423955738453 1.1617151788493678
2 153.4903992623075 0.018840861911976495
3 153.4903992623075 0.04884629018650062
4 153.49039926230753 0.22825934799049985

67.26956359304411
1 92.09423955738453 0.03438341393306144
2 153.4903992623075 0.45977848549605826
3 153.4903992623075 0.07054260198730782
4 153.49039926230753 0.2424845839709389
5 214.8865589672305 0.011940276955723533
9 214.88655896723057 0.019810115063700673

67.26956359304447
1 92.09423955738453 0.23125841396602867
2 153.4903992623075 0.32521109671685366
3 153.4903992623075 0.09155795745211785
4 153.49039926230753 0.33502795026659726
6 214.8865589672305 0.02685940844736501
8 214.8865589672305 0.013146448678531656

67.26956359304513
1 92.09423955738453 0.3689375212285654
2 153.4903992623075 0.03590334114910721
3 153.4903992623075 0.5536105006650534
4 153.49039926230753 0.08229241580867654
5 214.8865589672305 0.01685090304369552
7 214.8865589672305 0.021649290604576446
10 214.88655896723057 0.014237894597551704

69.7719913477027
1 92.09423955738453 0.20810869757348208
3 153.4903992623075 0.1781027796114993
4 153.49039926230753 0.027016990454328097

69.77199134770319
1 92.09423955738453 0.21532352907785515
2 153.4903992623075 0.05704207895847492
4 153.49039926230753 0.010832193476186506

69.77199134770319
1 92.09423955738453 0.28656158364302253
2 153.4903992623075 0.10373370795844744
3 153.4903992623075 0.0765603546388215

69.77199134770338
3 153.4903992623075 0.013246587258274307
4 153.49039926230753 0.14016813119688265
9 214.88655896723057 0.01762298744619795

69.77199134770343
1 92.09423955738453 0.2614474531542585
2 153.4903992623075 0.0623458449511264
3 153.4903992623075 0.02581968231276923
4 153.49039926230753 0.033517030229369735

91.54360306142793
1 92.09423955738453 0.04343040957081065
2 153.4903992623075 0.04903240333619733
3 153.4903992623075 0.03260252465936054
4 153.49039926230753 0.6399942405864242
5 214.8865589672305 0.01507645047421009
7 214.8865589672305 0.030783265254712477
8 214.8865589672305 0.019188529409789306
9 214.88655896723057 0.12450955920415209

91.54360306142827
1 92.09423955738453 0.17009272167247316
2 153.4903992623075 0.14447740632074452
3 153.4903992623075 0.08185818576049447
4 153.49039926230753 0.018397373105973558
5 214.8865589672305 0.030563741542440022
7 214.8865589672305 0.027350650605361796
8 214.8865589672305 0.06346639157051608

91.54360306142837
1 92.09423955738453 0.12329233511252999
2 153.4903992623075 0.7121961330450532
3 153.4903992623075 0.019146651263858623
4 153.49039926230753 0.11448120191335683
5 214.8865589672305 0.04351061839352786
6 214.8865589672305 0.06387515819541426
7 214.8865589672305 0.011305672436540822
8 214.8865589672305 0.05676797796242268
9 214.88655896723057 0.022790215518172754

91.54360306142891
1 92.09423955738453 0.3784786743875196
2 153.4903992623075 0.0479031365782311
3 153.4903992623075 0.22854868997333266
4 153.49039926230753 0.15238679618471268
5 214.8865589672305 0.03082536457786211
6 214.8865589672305 0.08065255395444067
9 214.88655896723057 0.03294237450634856

91.54360306142901
1 92.09423955738453 0.048150479479993305
2 153.4903992623075 0.03139784005958135
3 153.4903992623075 0.7498524143300759
4 153.49039926230753 0.1748992479071001
5 214.8865589672305 0.023658644383270214
6 214.8865589672305 0.020767230231101493
7 214.8865589672305 0.13071983034600113
8 214.8865589672305 0.03959969256886096
9 214.88655896723057 0.019770044262605695

93.50687094278314
1 92.09423955738453 2.6347684039389234
3 153.4903992623075 0.14980527857873133
4 153.49039926230753 0.01271136079259392

93.50687094278359
1 92.09423955738453 1.3219720667742345
3 153.4903992623075 0.022325762985449332
4 153.49039926230753 0.03385012307006344

93.50687094278362
1 92.09423955738453 0.0689547591403848
4 153.49039926230753 0.015602108441795815

93.50687094278462
1 92.09423955738453 0.05327422166744638
2 153.4903992623075 0.012414786251334901
4 153.49039926230753 0.029003430695746055

93.50687094278561
1 92.09423955738453 0.14608514960008862
2 153.4903992623075 0.01682104051881128
3 153.4903992623075 0.015586060202390001
4 153.49039926230753 0.04119699280464726

94.14295499816566
1 92.09423955738453 0.05474613709231765
2 153.4903992623075 0.2278145054127707
3 153.4903992623075 0.22781450541300166
4 153.49039926230753 0.22781450541276357
10 214.88655896723057 0.23062269284892484

100.16219336894089
2 153.4903992623075 0.37836805574393506
3 153.4903992623075 0.1849084536372422
4 153.49039926230753 0.12545692600157043

100.16219336894106
2 153.4903992623075 0.14222780786387637
3 153.4903992623075 0.49830494697441935
4 153.49039926230753 0.7831675470607454
9 214.88655896723057 0.01218549087207577

100.16219336894163
2 153.4903992623075 0.40263500804561797
3 153.4903992623075 0.29908343579956187
4 153.49039926230753 0.04504132694996392

129.01569817031523
2 153.4903992623075 0.09187962740567981
3 153.4903992623075 0.02544385580702219
4 153.49039926230753 0.04138579259078226
6 214.8865589672305 0.0759807337790979
7 214.8865589672305 0.016841543963350837
8 214.8865589672305 0.1017046444394758

129.01569817031583
2 153.4903992623075 0.08979415105845853
4 153.49039926230753 0.10473422519500819
5 214.8865589672305 0.06446000710403865
7 214.8865589672305 0.016001783900466894
9 214.88655896723057 0.06134702085334308

129.01569817031688
2 153.4903992623075 0.028971795393055014
3 153.4903992623075 0.11334599481911646
4 153.49039926230753 0.051925165945829875
5 214.8865589672305 0.03584824185692933
7 214.8865589672305 0.042434737603060504
8 214.8865589672305 0.02516295445400542
9 214.88655896723057 0.027326795154074414

129.01569817031688
2 153.4903992623075 0.08454320669404225
3 153.4903992623075 0.06663359323211593
4 153.49039926230753 0.06464034411552902
6 214.8865589672305 0.023008808897912868
7 214.8865589672305 0.06515741050683482
8 214.8865589672305 0.015399715138362986
9 214.88655896723057 0.026578707667247747

129.01569817031688
2 153.4903992623075 0.047107696022753595
3 153.4903992623075 0.016073224936685195
4 153.49039926230753 0.06632979712305823
5 214.8865589672305 0.050461019063139156
6 214.8865589672305 0.02068963153445934
7 214.8865589672305 0.015844774004019818
8 214.8865589672305 0.05708122111755111

129.015698170317
2 153.4903992623075 0.07988411134819992
3 153.4903992623075 0.25064388127946075
4 153.49039926230753 0.01602530594869422
5 214.8865589672305 0.035829390853504735
6 214.8865589672305 0.015344538572383286
7 214.8865589672305 0.02819721720855479
8 214.8865589672305 0.022674293150442292
9 214.88655896723057 0.019907410960952093

129.01569817031728
2 153.4903992623075 0.05072731518135366
3 153.4903992623075 0.013438499378816164
4 153.49039926230753 0.06543171320235922
5 214.8865589672305 0.09944203560477738
6 214.8865589672305 0.023460879554782745
7 214.8865589672305 0.03363194299445717
8 214.8865589672305 0.03667417882349495
9 214.88655896723057 0.036274615440501916

133.42917621531944
1 92.09423955738453 0.42255071118788295
3 153.4903992623075 0.10155820518517908
5 214.8865589672305 0.04015854093064342
6 214.8865589672305 0.15584032066682424
7 214.8865589672305 0.11349201123755936
8 214.8865589672305 0.09336237067191314
9 214.88655896723057 0.05057415812333288

133.42917621532044
1 92.09423955738453 0.3885255548084066
3 153.4903992623075 0.05979015641252963
4 153.49039926230753 0.07869709002153367
5 214.8865589672305 0.17991788210750265
6 214.8865589672305 0.018841619339212225
7 214.8865589672305 0.013341027842919007
8 214.8865589672305 0.08798052583295499
9 214.88655896723057 0.1647961723920668

133.42917621532084
1 92.09423955738453 1.0589723727906604
3 153.4903992623075 0.087915234416754
4 153.49039926230753 0.015675605274013935
5 214.8865589672305 0.03440910247970611
6 214.8865589672305 0.1863123351322893
7 214.8865589672305 0.09353073246009162
8 214.8865589672305 0.06694707229788424
9 214.88655896723057 0.01808881588411692

133.42917621532087
1 92.09423955738453 0.8103286313938011
3 153.4903992623075 0.08977671307260325
4 153.49039926230753 0.09979217144577997
5 214.8865589672305 0.1312264659738196
6 214.8865589672305 0.016117132881923776
7 214.8865589672305 0.08635296387565573
8 214.8865589672305 0.012149717376842891
9 214.88655896723057 0.21187788373262711

133.42917621532274
1 92.09423955738453 0.24179327048981175
2 153.4903992623075 0.017843074252627735
3 153.4903992623075 0.02039700724612666
4 153.49039926230753 0.058931672323039246
5 214.8865589672305 0.03845300142103662
6 214.8865589672305 0.03341499993518854
7 214.8865589672305 0.20654013405337304
8 214.8865589672305 0.1437844819577939
9 214.88655896723057 0.05210216976601978

134.77559880656554
1 92.09423955738453 0.04163582130275086
2 153.4903992623075 0.027680538672769196
3 153.4903992623075 0.11834272447375542
4 153.49039926230753 0.023564192554831016
10 214.88655896723057 0.23369596264714598

134.77559880656744
2 153.4903992623075 0.1673323478405816
3 153.4903992623075 0.09694053191913601
4 153.49039926230753 0.07327715485891251

134.7755988065676
2 153.4903992623075 0.05151824726791269
3 153.4903992623075 0.036968275622037465
4 153.49039926230753 0.06459840552503637
10 214.88655896723057 0.020194223415654605

137.6820506562064
1 92.09423955738453 0.09367451314262132
2 153.4903992623075 0.06560466550689044
3 153.4903992623075 0.032378270625965655
7 214.8865589672305 0.04073071651574435
8 214.8865589672305 0.0328569651107585
10 214.88655896723057 0.010863414232779572

137.6820506562071
1 92.09423955738453 0.03363920246452168
2 153.4903992623075 0.02087966758383767
3 153.4903992623075 0.017008045584546817
4 153.49039926230753 0.03965670186311312
9 214.88655896723057 0.043832894148202656

137.68205065620836
1 92.09423955738453 0.15630706241904152
2 153.4903992623075 0.15724766963947523
3 153.4903992623075 0.05134653204319791
4 153.49039926230753 0.055367192907261276
5 214.8865589672305 0.01076393252107826
6 214.8865589672305 0.014939224973911473
7 214.8865589672305 0.03300534966593212
8 214.8865589672305 0.010230579134342667
10 214.88655896723057 0.018126898230922197

137.6820506562088
1 92.09423955738453 0.05243895566968622
2 153.4903992623075 0.03506591253161294
3 153.4903992623075 0.0706130301165355
4 153.49039926230753 0.20758029237781025
5 214.8865589672305 0.02443771298298827
6 214.8865589672305 0.02807834537918171
7 214.8865589672305 0.018635158027109595
8 214.8865589672305 0.014809774277745819

137.68205065620884
1 92.09423955738453 0.2720996580637676
3 153.4903992623075 0.0802369728785079
4 153.49039926230753 0.13389303664322666
5 214.8865589672305 0.01200087311155762
6 214.8865589672305 0.017206441018224314
7 214.8865589672305 0.01714522021838064
9 214.88655896723057 0.023850817584112415
10 214.88655896723057 0.031555341991958696

139.56039848875142
2 153.4903992623075 0.06784601345213755
3 153.4903992623075 0.06784601345214337
4 153.49039926230753 0.06784601345212825
10 214.88655896723057 0.7650067128007336

144.15651789140315
1 92.09423955738453 0.2215035700656829
2 153.4903992623075 0.021552240449459685
3 153.4903992623075 0.12034786345191259
4 153.49039926230753 0.10214971758439176
5 214.8865589672305 0.05993016341473911
6 214.8865589672305 0.15332516810293573
7 214.8865589672305 0.12997667534504156
9 214.88655896723057 0.011102320931697938

144.1565178914035
1 92.09423955738453 0.17029080548308828
2 153.4903992623075 0.2921833215193817
3 153.4903992623075 0.07290284395071699
4 153.49039926230753 0.20013299695825337
5 214.8865589672305 0.2424735707821391
6 214.8865589672305 0.024220054433062212
7 214.8865589672305 0.01052070310156261
8 214.8865589672305 0.0204073771271676
9 214.88655896723057 0.046146017560358854
10 214.88655896723057 0.015454346665721822

144.15651789140387
1 92.09423955738453 0.622199795009632
2 153.4903992623075 0.05821370989439135
3 153.4903992623075 0.3084859062347002
4 153.49039926230753 0.018342994268272433
6 214.8865589672305 0.0898132947862728
7 214.8865589672305 0.03629197446024404
8 214.8865589672305 0.26011754318511077
9 214.88655896723057 0.019496149939844692

144.156517891404
1 92.09423955738453 0.459164474084666
2 153.4903992623075 0.06356918581757846
3 153.4903992623075 0.19811226588725447
4 153.49039926230753 0.06377158290803361
5 214.8865589672305 0.13071170158253076
6 214.8865589672305 0.13566479451499994
7 214.8865589672305 0.06250635697267268
8 214.8865589672305 0.10033822538494916
9 214.88655896723057 0.018404865913174088

144.15651789140423
1 92.09423955738453 0.399857783264268
2 153.4903992623075 0.06250452546066947
3 153.4903992623075 0.04919278290638944
4 153.49039926230753 0.09230218356387906
5 214.8865589672305 0.05059812726537778
8 214.8865589672305 0.02055108459461758
9 214.88655896723057 0.19601272213954743

153.59343867927927
2 153.4903992623075 0.24167159324979018
3 153.4903992623075 0.1557919737456275
4 153.49039926230753 0.41371613327840695
7 214.8865589672305 0.01577594830828219
8 214.8865589672305 0.020638931861427727
9 214.88655896723057 0.011288862551665722

153.59343867927956
2 153.4903992623075 0.6505233826455519
3 153.4903992623075 0.3566818989177169
4 153.49039926230753 0.1704313072429206
5 214.8865589672305 0.03387504325179598
8 214.8865589672305 0.020334762711345544
9 214.88655896723057 0.025098240390708498

153.59343867927964
2 153.4903992623075 0.052787249343994196
3 153.4903992623075 0.3531013777312603
4 153.49039926230753 0.1288801951225058
6 214.8865589672305 0.010379017057351735

153.59343867927976
2 153.4903992623075 0.5409512361445648
3 153.4903992623075 0.2771079975466469
4 153.49039926230753 0.8252687173838409
5 214.8865589672305 0.025179537156273076
6 214.8865589672305 0.015546777070343788
7 214.8865589672305 0.037632682618403315
8 214.8865589672305 0.012468007051858286
9 214.88655896723057 0.025408898992588594

153.59343867928013
2 153.4903992623075 0.45448669701417044
3 153.4903992623075 0.2165144482720554
4 153.49039926230753 0.38921330352462635
5 214.8865589672305 0.021641430622265433
7 214.8865589672305 0.04353188528232834
8 214.8865589672305 0.020461357902095835
9 214.88655896723057 0.023002989948266182

153.59343867928018
2 153.4903992623075 0.27012859503711334
3 153.4903992623075 0.06962429996054588
4 153.49039926230753 0.10810178992311859
7 214.8865589672305 0.032058697056299955
9 214.88655896723057 0.026656206260875642

153.59343867928033
2 153.4903992623075 0.2697142648946762
3 153.4903992623075 0.1610035076376527
4 153.49039926230753 0.036691096174693315
7 214.8865589672305 0.01665225189173039

159.12373289729385
2 153.4903992623075 1.2793304505656966
3 153.4903992623075 0.04702843426103716
4 153.49039926230753 0.09630146425903699
5 214.8865589672305 0.02404512913147011
9 214.88655896723057 0.011545726180604144

159.12373289729547
2 153.4903992623075 0.1514623697607663
3 153.4903992623075 0.05988472043436673
4 153.49039926230753 0.4310166724348047
5 214.8865589672305 0.01345855309866951

159.12373289729626
2 153.4903992623075 0.18093684336249954
3 153.4903992623075 0.08676434445449244
4 153.49039926230753 0.4600319572095203
6 214.8865589672305 0.023923047123949114

160.63865941801822
1 92.09423955738453 0.7163662211846643
2 153.4903992623075 0.03247442195457309
3 153.4903992623075 0.022109961314554845
4 153.49039926230753 0.6080675578467971
7 214.8865589672305 0.04276109590184782

160.63865941801907
1 92.09423955738453 0.374447555115239
2 153.4903992623075 0.05714632497681495
3 153.4903992623075 0.18498431399716275
4 153.49039926230753 0.0810158801708473
5 214.8865589672305 0.0119533489589532
10 214.88655896723057 0.030022054802580585

160.63865941801933
2 153.4903992623075 0.018691117426309755
3 153.4903992623075 0.06748834217283663
4 153.49039926230753 0.012621919707664906
6 214.8865589672305 0.013522984643376246
7 214.8865589672305 0.0117523336669374
9 214.88655896723057 0.02911225729107045

160.6386594180196
1 92.09423955738453 1.3447244253530264
2 153.4903992623075 0.010731341379256838
3 153.4903992623075 0.5728768972927425
4 153.49039926230753 0.13717973770100925
7 214.8865589672305 0.012880323551011277
8 214.8865589672305 0.01318269330321353
10 214.88655896723057 0.07672291594312108

160.63865941802013
1 92.09423955738453 0.3601391276913526
3 153.4903992623075 0.578865095067724
4 153.49039926230753 0.05217923029395864
7 214.8865589672305 0.015992247533435356
8 214.8865589672305 0.019473091162556154
9 214.88655896723057 0.026165583371997748
10 214.88655896723057 0.0313005080592202

162.6410877590008
2 153.4903992623075 0.11335581752481622
3 153.4903992623075 0.01962371553373401
4 153.49039926230753 0.06093288325514022
5 214.8865589672305 0.19262800192078805
6 214.8865589672305 0.24041116223685505
7 214.8865589672305 0.49078351629219974
8 214.8865589672305 0.11747877015194774
9 214.88655896723057 0.09795716267004653

162.6410877590009
2 153.4903992623075 0.12071242784473478
3 153.4903992623075 0.09390000262580342
4 153.49039926230753 0.027380462210998543
5 214.8865589672305 0.3421012827849541
6 214.8865589672305 0.10505290927047524
7 214.8865589672305 0.12473882256887922
8 214.8865589672305 0.03020228501179887
9 214.88655896723057 0.15813887443691838

162.6410877590011
2 153.4903992623075 0.03657986894203616
3 153.4903992623075 0.23636104771918398
4 153.49039926230753 0.03021688361644593
5 214.8865589672305 0.09405185593229212
6 214.8865589672305 0.12309292704726085
7 214.8865589672305 0.22385758119918192
8 214.8865589672305 0.22114992046784093
9 214.88655896723057 0.2381068082557302

162.64108775900124
2 153.4903992623075 0.1553180425711711
3 153.4903992623075 0.01326343761873533
4 153.49039926230753 0.27719130712023304
5 214.8865589672305 0.11216816580207764
6 214.8865589672305 0.16564452043459615
7 214.8865589672305 0.07578408314474637
9 214.88655896723057 0.4213105858654416

162.64108775900144
2 153.4903992623075 0.3500901367210432
3 153.4903992623075 0.03662442051330268
4 153.49039926230753 0.29601104252015054
5 214.8865589672305 0.06544554280088714
6 214.8865589672305 0.19686046123694867
7 214.8865589672305 0.07818441198516454
8 214.8865589672305 0.25976287900273515
9 214.88655896723057 0.16424043301632596

162.64108775900215
2 153.4903992623075 0.18068983836713282
3 153.4903992623075 0.1816514705371256
4 153.49039926230753 0.036076644680546444
6 214.8865589672305 0.03554573668942232
7 214.8865589672305 0.04692084686388135
8 214.8865589672305 0.020601350040311953
9 214.88655896723057 0.013944975084277304

162.64108775900252
2 153.4903992623075 0.1693363939818302
3 153.4903992623075 0.0820868255255115
4 153.49039926230753 0.13457320417492408
5 214.8865589672305 0.0797578807044231
6 214.8865589672305 0.15558079516907602
7 214.8865589672305 0.14411166532737402
8 214.8865589672305 0.22899900737588225

165.24191910726267
2 153.4903992623075 0.1914912830453323
4 153.49039926230753 0.08690187370020405
5 214.8865589672305 0.025455854304789177
6 214.8865589672305 0.017177076007852392
8 214.8865589672305 0.016641945252228396
9 214.88655896723057 0.022393164275040303
10 214.88655896723057 0.9823096002201502

165.2419191072633
2 153.4903992623075 0.07438759279648458
3 153.4903992623075 0.022096357224871035
4 153.49039926230753 0.020137730410975968
5 214.8865589672305 0.023290473594084808
7 214.8865589672305 0.04462114649069587
8 214.8865589672305 0.022828561950734676
10 214.88655896723057 0.8695795064591668

165.24191910726415
2 153.4903992623075 0.08126259187774346
4 153.49039926230753 0.06919820921071382
6 214.8865589672305 0.03810313988697324
7 214.8865589672305 0.023172869156062877
9 214.88655896723057 0.04763128512413248
10 214.88655896723057 0.42630634663950434

165.31768296611835
1 92.09423955738453 0.016175796990138186
3 153.4903992623075 0.12606136628229722
4 153.49039926230753 0.054403998741112215
5 214.8865589672305 0.11245665477417377
6 214.8865589672305 0.3997276754611351
7 214.8865589672305 0.11010695410755271
8 214.8865589672305 0.5622671300149045
9 214.88655896723057 0.14984322721514137
10 214.88655896723057 0.012593636778901605

165.31768296611853
1 92.09423955738453 0.012467004693827716
2 153.4903992623075 0.0247171998708811
3 153.4903992623075 0.11670652261547497
4 153.49039926230753 0.08851683541901396
5 214.8865589672305 0.06324093849690786
6 214.8865589672305 0.07607805749607571
7 214.8865589672305 0.07199123578406545
8 214.8865589672305 0.17634845627079312
9 214.88655896723057 0.032398278064957514

165.31768296611858
2 153.4903992623075 0.018469592955528833
4 153.49039926230753 0.03356796800024778
5 214.8865589672305 0.10783475103337983
6 214.8865589672305 0.23197097684943208
7 214.8865589672305 0.1062677749590063
8 214.8865589672305 0.0811324082003366

165.3176829661192
4 153.49039926230753 0.016225907207104023
5 214.8865589672305 0.35932603151918313
6 214.8865589672305 0.04462191655021532
7 214.8865589672305 0.4172499231691717
8 214.8865589672305 0.022277072341400025
9 214.88655896723057 0.019708222156227993

165.31768296611926
1 92.09423955738453 0.011029849302461654
3 153.4903992623075 0.09469634255894231
5 214.8865589672305 0.5726025286129363
6 214.8865589672305 0.13491707428883984
7 214.8865589672305 0.2005667955932672
8 214.8865589672305 0.050490609118317493
9 214.88655896723057 0.4780191353488894

173.12355538069096
2 153.4903992623075 0.06312583084703549
5 214.8865589672305 0.04220070487976031
6 214.8865589672305 0.22844016258253064
7 214.8865589672305 0.27550907465069263
8 214.8865589672305 0.2320293639787708
9 214.88655896723057 0.07337811091950665
10 214.88655896723057 0.05780999770877696

173.12355538069133
2 153.4903992623075 0.2566448427407581
4 153.49039926230753 0.03328361374515765
5 214.8865589672305 0.16795659116063322
6 214.8865589672305 0.07985075684695604
7 214.8865589672305 0.05216409084621608
8 214.8865589672305 0.21185242886702993
9 214.88655896723057 0.2704246072661394

173.12355538069272
2 153.4903992623075 0.0495120710588268
3 153.4903992623075 0.01110989251579839
4 153.49039926230753 0.014729051834902395
5 214.8865589672305 0.3209950326977031
6 214.8865589672305 0.1858558052561031
7 214.8865589672305 0.14763747384880482
8 214.8865589672305 0.13713743438846518
9 214.88655896723057 0.09410252511172748
10 214.88655896723057 0.06983515614191363

199.22206535405311
5 214.8865589672305 0.1161650649271099
7 214.8865589672305 0.16617491319465358
8 214.8865589672305 0.08589974726074052

199.22206535405334
5 214.8865589672305 0.012392632513765475
6 214.8865589672305 0.03732111489456158
7 214.8865589672305 0.06983103436169089
8 214.8865589672305 0.08782328157641116
9 214.88655896723057 0.06206582719549387

199.2220653540534
5 214.8865589672305 0.16733707515426777
6 214.8865589672305 0.0989053691270274
7 214.8865589672305 0.0656084472683451
8 214.8865589672305 0.02573385962504396

199.22206535405354
5 214.8865589672305 0.0551743640779925
6 214.8865589672305 0.03216259198802507
7 214.8865589672305 0.02790775574961451
8 214.8865589672305 0.02744729533747535

199.22206535405363
6 214.8865589672305 0.08453414591994336
7 214.8865589672305 0.03972617585705256
8 214.8865589672305 0.0660781481840663
9 214.88655896723057 0.04193431954488039

199.2220653540542
8 214.8865589672305 0.01802423305904258
9 214.88655896723057 0.03344878203466846

199.22206535405425
6 214.8865589672305 0.018706044220514452
7 214.8865589672305 0.02457656433559225
8 214.8865589672305 0.06930277911032966
9 214.88655896723057 0.12301271333045989

199.2220653540551
5 214.8865589672305 0.02214123211592612
6 214.8865589672305 0.03162869997331364
7 214.8865589672305 0.02914824645888174
8 214.8865589672305 0.09679711699629467
9 214.88655896723057 0.012144327403383611

199.22206535405616
6 214.8865589672305 0.1610267720899218
8 214.8865589672305 0.033902451312385416
9 214.88655896723057 0.09029221727147166

199.45569973473215
2 153.4903992623075 0.09143503568566096
3 153.4903992623075 0.5013897123431115
4 153.49039926230753 0.21707316250476985
5 214.8865589672305 0.04749911608532852
6 214.8865589672305 0.05735812669201612
7 214.8865589672305 0.06298237006543596
9 214.88655896723057 0.014428361879189012
10 214.88655896723057 0.08671784921395846

199.45569973473215
2 153.4903992623075 0.15861166903316426
3 153.4903992623075 0.7066673501659855
4 153.49039926230753 0.7446503154722383
5 214.8865589672305 0.01625739859068824
7 214.8865589672305 0.09913193420797163
8 214.8865589672305 0.04988747645843596
9 214.88655896723057 0.05976773812086587
10 214.88655896723057 0.022226924467779522

199.45569973473252
2 153.4903992623075 0.28387063429682574
3 153.4903992623075 0.41690283518331206
4 153.49039926230753 0.06300553142913248
6 214.8865589672305 0.011600468117177945
7 214.8865589672305 0.021349997563726058
9 214.88655896723057 0.11625903738567654

199.45569973473357
2 153.4903992623075 0.05536734258232131
3 153.4903992623075 0.8258299133352741
4 153.49039926230753 0.07548829647740671
5 214.8865589672305 0.017180111826788535
6 214.8865589672305 0.01984334063603043
7 214.8865589672305 0.0625201631123803
8 214.8865589672305 0.011700734319941238
9 214.88655896723057 0.041415034881093896
10 214.88655896723057 0.08557815521926647

199.45569973473414
1 92.09423955738453 0.013103101244514715
2 153.4903992623075 0.2198665125873427
3 153.4903992623075 0.7959863146224162
4 153.49039926230753 0.8535970906313705
5 214.8865589672305 0.016114659806250365
6 214.8865589672305 0.05395394044007287
7 214.8865589672305 0.022145855531152905
8 214.8865589672305 0.09690411713336147
9 214.88655896723057 0.012980975771345533
10 214.88655896723057 0.13531346098754798

200.9180186515665
3 153.4903992623075 0.016628810144308843
5 214.8865589672305 0.014025790869991143
6 214.8865589672305 0.04140221767617592
8 214.8865589672305 0.03259952920362825
9 214.88655896723057 0.011174434562706932
10 214.88655896723057 0.10372095714650814

